date,observed,split,p_0.01,p_0.05,p_0.1,p_0.25,p_0.4,p_0.5,p_0.6,p_0.75,p_0.9,p_0.95,p_0.99
1980-01-17,0.000000,Training,,,,,,,,,,,
1980-01-18,0.000000,Training,,,,,,,,,,,
1980-01-19,0.000000,Training,-0.637327,-0.312519,-0.088789,0.516442,1.263128,1.861380,2.464119,4.448991,10.013507,14.721964,34.540897
1980-01-20,0.000000,Training,-0.620901,-0.342820,-0.121365,0.348737,0.877007,1.326635,1.759655,3.192533,7.029408,10.266841,23.778708
1980-01-21,0.000000,Training,-0.580960,-0.334758,-0.137028,0.239361,0.657336,1.012277,1.351976,2.447520,5.166112,7.456202,17.119606
1980-01-22,0.000000,Training,-0.569505,-0.323407,-0.105508,0.335504,0.748345,1.127109,1.516078,2.704402,5.438172,7.698681,17.138277
1980-01-23,0.000000,Training,-0.555311,-0.328778,-0.127308,0.278945,0.629620,0.954394,1.300393,2.341279,4.628681,6.565985,14.456662
1980-01-24,0.000000,Training,-0.555705,-0.361080,-0.159321,0.188801,0.501063,0.780592,1.068876,1.973101,4.031547,5.876643,13.212792
1980-01-25,0.000000,Training,-0.544220,-0.353742,-0.169739,0.158991,0.439004,0.701156,0.960146,1.788156,3.584288,5.137444,11.532231
1980-01-26,0.000000,Training,-0.537798,-0.352162,-0.181351,0.127495,0.382503,0.628471,0.860537,1.624475,3.239701,4.607200,10.433764
1980-01-27,0.000000,Training,-0.527837,-0.340164,-0.184464,0.115324,0.351425,0.587132,0.804957,1.524552,2.974246,4.167754,9.437951
1980-01-28,0.000000,Training,-0.521522,-0.329280,-0.187639,0.108922,0.331510,0.560444,0.768853,1.459754,2.795870,3.861465,8.767931
1980-01-29,0.000000,Training,-0.518542,-0.323982,-0.190693,0.100843,0.313101,0.538465,0.735856,1.404770,2.667721,3.645472,8.325633
1980-01-30,0.000000,Training,-0.520295,-0.323450,-0.190637,0.104746,0.316901,0.547625,0.741216,1.414273,2.676889,3.631330,8.303053
1980-01-31,0.000000,Training,-0.571242,-0.392627,-0.268326,0.029793,0.276162,0.513709,0.753411,1.490216,3.196843,4.816566,11.788781
1980-02-01,0.000000,Training,-0.608505,-0.405786,-0.255452,0.065857,0.330299,0.628705,0.842569,1.637621,3.546393,5.086985,12.755164
1980-02-02,0.000000,Training,-0.567525,-0.373745,-0.234171,0.045887,0.280122,0.538310,0.723495,1.420359,2.952643,4.172506,10.130175
1980-02-03,0.000000,Training,-0.556251,-0.369216,-0.225786,0.057261,0.270246,0.503338,0.684939,1.362194,2.789424,3.992845,9.489008
1980-02-04,0.000000,Training,-0.480091,-0.300472,-0.205778,-0.021314,0.125359,0.287827,0.405061,0.870804,1.718100,2.365306,5.976980
1980-02-05,0.000000,Training,-0.477840,-0.297985,-0.204877,-0.019022,0.125261,0.286610,0.404439,0.869553,1.701591,2.328895,5.849226
1980-02-06,0.000000,Training,-0.488926,-0.305243,-0.209792,-0.005625,0.145495,0.316871,0.444386,0.938192,1.823235,2.480502,6.116874
1980-02-07,0.000000,Training,-0.442034,-0.263495,-0.188596,-0.038628,0.084647,0.224020,0.322094,0.717063,1.368656,1.824559,4.769344
1980-02-08,0.000000,Training,-0.434076,-0.256332,-0.184491,-0.043707,0.076600,0.212107,0.305646,0.685257,1.299693,1.721047,4.551244
1980-02-09,0.000000,Training,-0.427386,-0.253837,-0.178057,-0.046043,0.072190,0.199627,0.290052,0.657845,1.260954,1.704578,4.526319
1980-02-10,0.000000,Training,-0.427644,-0.250868,-0.180209,-0.047011,0.070904,0.201994,0.291941,0.658469,1.242585,1.642792,4.381699
1980-02-11,0.000000,Training,-0.425540,-0.248456,-0.178725,-0.046861,0.069214,0.198426,0.286826,0.649591,1.226871,1.625382,4.344146
1980-02-12,0.000000,Training,-0.427423,-0.250134,-0.179563,-0.045348,0.071324,0.200307,0.289381,0.654973,1.240363,1.650300,4.395583
1980-02-13,0.000000,Training,-0.446865,-0.268217,-0.202743,-0.046557,0.085346,0.217421,0.319694,0.712336,1.370237,1.879540,4.953661
1980-02-14,0.000000,Training,-0.457007,-0.276151,-0.196393,-0.047307,0.083659,0.228932,0.320550,0.715418,1.400330,1.893335,5.035585
1980-02-15,0.000000,Training,-0.453589,-0.277819,-0.192085,-0.042514,0.087741,0.229411,0.322514,0.721710,1.422545,1.955184,5.133048
1980-02-16,0.000000,Training,-0.476456,-0.313460,-0.213322,-0.077136,0.055103,0.193414,0.271920,0.671845,1.467948,2.110757,5.830002
1980-02-17,0.000000,Training,-0.470906,-0.304393,-0.203738,-0.052892,0.083314,0.229693,0.321927,0.738093,1.523490,2.148564,5.648423
1980-02-18,0.000000,Training,-0.493239,-0.315273,-0.227541,-0.032285,0.120927,0.277580,0.398148,0.866781,1.736843,2.453835,6.228751
1980-02-19,0.000000,Training,-0.573865,-0.375266,-0.269388,-0.004482,0.263607,0.498567,0.680929,1.377580,3.162978,4.735927,12.343886
1980-02-20,0.000000,Training,-0.722362,-0.461249,-0.317017,0.099759,0.629334,1.137026,1.434951,3.049350,7.821562,10.981133,29.969759
1980-02-21,0.000000,Training,-0.673908,-0.408539,-0.268801,0.134285,0.654844,1.118142,1.403005,2.830105,6.812187,9.808665,24.733170
1980-02-22,0.000000,Training,-0.422113,0.484120,1.165023,4.640789,11.051030,14.743287,19.947412,41.280804,93.043663,119.520035,260.881805
1980-02-23,15.139235,Training,0.246492,1.776075,3.018032,9.590263,21.918940,26.915482,36.442150,69.767303,129.367157,169.461670,343.674652
1980-02-24,4.348504,Training,-0.260015,0.546491,1.425094,4.336005,9.048365,11.793797,15.386895,28.283066,55.568932,77.135704,168.538971
1980-02-25,2.254780,Training,-0.495991,-0.101100,0.387602,1.411051,2.658005,3.731638,4.739717,8.275704,16.545330,23.497385,50.864090
1980-02-26,0.966334,Training,-0.514633,-0.204175,0.133640,0.793168,1.498803,2.135377,2.747012,4.611313,8.695704,12.110197,25.971968
1980-02-27,0.483167,Training,-0.505427,-0.207063,0.063634,0.671152,1.280934,1.799995,2.357576,3.897340,7.046291,9.717239,20.883635
1980-02-28,0.483167,Training,-0.547253,-0.085995,0.259417,1.561597,3.081637,4.502077,6.235651,10.850776,23.285095,33.030117,75.760818
1980-02-29,0.966334,Training,1.005941,3.649385,5.254520,17.160316,34.269699,43.995525,58.417343,101.530907,172.902222,207.952850,416.528229
1980-03-01,0.966334,Training,1.341092,3.719940,5.492846,14.904105,27.044704,34.179054,42.643665,68.091896,108.286476,137.514389,279.448303
1980-03-02,0.483167,Training,0.855727,2.621375,3.976698,10.859141,18.822577,24.444916,30.157999,48.044899,78.015175,99.898308,203.906967
1980-03-03,0.483167,Training,0.467430,1.956478,3.100450,8.465358,14.576541,19.205158,23.618025,37.774525,63.346539,81.629929,174.115860
1980-03-04,1.771613,Training,0.172224,1.108217,2.178351,5.151504,8.329047,11.420440,13.884108,21.176350,35.300037,45.791622,99.183899
1980-03-05,2.254780,Training,-0.060243,0.581593,1.329739,3.045417,4.808599,6.515384,8.013234,11.722593,19.332163,25.104273,54.685932
1980-03-06,0.966334,Training,-0.097080,0.440349,1.108400,2.526764,4.013960,5.296890,6.634853,9.505950,15.431001,20.329245,44.213593
1980-03-07,0.483167,Training,-0.184844,0.272478,0.830164,1.999135,3.202075,4.215035,5.304513,7.656178,12.345873,16.238571,34.857620
1980-03-08,0.483167,Training,-0.293159,0.101167,0.533273,1.467029,2.361711,3.180806,3.971494,5.890630,9.473804,12.211822,25.923292
1980-03-09,0.483167,Training,-0.410936,-0.108208,0.244386,0.962391,1.643755,2.247805,2.866864,4.459325,7.451780,9.968483,20.945408
1980-03-10,0.322111,Training,-0.479736,-0.241160,0.079228,0.650983,1.221009,1.700088,2.193919,3.553369,6.339619,8.838964,19.012770
1980-03-11,0.161056,Training,-0.522616,-0.315110,-0.039713,0.434435,0.887605,1.279312,1.665935,2.817206,5.229168,7.412483,16.207336
1980-03-12,0.161056,Training,-0.553120,-0.371575,-0.141091,0.235299,0.574108,0.886455,1.162447,2.095221,4.085299,5.888984,13.278209
1980-03-13,0.161056,Training,-0.540810,-0.338766,-0.165860,0.188883,0.458791,0.737313,0.982018,1.792473,3.314120,4.591185,10.203638
1980-03-14,0.161056,Training,-0.534695,-0.331340,-0.185669,0.130379,0.363403,0.615972,0.820070,1.530973,2.833393,3.851628,8.761894
1980-03-15,0.161056,Training,-0.538704,-0.340604,-0.197489,0.111807,0.334151,0.572019,0.770218,1.460351,2.765360,3.860891,8.853894
1980-03-16,0.161056,Training,-0.541217,-0.342147,-0.199891,0.103215,0.316121,0.556381,0.739511,1.415450,2.700316,3.745479,8.639071
1980-03-17,0.161056,Training,-0.586378,-0.380323,-0.254455,0.083050,0.329499,0.592920,0.815988,1.567127,3.297847,4.918772,11.879197
1980-03-18,0.322111,Training,-0.745960,-0.500502,-0.323390,0.152878,0.719966,1.283321,1.629391,3.412448,8.742232,13.342074,36.083107
1980-03-19,0.483167,Training,-0.687411,-0.426681,-0.267444,0.157188,0.593765,1.047664,1.287254,2.643537,6.293896,9.135246,23.372726
1980-03-20,0.966334,Training,-0.686999,-0.404045,-0.252832,0.241719,0.780505,1.306600,1.615686,3.251643,7.713335,11.318398,27.778849
1980-03-21,58.946382,Training,-0.646244,-0.113322,0.238769,1.777512,4.191751,6.060284,7.482773,15.413276,36.562370,50.735703,116.300735
1980-03-22,63.455941,Training,-0.502637,0.223200,0.638538,2.774759,6.425600,8.782394,11.042279,22.214075,48.529564,64.586868,142.604843
1980-03-23,8.052784,Training,-0.587509,-0.119804,0.227775,1.345891,2.823520,4.055272,4.997025,9.415765,20.308725,28.250376,64.177582
1980-03-24,4.831671,Training,-0.589834,-0.272795,0.004257,0.607940,1.233593,1.826421,2.288980,4.191607,8.759419,12.660827,28.388306
1980-03-25,2.576891,Training,-0.576049,-0.320891,-0.049321,0.447044,0.927739,1.370890,1.783064,3.209094,6.534727,9.797386,21.882626
1980-03-26,1.288446,Training,-0.555541,-0.324781,-0.073228,0.373323,0.781665,1.162423,1.526496,2.732721,5.452270,8.134254,18.131025
1980-03-27,1.127390,Training,-0.563593,-0.353496,-0.131868,0.261232,0.613432,0.932160,1.245242,2.284929,4.661952,7.058276,16.205250
1980-03-28,0.644223,Training,-0.584534,-0.398963,-0.195103,0.139626,0.431528,0.702056,0.940484,1.843180,3.961660,6.168046,14.949780
1980-03-29,0.483167,Training,-0.572914,-0.397236,-0.201440,0.093628,0.332324,0.585463,0.765112,1.544717,3.353072,5.177397,12.659373
1980-03-30,0.483167,Training,-0.566187,-0.394636,-0.209255,0.066064,0.278165,0.516343,0.671048,1.383439,2.999828,4.605704,11.313719
1980-03-31,0.322111,Training,-0.566314,-0.393949,-0.213286,0.044856,0.231251,0.461489,0.588081,1.240326,2.696847,4.113059,10.123755
1980-04-01,0.161056,Training,-0.549014,-0.357614,-0.211604,0.003695,0.136677,0.335839,0.420785,0.932038,2.072840,3.087255,7.809001
1980-04-02,0.161056,Training,-0.532157,-0.317180,-0.206540,-0.021378,0.074429,0.246921,0.306305,0.715314,1.629502,2.366061,6.214873
1980-04-03,0.000000,Training,-0.494796,-0.281290,-0.190863,-0.039405,0.039479,0.183623,0.232380,0.581549,1.325394,1.934234,5.298615
1980-04-04,0.000000,Training,-0.452673,-0.264672,-0.179254,-0.041631,0.044840,0.172511,0.224169,0.572953,1.267620,1.903070,5.304794
1980-04-05,0.000000,Training,-0.414274,-0.225845,-0.158214,-0.042973,0.033766,0.144779,0.188726,0.495479,1.088583,1.618118,4.673993
1980-04-06,0.000000,Training,-0.372425,-0.184660,-0.132037,-0.034150,0.039088,0.136337,0.180057,0.452985,0.958423,1.405574,4.137578
1980-04-07,0.000000,Training,-0.369549,-0.179237,-0.129465,-0.041128,0.025064,0.116344,0.152478,0.407881,0.886531,1.310290,3.973614
1980-04-08,0.000000,Training,-0.342141,-0.152217,-0.109119,-0.040367,0.021228,0.099608,0.133876,0.358921,0.767780,1.132253,3.555309
1980-04-09,0.000000,Training,-0.324004,-0.130187,-0.090947,-0.045888,0.006561,0.070152,0.098494,0.290260,0.629939,0.938548,3.152223
1980-04-10,0.000000,Training,-0.288414,-0.102030,-0.062155,-0.030234,0.027116,0.080903,0.116808,0.291444,0.573346,0.844887,2.821204
1980-04-11,0.000000,Training,-0.272245,-0.093653,-0.057802,-0.014088,0.052315,0.097528,0.143193,0.314344,0.554243,0.848638,2.745905
1980-04-12,0.000000,Training,-0.326450,-0.134450,-0.084974,-0.017777,0.070489,0.130681,0.168497,0.360376,0.685326,1.093483,3.546290
1980-04-13,0.000000,Training,-0.399888,-0.178056,-0.125854,-0.021861,0.087175,0.184034,0.200288,0.457231,0.970065,1.545349,5.137873
1980-04-14,234.980248,Training,-0.417091,-0.129154,-0.075514,0.155803,0.306032,0.478443,0.473815,0.895335,1.766598,2.583354,7.254640
1980-04-15,60.073772,Training,-0.407757,-0.136979,-0.065876,0.105075,0.264276,0.423132,0.481073,0.918451,1.789596,2.465462,6.989690
1980-04-16,9.502286,Training,-0.339357,-0.112099,-0.042799,0.059775,0.172094,0.276645,0.330213,0.627361,1.155699,1.674707,4.743749
1980-04-17,3.543225,Training,-0.319688,-0.102900,-0.041678,0.022887,0.109739,0.187528,0.227584,0.463343,0.906430,1.359566,4.206170
1980-04-18,1.127390,Training,-0.300652,-0.087197,-0.043983,0.021075,0.099539,0.161395,0.205833,0.425007,0.817134,1.241927,3.898474
1980-04-19,0.644223,Training,-0.309103,-0.095262,-0.045749,0.009134,0.073549,0.136665,0.173711,0.382019,0.759849,1.143504,3.720636
1980-04-20,0.483167,Training,-0.324766,-0.102027,-0.054309,-0.006567,0.040645,0.099993,0.132984,0.319216,0.654406,0.990481,3.367427
1980-04-21,0.483167,Training,-0.319237,-0.103367,-0.060740,-0.012609,0.033984,0.091129,0.123312,0.310139,0.637521,0.965084,3.281743
1980-04-22,0.322111,Training,-0.298200,-0.094307,-0.057616,-0.007887,0.044408,0.099984,0.136086,0.328689,0.653626,0.975568,3.224953
1980-04-23,0.000000,Training,-0.311895,-0.097272,-0.061982,-0.019654,0.019540,0.070672,0.100848,0.274112,0.565717,0.851968,2.973210
1980-04-24,0.000000,Training,-0.302480,-0.096199,-0.062319,-0.017602,0.025601,0.078796,0.110301,0.290553,0.590856,0.878840,2.997914
1980-04-25,0.000000,Training,-0.293372,-0.101709,-0.076544,-0.000437,0.053729,0.108034,0.144806,0.336403,0.639989,1.006466,3.210478
1980-04-26,0.000000,Training,-0.355485,-0.142303,-0.107765,-0.014245,0.052189,0.121325,0.141311,0.348828,0.730317,1.186827,3.942351
1980-04-27,0.000000,Training,-0.354875,-0.140928,-0.084756,-0.012439,0.046264,0.123320,0.138919,0.341120,0.727592,1.137753,3.825629
1980-04-28,0.000000,Training,-0.354254,-0.149294,-0.108977,-0.008613,0.057630,0.135816,0.163909,0.387031,0.789226,1.237186,3.850904
1980-04-29,0.000000,Training,-0.384713,-0.175893,-0.140080,-0.004399,0.065729,0.159129,0.183759,0.434785,0.906546,1.447114,4.364380
1980-04-30,0.000000,Training,-0.393499,-0.177565,-0.122942,-0.004611,0.062759,0.162583,0.179303,0.428317,0.921564,1.433769,4.441150
1980-05-01,0.000000,Training,-0.363591,-0.154504,-0.101243,-0.005620,0.052376,0.140404,0.158718,0.381966,0.812226,1.252684,3.926607
1980-05-02,0.000000,Training,-0.364557,-0.110169,-0.030845,0.209374,0.245746,0.377332,0.355892,0.592514,1.092447,1.723483,4.739015
1980-05-03,0.000000,Training,-0.489378,-0.143660,-0.108415,0.152670,0.323237,0.522756,0.497136,1.010293,2.198883,3.192513,9.999002
1980-05-04,0.000000,Training,-0.459938,-0.126066,-0.094324,0.127939,0.260432,0.425206,0.399457,0.847417,1.802390,2.687579,8.367473
1980-05-05,0.000000,Training,-0.418760,-0.024336,0.051417,0.412080,0.555606,0.778631,0.707024,1.330847,2.673395,3.915138,10.917092
1980-05-06,0.000000,Training,-0.471171,-0.104676,-0.035235,0.227776,0.353421,0.518640,0.503793,0.994021,2.032692,3.062805,9.302883
1980-05-07,0.000000,Training,-0.419348,-0.108074,-0.056237,0.135267,0.216296,0.346274,0.338968,0.699417,1.474726,2.263480,6.868340
1980-05-08,0.000000,Training,-0.404951,-0.123132,-0.067881,0.085884,0.136119,0.242038,0.240475,0.520141,1.113767,1.748550,5.436921
1980-05-09,0.000000,Training,-0.365636,-0.103904,-0.049609,0.064508,0.096615,0.184219,0.192625,0.417836,0.882922,1.367926,4.354201
1980-05-10,0.000000,Training,-0.363741,-0.106460,-0.063187,0.046287,0.067948,0.147593,0.158997,0.365059,0.782988,1.222332,3.950260
1980-05-11,0.000000,Training,-0.341665,-0.088555,-0.071450,0.072360,0.071121,0.138136,0.138658,0.312362,0.635115,1.114290,3.756588
1980-05-12,0.000000,Training,-0.389082,-0.130529,-0.104855,0.042501,0.098403,0.183049,0.200354,0.443181,0.943863,1.512384,4.727561
1980-05-13,0.000000,Training,-0.351944,-0.108883,-0.064144,0.055188,0.101096,0.189168,0.211601,0.440366,0.907971,1.396978,4.279389
1980-05-14,0.000000,Training,-0.334565,-0.096629,-0.062885,0.024563,0.053765,0.119653,0.136373,0.315003,0.671747,1.055710,3.521982
1980-05-15,0.000000,Training,-0.352778,-0.095694,-0.068342,0.010369,0.018236,0.071919,0.083427,0.223571,0.498989,0.817792,2.981710
1980-05-16,0.000000,Training,-0.359801,-0.094940,-0.074827,0.009773,0.009870,0.062770,0.071690,0.203824,0.471299,0.782077,2.876570
1980-05-17,0.000000,Training,-0.348696,-0.086593,-0.072221,0.003379,0.002673,0.049324,0.059275,0.182853,0.428753,0.714779,2.702031
1980-05-18,0.000000,Training,-0.327464,-0.071633,-0.060132,-0.005175,-0.003909,0.031300,0.046010,0.154694,0.358210,0.600131,2.406290
1980-05-19,0.000000,Training,-0.320569,-0.065216,-0.057291,-0.007293,-0.007971,0.023438,0.038050,0.139121,0.327381,0.554515,2.288808
1980-05-20,0.000000,Training,-0.332832,-0.065725,-0.063781,-0.004700,-0.014078,0.018434,0.028756,0.121377,0.302773,0.526561,2.216578
1980-05-21,0.000000,Training,-0.334228,-0.059874,-0.055093,-0.008941,-0.021659,0.000730,0.012157,0.083406,0.212988,0.390998,1.862249
1980-05-22,0.000000,Training,-0.298247,-0.048613,-0.039472,-0.014885,-0.015232,0.001284,0.017625,0.094034,0.223763,0.400686,1.887363
1980-05-23,0.000000,Training,-0.288444,-0.041350,-0.031980,-0.016025,-0.016024,-0.005379,0.012129,0.079088,0.190695,0.356884,1.781623
1980-05-24,0.000000,Training,-0.282464,-0.038853,-0.020261,-0.016947,-0.011282,-0.007137,0.014584,0.074849,0.163709,0.311884,1.642556
1980-05-25,0.000000,Training,-0.269219,-0.036000,-0.016493,-0.016170,-0.004564,0.000549,0.023404,0.090035,0.190855,0.345509,1.718134
1980-05-26,0.000000,Training,-0.261515,-0.032726,-0.010116,-0.015354,0.001383,0.002698,0.028697,0.093026,0.187244,0.338500,1.685713
1980-05-27,0.000000,Training,-0.259604,-0.051069,-0.027444,0.014632,0.041932,0.054687,0.091941,0.164156,0.265189,0.498983,1.907953
1980-05-28,0.000000,Training,-0.324864,-0.081312,-0.042317,-0.016071,0.020662,0.042439,0.061730,0.143354,0.299138,0.522715,2.256314
1980-05-29,0.000000,Training,-0.298190,-0.059916,-0.029161,-0.004999,0.019399,0.039069,0.056382,0.129807,0.274515,0.496746,2.157758
1980-05-30,0.000000,Training,-0.322180,-0.081818,-0.049340,-0.020343,0.001278,0.023981,0.037944,0.121176,0.274427,0.491531,2.173899
1980-05-31,0.000000,Training,-0.349530,-0.083124,-0.055954,-0.029233,-0.019726,-0.009844,0.008791,0.067776,0.164074,0.330491,1.735748
1980-06-01,0.000000,Training,-0.352288,-0.077308,-0.051199,-0.026250,-0.025157,-0.018115,-0.001350,0.047525,0.122903,0.269344,1.567955
1980-06-02,0.000000,Training,-0.350721,-0.071053,-0.047299,-0.023961,-0.027449,-0.024159,-0.007664,0.033255,0.092062,0.226867,1.454929
1980-06-03,0.000000,Training,-0.332135,-0.062334,-0.038896,-0.024700,-0.024972,-0.023872,-0.004866,0.039030,0.101855,0.237135,1.479445
1980-06-04,0.000000,Training,-0.344564,-0.064827,-0.043591,-0.022466,-0.029553,-0.027923,-0.012099,0.025711,0.077937,0.205880,1.398496
1980-06-05,0.000000,Training,-0.362860,-0.069580,-0.050090,-0.015752,-0.032076,-0.028911,-0.018436,0.011691,0.048588,0.171651,1.312732
1980-06-06,0.000000,Training,-0.332410,-0.059453,-0.038983,-0.023868,-0.028817,-0.028485,-0.011518,0.027511,0.084114,0.213818,1.425496
1980-06-07,0.000000,Training,-0.302960,-0.048367,-0.026080,-0.023135,-0.019772,-0.021231,-0.000530,0.046210,0.114474,0.252417,1.520298
1980-06-08,0.000000,Training,-0.297015,-0.045265,-0.023265,-0.022671,-0.019397,-0.020919,-0.000037,0.047333,0.115889,0.251786,1.511984
1980-06-09,0.000000,Training,-0.291522,-0.042549,-0.020704,-0.022120,-0.018171,-0.020313,0.000928,0.048259,0.117330,0.253456,1.514703
1980-06-10,0.000000,Training,-0.296909,-0.044559,-0.023585,-0.022947,-0.021448,-0.023140,-0.003111,0.042139,0.108830,0.242641,1.489689
1980-06-11,0.000000,Training,-0.308088,-0.049904,-0.038952,-0.026607,-0.024099,-0.028534,-0.006904,0.036053,0.101505,0.247293,1.513656
1980-06-12,0.000000,Training,-0.284302,-0.040688,-0.023096,-0.021726,-0.012333,-0.013912,0.007354,0.059595,0.143457,0.294415,1.627621
1980-06-13,0.000000,Training,-0.279345,-0.039778,-0.026521,-0.019514,-0.006107,-0.006298,0.015914,0.072758,0.169374,0.333096,1.716836
1980-06-14,0.000000,Training,-0.289766,-0.042595,-0.031056,-0.019714,-0.013973,-0.011476,0.006427,0.060236,0.158213,0.322410,1.718768
1980-06-15,0.000000,Training,-0.299259,-0.050603,-0.024633,-0.026241,-0.018157,-0.020166,0.001519,0.049254,0.122127,0.261090,1.534042
1980-06-16,0.000000,Training,-0.311367,-0.054694,-0.029633,-0.027806,-0.024345,-0.026912,-0.006750,0.035266,0.098673,0.231510,1.464376
1980-06-17,0.000000,Training,-0.318065,-0.054718,-0.030716,-0.027179,-0.027721,-0.031597,-0.012365,0.023440,0.076038,0.202051,1.391048
1980-06-18,0.000000,Training,-0.330567,-0.057476,-0.035117,-0.025545,-0.031709,-0.034910,-0.018097,0.012115,0.055367,0.175325,1.325983
1980-06-19,0.000000,Training,-0.333074,-0.059256,-0.036543,-0.026178,-0.032527,-0.035154,-0.018536,0.012585,0.056325,0.175604,1.325577
1980-06-20,0.000000,Training,-0.340969,-0.062059,-0.039880,-0.025154,-0.034325,-0.036088,-0.021190,0.007958,0.047863,0.165307,1.300715
1980-06-21,0.000000,Training,-0.330580,-0.058213,-0.035433,-0.026526,-0.032315,-0.035212,-0.018128,0.013661,0.058384,0.178068,1.333745
1980-06-22,0.000000,Training,-0.312606,-0.051592,-0.027653,-0.026804,-0.026913,-0.031122,-0.010978,0.026067,0.078905,0.203796,1.396783
1980-06-23,0.000000,Training,-0.298397,-0.045879,-0.021040,-0.025677,-0.021679,-0.026701,-0.004575,0.036357,0.094727,0.223244,1.441149
1980-06-24,0.000000,Training,-0.304429,-0.047787,-0.023202,-0.026112,-0.024453,-0.029440,-0.007967,0.030437,0.084598,0.209605,1.406527
1980-06-25,0.000000,Training,-0.312595,-0.050700,-0.026570,-0.026595,-0.027661,-0.032380,-0.011941,0.023585,0.073522,0.195249,1.371498
1980-06-26,0.000000,Training,-0.316050,-0.052078,-0.028205,-0.026897,-0.029054,-0.033510,-0.013610,0.020964,0.069758,0.190416,1.360789
1980-06-27,0.000000,Training,-0.302209,-0.046519,-0.022128,-0.026204,-0.024294,-0.029900,-0.008090,0.029775,0.083990,0.209159,1.408066
1980-06-28,0.000000,Training,-0.306808,-0.047978,-0.024305,-0.026302,-0.026273,-0.031335,-0.010377,0.026016,0.078747,0.202519,1.393567
1980-06-29,0.000000,Training,-0.330431,-0.053465,-0.034472,-0.023326,-0.034753,-0.037904,-0.022947,0.002345,0.041202,0.157816,1.294571
1980-06-30,0.000000,Training,-0.321426,-0.054210,-0.031444,-0.027840,-0.032099,-0.036144,-0.017646,0.014578,0.063012,0.183298,1.353063
1980-07-01,0.000000,Validation,-0.319926,-0.053109,-0.031984,-0.027547,-0.032639,-0.036237,-0.018596,0.013546,0.064622,0.187333,1.370185
1980-07-02,0.000000,Validation,-0.345270,-0.062772,-0.039748,-0.025220,-0.036547,-0.039105,-0.024885,-0.000776,0.034026,0.147162,1.264697
1980-07-03,0.000000,Validation,-0.341752,-0.062784,-0.038149,-0.027195,-0.035196,-0.038240,-0.021958,0.004648,0.043764,0.158197,1.292021
1980-07-04,0.000000,Validation,-0.338261,-0.061948,-0.036977,-0.028062,-0.034322,-0.037550,-0.020304,0.007836,0.050353,0.166571,1.315653
1980-07-05,0.000000,Validation,-0.309618,-0.050786,-0.024330,-0.028297,-0.025907,-0.031820,-0.009580,0.025846,0.079898,0.203973,1.406784
1980-07-06,0.000000,Validation,-0.317194,-0.054009,-0.027624,-0.028778,-0.028580,-0.033419,-0.012155,0.022077,0.074126,0.195255,1.383724
1980-07-07,0.000000,Validation,-0.323471,-0.056497,-0.030277,-0.029004,-0.030596,-0.034704,-0.014213,0.018682,0.068715,0.187455,1.363923
1980-07-08,0.000000,Validation,-0.317918,-0.054499,-0.027839,-0.029227,-0.028805,-0.033540,-0.011825,0.022697,0.075291,0.195768,1.384848
1980-07-09,0.000000,Validation,-0.303965,-0.048758,-0.021374,-0.028388,-0.023705,-0.029943,-0.006066,0.031535,0.088682,0.213375,1.427775
1980-07-10,0.000000,Validation,-0.318489,-0.054624,-0.027544,-0.029436,-0.028872,-0.033935,-0.011889,0.022071,0.073798,0.193380,1.379328
1980-07-11,0.000000,Validation,-0.333683,-0.060639,-0.034092,-0.029375,-0.033088,-0.036569,-0.017059,0.013230,0.059578,0.174916,1.335771
1980-07-12,0.000000,Validation,-0.332585,-0.060516,-0.033845,-0.029863,-0.032786,-0.036332,-0.016365,0.014661,0.062709,0.178892,1.348036
1980-07-13,0.000000,Validation,-0.336066,-0.062264,-0.035494,-0.030008,-0.033406,-0.036381,-0.016886,0.013965,0.062068,0.178061,1.348009
1980-07-14,0.000000,Validation,-0.340120,-0.064038,-0.037161,-0.029890,-0.034064,-0.036460,-0.017542,0.012751,0.060148,0.175450,1.342716
1980-07-15,0.000000,Validation,-0.342721,-0.065130,-0.038100,-0.029807,-0.034390,-0.036575,-0.017954,0.011738,0.058522,0.173451,1.339575
1980-07-16,0.000000,Validation,-0.329580,-0.060303,-0.032609,-0.030945,-0.031182,-0.034727,-0.013225,0.020172,0.073517,0.192323,1.387177
1980-07-17,0.000000,Validation,-0.332077,-0.061709,-0.033762,-0.031103,-0.031597,-0.034385,-0.013112,0.020716,0.074849,0.193218,1.389211
1980-07-18,0.000000,Validation,-0.346032,-0.067059,-0.039211,-0.029926,-0.034405,-0.035571,-0.016958,0.013392,0.061818,0.176249,1.348191
1980-07-19,0.000000,Validation,-0.352084,-0.069739,-0.041724,-0.029439,-0.035055,-0.035457,-0.017744,0.011649,0.058872,0.172836,1.342672
1980-07-20,0.000000,Validation,-0.358079,-0.072779,-0.044392,-0.029024,-0.035367,-0.034760,-0.017835,0.011303,0.058435,0.172736,1.345515
1980-07-21,0.000000,Validation,-0.356984,-0.072722,-0.043958,-0.029884,-0.035022,-0.034603,-0.016930,0.012900,0.061941,0.176999,1.358219
1980-07-22,0.000000,Validation,-0.343065,-0.067465,-0.038160,-0.032175,-0.032690,-0.034033,-0.013010,0.020373,0.076062,0.194058,1.400326
1980-07-23,0.000000,Validation,-0.346566,-0.068606,-0.038902,-0.031629,-0.033259,-0.034346,-0.013968,0.017982,0.071144,0.187107,1.382331
1980-07-24,0.000000,Validation,-0.352280,-0.070967,-0.041000,-0.030883,-0.033926,-0.034047,-0.014654,0.016372,0.068053,0.182608,1.371777
1980-07-25,0.000000,Validation,-0.323411,-0.059597,-0.028874,-0.032552,-0.027046,-0.030567,-0.005315,0.032878,0.096317,0.219053,1.460787
1980-07-26,0.000000,Validation,-0.315097,-0.056127,-0.024759,-0.031915,-0.024019,-0.028377,-0.001729,0.038293,0.104127,0.228996,1.483188
1980-07-27,0.000000,Validation,-0.317287,-0.056862,-0.025248,-0.032049,-0.024920,-0.028947,-0.002399,0.036916,0.101756,0.224612,1.471035
1980-07-28,0.000000,Validation,-0.303382,-0.050881,-0.027492,-0.033600,-0.017415,-0.025619,0.006306,0.050675,0.126452,0.266160,1.581650
1980-07-29,0.000000,Validation,-0.310496,-0.054802,-0.022650,-0.031602,-0.020117,-0.024065,0.004207,0.047945,0.120649,0.250398,1.539169
1980-07-30,0.000000,Validation,-0.320243,-0.059694,-0.026625,-0.032699,-0.023132,-0.025916,0.001920,0.043841,0.114619,0.241076,1.516024
1980-07-31,0.000000,Validation,-0.329246,-0.064091,-0.030894,-0.034261,-0.026721,-0.028595,-0.001862,0.038542,0.107764,0.230908,1.492536
1980-08-01,0.000000,Validation,-0.329111,-0.063864,-0.030622,-0.034272,-0.026459,-0.028271,-0.001150,0.039550,0.109123,0.231992,1.495754
1980-08-02,0.000000,Validation,-0.328748,-0.063670,-0.030139,-0.034333,-0.026058,-0.027899,-0.000304,0.040752,0.110828,0.233630,1.500129
1980-08-03,0.000000,Validation,-0.332711,-0.065311,-0.031415,-0.034546,-0.026861,-0.028280,-0.000918,0.039314,0.108514,0.229913,1.492275
1980-08-04,0.000000,Validation,-0.350817,-0.073167,-0.038694,-0.034156,-0.030061,-0.029192,-0.004515,0.032283,0.097194,0.214528,1.458660
1980-08-05,0.000000,Validation,-0.358654,-0.076935,-0.041715,-0.033717,-0.030461,-0.028543,-0.004632,0.031269,0.095454,0.212458,1.457627
1980-08-06,0.000000,Validation,-0.358184,-0.077236,-0.041612,-0.034532,-0.029970,-0.028078,-0.003326,0.033470,0.100134,0.218536,1.475858
1980-08-07,0.000000,Validation,-0.349343,-0.073786,-0.037984,-0.035801,-0.028346,-0.027418,-0.000458,0.038880,0.110103,0.230935,1.506060
1980-08-08,0.000000,Validation,-0.332456,-0.066486,-0.030369,-0.035806,-0.024202,-0.025332,0.004850,0.047815,0.123773,0.248685,1.545605
1980-08-09,0.000000,Validation,-0.324068,-0.062648,-0.026068,-0.035171,-0.021432,-0.023622,0.008176,0.052628,0.130260,0.256933,1.562789
1980-08-10,0.000000,Validation,-0.335510,-0.067914,-0.030696,-0.036172,-0.024286,-0.024903,0.005829,0.048443,0.124625,0.247767,1.542089
1980-08-11,0.000000,Validation,-0.348494,-0.073885,-0.035755,-0.036478,-0.026351,-0.025435,0.003964,0.044268,0.118419,0.238842,1.524325
1980-08-12,0.000000,Validation,-0.352173,-0.075602,-0.036823,-0.036692,-0.026442,-0.025507,0.004010,0.043253,0.116845,0.237081,1.524032
1980-08-13,0.000000,Validation,-0.347016,-0.073522,-0.034694,-0.037332,-0.025206,-0.024930,0.006051,0.046629,0.123248,0.245786,1.547456
1980-08-14,0.000000,Validation,-0.322797,-0.062397,-0.024234,-0.035953,-0.018706,-0.021333,0.013415,0.058631,0.141384,0.271678,1.607590
1980-08-15,0.000000,Validation,-0.310963,-0.054661,-0.018662,-0.033482,-0.016019,-0.020496,0.014594,0.057969,0.140139,0.274008,1.620043
1980-08-16,0.000000,Validation,-0.335673,-0.068992,-0.028712,-0.037793,-0.021374,-0.022505,0.011866,0.054738,0.136744,0.262877,1.589498
1980-08-17,0.000000,Validation,-0.354454,-0.078045,-0.036417,-0.038373,-0.024068,-0.022809,0.009759,0.049719,0.130181,0.253388,1.574530
1980-08-18,0.000000,Validation,-0.348449,-0.075631,-0.034390,-0.039273,-0.022984,-0.022370,0.011765,0.053678,0.138106,0.264208,1.603823
1980-08-19,0.000000,Validation,-0.327382,-0.065601,-0.029487,-0.040049,-0.016864,-0.020676,0.018860,0.065777,0.158324,0.297213,1.687856
1980-08-20,0.000000,Validation,-0.350716,-0.077646,-0.046437,-0.046886,-0.023730,-0.026863,0.013391,0.057842,0.152102,0.293888,1.696289
1980-08-21,0.000000,Validation,-0.360560,-0.083012,-0.039589,-0.041065,-0.021638,-0.018874,0.016447,0.059462,0.151709,0.283938,1.669224
1980-08-22,0.000000,Validation,-0.374111,-0.090699,-0.045001,-0.041072,-0.021941,-0.017758,0.017317,0.058322,0.150462,0.282748,1.674982
1980-08-23,0.000000,Validation,-0.376577,-0.092832,-0.046982,-0.042416,-0.022380,-0.017825,0.017766,0.059302,0.155126,0.289886,1.700872
1980-08-24,0.000000,Validation,-0.348611,-0.078805,-0.036201,-0.042942,-0.019136,-0.017497,0.021794,0.069074,0.171686,0.312091,1.747209
1980-08-25,0.000000,Validation,-0.328336,-0.068054,-0.030854,-0.042300,-0.013071,-0.015689,0.028091,0.079280,0.186605,0.337258,1.806796
1980-08-26,0.000000,Validation,-0.367957,-0.108977,-0.083024,-0.071891,-0.038197,-0.037897,0.013780,0.057080,0.166004,0.356676,1.921667
1980-08-27,0.000000,Validation,-0.374105,-0.098946,-0.050904,-0.047657,-0.012247,-0.003758,0.038761,0.093164,0.228324,0.402844,2.045625
1980-08-28,0.000000,Validation,-0.386196,-0.106585,-0.054471,-0.048378,-0.014638,-0.003790,0.039242,0.090920,0.222996,0.391119,2.004122
1980-08-29,0.000000,Validation,-0.395518,-0.111381,-0.059807,-0.050476,-0.019799,-0.009614,0.030834,0.079540,0.205620,0.364670,1.939609
1980-08-30,0.000000,Validation,-0.398098,-0.109313,-0.058935,-0.047274,-0.017965,-0.009037,0.032530,0.078847,0.199824,0.354878,1.914459
1980-08-31,0.000000,Validation,-0.381555,-0.099298,-0.053317,-0.048627,-0.018905,-0.011681,0.031576,0.081099,0.205966,0.360838,1.920447
1980-09-01,0.000000,Validation,-0.348588,-0.081967,-0.040271,-0.047269,-0.015244,-0.011814,0.034343,0.089342,0.216798,0.376728,1.941679
1980-09-02,0.000000,Validation,-0.351908,-0.082808,-0.041769,-0.048071,-0.017074,-0.013162,0.032807,0.086694,0.213144,0.368821,1.919094
1980-09-03,0.000000,Validation,-0.349413,-0.081655,-0.041784,-0.048536,-0.017170,-0.012877,0.033612,0.088966,0.218462,0.375043,1.933645
1980-09-04,0.000000,Validation,-0.349650,-0.082274,-0.043053,-0.049553,-0.017663,-0.012923,0.033967,0.090303,0.222897,0.380838,1.951069
1980-09-05,0.000000,Validation,-0.355065,-0.085236,-0.046262,-0.050976,-0.019077,-0.013543,0.033323,0.089055,0.223828,0.381828,1.960288
1980-09-06,0.000000,Validation,-0.351788,-0.082972,-0.046433,-0.051279,-0.019825,-0.014618,0.032053,0.087003,0.223851,0.385337,1.977805
1980-09-07,0.000000,Validation,-0.341254,-0.077476,-0.044519,-0.050787,-0.018794,-0.014349,0.032594,0.089073,0.230828,0.400255,2.021930
1980-09-08,0.000000,Validation,-0.346875,-0.083934,-0.045299,-0.053921,-0.018276,-0.013750,0.035501,0.094813,0.236608,0.399646,2.008334
1980-09-09,0.000000,Validation,-0.343952,-0.083470,-0.045208,-0.054589,-0.017886,-0.013172,0.036743,0.097973,0.243299,0.408961,2.032157
1980-09-10,0.000000,Validation,-0.354127,-0.089107,-0.051350,-0.057383,-0.020390,-0.014619,0.035621,0.096339,0.245258,0.410755,2.046049
1980-09-11,0.000000,Validation,-0.350049,-0.087928,-0.050443,-0.057725,-0.020182,-0.014322,0.036186,0.098397,0.250223,0.418587,2.066900
1980-09-12,0.000000,Validation,-0.359171,-0.092566,-0.056753,-0.059665,-0.023122,-0.015637,0.033962,0.095011,0.252411,0.423767,2.095488
1980-09-13,0.000000,Validation,-0.379157,-0.102330,-0.068210,-0.060261,-0.024594,-0.014000,0.034668,0.093321,0.262574,0.443524,2.179235
1980-09-14,0.000000,Validation,-0.372874,-0.101006,-0.058662,-0.061400,-0.021041,-0.014773,0.037325,0.095085,0.248405,0.412195,2.077036
1980-09-15,0.000000,Validation,-0.364502,-0.097806,-0.056983,-0.062250,-0.021161,-0.014865,0.037906,0.099244,0.256766,0.423655,2.101277
1980-09-16,0.000000,Validation,-0.354967,-0.093915,-0.054244,-0.062210,-0.020239,-0.014319,0.039279,0.103763,0.263917,0.433875,2.120137
1980-09-17,0.000000,Validation,-0.360613,-0.097356,-0.057299,-0.063601,-0.021170,-0.014324,0.039647,0.104400,0.267215,0.436245,2.129800
1980-09-18,0.000000,Test,-0.346533,-0.091069,-0.052325,-0.062609,-0.018960,-0.013432,0.041639,0.109575,0.273564,0.446923,2.148067
1980-09-19,0.000000,Test,-0.325663,-0.081490,-0.044364,-0.059488,-0.012781,-0.009316,0.046947,0.119133,0.285213,0.466622,2.188663
1980-09-20,0.000000,Test,-0.307803,-0.073916,-0.037589,-0.055092,-0.004403,-0.001432,0.055802,0.133343,0.305769,0.496133,2.254238
1980-09-21,0.000000,Test,-0.317528,-0.078827,-0.046307,-0.059476,-0.008079,-0.005285,0.053757,0.131632,0.308191,0.500935,2.279682
1980-09-22,0.000000,Test,-0.321146,-0.082033,-0.045392,-0.059890,-0.010183,-0.005051,0.052798,0.131145,0.308149,0.496409,2.264952
1980-09-23,0.000000,Test,-0.340755,-0.092419,-0.054862,-0.065273,-0.017985,-0.010767,0.047137,0.123133,0.300636,0.481275,2.234682
1980-09-24,0.000000,Test,-0.343887,-0.094878,-0.057482,-0.067152,-0.019836,-0.011979,0.046000,0.122660,0.302176,0.482354,2.240009
1980-09-25,0.000000,Test,-0.345683,-0.095903,-0.058931,-0.068157,-0.021089,-0.012833,0.045220,0.122130,0.302351,0.481228,2.237782
1980-09-26,0.000000,Test,-0.343704,-0.095512,-0.058748,-0.068288,-0.020715,-0.012183,0.046309,0.124847,0.306880,0.486676,2.249316
1980-09-27,0.000000,Test,-0.340103,-0.094332,-0.057806,-0.068084,-0.019866,-0.011285,0.047687,0.127928,0.311569,0.492886,2.261979
1980-09-28,0.000000,Test,-0.339599,-0.116123,-0.100112,-0.096728,-0.034899,-0.030266,0.039611,0.122247,0.321565,0.571877,2.572005
1980-09-29,0.000000,Test,-0.369936,-0.118300,-0.075141,-0.072780,-0.014018,0.002394,0.063858,0.153677,0.380917,0.604338,2.638190
1980-09-30,0.000000,Test,-0.369094,-0.119575,-0.073485,-0.072410,-0.012419,0.005070,0.070087,0.161498,0.390942,0.613553,2.636470
1980-10-01,,,-0.323338,0.140576,0.228153,0.445915,0.728650,0.875032,1.057282,1.666152,3.358891,4.786744,14.501057
1980-10-02,,,-0.331529,0.129646,0.218957,0.439706,0.724459,0.873186,1.054123,1.672378,3.401750,4.862110,14.749176
1981-10-17,0.000000,Training,,,,,,,,,,,
1981-10-18,0.000000,Training,,,,,,,,,,,
1981-10-19,0.000000,Training,-0.430509,-0.187999,-0.133095,-0.094026,-0.009416,0.046804,0.124262,0.276505,0.707289,1.092657,4.238099
1981-10-20,0.000000,Training,-0.420087,-0.177504,-0.138578,-0.101761,-0.019757,0.031479,0.115116,0.267930,0.676042,1.049145,3.982779
1981-10-21,0.000000,Training,-0.391981,-0.166759,-0.118979,-0.096882,-0.023113,0.026922,0.100213,0.249222,0.620771,0.950723,3.590660
1981-10-22,0.000000,Training,-0.342204,-0.131511,-0.094554,-0.077004,-0.000603,0.040461,0.115728,0.267816,0.607843,0.908860,3.338607
1981-10-23,0.000000,Training,-0.344421,-0.129812,-0.102414,-0.081915,-0.009857,0.028353,0.104963,0.254651,0.592421,0.887978,3.295681
1981-10-24,0.000000,Training,-0.335157,-0.115170,-0.085118,-0.077978,-0.012485,0.019178,0.093241,0.228997,0.517382,0.767151,2.944916
1981-10-25,0.000000,Training,-0.325106,-0.112042,-0.082626,-0.075525,-0.011110,0.023451,0.094836,0.233321,0.528152,0.784131,2.973762
1981-10-26,0.000000,Training,-0.298612,-0.094891,-0.063917,-0.059068,0.010795,0.041805,0.115575,0.253578,0.530885,0.778438,2.881141
1981-10-27,0.000000,Training,-0.296705,-0.092393,-0.063658,-0.060776,0.006000,0.036215,0.107972,0.243066,0.514974,0.755492,2.836224
1981-10-28,0.000000,Training,-0.293660,-0.090418,-0.059700,-0.059516,0.007324,0.036811,0.108999,0.243576,0.508347,0.739601,2.784213
1981-10-29,0.000000,Training,-0.300765,-0.096796,-0.065477,-0.065705,-0.000130,0.030697,0.101505,0.237214,0.505103,0.734749,2.791564
1981-10-30,0.000000,Training,-0.304135,-0.101497,-0.069637,-0.068090,-0.001896,0.031106,0.101669,0.240855,0.514737,0.746766,2.820140
1981-10-31,0.000000,Training,-0.312823,-0.108404,-0.075756,-0.074875,-0.011143,0.023344,0.092700,0.232377,0.507287,0.735476,2.807301
1981-11-01,0.000000,Training,-0.314710,-0.111511,-0.078581,-0.076613,-0.012750,0.023330,0.092694,0.234888,0.513300,0.741807,2.817555
1981-11-02,0.000000,Training,-0.319990,-0.116155,-0.082789,-0.080603,-0.018294,0.019134,0.087898,0.231008,0.510367,0.736576,2.805618
1981-11-03,0.000000,Training,-0.321754,-0.118983,-0.085838,-0.082027,-0.019748,0.019344,0.088162,0.233927,0.517709,0.745243,2.820159
1981-11-04,0.000000,Training,-0.327742,-0.125761,-0.093633,-0.086087,-0.024253,0.018074,0.086335,0.236512,0.531583,0.765348,2.870040
1981-11-05,0.000000,Training,-0.327194,-0.126570,-0.095189,-0.086007,-0.023935,0.019257,0.088103,0.239902,0.540142,0.777027,2.898652
1981-11-06,0.000000,Training,-0.311795,-0.112533,-0.077002,-0.076615,-0.013661,0.024498,0.092088,0.237512,0.512548,0.731529,2.755476
1981-11-07,0.000000,Training,-0.313272,-0.115129,-0.082248,-0.078215,-0.015535,0.024985,0.091877,0.240255,0.525690,0.753404,2.812524
1981-11-08,0.000000,Training,-0.316786,-0.117434,-0.079459,-0.079367,-0.017288,0.022355,0.089888,0.237503,0.512607,0.726678,2.734787
1981-11-09,0.000000,Training,-0.319783,-0.124957,-0.089372,-0.076597,-0.006144,0.039260,0.110928,0.273977,0.578553,0.813788,2.918953
1981-11-10,0.000000,Training,-0.327446,-0.129520,-0.108312,-0.088674,-0.016919,0.023719,0.097159,0.257706,0.564602,0.820992,3.003963
1981-11-11,0.000000,Training,-0.317723,-0.119662,-0.081665,-0.075021,-0.006873,0.036414,0.104470,0.260222,0.557804,0.795288,2.916193
1981-11-12,0.000000,Training,-0.332887,-0.133121,-0.090528,-0.084221,-0.018777,0.027613,0.096145,0.254554,0.556384,0.788521,2.905287
1981-11-13,0.000000,Training,-0.362804,-0.159412,-0.112857,-0.097444,-0.032715,0.022909,0.091268,0.261891,0.592260,0.834542,3.030808
1981-11-14,0.000000,Training,-0.339148,-0.143337,-0.100008,-0.086878,-0.017939,0.034172,0.104344,0.275563,0.599490,0.841293,3.018392
1981-11-15,0.000000,Training,-0.322155,-0.129927,-0.089527,-0.075492,-0.004005,0.046265,0.117782,0.288478,0.606173,0.846519,2.991109
1981-11-16,0.000000,Training,-0.312649,-0.119268,-0.081721,-0.070884,-0.001240,0.045268,0.116681,0.280687,0.584884,0.818407,2.919106
1981-11-17,0.000000,Training,-0.314144,-0.117922,-0.080537,-0.074472,-0.009163,0.035337,0.105153,0.263168,0.556619,0.780993,2.847214
1981-11-18,0.000000,Training,-0.302058,-0.110050,-0.072103,-0.065496,0.003002,0.046976,0.117467,0.275501,0.567404,0.795847,2.854194
1981-11-19,0.000000,Training,-0.302182,-0.111261,-0.073284,-0.064410,0.005000,0.050463,0.121074,0.281714,0.577338,0.808788,2.874688
1981-11-20,0.000000,Training,-0.303091,-0.110726,-0.073104,-0.067458,-0.000869,0.043456,0.112503,0.270043,0.560768,0.785787,2.839420
1981-11-21,0.000000,Training,-0.306287,-0.114694,-0.076384,-0.068979,-0.001719,0.044490,0.113594,0.274278,0.571101,0.798736,2.870134
1981-11-22,0.000000,Training,-0.308733,-0.118581,-0.079742,-0.068920,0.000104,0.048824,0.118340,0.283806,0.589165,0.822193,2.917098
1981-11-23,0.000000,Training,-0.312067,-0.122426,-0.083318,-0.070296,-0.000915,0.049926,0.119479,0.288523,0.600154,0.835182,2.945795
1981-11-24,0.000000,Training,-0.320502,-0.128880,-0.089075,-0.077803,-0.011574,0.040030,0.108088,0.276821,0.589033,0.819890,2.934243
1981-11-25,0.000000,Training,-0.329379,-0.136798,-0.095180,-0.083502,-0.019127,0.034719,0.102026,0.272655,0.588915,0.819747,2.942135
1981-11-26,0.000000,Training,-0.328246,-0.138960,-0.097828,-0.080799,-0.012310,0.044511,0.112798,0.290705,0.621474,0.861724,3.028403
1981-11-27,0.000000,Training,-0.344148,-0.157479,-0.116398,-0.081187,-0.006232,0.062629,0.134916,0.335256,0.709907,0.976232,3.256639
1981-11-28,0.000000,Training,-0.352085,-0.164382,-0.126672,-0.081212,-0.005956,0.068745,0.142121,0.351103,0.750674,1.038027,3.391561
1981-11-29,0.000000,Training,-0.303618,-0.119615,-0.077845,-0.058482,0.014237,0.068863,0.140964,0.316766,0.626793,0.865177,2.926105
1981-11-30,0.000000,Training,-0.299564,-0.116086,-0.074457,-0.055228,0.017298,0.070984,0.142974,0.317172,0.621793,0.861352,2.907305
1981-12-01,0.000000,Training,-0.305656,-0.122867,-0.080454,-0.053981,0.020387,0.078387,0.152356,0.335288,0.649375,0.896656,2.962921
1981-12-02,0.000000,Training,-0.318661,-0.135606,-0.093085,-0.053075,0.024166,0.089671,0.167806,0.367356,0.700029,0.957767,3.062530
1981-12-03,0.161056,Training,-0.336178,-0.152570,-0.109305,-0.055895,0.024819,0.099336,0.180964,0.399635,0.760913,1.030399,3.209956
1981-12-04,0.161056,Training,-0.338027,-0.152872,-0.113383,-0.051452,0.028847,0.107402,0.190911,0.418254,0.781917,1.042202,3.217856
1981-12-05,0.161056,Training,-0.335537,-0.151129,-0.112376,-0.051589,0.029106,0.108334,0.190932,0.417444,0.779796,1.035559,3.212313
1981-12-06,0.161056,Training,-0.356107,-0.169598,-0.129095,-0.056060,0.029818,0.115597,0.202669,0.447582,0.848490,1.129718,3.425312
1981-12-07,0.161056,Training,-0.360128,-0.174787,-0.131540,-0.057047,0.029937,0.118867,0.205829,0.456155,0.868287,1.153215,3.479819
1981-12-08,0.161056,Training,-0.360544,-0.174752,-0.131212,-0.058265,0.029834,0.115367,0.202491,0.449864,0.866905,1.168086,3.525811
1981-12-09,0.161056,Training,-0.397214,-0.221715,-0.182439,-0.096723,0.012720,0.104508,0.198839,0.467807,1.004815,1.461486,4.480371
1981-12-10,0.161056,Training,-0.692876,-0.510789,-0.409771,-0.258182,0.019133,0.264705,0.440092,1.218079,3.999249,6.156695,21.607008
1981-12-11,0.161056,Training,-0.641872,-0.404893,-0.249553,-0.006263,0.316489,0.638780,0.897320,1.829500,4.930161,6.873405,21.650955
1981-12-12,0.161056,Training,-0.566367,-0.352823,-0.229422,-0.041743,0.174563,0.402193,0.571543,1.195672,3.008548,4.318150,12.535303
1981-12-13,0.161056,Training,-0.524939,-0.324332,-0.206182,-0.046552,0.132896,0.328252,0.479080,0.995085,2.406259,3.461426,9.807099
1981-12-14,0.161056,Training,-0.475035,-0.286364,-0.194306,-0.065290,0.074939,0.228679,0.359342,0.770889,1.766844,2.494118,7.098908
1981-12-15,0.161056,Training,-0.469845,-0.282593,-0.199401,-0.052544,0.094050,0.246592,0.393910,0.817607,1.772767,2.462664,6.768622
1981-12-16,0.161056,Training,-0.451738,-0.268021,-0.186296,-0.043529,0.095593,0.245518,0.388267,0.796305,1.659379,2.266623,6.154151
1981-12-17,0.161056,Training,-0.506468,-0.328496,-0.266412,-0.069612,0.110722,0.280527,0.476173,0.994797,2.112314,3.043393,8.002603
1981-12-18,0.161056,Training,-0.518317,-0.309982,-0.230660,-0.004731,0.192232,0.398103,0.593279,1.146719,2.325236,3.164261,8.228580
1981-12-19,0.161056,Training,-0.484768,-0.289657,-0.205182,-0.006368,0.179690,0.377459,0.557608,1.066467,2.091529,2.816384,7.234493
1981-12-20,0.161056,Training,-0.610571,-0.394003,-0.317298,-0.011413,0.291370,0.576320,0.888723,1.731028,3.845217,5.494418,13.948450
1981-12-21,0.161056,Training,-0.791004,-0.552096,-0.334506,0.279290,1.464885,2.294426,3.591912,7.844157,21.381374,31.716772,83.467628
1981-12-22,0.161056,Training,-0.720813,-0.476493,-0.192102,0.361784,1.182844,1.794096,2.663664,5.253623,13.371748,19.541767,53.082794
1981-12-23,0.161056,Training,-0.669109,-0.448458,-0.227971,0.180148,0.643429,1.048126,1.534436,2.896416,6.952020,10.235635,26.056587
1981-12-24,0.161056,Training,-0.592152,-0.372479,-0.188458,0.178164,0.520868,0.845007,1.221897,2.198583,4.658104,6.676259,15.667359
1981-12-25,0.161056,Training,-0.530753,-0.307832,-0.178599,0.146835,0.423723,0.694319,0.998595,1.774894,3.402485,4.602427,10.653686
1981-12-26,0.161056,Training,-0.747667,-0.451535,-0.228184,0.576855,1.849567,2.944170,4.795474,9.563258,24.930258,35.220192,88.254211
1981-12-27,0.161056,Training,-0.446266,0.329914,0.917724,3.863146,8.957167,12.052569,18.010416,34.245708,75.028130,99.704453,235.071152
1981-12-28,106.296754,Training,0.263087,1.691890,3.098404,10.079951,23.264812,28.461809,44.233528,82.632393,156.434280,204.762634,433.779968
1981-12-29,11.434954,Training,0.866326,3.052289,4.550964,14.660167,30.471025,37.741520,54.200172,96.207085,175.581802,223.766632,460.624603
1981-12-30,16.266624,Training,4.226505,9.594435,14.524076,43.252102,81.331902,99.217110,142.914810,233.712875,380.908783,491.157623,1002.708618
1981-12-31,10.307564,Training,3.843266,8.678587,11.035234,30.354467,50.379227,62.366188,79.124008,118.810455,187.342377,234.508865,489.308899
1982-01-01,5.475893,Training,0.383596,1.708271,2.869748,7.211526,11.679803,15.992293,19.705526,30.177046,52.007221,64.375221,142.204742
1982-01-02,2.254780,Training,-0.205227,0.420238,1.069422,2.708854,4.498070,6.100121,7.678624,11.659094,20.692240,27.049189,58.112156
1982-01-03,1.449501,Training,-0.349333,0.136198,0.685386,2.044942,3.680977,4.791408,6.603396,10.062670,19.217619,26.920019,61.810978
1982-01-04,1.127390,Training,-0.360408,0.186806,0.919243,3.068242,6.064980,8.026330,11.789786,19.697512,40.011253,56.093716,136.038788
1982-01-05,1.127390,Training,-0.300990,0.269590,0.963248,2.838587,4.896566,6.769696,8.929470,13.952309,26.346127,35.172817,80.281372
1982-01-06,1.288446,Training,-0.314479,0.158691,0.687171,1.984892,3.292131,4.465491,5.787757,8.715463,15.428655,20.424519,44.169090
1982-01-07,1.127390,Training,-0.277450,0.151196,0.644827,1.762497,2.889289,3.831418,4.911886,7.169652,12.188090,16.012836,34.375530
1982-01-08,0.644223,Training,-0.408218,-0.091548,0.234493,0.969314,1.670235,2.244489,2.926188,4.459604,7.570660,9.972609,20.663717
1982-01-09,0.483167,Training,-0.466427,-0.198746,0.059527,0.640702,1.172698,1.613976,2.137889,3.375310,5.847560,7.747899,16.108904
1982-01-10,2.576891,Training,-0.574944,-0.333240,-0.111227,0.477852,1.048786,1.499909,2.194038,3.700918,7.165363,10.384137,23.249329
1982-01-11,12.079177,Training,-0.680359,-0.322196,-0.056934,1.009084,2.348028,3.592792,5.216177,9.596514,21.747353,29.972593,73.908363
1982-01-12,531.966937,Training,3.007720,8.571436,11.663299,40.120220,73.045258,92.886986,130.693649,212.861191,333.489349,383.368225,783.499451
1982-01-13,626.184514,Training,9.546084,16.786957,20.123556,48.734138,74.043930,90.544975,109.942841,146.480194,207.868500,254.134384,461.303894
1982-01-14,33.660639,Training,3.107036,6.230972,8.523637,18.965588,27.634962,36.704155,42.567883,58.828087,86.695412,103.000984,218.483170
1982-01-15,13.850789,Training,0.968121,2.733393,4.002039,9.987323,15.469519,20.419222,25.269997,36.860180,60.256649,75.874451,164.732712
1982-01-16,17.555070,Training,1.095596,3.126038,4.396775,12.447476,20.721972,27.010130,35.157486,53.718227,89.517502,112.489250,234.654526
1982-01-17,13.528678,Training,0.748456,2.257606,3.609973,8.409801,13.198490,18.084196,21.769352,31.628866,51.646591,63.679390,140.318695
1982-01-18,8.697007,Training,-0.022643,0.828635,1.556520,3.913510,6.366498,8.538687,10.849573,15.976004,27.814356,36.110737,80.273155
1982-01-19,16.749792,Training,0.029943,1.099106,1.948215,6.141082,11.046367,14.786688,20.392506,33.506443,60.948605,78.948975,171.376404
1982-01-20,12.884455,Training,0.273964,1.442854,2.543557,6.383326,10.305005,14.279103,17.722816,26.627773,44.966366,56.066853,123.625534
1982-01-21,8.697007,Training,0.072324,0.848682,1.724694,3.973199,6.206797,8.388103,10.494013,15.148356,25.353519,32.403408,70.947655
1982-01-22,6.442228,Training,-0.151277,0.391738,0.994459,2.397271,3.782826,5.024998,6.322720,9.133677,15.072680,19.394190,41.604134
1982-01-23,5.153782,Training,-0.318142,0.080777,0.498797,1.446016,2.360516,3.165295,4.010316,6.000756,9.876200,12.714870,26.550478
1982-01-24,4.187448,Training,-0.343555,0.020437,0.393342,1.234717,2.026679,2.724707,3.450372,5.193760,8.458376,10.808757,22.363474
1982-01-25,3.543225,Training,-0.382094,-0.057011,0.288481,1.045704,1.749415,2.358216,3.008656,4.594987,7.564603,9.774831,20.128222
1982-01-26,3.060058,Training,-0.416379,-0.116543,0.197928,0.883918,1.506495,2.051049,2.624242,4.077555,6.770175,8.761115,18.106901
1982-01-27,2.737947,Training,-0.443747,-0.159857,0.127308,0.757641,1.314942,1.813636,2.321573,3.668894,6.134987,7.914471,16.496220
1982-01-28,2.576891,Training,-0.451914,-0.175467,0.102597,0.696356,1.236788,1.722192,2.185729,3.466992,5.796063,7.431921,15.720460
1982-01-29,2.415835,Training,-0.490937,-0.239706,0.006380,0.524520,0.984989,1.409561,1.803230,2.954195,5.070277,6.582093,14.064153
1982-01-30,2.254780,Training,-0.522447,-0.289446,-0.069585,0.399951,0.785562,1.157571,1.502224,2.557117,4.531128,5.974692,12.822096
1982-01-31,2.093724,Training,-0.537281,-0.333972,-0.181359,0.143196,0.403015,0.669773,0.895166,1.650899,3.047086,4.063541,9.146331
1982-02-01,2.093724,Training,-0.523692,-0.333816,-0.211322,0.042376,0.252599,0.473450,0.643881,1.253820,2.360150,3.163898,7.451777
1982-02-02,2.093724,Training,-0.534830,-0.340730,-0.210764,0.063573,0.288226,0.522155,0.704439,1.353812,2.559418,3.444859,8.034823
1982-02-03,1.932668,Training,-0.526213,-0.335737,-0.219803,0.036017,0.220868,0.420874,0.583615,1.173804,2.302338,3.180244,7.543087
1982-02-04,1.771613,Training,-0.482757,-0.303623,-0.207190,-0.021776,0.121280,0.281602,0.395324,0.857211,1.700644,2.341072,5.880035
1982-02-05,1.771613,Training,-0.503925,-0.324003,-0.215388,-0.004081,0.152282,0.328292,0.454421,0.964833,1.933597,2.691202,6.592896
1982-02-06,1.771613,Training,-0.471538,-0.295833,-0.202862,-0.030396,0.104719,0.255645,0.360772,0.796946,1.587566,2.188431,5.567571
1982-02-07,1.610557,Training,-0.467157,-0.297727,-0.222968,-0.045108,0.120407,0.270504,0.393685,0.839738,1.704844,2.442463,6.374748
1982-02-08,1.610557,Training,-0.531939,-0.345127,-0.231751,-0.045543,0.131037,0.318170,0.419743,0.919330,2.043085,2.929977,8.030710
1982-02-09,1.610557,Training,-0.485466,-0.307669,-0.198345,-0.034418,0.126099,0.293969,0.393183,0.853470,1.791656,2.543590,6.682644
1982-02-10,1.610557,Training,-0.477900,-0.303135,-0.205202,-0.040007,0.104548,0.260089,0.360561,0.800132,1.632363,2.286750,5.963475
1982-02-11,1.610557,Training,-0.454146,-0.279437,-0.192987,-0.040051,0.093690,0.235874,0.333751,0.744082,1.472334,2.033471,5.311571
1982-02-12,1.610557,Training,-0.450677,-0.272592,-0.195422,-0.038593,0.095088,0.233123,0.335199,0.742906,1.447531,1.988376,5.187414
1982-02-13,1.449501,Training,-0.453769,-0.273937,-0.197526,-0.038336,0.095664,0.235690,0.337287,0.746831,1.455780,1.997503,5.219789
1982-02-14,1.449501,Training,-0.562420,-0.367598,-0.269797,-0.001877,0.252938,0.485690,0.684576,1.367770,2.994377,4.392838,11.088557
1982-02-15,5.475893,Training,-0.742957,-0.426369,-0.242887,0.440378,1.567292,2.606215,3.318087,6.988845,18.786112,25.620073,68.806915
1982-02-16,3.704281,Training,-0.676144,-0.376498,-0.121963,0.485337,1.276079,2.047392,2.571431,5.017806,11.871778,16.467392,40.330814
1982-02-17,2.899002,Training,-0.633026,-0.385444,-0.183396,0.239930,0.675183,1.096388,1.425961,2.730987,5.992432,8.639696,20.264267
1982-02-18,2.576891,Training,-0.648347,-0.371840,-0.176568,0.370725,0.951518,1.474344,1.987193,3.685548,8.018002,11.755284,27.283762
1982-02-19,2.415835,Training,-0.621046,-0.381492,-0.165437,0.273202,0.694194,1.109605,1.469210,2.749285,5.835267,8.498019,19.476955
1982-02-20,2.254780,Training,-0.569834,-0.348621,-0.159857,0.204616,0.537691,0.864574,1.159034,2.149559,4.331935,6.167146,13.892665
1982-02-21,2.093724,Training,-0.568801,-0.354980,-0.158945,0.226420,0.568644,0.883895,1.204129,2.211061,4.362145,6.301614,14.074416
1982-02-22,2.093724,Training,-0.543622,-0.336836,-0.166123,0.175123,0.462893,0.742302,1.011363,1.870109,3.582518,5.030994,11.224063
1982-02-23,1.932668,Training,-0.533130,-0.324596,-0.175791,0.140992,0.423222,0.693228,0.937911,1.720037,3.211281,4.392810,9.955857
1982-02-24,1.771613,Training,-0.530218,-0.327463,-0.175961,0.128708,0.403734,0.672489,0.900714,1.654147,3.062751,4.171076,9.468074
1982-02-25,1.610557,Training,-0.561001,-0.347792,-0.198725,0.166948,0.465778,0.742013,1.030660,1.899046,3.648125,5.172018,11.757364
1982-02-26,1.610557,Training,-0.560071,-0.364544,-0.215602,0.083095,0.319061,0.566938,0.771946,1.500750,3.003388,4.299576,10.090589
1982-02-27,1.610557,Training,-0.551953,-0.378127,-0.219505,0.036333,0.252891,0.476877,0.647945,1.309686,2.741264,4.044041,9.735135
1982-02-28,1.610557,Training,-0.555781,-0.387256,-0.225184,0.027837,0.240413,0.461020,0.624613,1.277135,2.691803,3.973779,9.633496
1982-03-01,1.449501,Training,-0.542383,-0.375012,-0.222995,0.015171,0.212594,0.419261,0.569866,1.178369,2.461187,3.594093,8.747284
1982-03-02,1.288446,Training,-0.531218,-0.360859,-0.216977,0.019267,0.208966,0.410204,0.558317,1.146958,2.342564,3.378652,8.144264
1982-03-03,1.288446,Training,-0.522498,-0.352541,-0.216113,0.008519,0.186365,0.378309,0.514455,1.071854,2.189213,3.144766,7.643062
1982-03-04,1.288446,Training,-0.518813,-0.337305,-0.210950,0.032929,0.210115,0.407017,0.553979,1.123495,2.206805,3.105236,7.372889
1982-03-05,1.288446,Training,-0.488255,-0.304063,-0.207013,-0.001181,0.143580,0.312709,0.429921,0.910876,1.774402,2.446520,6.035897
1982-03-06,1.127390,Training,-0.437198,-0.263508,-0.182612,-0.041825,0.075041,0.206620,0.289063,0.663292,1.306201,1.815944,4.803952
1982-03-07,1.127390,Training,-0.446807,-0.270562,-0.188930,-0.036845,0.082719,0.219769,0.306548,0.695136,1.365620,1.895083,4.950626
1982-03-08,0.966334,Training,-0.458812,-0.279604,-0.195819,-0.029749,0.093811,0.238205,0.330136,0.738214,1.451799,2.014462,5.191733
1982-03-09,0.644223,Training,-0.407579,-0.230875,-0.165779,-0.047698,0.056231,0.170939,0.243203,0.570672,1.093178,1.493801,4.100157
1982-03-10,0.322111,Training,-0.408358,-0.234425,-0.164216,-0.050219,0.054029,0.168622,0.238246,0.564028,1.096455,1.516620,4.173831
1982-03-11,0.161056,Training,-0.412943,-0.247312,-0.167742,-0.076325,0.024694,0.133900,0.187541,0.497311,1.058860,1.505255,4.382380
1982-03-12,0.161056,Training,-0.410731,-0.245699,-0.165249,-0.092345,-0.001589,0.099847,0.144107,0.432705,0.959744,1.368934,4.168987
1982-03-13,0.161056,Training,-0.410384,-0.245358,-0.166050,-0.091564,-0.001373,0.099918,0.144486,0.433488,0.961090,1.370856,4.159199
1982-03-14,0.161056,Training,-0.400206,-0.234474,-0.159760,-0.073078,0.024518,0.128658,0.183841,0.481280,1.000722,1.411030,4.097909
1982-03-15,0.161056,Training,-0.402584,-0.232359,-0.161753,-0.060470,0.038714,0.147291,0.209604,0.517779,1.045957,1.472805,4.151452
1982-03-16,0.161056,Training,-0.352745,-0.185715,-0.121978,-0.061114,0.026653,0.111463,0.164236,0.415725,0.814891,1.140210,3.429640
1982-03-17,0.161056,Training,-0.350947,-0.183909,-0.119823,-0.073728,0.008854,0.087399,0.132328,0.369734,0.761415,1.072300,3.391770
1982-03-18,0.161056,Training,-0.347511,-0.180566,-0.117119,-0.061730,0.024666,0.106004,0.157062,0.400370,0.787588,1.106588,3.369409
1982-03-19,0.000000,Training,-0.349002,-0.181247,-0.118512,-0.072254,0.009617,0.087111,0.131417,0.366233,0.752414,1.063026,3.363447
1982-03-20,0.000000,Training,-0.347759,-0.179411,-0.116653,-0.075517,0.003652,0.078758,0.120968,0.350140,0.729161,1.031548,3.321083
1982-03-21,0.000000,Training,-0.354619,-0.180635,-0.118082,-0.087250,-0.017642,0.053416,0.091143,0.306348,0.665466,0.946039,3.175278
1982-03-22,0.000000,Training,-0.370818,-0.181636,-0.122095,-0.094573,-0.035706,0.035312,0.070132,0.270044,0.612709,0.860846,2.965992
1982-03-23,0.000000,Training,-0.352380,-0.170036,-0.110769,-0.088971,-0.027878,0.037826,0.073954,0.270821,0.596274,0.844402,2.921629
1982-03-24,0.000000,Training,-0.320672,-0.150195,-0.093595,-0.066617,0.005802,0.069042,0.110862,0.314934,0.636283,0.900699,2.979872
1982-03-25,0.000000,Training,-0.310818,-0.135318,-0.088093,-0.036552,0.038897,0.106078,0.160367,0.375231,0.673859,0.942961,2.887930
1982-03-26,0.000000,Training,-0.305797,-0.127630,-0.080550,-0.031160,0.040840,0.108057,0.160862,0.371305,0.661161,0.921276,2.837080
1982-03-27,0.000000,Training,-0.306320,-0.127384,-0.080030,-0.029922,0.042306,0.109546,0.162206,0.372278,0.664839,0.930382,2.863492
1982-03-28,0.000000,Training,-0.328475,-0.154618,-0.102154,-0.019853,0.073150,0.147248,0.204786,0.434869,0.785695,1.173489,3.461005
1982-03-29,0.000000,Training,-0.427018,-0.101806,0.051242,0.454445,0.711031,0.995585,0.940844,1.555423,3.101813,4.426492,11.817680
1982-03-30,49.444096,Training,0.750325,2.897200,5.140201,13.901808,21.940498,28.277792,27.388464,42.292496,79.142014,98.285965,177.519012
1982-03-31,52.020987,Training,-0.085859,1.054667,1.590930,4.664977,9.668918,11.943559,13.755933,28.485205,67.070305,96.025826,208.388992
1982-04-01,14.817123,Training,-0.352745,0.237591,0.526291,1.601809,2.884121,3.717455,4.287112,7.982752,17.228579,24.759592,56.449165
1982-04-02,6.442228,Training,-0.329207,0.031681,0.184758,0.556372,0.930446,1.265174,1.444453,2.498486,4.781178,6.610201,15.191430
1982-04-03,4.187448,Training,-0.395527,-0.128482,0.005828,0.251193,0.498446,0.722958,0.892747,1.565597,3.023406,4.321549,10.137608
1982-04-04,3.382169,Training,-0.420153,-0.159097,-0.073242,0.200820,0.449672,0.639238,0.832256,1.505951,2.972742,4.412376,10.494354
1982-04-05,2.737947,Training,-0.491368,-0.228750,-0.116891,0.173754,0.436978,0.646716,0.831802,1.583076,3.371219,5.067334,12.723016
1982-04-06,2.415835,Training,-0.458237,-0.224481,-0.108910,0.134218,0.333149,0.529895,0.680190,1.292503,2.654486,3.900234,9.703225
1982-04-07,2.254780,Training,-0.493261,-0.288096,-0.160077,0.057201,0.223868,0.404319,0.522645,1.077363,2.366096,3.602505,9.492723
1982-04-08,2.093724,Training,-0.484998,-0.285191,-0.167894,0.046679,0.200668,0.372300,0.489444,1.010446,2.179646,3.301365,8.594691
1982-04-09,1.932668,Training,-0.491841,-0.294694,-0.179669,0.046177,0.199686,0.374488,0.498939,1.025144,2.169695,3.261894,8.307932
1982-04-10,1.771613,Training,-0.546840,-0.355218,-0.215986,0.017870,0.157835,0.343172,0.444643,0.976672,2.179795,3.404634,8.805697
1982-04-11,1.771613,Training,-0.545929,-0.309080,-0.180058,0.200765,0.353992,0.604034,0.730306,1.407867,3.250406,5.307964,13.123936
1982-04-12,1.771613,Training,-0.770795,-0.483497,-0.239792,0.494518,1.485412,2.287897,2.826941,6.344180,16.210035,25.463810,67.792809
1982-04-13,1.610557,Training,-0.676673,-0.396631,-0.239451,0.194061,0.637471,1.037075,1.228387,2.691984,6.617315,10.228332,27.639290
1982-04-14,1.610557,Training,-0.664851,-0.415216,-0.243789,0.139717,0.508731,0.848387,1.022592,2.252089,5.477084,8.760045,23.407656
1982-04-15,1.610557,Training,-0.650976,-0.410325,-0.241566,0.131923,0.450754,0.764403,0.942951,2.007230,4.799508,7.741220,20.282169
1982-04-16,1.610557,Training,-0.593573,-0.356969,-0.200796,0.134218,0.376511,0.644648,0.799576,1.632479,3.731787,5.861961,14.871788
1982-04-17,1.610557,Training,-0.546359,-0.307443,-0.187507,0.125982,0.323825,0.550716,0.702531,1.398212,3.004114,4.555027,11.175553
1982-04-18,1.610557,Training,-0.514501,-0.268961,-0.198671,0.088207,0.263698,0.459001,0.573616,1.182001,2.542945,3.881585,9.739682
1982-04-19,1.771613,Training,-0.518064,-0.284277,-0.183863,0.057361,0.204683,0.400325,0.472435,1.024263,2.284515,3.473287,9.205968
1982-04-20,1.610557,Training,-0.471446,-0.255266,-0.157301,0.026844,0.131505,0.293246,0.334013,0.769199,1.748669,2.696517,7.489861
1982-04-21,1.610557,Training,-0.469262,-0.259770,-0.165942,0.007615,0.093433,0.241284,0.274101,0.669228,1.538390,2.402097,6.782791
1982-04-22,1.449501,Training,-0.460458,-0.248880,-0.169171,0.023472,0.120862,0.264658,0.323285,0.731024,1.614248,2.486731,6.738386
1982-04-23,1.288446,Training,-0.435260,-0.222839,-0.170378,0.006793,0.092456,0.213187,0.260582,0.618564,1.363130,2.134658,5.998223
1982-04-24,1.288446,Training,-0.426387,-0.204162,-0.148375,-0.014390,0.042997,0.148217,0.162529,0.447782,1.042976,1.665915,5.179912
1982-04-25,1.288446,Training,-0.409934,-0.184260,-0.124853,-0.014255,0.027458,0.126118,0.136476,0.381942,0.887708,1.406355,4.455156
1982-04-26,1.127390,Training,-0.392814,-0.186763,-0.130903,-0.007486,0.057081,0.162206,0.192096,0.473996,1.032374,1.567449,4.604153
1982-04-27,0.966334,Training,-0.373071,-0.165521,-0.120712,-0.008086,0.049835,0.143841,0.175371,0.435035,0.929127,1.394786,4.145335
1982-04-28,0.966334,Training,-0.344399,-0.134226,-0.099169,-0.010045,0.036142,0.113699,0.139071,0.359657,0.771685,1.164529,3.650541
1982-04-29,0.483167,Training,-0.413199,-0.183344,-0.138496,-0.017927,0.013869,0.107923,0.119078,0.355227,0.836569,1.306458,4.047668
1982-04-30,0.161056,Training,-0.387485,-0.147505,-0.114115,-0.017929,0.002246,0.077731,0.085205,0.274352,0.648440,1.016061,3.357693
1982-05-01,0.161056,Training,-0.357032,-0.120467,-0.093274,-0.024421,-0.006186,0.052799,0.062276,0.221949,0.519891,0.813595,2.877065
1982-05-02,0.161056,Training,-0.326541,-0.104088,-0.078861,-0.024321,-0.000462,0.052011,0.064989,0.221459,0.500674,0.776288,2.776469
1982-05-03,0.161056,Training,-0.316981,-0.089223,-0.066716,-0.025496,-0.007287,0.034962,0.048874,0.181941,0.412955,0.649476,2.475173
1982-05-04,0.161056,Training,-0.297111,-0.076559,-0.051573,-0.027040,-0.005357,0.027647,0.045929,0.166665,0.363852,0.571405,2.273769
1982-05-05,0.000000,Training,-0.274070,-0.070742,-0.043343,-0.014423,0.019528,0.058545,0.084872,0.221261,0.435464,0.658536,2.373643
1982-05-06,0.000000,Training,-0.270621,-0.064214,-0.039730,-0.013177,0.017639,0.053790,0.079074,0.208561,0.413915,0.631573,2.328020
1982-05-07,0.000000,Training,-0.275205,-0.059275,-0.029954,-0.025568,0.000132,0.019849,0.044971,0.146015,0.295830,0.469297,1.998941
1982-05-08,0.000000,Training,-0.276104,-0.059072,-0.033035,-0.025374,0.004325,0.018736,0.046659,0.144178,0.286098,0.467657,1.997448
1982-05-09,0.000000,Training,-0.277238,-0.059477,-0.029396,-0.025879,0.002252,0.018176,0.043211,0.139375,0.281293,0.458187,1.980175
1982-05-10,0.000000,Training,-0.277674,-0.068738,-0.048846,-0.017466,0.013684,0.031469,0.056167,0.155842,0.303982,0.537350,2.178208
1982-05-11,0.000000,Training,-0.295478,-0.075882,-0.043907,-0.017587,0.018916,0.048897,0.069160,0.180454,0.370201,0.603914,2.362141
1982-05-12,0.000000,Training,-0.277547,-0.061524,-0.024626,-0.017882,0.018494,0.034838,0.062100,0.155207,0.301026,0.499464,2.079725
1982-05-13,0.000000,Training,-0.284660,-0.064775,-0.028846,-0.026460,0.005025,0.016817,0.042239,0.130932,0.263540,0.442953,1.959376
1982-05-14,0.000000,Training,-0.313527,-0.076456,-0.044630,-0.034379,-0.014902,-0.000447,0.020722,0.103958,0.229705,0.395530,1.862127
1982-05-15,0.000000,Training,-0.307084,-0.070741,-0.040033,-0.032743,-0.013950,-0.001819,0.020340,0.101011,0.220176,0.381473,1.820506
1982-05-16,0.000000,Training,-0.298910,-0.063225,-0.035973,-0.030412,-0.010230,-0.002967,0.021832,0.098765,0.208778,0.369511,1.786392
1982-05-17,0.000000,Training,-0.289481,-0.055034,-0.024472,-0.026888,-0.008486,-0.003563,0.021426,0.092389,0.189920,0.340122,1.704455
1982-05-18,0.000000,Training,-0.305864,-0.060288,-0.031459,-0.029161,-0.017277,-0.011827,0.011035,0.075709,0.164073,0.304828,1.617791
1982-05-19,0.000000,Training,-0.323648,-0.066160,-0.039376,-0.030740,-0.025447,-0.019335,0.000500,0.058484,0.138045,0.270107,1.530662
1982-05-20,0.000000,Training,-0.340545,-0.071016,-0.046469,-0.029521,-0.031076,-0.024420,-0.008256,0.042820,0.112389,0.238181,1.451780
1982-05-21,0.000000,Training,-0.333995,-0.068260,-0.043692,-0.029795,-0.029981,-0.023825,-0.006857,0.045405,0.117182,0.244345,1.468510
1982-05-22,0.000000,Training,-0.349376,-0.073117,-0.050164,-0.026689,-0.033024,-0.025622,-0.012394,0.034799,0.098757,0.223303,1.417089
1982-05-23,0.000000,Training,-0.338556,-0.071489,-0.048603,-0.029584,-0.031454,-0.022247,-0.007108,0.048447,0.128456,0.259740,1.509986
1982-05-24,0.000000,Training,-0.337719,-0.069181,-0.046136,-0.028323,-0.030766,-0.023268,-0.007700,0.044338,0.118024,0.247049,1.477129
1982-05-25,0.000000,Training,-0.307455,-0.055604,-0.033109,-0.027161,-0.019411,-0.017367,0.004888,0.061326,0.140395,0.280454,1.560677
1982-05-26,0.000000,Training,-0.310248,-0.054300,-0.032047,-0.024833,-0.022480,-0.018450,0.000304,0.053166,0.129900,0.266464,1.530584
1982-05-27,0.000000,Training,-0.304012,-0.053397,-0.029354,-0.024460,-0.019267,-0.014636,0.005153,0.061484,0.144166,0.283740,1.568168
1982-05-28,0.000000,Training,-0.290851,-0.043353,-0.029530,-0.017061,-0.015206,-0.007443,0.008746,0.067706,0.168338,0.327764,1.698821
1982-05-29,0.000000,Training,-0.286440,-0.046805,-0.018455,-0.024393,-0.010386,-0.010937,0.014389,0.070943,0.151749,0.291294,1.579379
1982-05-30,0.000000,Training,-0.278397,-0.041106,-0.015521,-0.021421,-0.003544,-0.007218,0.020908,0.076553,0.157060,0.302377,1.603388
1982-05-31,0.000000,Training,-0.295214,-0.046393,-0.017610,-0.023753,-0.014293,-0.017719,0.007037,0.053580,0.117955,0.249089,1.478199
1982-06-01,0.000000,Training,-0.309146,-0.050851,-0.022822,-0.024783,-0.019953,-0.023708,-0.000423,0.039550,0.094080,0.218571,1.404005
1982-06-02,0.000000,Training,-0.306068,-0.049435,-0.022947,-0.025375,-0.019486,-0.024445,-0.000667,0.039530,0.095044,0.221921,1.416443
1982-06-03,0.000000,Training,-0.295169,-0.043877,-0.016759,-0.023214,-0.016409,-0.021965,0.001904,0.042742,0.099333,0.227754,1.433320
1982-06-04,0.000000,Training,-0.291614,-0.043037,-0.014951,-0.023027,-0.014719,-0.020390,0.004146,0.046474,0.104801,0.233889,1.446169
1982-06-05,0.000000,Training,-0.296678,-0.044729,-0.017278,-0.023548,-0.017298,-0.022651,0.001111,0.041668,0.097481,0.224218,1.423746
1982-06-06,0.000000,Training,-0.313161,-0.051148,-0.025286,-0.025040,-0.023891,-0.028057,-0.006690,0.029651,0.079436,0.200981,1.368480
1982-06-07,0.000000,Training,-0.325707,-0.056025,-0.031084,-0.025284,-0.028208,-0.031348,-0.012286,0.020803,0.065568,0.183591,1.326921
1982-06-08,0.000000,Training,-0.332884,-0.058673,-0.034333,-0.024997,-0.030366,-0.033176,-0.015622,0.015208,0.056205,0.172666,1.301925
1982-06-09,0.000000,Training,-0.338495,-0.060941,-0.036958,-0.024585,-0.031693,-0.033993,-0.017655,0.011894,0.050635,0.166537,1.288600
1982-06-10,0.000000,Training,-0.331219,-0.058251,-0.033859,-0.025636,-0.030303,-0.033516,-0.015704,0.015475,0.057499,0.175235,1.312179
1982-06-11,0.000000,Training,-0.314014,-0.051544,-0.026593,-0.026052,-0.025187,-0.030144,-0.009176,0.026329,0.075492,0.198536,1.370770
1982-06-12,0.000000,Training,-0.304171,-0.046292,-0.020955,-0.024443,-0.022592,-0.028675,-0.007101,0.028323,0.077504,0.201482,1.378783
1982-06-13,0.000000,Training,-0.315897,-0.051958,-0.026430,-0.025811,-0.026605,-0.031489,-0.011234,0.022577,0.068906,0.189129,1.345659
1982-06-14,0.000000,Training,-0.336827,-0.059675,-0.035582,-0.024645,-0.032374,-0.035562,-0.019278,0.008640,0.045406,0.160285,1.275381
1982-06-15,0.000000,Training,-0.352982,-0.065090,-0.042141,-0.020731,-0.034716,-0.036424,-0.024220,-0.001522,0.025612,0.138565,1.225613
1982-06-16,0.000000,Training,-0.330383,-0.057515,-0.033673,-0.026141,-0.031386,-0.035596,-0.018155,0.010886,0.052384,0.171231,1.313089
1982-06-17,0.000000,Training,-0.311780,-0.049346,-0.025806,-0.025687,-0.026356,-0.032536,-0.012612,0.019401,0.067224,0.191764,1.368281
1982-06-18,0.000000,Training,-0.308905,-0.048832,-0.023007,-0.025696,-0.025094,-0.031245,-0.010331,0.023069,0.070939,0.193181,1.363591
1982-06-19,0.000000,Training,-0.319962,-0.053087,-0.028028,-0.025918,-0.028940,-0.033915,-0.014751,0.015956,0.059930,0.178561,1.327712
1982-06-20,0.000000,Training,-0.308202,-0.048172,-0.022767,-0.025567,-0.025467,-0.031695,-0.010815,0.022071,0.069872,0.191750,1.362275
1982-06-21,0.000000,Training,-0.324030,-0.054668,-0.029974,-0.026149,-0.030585,-0.035449,-0.017018,0.012254,0.054378,0.171742,1.313282
1982-06-22,0.000000,Training,-0.311602,-0.049832,-0.024561,-0.026176,-0.026868,-0.032890,-0.012409,0.019814,0.066983,0.188054,1.355236
1982-06-23,0.000000,Training,-0.305283,-0.047374,-0.021763,-0.025818,-0.024741,-0.031141,-0.009890,0.023966,0.073830,0.196857,1.378049
1982-06-24,0.000000,Training,-0.304579,-0.047220,-0.021618,-0.025798,-0.024564,-0.030653,-0.009344,0.025139,0.076142,0.199408,1.384696
1982-06-25,0.000000,Training,-0.298699,-0.044883,-0.019930,-0.025673,-0.021869,-0.028599,-0.005940,0.030630,0.085445,0.211986,1.416489
1982-06-26,0.000000,Training,-0.296877,-0.044428,-0.018413,-0.025371,-0.021385,-0.027749,-0.005195,0.032121,0.087680,0.213899,1.420505
1982-06-27,0.000000,Training,-0.314960,-0.051883,-0.026605,-0.026881,-0.028119,-0.033003,-0.012688,0.020470,0.069556,0.189997,1.362329
1982-06-28,0.000000,Training,-0.342717,-0.062368,-0.038519,-0.025193,-0.035158,-0.037420,-0.022363,0.003573,0.040427,0.153885,1.274384
1982-06-29,0.000000,Training,-0.349569,-0.064939,-0.041454,-0.024296,-0.036232,-0.038078,-0.024424,-0.000503,0.033009,0.145970,1.258846
1982-06-30,0.000000,Training,-0.353371,-0.067064,-0.043421,-0.024411,-0.036581,-0.038009,-0.024873,-0.001173,0.032393,0.146218,1.263430
1982-07-01,0.000000,Training,-0.349800,-0.066235,-0.042351,-0.025851,-0.036111,-0.037711,-0.023490,0.001929,0.039436,0.154758,1.286962
1982-07-02,0.000000,Training,-0.333166,-0.060383,-0.035603,-0.028491,-0.032892,-0.036138,-0.018063,0.012400,0.059110,0.178343,1.345403
1982-07-03,0.000000,Training,-0.288930,-0.042308,-0.015337,-0.025486,-0.016814,-0.023701,0.000691,0.041880,0.105202,0.237114,1.484006
1982-07-04,0.000000,Training,-0.294130,-0.056829,-0.031074,0.003236,0.016691,0.014231,0.046754,0.077813,0.147292,0.362665,1.780019
1982-07-05,0.000000,Training,-0.379138,-0.102321,-0.063481,-0.032624,-0.009033,0.002874,0.024133,0.073079,0.182986,0.375035,1.972310
1982-07-06,0.000000,Training,-0.373980,-0.098298,-0.054873,-0.028769,-0.014879,-0.001529,0.019157,0.064473,0.154946,0.328986,1.786353
1982-07-07,0.000000,Training,-0.375117,-0.097071,-0.062281,-0.034573,-0.028056,-0.018813,-0.001128,0.041287,0.120946,0.279402,1.653350
1982-07-08,0.000000,Training,-0.350044,-0.077606,-0.047042,-0.030536,-0.025904,-0.022606,-0.002361,0.039187,0.110360,0.256041,1.573503
1982-07-09,0.000000,Training,-0.346475,-0.071247,-0.043904,-0.028693,-0.027755,-0.026441,-0.005815,0.033401,0.097236,0.233607,1.507097
1982-07-10,0.000000,Training,-0.366361,-0.075741,-0.051023,-0.024648,-0.033402,-0.030758,-0.015015,0.016225,0.064054,0.188908,1.391012
1982-07-11,0.000000,Training,-0.345423,-0.066619,-0.042184,-0.027890,-0.031006,-0.031555,-0.011242,0.024229,0.080026,0.207126,1.437607
1982-07-12,0.000000,Training,-0.316112,-0.054060,-0.028960,-0.027424,-0.022924,-0.026819,-0.001993,0.039589,0.104185,0.238000,1.511837
1982-07-13,0.000000,Training,-0.302914,-0.047092,-0.022409,-0.026032,-0.019730,-0.025023,0.000997,0.043794,0.109409,0.243032,1.518884
1982-07-14,0.000000,Training,-0.307579,-0.049002,-0.024481,-0.027115,-0.022755,-0.027576,-0.002148,0.039148,0.102379,0.232080,1.490268
1982-07-15,0.000000,Training,-0.314363,-0.052090,-0.027827,-0.028377,-0.026147,-0.030117,-0.005682,0.034035,0.095462,0.221877,1.465952
1982-07-16,0.000000,Training,-0.309172,-0.050434,-0.025955,-0.028877,-0.025006,-0.029265,-0.004201,0.037050,0.100998,0.228599,1.482556
1982-07-17,0.000000,Training,-0.307638,-0.050081,-0.025340,-0.029429,-0.025006,-0.029464,-0.004229,0.037208,0.101566,0.228970,1.483560
1982-07-18,0.000000,Training,-0.309021,-0.050907,-0.026005,-0.030165,-0.025930,-0.030333,-0.005180,0.035775,0.099741,0.226207,1.477125
1982-07-19,0.000000,Training,-0.297949,-0.046284,-0.021045,-0.029375,-0.021968,-0.027404,-0.000985,0.042106,0.109726,0.239398,1.508915
1982-07-20,0.000000,Training,-0.300956,-0.047651,-0.022699,-0.030269,-0.023967,-0.029157,-0.003304,0.038644,0.105427,0.233992,1.498028
1982-07-21,0.000000,Training,-0.314902,-0.053620,-0.030467,-0.032292,-0.031001,-0.034292,-0.011299,0.026941,0.091638,0.217167,1.464334
1982-07-22,0.000000,Training,-0.322613,-0.051855,-0.037854,-0.029304,-0.037250,-0.038018,-0.020368,0.010952,0.077563,0.208271,1.472324
1982-07-23,0.000000,Training,-0.328602,-0.059967,-0.030863,-0.031816,-0.030246,-0.033976,-0.010442,0.023784,0.078794,0.195972,1.397609
1982-07-24,0.000000,Training,-0.336136,-0.064365,-0.034235,-0.032629,-0.031473,-0.033884,-0.011006,0.023616,0.079203,0.195312,1.396301
1982-07-25,0.000000,Training,-0.349420,-0.069751,-0.039668,-0.031582,-0.033649,-0.034358,-0.013906,0.017887,0.069636,0.183441,1.371242
1982-07-26,0.000000,Training,-0.354871,-0.072834,-0.041804,-0.031739,-0.033892,-0.033938,-0.013838,0.017850,0.069546,0.183220,1.372639
1982-07-27,0.000000,Training,-0.344209,-0.069072,-0.037667,-0.033663,-0.031899,-0.033095,-0.010245,0.024812,0.083011,0.200034,1.415574
1982-07-28,0.000000,Training,-0.314158,-0.056736,-0.024329,-0.032830,-0.022700,-0.027136,0.001004,0.043333,0.111682,0.237780,1.503717
1982-07-29,0.000000,Training,-0.336888,-0.072785,-0.055745,-0.047271,-0.034452,-0.041936,-0.009564,0.029415,0.096445,0.240614,1.533578
1982-07-30,0.000000,Training,-0.317743,-0.059332,-0.025363,-0.032901,-0.018490,-0.022147,0.006800,0.051483,0.126509,0.261337,1.574919
1982-07-31,0.000000,Training,-0.314578,-0.058803,-0.023414,-0.032332,-0.016830,-0.020815,0.009647,0.054600,0.130220,0.265294,1.578973
1982-08-01,0.000000,Training,-0.324646,-0.063358,-0.034308,-0.037289,-0.021879,-0.027337,0.004162,0.048247,0.125152,0.262178,1.578073
1982-08-02,0.000000,Training,-0.313626,-0.058034,-0.023408,-0.032853,-0.017998,-0.021784,0.008723,0.054753,0.131797,0.265146,1.577523
1982-08-03,0.000000,Training,-0.332861,-0.066208,-0.031395,-0.034549,-0.024737,-0.026358,0.002167,0.043962,0.115405,0.240602,1.518010
1982-08-04,0.000000,Training,-0.351654,-0.074165,-0.039177,-0.034617,-0.029255,-0.028594,-0.003070,0.034650,0.100989,0.220555,1.472617
1982-08-05,0.000000,Training,-0.348882,-0.072715,-0.037822,-0.034784,-0.028575,-0.028241,-0.001842,0.036628,0.104399,0.224492,1.484107
1982-08-06,0.000000,Training,-0.345892,-0.071379,-0.036302,-0.034974,-0.027699,-0.027746,-0.000454,0.038725,0.107998,0.229024,1.496802
1982-08-07,0.000000,Training,-0.350010,-0.073098,-0.037616,-0.034632,-0.027976,-0.027246,-0.000371,0.038207,0.107206,0.227307,1.494201
1982-08-08,0.000000,Training,-0.344655,-0.070938,-0.035380,-0.035009,-0.026653,-0.026185,0.002047,0.042505,0.114996,0.236873,1.518056
1982-08-09,0.000000,Training,-0.348949,-0.073079,-0.036964,-0.035028,-0.026885,-0.025620,0.002387,0.042600,0.115578,0.237053,1.520372
1982-08-10,0.000000,Training,-0.349973,-0.073726,-0.037176,-0.035229,-0.026609,-0.025064,0.003328,0.043803,0.117934,0.239623,1.527986
1982-08-11,0.000000,Training,-0.338806,-0.069117,-0.032537,-0.035759,-0.024058,-0.023703,0.007075,0.050516,0.129293,0.254480,1.563430
1982-08-12,0.000000,Training,-0.328857,-0.064904,-0.028127,-0.035428,-0.020891,-0.021624,0.011220,0.057227,0.139582,0.268221,1.594849
1982-08-13,0.000000,Training,-0.332897,-0.066822,-0.029400,-0.035842,-0.021580,-0.021670,0.011154,0.056623,0.138978,0.266273,1.590249
1982-08-14,0.000000,Training,-0.325503,-0.063319,-0.025769,-0.035241,-0.019019,-0.020147,0.014231,0.060885,0.145145,0.274961,1.610793
1982-08-15,0.000000,Training,-0.318577,-0.059464,-0.022505,-0.034147,-0.016739,-0.018833,0.016464,0.063374,0.149055,0.281756,1.628994
1982-08-16,0.000000,Training,-0.333901,-0.061948,-0.029448,-0.032321,-0.022631,-0.022684,0.008288,0.045915,0.126548,0.257104,1.592241
1982-08-17,0.000000,Training,-0.345529,-0.073652,-0.032852,-0.038560,-0.022949,-0.022886,0.010998,0.052653,0.134295,0.258919,1.584166
1982-08-18,0.000000,Training,-0.364550,-0.082774,-0.040120,-0.037899,-0.024280,-0.022166,0.009891,0.047902,0.126734,0.249773,1.572594
1982-08-19,0.000000,Training,-0.381046,-0.090109,-0.046250,-0.035143,-0.023433,-0.019952,0.010767,0.044084,0.119539,0.244694,1.578402
1982-08-20,0.000000,Training,-0.371232,-0.087244,-0.046040,-0.041801,-0.024215,-0.022287,0.012359,0.051509,0.139198,0.269263,1.639767
1982-08-21,0.000000,Training,-0.339307,-0.073047,-0.031251,-0.040430,-0.018274,-0.018489,0.019434,0.065674,0.161138,0.298454,1.701783
1982-08-22,0.000000,Training,-0.329921,-0.068423,-0.026799,-0.039552,-0.016019,-0.017061,0.022245,0.070253,0.167009,0.305090,1.710470
1982-08-23,0.000000,Training,-0.340151,-0.072765,-0.036398,-0.043812,-0.018778,-0.020853,0.020607,0.067639,0.167328,0.308691,1.729401
1982-08-24,0.000000,Training,-0.326237,-0.066868,-0.025396,-0.039844,-0.013820,-0.015176,0.025902,0.075582,0.176746,0.318947,1.748517
1982-08-25,0.000000,Training,-0.338553,-0.073306,-0.030752,-0.041902,-0.016972,-0.016673,0.024002,0.071979,0.173530,0.312692,1.738333
1982-08-26,0.000000,Training,-0.384132,-0.107788,-0.083137,-0.069816,-0.040713,-0.041415,0.006183,0.047420,0.153642,0.319333,1.813243
1982-08-27,0.000000,Training,-0.343415,-0.079757,-0.035641,-0.043696,-0.010046,-0.007529,0.035629,0.090151,0.213021,0.377574,1.942094
1982-08-28,0.000000,Training,-0.327466,-0.072983,-0.028266,-0.040980,-0.003440,-0.002605,0.043702,0.101226,0.227214,0.397411,1.977358
1982-08-29,0.000000,Training,-0.345278,-0.082776,-0.040006,-0.047779,-0.013195,-0.011267,0.033993,0.089331,0.215356,0.379759,1.943237
1982-08-30,0.000000,Training,-0.352533,-0.084343,-0.040379,-0.047155,-0.016124,-0.012618,0.031545,0.084146,0.205771,0.360626,1.891459
1982-08-31,0.000000,Training,-0.347339,-0.080849,-0.038315,-0.046886,-0.015873,-0.013166,0.031956,0.085122,0.206703,0.360574,1.888079
1982-09-01,0.000000,Training,-0.355132,-0.084429,-0.041980,-0.048238,-0.018088,-0.014481,0.030364,0.082065,0.203828,0.355048,1.879840
1982-09-02,0.000000,Training,-0.342270,-0.077971,-0.037334,-0.047496,-0.015916,-0.013651,0.032664,0.086896,0.211155,0.366177,1.904233
1982-09-03,0.000000,Training,-0.345674,-0.080033,-0.039796,-0.048664,-0.016942,-0.013681,0.032826,0.087709,0.215033,0.370377,1.918320
1982-09-04,0.000000,Training,-0.343742,-0.079539,-0.039947,-0.049329,-0.016830,-0.013413,0.033743,0.089879,0.220045,0.377054,1.936175
1982-09-05,0.000000,Training,-0.347339,-0.081956,-0.042592,-0.050791,-0.017894,-0.013652,0.033776,0.090488,0.223763,0.381418,1.951525
1982-09-06,0.000000,Training,-0.363964,-0.090710,-0.050046,-0.052876,-0.020218,-0.014076,0.032879,0.087331,0.222672,0.378457,1.957540
1982-09-07,0.000000,Training,-0.356972,-0.087396,-0.048517,-0.053590,-0.020293,-0.014835,0.032817,0.088602,0.226522,0.385440,1.976946
1982-09-08,0.000000,Training,-0.344387,-0.082476,-0.043970,-0.053678,-0.018009,-0.014094,0.035284,0.094439,0.234620,0.397434,2.000151
1982-09-09,0.000000,Training,-0.337743,-0.079548,-0.044497,-0.054527,-0.016513,-0.013751,0.037373,0.099044,0.244245,0.414007,2.044694
1982-09-10,0.000000,Training,-0.338310,-0.079472,-0.049293,-0.056404,-0.017481,-0.015177,0.036664,0.098617,0.249354,0.427066,2.092690
1982-09-11,0.000000,Training,-0.342874,-0.084481,-0.046817,-0.056363,-0.017436,-0.012549,0.038550,0.102100,0.253846,0.425451,2.079967
1982-09-12,0.000000,Training,-0.353300,-0.090766,-0.054094,-0.058966,-0.020579,-0.013119,0.037642,0.102103,0.261929,0.436192,2.117411
1982-09-13,0.000000,Training,-0.356181,-0.090427,-0.061022,-0.059083,-0.023942,-0.014215,0.034038,0.097315,0.269387,0.458068,2.202160
1982-09-14,0.000000,Training,-0.344400,-0.087284,-0.048058,-0.059872,-0.018606,-0.015018,0.038248,0.101278,0.253751,0.422936,2.080004
1982-09-15,0.000000,Training,-0.389807,-0.146718,-0.107296,-0.085650,-0.023956,-0.017705,0.058987,0.110505,0.283591,0.565170,2.652714
1982-09-16,0.000000,Training,-0.521541,-0.234157,-0.191676,-0.109250,-0.007559,0.043309,0.133026,0.235805,0.626153,1.090834,4.913121
1982-09-17,0.000000,Training,-0.536585,-0.202037,-0.163228,-0.056120,0.073843,0.141717,0.247170,0.425012,0.997133,1.556264,6.361814
1982-09-18,0.000000,Training,-0.503124,-0.117825,-0.031839,0.152044,0.402895,0.500120,0.702733,1.050020,2.086448,3.090398,12.142716
1982-09-19,0.000000,Training,-0.458216,0.055723,0.155785,0.495948,0.965037,1.136524,1.487552,2.367490,4.818087,6.861650,25.554100
1982-09-20,0.000000,Training,-0.459399,0.032662,0.122797,0.408873,0.720054,0.884242,1.125188,1.758343,3.641678,5.145707,17.149910
1982-09-21,0.000000,Training,-0.434488,-0.084937,0.016315,0.142000,0.293558,0.405051,0.540953,0.856783,1.818469,2.605012,8.652291
1982-09-22,0.000000,Training,-0.419425,-0.115564,-0.043809,0.024647,0.133478,0.204155,0.318972,0.522980,1.154794,1.717427,5.864342
1982-09-23,0.000000,Training,-0.379653,-0.099987,-0.047048,-0.002103,0.086169,0.135987,0.244559,0.411027,0.888838,1.323588,4.607925
1982-09-24,0.000000,Training,-0.355954,-0.089136,-0.054039,-0.016822,0.062271,0.100113,0.206127,0.357529,0.761865,1.132851,4.024158
1982-09-25,0.000000,Training,-0.454957,-0.205777,-0.193077,-0.103349,0.009221,0.058743,0.183372,0.390895,1.042117,1.793786,6.802785
1982-09-26,0.000000,Training,-0.464687,-0.180815,-0.118226,-0.005928,0.128035,0.211123,0.335065,0.604230,1.439030,2.170255,7.647519
1982-09-27,0.000000,Training,-0.408552,-0.139219,-0.083994,-0.014842,0.086876,0.151501,0.261779,0.467183,1.062477,1.611186,5.640280
1982-09-28,0.000000,Training,-0.404345,-0.150614,-0.102515,-0.048098,0.038863,0.092467,0.190713,0.368046,0.861220,1.321228,4.730551
1982-09-29,0.000000,Training,-0.396723,-0.143368,-0.119421,-0.066186,0.013027,0.053789,0.151876,0.314944,0.747141,1.150460,4.183553
1982-09-30,0.000000,Training,-0.378392,-0.133605,-0.103501,-0.063588,0.007823,0.047724,0.139368,0.294292,0.682502,1.034690,3.784525
1982-10-01,,,-0.520250,-0.115771,0.032570,0.345806,0.743595,0.956435,1.222650,2.169473,5.138226,7.820205,23.711405
1982-10-02,,,-0.532017,-0.132572,0.024020,0.347946,0.764487,0.978859,1.255090,2.245995,5.368892,8.255064,24.933664
1983-10-17,0.161056,Training,,,,,,,,,,,
1983-10-18,0.161056,Training,,,,,,,,,,,
1983-10-19,0.161056,Training,-0.309350,-0.088219,-0.053125,-0.067907,-0.013219,0.003684,0.068705,0.173396,0.386535,0.579085,2.426136
1983-10-20,0.161056,Training,-0.312406,-0.090225,-0.054913,-0.069149,-0.015075,0.002864,0.067913,0.173209,0.387193,0.578268,2.422165
1983-10-21,0.161056,Training,-0.312698,-0.090455,-0.055213,-0.069772,-0.016188,0.001957,0.066940,0.172157,0.385364,0.575201,2.411717
1983-10-22,0.161056,Training,-0.321116,-0.094318,-0.059093,-0.072225,-0.020690,-0.001069,0.063510,0.167614,0.380956,0.565989,2.388698
1983-10-23,0.161056,Training,-0.293600,-0.082223,-0.048408,-0.063723,-0.004253,0.013031,0.079625,0.190740,0.411252,0.613238,2.493980
1983-10-24,0.161056,Training,-0.296338,-0.092750,-0.076675,-0.073515,-0.002048,0.014342,0.088000,0.208216,0.451371,0.700172,2.743694
1983-10-25,0.161056,Training,-0.362485,-0.167740,-0.138202,-0.106763,-0.002441,0.036869,0.128800,0.282000,0.700687,1.188283,4.635294
1983-10-26,0.161056,Training,-0.433483,-0.189798,-0.120213,-0.069914,0.048224,0.120141,0.214778,0.411499,0.985727,1.471402,5.512894
1983-10-27,0.161056,Training,-0.489335,-0.260777,-0.233757,-0.160441,-0.006434,0.094310,0.212215,0.532303,1.472901,2.359402,9.092141
1983-10-28,0.161056,Training,-0.462039,0.093222,0.250640,0.950169,1.998011,2.491373,3.709139,6.206563,15.621960,22.739628,76.942825
1983-10-29,355.772014,Training,-0.449837,0.056814,0.633023,1.864785,5.039197,6.040209,8.808395,20.255821,57.666721,90.009903,262.272980
1983-10-30,49.444096,Training,-0.464578,0.093558,0.602018,1.858567,4.407780,5.501466,7.960387,16.922274,44.756191,68.886505,199.461853
1983-10-31,9.180174,Training,-0.394522,0.028098,0.279249,0.729967,1.291918,1.753380,2.244793,3.890631,8.980154,12.375262,35.248180
1983-11-01,3.865337,Training,-0.402298,-0.088161,0.057150,0.253899,0.498764,0.745666,0.983706,1.654342,3.698249,5.157502,14.733556
1983-11-02,1.932668,Training,-0.576363,-0.342096,-0.246908,-0.072433,0.193974,0.386731,0.679401,1.408843,3.797430,5.962030,18.605043
1983-11-03,13.045511,Training,-0.672798,-0.435311,-0.316076,-0.063561,0.351329,0.591751,1.034370,2.251636,6.487416,10.283635,33.235023
1983-11-04,14.495012,Training,-0.704874,-0.430582,-0.161533,0.378235,1.695464,2.192471,3.644720,8.497860,26.336788,42.618870,129.359467
1983-11-05,45.095593,Training,-0.581842,-0.164813,0.407956,1.808353,5.600128,6.753248,10.966467,26.052597,74.284538,118.202873,308.227448
1983-11-06,47.994595,Training,-0.550574,-0.046911,0.420926,1.746629,4.385501,5.449059,8.353153,17.424578,46.365906,70.541382,197.531998
1983-11-07,11.434954,Training,-0.603943,-0.218304,0.123284,0.978788,2.564433,3.269039,4.986119,10.172136,27.496876,42.870632,121.213188
1983-11-08,5.314838,Training,-0.262027,0.753271,1.837155,6.542881,15.558162,19.638594,31.389290,63.115166,128.159943,217.091324,373.704132
1983-11-09,85.359514,Training,6.277536,13.685820,19.726669,53.277103,83.333374,105.630013,147.700455,221.974396,364.997650,511.296448,1033.596802
1983-11-10,184.891930,Training,12.352694,21.468134,26.450466,56.200672,82.933220,98.501900,120.866142,157.825043,246.542313,303.395813,650.466553
1983-11-11,35.915418,Training,6.421288,11.592795,16.028870,36.267387,58.206409,70.049026,91.189774,130.919708,217.699524,278.095245,640.358337
1983-11-12,109.356812,Training,1.780614,4.200965,6.688573,16.534018,29.159569,35.817684,47.788788,77.000374,140.009933,185.787903,468.157349
1983-11-13,44.773481,Training,5.002499,11.861837,16.990936,48.616142,77.160225,97.089188,140.536697,214.479187,362.304962,500.565796,1074.373413
1983-11-14,75.857229,Training,18.063629,27.910202,34.870029,76.569977,112.209602,132.072311,173.658295,224.720200,359.553223,442.610168,882.724304
1983-11-15,306.811085,Training,17.532652,26.972765,33.577930,73.026436,105.966400,125.079536,163.920975,210.030914,336.551605,413.581665,821.753235
1983-11-16,143.178506,Training,8.339182,14.900384,18.736355,41.076347,60.756977,73.941956,91.164597,122.213402,195.300186,240.206100,537.513245
1983-11-17,193.105770,Training,2.617670,5.196950,7.530175,15.983476,23.387196,30.950045,36.889637,51.154819,82.892227,98.413673,240.070618
1983-11-18,38.492309,Training,0.344482,1.551505,2.623969,6.568295,10.662038,13.948071,18.407778,27.032686,49.816231,64.563042,160.490372
1983-11-19,22.386741,Training,1.871155,3.777213,6.661889,16.882936,30.649292,37.760059,55.909889,89.450600,157.697083,210.468872,502.699158
1983-11-20,16.427680,Training,12.247597,22.737844,30.117506,72.247871,104.151169,127.420952,172.790131,232.407532,394.917816,496.065338,1070.903320
1983-11-21,679.171835,Training,16.089573,24.296200,30.189417,59.013268,86.334076,101.281204,130.319778,164.980728,269.434052,318.616425,670.922852
1983-11-22,138.668947,Training,9.530084,14.867333,19.332479,34.284988,47.892250,57.701199,69.058060,85.337555,135.433472,155.778214,346.014954
1983-11-23,56.047379,Training,5.399657,8.092270,10.964535,18.473646,25.171724,31.229942,36.408360,43.937294,68.137497,79.069481,179.710632
1983-11-24,41.391312,Training,2.962967,4.797444,6.594090,11.147842,15.500560,18.854179,22.789803,27.036304,43.183266,50.976212,119.480751
1983-11-25,34.143806,Training,1.479729,2.622687,3.895862,6.724315,9.575049,11.750521,14.226681,17.249083,27.497747,32.497932,75.401306
1983-11-26,30.439525,Training,0.775934,1.617712,2.563657,4.659974,6.800716,8.349673,10.218338,12.673903,20.331263,24.234514,55.050961
1983-11-27,27.862634,Training,0.191036,0.797494,1.487698,3.041814,4.650856,5.811180,7.201299,9.364524,15.369565,18.823538,42.046284
1983-11-28,25.607854,Training,-0.422402,-0.119642,0.218483,0.966445,1.702069,2.261968,2.951212,4.375050,7.870121,10.262397,22.220863
1983-11-29,24.802576,Training,-0.487776,-0.227919,0.042858,0.645090,1.206383,1.645069,2.191674,3.374129,6.208603,8.187160,17.775419
1983-11-30,23.997297,Training,-0.530876,-0.300485,-0.056194,0.462141,0.924358,1.306300,1.753195,2.809207,5.361211,7.147135,15.794569
1983-12-01,23.353075,Training,-0.547628,-0.330728,-0.114802,0.349405,0.745171,1.079925,1.471306,2.422261,4.672282,6.269415,13.967456
1983-12-02,22.547796,Training,-0.539606,-0.337025,-0.203073,0.111313,0.358559,0.591178,0.860780,1.517306,2.929666,3.954943,9.254773
1983-12-03,21.903574,Training,-0.521182,-0.319152,-0.215394,0.054930,0.254208,0.457131,0.683523,1.250205,2.376145,3.196516,7.638851
1983-12-04,21.259351,Training,-0.510654,-0.315377,-0.224194,0.005385,0.174549,0.355980,0.544677,1.041344,2.031265,2.747464,6.815077
1983-12-05,20.615128,Training,-0.491013,-0.296820,-0.221106,-0.021151,0.124897,0.287928,0.452225,0.895235,1.743482,2.349519,5.996495
1983-12-06,19.970905,Training,-0.501795,-0.305644,-0.227862,-0.015310,0.133350,0.302684,0.469910,0.931104,1.812616,2.443515,6.175414
1983-12-07,18.682460,Training,-0.482822,-0.286536,-0.223176,-0.035619,0.095127,0.249462,0.396993,0.813128,1.581497,2.109154,5.501254
1983-12-08,18.038237,Training,-0.472783,-0.278952,-0.222091,-0.052224,0.070719,0.217866,0.351834,0.741968,1.452618,1.924093,5.148308
1983-12-09,18.038237,Training,-0.445924,-0.251914,-0.209572,-0.065327,0.051729,0.181700,0.301011,0.649902,1.268528,1.681908,4.679213
1983-12-10,17.555070,Training,-0.429304,-0.235045,-0.194387,-0.067399,0.041367,0.158074,0.265432,0.586662,1.164626,1.571795,4.485394
1983-12-11,16.910847,Training,-0.431867,-0.246831,-0.189498,-0.072466,0.043712,0.172203,0.275434,0.604595,1.197368,1.590252,4.532084
1983-12-12,16.427680,Training,-0.449963,-0.261127,-0.202304,-0.065255,0.050769,0.184975,0.296426,0.652365,1.310902,1.754283,4.876728
1983-12-13,15.783457,Training,-0.429616,-0.254768,-0.192115,-0.083404,0.041667,0.172616,0.274911,0.603224,1.193739,1.594262,4.557460
1983-12-14,15.783457,Training,-0.596122,-0.388905,-0.335402,-0.105926,0.141923,0.392947,0.614281,1.278625,3.166738,4.540152,12.774025
1983-12-15,16.427680,Training,-0.725074,-0.333017,-0.073235,1.053452,3.733545,5.367596,8.293128,18.596663,51.790539,67.638382,168.361465
1983-12-16,22.708852,Training,-0.633361,-0.139273,0.221917,1.570183,3.971994,5.596820,7.881272,15.295727,37.531895,50.432461,122.724655
1983-12-17,57.657936,Training,-0.636272,-0.176770,0.143562,1.381676,3.417210,4.859864,6.730878,13.032087,30.905579,42.883072,99.539047
1983-12-18,47.028261,Training,-0.662247,-0.291025,0.096546,1.080745,2.781780,3.734683,5.417473,10.538550,25.474627,38.305538,92.439728
1983-12-19,50.410430,Training,-0.617766,-0.229525,0.161482,1.189473,2.608056,3.567795,5.059756,9.034543,20.136913,29.368860,67.933723
1983-12-20,71.508725,Training,-0.339897,0.385503,1.422466,4.902606,13.139441,15.934147,26.693810,54.449806,116.293167,166.171921,379.460205
1983-12-21,110.001035,Training,0.465576,2.251452,3.499859,10.141700,18.168722,23.885500,31.782207,50.952618,91.484970,114.149857,255.488647
1983-12-22,157.029296,Training,-0.179151,0.544165,1.411904,3.782534,6.547588,9.029243,11.794533,18.608702,34.793682,45.583549,103.176239
1983-12-23,56.530546,Training,-0.341025,0.158005,0.704380,2.002325,3.378272,4.625878,5.988719,9.145776,16.573503,21.921555,47.403145
1983-12-24,41.230256,Training,-0.376791,0.010394,0.448602,1.412552,2.404712,3.224931,4.228328,6.371032,11.272735,15.081170,31.945679
1983-12-25,35.110140,Training,-0.395214,-0.051238,0.313996,1.134050,1.934383,2.597080,3.399584,5.139522,8.869925,11.703787,24.360928
1983-12-26,31.405859,Training,-0.417762,-0.102909,0.218959,0.954008,1.641432,2.218821,2.901292,4.427303,7.584929,9.934805,20.579126
1983-12-27,27.862634,Training,-0.444731,-0.161087,0.137718,0.797469,1.412595,1.923665,2.519068,3.894553,6.783734,8.924550,18.625238
1983-12-28,25.607854,Training,-0.468184,-0.197651,0.061766,0.662457,1.185656,1.641234,2.158477,3.406765,5.886286,7.697581,16.054623
1983-12-29,23.997297,Training,-0.491593,-0.234537,-0.007631,0.535228,0.983197,1.389592,1.837630,2.971597,5.153460,6.715505,14.134732
1983-12-30,22.547796,Training,-0.508057,-0.256911,-0.048674,0.468060,0.884929,1.261459,1.681589,2.759301,4.827130,6.315363,13.491615
1983-12-31,21.903574,Training,-0.520183,-0.282384,-0.073549,0.414804,0.805533,1.168207,1.555089,2.592607,4.612823,6.093788,13.093976
1984-01-01,21.259351,Validation,-0.520340,-0.275524,-0.072145,0.419754,0.810135,1.180324,1.557758,2.595469,4.564287,5.932878,12.848261
1984-01-02,20.615128,Validation,-0.535276,-0.310250,-0.133220,0.276201,0.617199,0.944568,1.250440,2.143439,3.814962,4.980186,11.051756
1984-01-03,20.615128,Validation,-0.545331,-0.335807,-0.192601,0.144832,0.414504,0.688022,0.933307,1.683874,3.079320,4.049821,9.230876
1984-01-04,20.615128,Validation,-0.546279,-0.339960,-0.206867,0.110430,0.353861,0.609068,0.835841,1.541741,2.863126,3.777445,8.697776
1984-01-05,,,-0.694070,-0.367090,0.009361,0.712355,1.855636,2.467344,3.350139,6.643184,15.924741,24.976316,66.610916
1984-01-06,,,-0.690216,-0.369100,-0.024034,0.591763,1.570651,2.097393,2.824169,5.626345,13.723458,21.480761,58.117241
1984-02-17,0.966334,Validation,,,,,,,,,,,
1984-02-18,0.644223,Validation,,,,,,,,,,,
1984-02-19,0.644223,Validation,-0.426617,-0.251867,-0.185621,-0.053669,0.070880,0.188002,0.272426,0.626375,1.231498,1.728685,4.699164
1984-02-20,0.644223,Validation,-0.436766,-0.257929,-0.181102,-0.057739,0.067154,0.199621,0.274804,0.628378,1.244668,1.691337,4.658066
1984-02-21,0.644223,Validation,-0.432090,-0.252674,-0.179191,-0.050579,0.073776,0.201631,0.281244,0.639024,1.257619,1.716876,4.673730
1984-02-22,0.483167,Validation,-0.440989,-0.264890,-0.187293,-0.058778,0.069335,0.204889,0.284815,0.650504,1.282615,1.740818,4.723376
1984-02-23,0.161056,Validation,-0.438441,-0.256313,-0.188113,-0.047410,0.078851,0.208196,0.295240,0.667106,1.304004,1.778193,4.775839
1984-02-24,0.161056,Validation,-0.438079,-0.268732,-0.188922,-0.071465,0.063108,0.202106,0.278689,0.635582,1.248544,1.702438,4.655916
1984-02-25,0.161056,Validation,-0.434471,-0.271226,-0.190881,-0.080620,0.058070,0.198130,0.272275,0.621296,1.216254,1.669665,4.611376
1984-02-26,0.161056,Validation,-0.443750,-0.275156,-0.198808,-0.078241,0.063978,0.205018,0.284519,0.643654,1.264398,1.740573,4.765649
1984-02-27,0.161056,Validation,-0.576833,-0.359769,-0.244333,0.039424,0.413842,0.712514,0.945780,1.682276,3.895527,5.858046,15.076003
1984-02-28,0.000000,Validation,-0.694306,-0.411750,-0.217114,0.230246,0.905793,1.533070,1.852870,3.579161,9.089251,12.922194,35.059875
1984-02-29,0.000000,Validation,-0.655277,-0.355710,-0.183112,0.276810,1.004142,1.599381,1.897808,3.625710,8.836833,13.239503,33.370972
1984-03-01,0.000000,Validation,-0.630250,-0.361377,-0.085827,0.391138,1.059276,1.662232,2.018491,3.685683,8.213602,12.339006,29.485546
1984-03-02,0.000000,Validation,-0.605612,-0.340928,-0.102899,0.338285,0.814434,1.261398,1.588457,2.921428,6.294350,9.255023,21.133432
1984-03-03,0.161056,Validation,-0.580968,-0.322673,-0.036630,0.502096,1.012963,1.493843,1.928492,3.441603,7.058115,10.586232,23.595661
1984-03-04,0.161056,Validation,-0.569233,-0.324048,-0.092245,0.378257,0.789598,1.178792,1.542790,2.765950,5.556901,8.122416,18.085825
1984-03-05,0.161056,Validation,-0.565771,-0.337120,-0.122821,0.307838,0.667815,1.012605,1.333522,2.420898,4.853436,7.120218,15.887097
1984-03-06,0.161056,Validation,-0.556502,-0.339549,-0.144728,0.244032,0.552935,0.864850,1.138023,2.093674,4.147197,5.989645,13.380422
1984-03-07,0.161056,Validation,-0.552940,-0.344136,-0.157505,0.213674,0.499985,0.793599,1.046169,1.940892,3.825672,5.516747,12.356236
1984-03-08,0.161056,Validation,-0.549178,-0.346230,-0.162835,0.196460,0.470444,0.752943,0.993007,1.848234,3.625023,5.224710,11.714712
1984-03-09,0.161056,Validation,-0.537050,-0.349408,-0.192450,0.099002,0.314656,0.543572,0.720054,1.410075,2.856945,4.180183,9.689947
1984-03-10,0.161056,Validation,-0.528417,-0.328779,-0.197060,0.089547,0.290541,0.516780,0.685094,1.336420,2.619421,3.659985,8.533858
1984-03-11,0.161056,Validation,-0.520483,-0.322545,-0.201187,0.066280,0.252104,0.465568,0.617206,1.221628,2.395185,3.330142,7.863429
1984-03-12,0.161056,Validation,-0.515942,-0.320542,-0.203727,0.047679,0.230275,0.439054,0.580426,1.155076,2.259875,3.127018,7.458952
1984-03-13,0.161056,Validation,-0.535854,-0.356984,-0.257213,-0.026696,0.195667,0.415418,0.563790,1.106245,2.257998,3.294025,8.299089
1984-03-14,0.161056,Validation,-0.568349,-0.371887,-0.249124,-0.008239,0.227633,0.467557,0.603906,1.186503,2.535114,3.717781,9.539011
1984-03-15,0.161056,Validation,-0.562929,-0.358178,-0.237273,0.014974,0.236575,0.468234,0.604604,1.204444,2.584349,3.765992,9.431447
1984-03-16,0.161056,Validation,-0.611588,-0.380251,-0.249876,0.099567,0.397238,0.696192,0.906108,1.722318,3.777772,5.599930,13.875759
1984-03-17,0.161056,Validation,-0.572442,-0.358671,-0.236738,0.025872,0.230588,0.466165,0.588347,1.213262,2.680683,3.916520,9.948971
1984-03-18,0.161056,Validation,-0.550149,-0.341860,-0.213988,0.051171,0.240860,0.463160,0.588555,1.209801,2.614745,3.852298,9.487971
1984-03-19,14.011845,Validation,-0.572577,0.047373,0.385168,1.988287,3.724242,5.468656,6.307683,11.000999,26.588301,38.733528,93.238594
1984-03-20,26.896300,Validation,-0.033348,1.377893,2.111293,7.352557,16.706715,20.940250,27.259438,51.894695,98.222069,123.436386,254.680450
1984-03-21,25.768910,Validation,0.803099,3.075117,4.223541,13.066056,27.428350,33.328056,41.535633,72.944412,122.203056,153.761368,283.658203
1984-03-22,21.903574,Validation,-0.135097,0.796462,1.654997,4.690945,8.938858,11.907650,14.292714,25.732468,48.661575,65.391846,138.272369
1984-03-23,19.326683,Validation,-0.456396,-0.001970,0.473289,1.548635,2.781433,3.917612,4.721445,8.226727,16.328709,22.981649,50.172607
1984-03-24,19.165627,Validation,-0.419332,0.191163,0.821855,2.812212,5.510331,7.447322,9.677570,17.387154,35.175331,51.660156,112.487305
1984-03-25,19.326683,Validation,-0.470422,0.036618,0.588782,2.075378,3.987710,5.422934,6.885548,12.325481,24.974081,36.215675,81.182213
1984-03-26,19.326683,Validation,-0.523494,-0.168247,0.194307,0.999062,1.825871,2.567018,3.246704,5.668831,11.439908,16.708878,37.052937
1984-03-27,18.682460,Validation,-0.527837,-0.223675,0.073800,0.712843,1.295962,1.845552,2.356948,4.066436,7.891705,11.368491,25.130594
1984-03-28,18.038237,Validation,-0.558230,-0.289115,-0.016630,0.564359,1.111988,1.566109,2.077846,3.638557,7.299913,11.112535,25.184113
1984-03-29,17.232959,Validation,-0.553867,-0.310499,-0.042168,0.474148,0.926768,1.352114,1.760464,3.099237,6.161111,9.239617,20.761011
1984-03-30,16.427680,Validation,-0.562553,-0.353086,-0.093291,0.350539,0.741976,1.110812,1.438646,2.594871,5.302490,8.102840,18.701891
1984-03-31,15.783457,Validation,-0.579082,-0.321852,-0.105410,0.456319,0.896641,1.319215,1.760822,3.130054,6.224010,9.334316,21.387959
1984-04-01,15.783457,Validation,-0.598953,-0.376530,-0.186210,0.233002,0.543540,0.870670,1.143262,2.156750,4.524388,6.925842,16.429178
1984-04-02,14.817123,Validation,-0.579637,-0.390101,-0.204292,0.115549,0.351404,0.617695,0.794312,1.585451,3.464593,5.421237,13.269812
1984-04-03,13.689733,Validation,-0.587998,-0.411102,-0.224856,0.074086,0.288719,0.535336,0.677444,1.413885,3.153299,5.017592,12.578987
1984-04-04,13.689733,Validation,-0.546520,-0.364773,-0.217855,0.037790,0.209435,0.417049,0.540676,1.140808,2.483400,3.800028,9.494276
1984-04-05,12.884455,Validation,-0.513385,-0.324872,-0.206212,0.029330,0.177284,0.362025,0.477330,1.007267,2.110240,3.136902,7.790409
1984-04-06,11.918121,Validation,-0.513283,-0.331575,-0.211645,-0.002504,0.127573,0.299436,0.383501,0.867879,1.909539,2.890710,7.476949
1984-04-07,11.112842,Validation,-0.464114,-0.278694,-0.188719,-0.041738,0.047705,0.180169,0.224955,0.589569,1.341038,2.029578,5.677847
1984-04-08,9.824397,Validation,-0.419021,-0.233483,-0.164023,-0.040978,0.041186,0.154609,0.197373,0.515186,1.137009,1.685990,4.828897
1984-04-09,8.858063,Validation,-0.371113,-0.186046,-0.131942,-0.042136,0.030908,0.123823,0.162935,0.428224,0.901253,1.309562,3.898688
1984-04-10,7.408562,Validation,-0.362407,-0.175797,-0.125778,-0.038583,0.032274,0.121889,0.161400,0.418118,0.868823,1.261214,3.770396
1984-04-11,6.120116,Validation,-0.371433,-0.183027,-0.140112,-0.035152,0.039740,0.129727,0.172544,0.439043,0.915403,1.362424,4.033592
1984-04-12,4.831671,Validation,-0.363758,-0.178883,-0.131421,-0.032785,0.040583,0.123750,0.145443,0.380432,0.817930,1.301845,4.121937
1984-04-13,4.831671,Validation,-0.426186,-0.224072,-0.164989,-0.043612,0.053046,0.162097,0.181755,0.465345,1.046991,1.645445,5.168205
1984-04-14,16.910847,Validation,-0.441728,-0.235516,-0.178910,-0.027307,0.077076,0.207203,0.216265,0.541923,1.217590,1.946061,5.867214
1984-04-15,17.555070,Validation,-0.483968,-0.271920,-0.195324,-0.045972,0.060350,0.201264,0.208161,0.559844,1.352472,2.117050,6.613812
1984-04-16,15.783457,Validation,-0.417862,-0.215455,-0.137573,-0.035807,0.047504,0.162757,0.172378,0.457643,1.058613,1.633355,5.179101
1984-04-17,14.333956,Validation,-0.403759,-0.202234,-0.133439,-0.043647,0.019383,0.120073,0.128843,0.381623,0.891860,1.386141,4.481810
1984-04-18,13.206566,Validation,-0.397791,-0.192311,-0.130711,-0.034951,0.021372,0.119349,0.132369,0.386278,0.893585,1.383613,4.378526
1984-04-19,12.884455,Validation,-0.353429,-0.141912,-0.095195,-0.037575,0.006643,0.074930,0.094654,0.290068,0.645941,0.984441,3.352583
1984-04-20,12.401288,Validation,-0.319037,-0.111617,-0.070982,-0.032520,0.011362,0.064792,0.091679,0.266833,0.560571,0.842685,2.954609
1984-04-21,11.112842,Validation,-0.293282,-0.090845,-0.056042,-0.023897,0.021032,0.067029,0.097823,0.264520,0.532387,0.797660,2.803474
1984-04-22,9.824397,Validation,-0.288546,-0.098985,-0.069867,-0.006651,0.045036,0.093756,0.124415,0.302391,0.580252,0.923690,3.077713
1984-04-23,9.180174,Validation,-0.340207,-0.131228,-0.091850,-0.014455,0.054894,0.119216,0.146840,0.347233,0.698302,1.104011,3.648696
1984-04-24,8.374896,Validation,-0.349823,-0.137741,-0.099218,-0.011479,0.052017,0.122306,0.134966,0.336424,0.692412,1.149418,3.919005
1984-04-25,7.408562,Validation,-0.378059,-0.156877,-0.099322,-0.022766,0.041949,0.117140,0.130418,0.333367,0.723657,1.152309,4.013422
1984-04-26,6.120116,Validation,-0.359826,-0.143357,-0.083613,-0.017366,0.035612,0.110846,0.125395,0.321106,0.692154,1.084846,3.720070
1984-04-27,4.670615,Validation,-0.347521,-0.143532,-0.106466,-0.008905,0.047377,0.121300,0.132841,0.341605,0.712865,1.177794,3.872714
1984-04-28,3.865337,Validation,-0.385588,-0.160518,-0.119242,-0.016058,0.045676,0.126531,0.135925,0.358145,0.785389,1.272374,4.274977
1984-04-29,7.891729,Validation,-0.394222,-0.143853,-0.094358,0.086939,0.125358,0.248817,0.226237,0.480796,1.003988,1.634389,5.047560
1984-04-30,10.951787,Validation,-0.464089,-0.185247,-0.136224,0.026618,0.118232,0.243159,0.237702,0.563978,1.280229,1.989647,6.557261
1984-05-01,9.502286,Validation,-0.397805,-0.142047,-0.105072,0.037877,0.127237,0.235235,0.251269,0.547033,1.133868,1.767053,5.350734
1984-05-02,8.858063,Validation,-0.381879,-0.136588,-0.086328,0.043030,0.125732,0.227665,0.254587,0.535966,1.091060,1.663953,4.945188
1984-05-03,7.247506,Validation,-0.340919,-0.111894,-0.055232,0.028436,0.089642,0.171239,0.197658,0.420493,0.840797,1.268301,3.976970
1984-05-04,5.475893,Validation,-0.317676,-0.095784,-0.047598,0.026039,0.081361,0.152211,0.185807,0.391971,0.759741,1.135917,3.562546
1984-05-05,3.543225,Validation,-0.306008,-0.081540,-0.042628,0.018348,0.061694,0.119268,0.150105,0.331217,0.648630,0.978700,3.234454
1984-05-06,2.093724,Validation,-0.300590,-0.076592,-0.046765,0.015598,0.057725,0.109555,0.143757,0.318666,0.619798,0.938815,3.110207
1984-05-07,1.127390,Validation,-0.315350,-0.085251,-0.065711,0.005737,0.041608,0.087692,0.115756,0.281028,0.567175,0.898235,3.092168
1984-05-08,0.644223,Validation,-0.339946,-0.117960,-0.092622,0.039102,0.086669,0.162104,0.187416,0.391895,0.762656,1.248149,3.774851
1984-05-09,0.322111,Validation,-0.485827,-0.174690,-0.130226,0.141709,0.216766,0.409486,0.348359,0.737218,1.624101,2.499483,7.531203
1984-05-10,0.322111,Validation,-0.489123,-0.195839,-0.104270,0.109317,0.195542,0.357125,0.335205,0.723538,1.591709,2.422303,7.595246
1984-05-11,10.951787,Validation,-0.424899,-0.166589,-0.094662,0.044756,0.090840,0.204073,0.189119,0.448835,1.007561,1.593713,5.130272
1984-05-12,8.535951,Validation,-0.404230,-0.149139,-0.090566,0.032955,0.058826,0.154730,0.144670,0.360655,0.820928,1.325786,4.334688
1984-05-13,5.153782,Validation,-0.350899,-0.107566,-0.067977,0.013758,0.039663,0.105030,0.115276,0.289412,0.629356,0.990907,3.401463
1984-05-14,1.771613,Validation,-0.318311,-0.090921,-0.064048,0.021274,0.062758,0.124696,0.158632,0.345967,0.681151,1.026801,3.245769
1984-05-15,0.966334,Validation,-0.320463,-0.091088,-0.072276,0.022405,0.058246,0.122755,0.157015,0.347695,0.692741,1.039250,3.248057
1984-05-16,0.322111,Validation,-0.303774,-0.075529,-0.063078,0.015973,0.050063,0.100366,0.138267,0.303469,0.584215,0.886576,2.884958
1984-05-17,0.000000,Validation,-0.329382,-0.097390,-0.076539,0.071111,0.104672,0.175464,0.205285,0.373785,0.689870,1.139309,3.397073
1984-05-18,0.000000,Validation,-0.432403,-0.107058,-0.093619,0.154017,0.246290,0.415578,0.394405,0.736808,1.437168,2.093028,6.088824
1984-05-19,0.000000,Validation,-0.448633,-0.107152,-0.088675,0.141620,0.260182,0.412997,0.420508,0.805099,1.583987,2.287983,6.594162
1984-05-20,0.000000,Validation,-0.400472,-0.026310,-0.010651,0.294562,0.414436,0.610531,0.578688,1.008025,1.886845,2.733268,7.128971
1984-05-21,0.000000,Validation,-0.450615,-0.080208,-0.048085,0.224156,0.372078,0.546191,0.564791,1.038020,2.051165,2.914881,7.861660
1984-05-22,0.000000,Validation,-0.399090,-0.078237,-0.037953,0.166948,0.263563,0.390366,0.417748,0.760389,1.486088,2.185636,5.938574
1984-05-23,0.000000,Validation,-0.367462,-0.092721,-0.034436,0.119827,0.184056,0.293058,0.318219,0.599479,1.192224,1.767061,4.936720
1984-05-24,0.000000,Validation,-0.377144,-0.103327,-0.073002,0.092444,0.142291,0.233152,0.257724,0.507005,1.061318,1.660715,4.811678
1984-05-25,0.000000,Validation,-0.383384,-0.121157,-0.077413,0.081379,0.116339,0.213706,0.223238,0.474299,1.041935,1.625156,4.817201
1984-05-26,0.000000,Validation,-0.395819,-0.138164,-0.096453,0.073099,0.104362,0.205785,0.217206,0.475610,1.069211,1.670800,4.904192
1984-05-27,0.000000,Validation,-0.375977,-0.122508,-0.092341,0.051405,0.072775,0.157294,0.164869,0.384804,0.874673,1.375196,4.252960
1984-05-28,0.000000,Validation,-0.359540,-0.113154,-0.088937,0.032677,0.053842,0.129077,0.140418,0.339550,0.763772,1.182930,3.753385
1984-05-29,0.000000,Validation,-0.342849,-0.065656,-0.034502,0.204880,0.195536,0.311711,0.294458,0.475691,0.937902,1.563658,4.535241
1984-05-30,0.000000,Validation,-0.484230,-0.173045,-0.105672,0.097738,0.145259,0.266460,0.231324,0.492332,1.084376,1.751883,5.945401
1984-05-31,0.000000,Validation,-0.435046,-0.161871,-0.094014,0.071243,0.096183,0.209183,0.176902,0.412492,0.945535,1.552923,5.038335
1984-06-01,0.000000,Validation,-0.498363,-0.216076,-0.148427,0.090957,0.147279,0.295419,0.287432,0.628354,1.481026,2.388728,6.811174
1984-06-02,0.000000,Validation,-0.420216,-0.155012,-0.120705,0.057205,0.097466,0.196264,0.211591,0.455583,1.026135,1.627855,4.798383
1984-06-03,0.000000,Validation,-0.384617,-0.128999,-0.099025,0.046312,0.076371,0.160645,0.176685,0.389681,0.869766,1.359008,4.142068
1984-06-04,0.000000,Validation,-0.400977,-0.130302,-0.106967,0.041780,0.044953,0.121757,0.115985,0.299876,0.729486,1.222439,4.011642
1984-06-05,0.000000,Validation,-0.370750,-0.116187,-0.092093,0.024684,0.034096,0.102960,0.101249,0.271083,0.654932,1.065494,3.600496
1984-06-06,0.000000,Validation,-0.345247,-0.095473,-0.083886,0.010302,0.024387,0.075733,0.085041,0.227316,0.535915,0.876917,3.098426
1984-06-07,0.000000,Validation,-0.334880,-0.080807,-0.074545,0.001891,0.008881,0.047574,0.055611,0.172545,0.422292,0.715864,2.747076
1984-06-08,0.000000,Validation,-0.334865,-0.073680,-0.059682,-0.008421,-0.012002,0.015881,0.023320,0.110830,0.284077,0.507761,2.230781
1984-06-09,0.000000,Validation,-0.337055,-0.073767,-0.059034,-0.015958,-0.021551,0.000381,0.008989,0.084075,0.228024,0.426180,2.019728
1984-06-10,0.000000,Validation,-0.344787,-0.074022,-0.060397,-0.021030,-0.031149,-0.014465,-0.005861,0.056453,0.171455,0.343697,1.799600
1984-06-11,0.000000,Validation,-0.342542,-0.066170,-0.057767,-0.017761,-0.033445,-0.019324,-0.011785,0.042197,0.143823,0.307340,1.704838
1984-06-12,0.000000,Validation,-0.335717,-0.063580,-0.052022,-0.023534,-0.035806,-0.027351,-0.016644,0.032613,0.117859,0.265531,1.588860
1984-06-13,0.000000,Validation,-0.334150,-0.061317,-0.050459,-0.023559,-0.036946,-0.029883,-0.019354,0.026460,0.105674,0.248861,1.544746
1984-06-14,0.000000,Validation,-0.326447,-0.057735,-0.047071,-0.024310,-0.036146,-0.030277,-0.018968,0.026686,0.106018,0.249010,1.544517
1984-06-15,0.000000,Validation,-0.321962,-0.055680,-0.045982,-0.024321,-0.035829,-0.029751,-0.018766,0.027233,0.109240,0.253973,1.557786
1984-06-16,0.000000,Validation,-0.314381,-0.048754,-0.041967,-0.021128,-0.033718,-0.028671,-0.017572,0.025763,0.106502,0.253753,1.562254
1984-06-17,0.000000,Validation,-0.294949,-0.046496,-0.029541,-0.025571,-0.024596,-0.023484,-0.006655,0.043258,0.124129,0.266539,1.566190
1984-06-18,0.000000,Validation,-0.302396,-0.051807,-0.039271,-0.028750,-0.024011,-0.023797,-0.004370,0.048159,0.133687,0.284180,1.610413
1984-06-19,0.000000,Validation,-0.310021,-0.053882,-0.041031,-0.026296,-0.027496,-0.022140,-0.007283,0.045644,0.137134,0.287899,1.630404
1984-06-20,0.000000,Validation,-0.307441,-0.053204,-0.036367,-0.025799,-0.026800,-0.021834,-0.006529,0.045079,0.132365,0.278278,1.601354
1984-06-21,0.000000,Validation,-0.313767,-0.056243,-0.035030,-0.028782,-0.029321,-0.028250,-0.010843,0.034749,0.106305,0.240360,1.494982
1984-06-22,0.000000,Validation,-0.318095,-0.054112,-0.033097,-0.027465,-0.031502,-0.033642,-0.016490,0.019944,0.075530,0.201316,1.396389
1984-06-23,0.000000,Validation,-0.322864,-0.057773,-0.036060,-0.028663,-0.032492,-0.033209,-0.016114,0.022614,0.081331,0.206980,1.407625
1984-06-24,0.000000,Validation,-0.326812,-0.057000,-0.038241,-0.026762,-0.034393,-0.034338,-0.019128,0.016505,0.073399,0.199172,1.396115
1984-06-25,0.000000,Validation,-0.310834,-0.049589,-0.028272,-0.026750,-0.029225,-0.033327,-0.014545,0.020589,0.074822,0.200689,1.397810
1984-06-26,0.000000,Validation,-0.299480,-0.045324,-0.019550,-0.026065,-0.022574,-0.029677,-0.006973,0.029497,0.082098,0.207339,1.403943
1984-06-27,0.000000,Validation,-0.296667,-0.044066,-0.018148,-0.025600,-0.021455,-0.028473,-0.005417,0.031881,0.085922,0.211671,1.414303
1984-06-28,0.000000,Validation,-0.307061,-0.048472,-0.023280,-0.026770,-0.025398,-0.031391,-0.009398,0.026033,0.077467,0.200266,1.387475
1984-06-29,0.000000,Validation,-0.300296,-0.045937,-0.020096,-0.026320,-0.022896,-0.029218,-0.006323,0.031047,0.085457,0.210237,1.411853
1984-06-30,0.000000,Validation,-0.283768,-0.039002,-0.012604,-0.024119,-0.015550,-0.022974,0.001914,0.043275,0.104672,0.234922,1.469877
1984-07-01,0.000000,Training,-0.295491,-0.044065,-0.017894,-0.026019,-0.020888,-0.027485,-0.003711,0.035266,0.092163,0.218291,1.431084
1984-07-02,0.000000,Training,-0.320286,-0.054259,-0.028988,-0.027972,-0.029884,-0.034438,-0.013801,0.019346,0.067413,0.185748,1.352644
1984-07-03,0.000000,Training,-0.328090,-0.057526,-0.032570,-0.028380,-0.032293,-0.036228,-0.016802,0.014571,0.059937,0.176318,1.331208
1984-07-04,0.000000,Training,-0.331642,-0.059085,-0.034251,-0.028652,-0.033249,-0.036994,-0.018092,0.012559,0.056923,0.172893,1.324976
1984-07-05,0.000000,Training,-0.330112,-0.058124,-0.033442,-0.028652,-0.033021,-0.037207,-0.018117,0.012085,0.056523,0.173068,1.328309
1984-07-06,0.000000,Training,-0.334086,-0.057564,-0.035009,-0.026867,-0.034770,-0.038757,-0.021659,0.004379,0.044666,0.160130,1.304649
1984-07-07,0.000000,Training,-0.337089,-0.061148,-0.036030,-0.028613,-0.034391,-0.038012,-0.019951,0.008308,0.050627,0.165657,1.313921
1984-07-08,0.000000,Training,-0.331245,-0.059891,-0.033587,-0.029843,-0.032623,-0.036748,-0.016906,0.014109,0.060891,0.177924,1.343685
1984-07-09,0.000000,Training,-0.329264,-0.059288,-0.032663,-0.029985,-0.031989,-0.036072,-0.015747,0.016158,0.064592,0.182174,1.354562
1984-07-10,0.000000,Training,-0.325099,-0.057826,-0.030842,-0.030203,-0.030714,-0.035036,-0.013736,0.019662,0.070599,0.189332,1.372021
1984-07-11,0.000000,Training,-0.308451,-0.051146,-0.023273,-0.029470,-0.024975,-0.030880,-0.006849,0.030642,0.087714,0.211480,1.425541
1984-07-12,0.000000,Training,-0.318382,-0.055399,-0.027576,-0.030271,-0.028324,-0.033130,-0.010246,0.025374,0.079771,0.200181,1.397804
1984-07-13,0.000000,Training,-0.336466,-0.062566,-0.035229,-0.030205,-0.033279,-0.036196,-0.016307,0.014949,0.062831,0.177918,1.344589
1984-07-14,0.000000,Training,-0.338869,-0.063629,-0.036234,-0.030377,-0.033752,-0.036599,-0.016910,0.013762,0.061193,0.176008,1.342395
1984-07-15,0.000000,Training,-0.347446,-0.067276,-0.039852,-0.029710,-0.035082,-0.036876,-0.018775,0.010224,0.055223,0.168900,1.327850
1984-07-16,0.000000,Training,-0.343167,-0.065942,-0.038254,-0.030691,-0.034155,-0.036293,-0.016941,0.013683,0.062245,0.177573,1.351496
1984-07-17,0.000000,Training,-0.317834,-0.055984,-0.027025,-0.031205,-0.027024,-0.032109,-0.007894,0.028752,0.086837,0.209414,1.428850
1984-07-18,0.000000,Training,-0.316040,-0.055048,-0.025866,-0.030987,-0.026531,-0.031775,-0.007269,0.029473,0.087710,0.209949,1.429034
1984-07-19,0.000000,Training,-0.332799,-0.061918,-0.033042,-0.031261,-0.031411,-0.034293,-0.012452,0.020929,0.074681,0.191500,1.385007
1984-07-20,0.000000,Training,-0.332296,-0.062153,-0.033091,-0.031624,-0.031061,-0.033625,-0.011351,0.023128,0.079203,0.196877,1.400125
1984-07-21,0.000000,Training,-0.346267,-0.068066,-0.038982,-0.030988,-0.033702,-0.034495,-0.014671,0.017160,0.069322,0.184185,1.371630
1984-07-22,0.000000,Training,-0.356487,-0.072464,-0.043006,-0.029770,-0.034685,-0.034168,-0.016081,0.013877,0.063043,0.176746,1.356327
1984-07-23,0.000000,Training,-0.364964,-0.076412,-0.046312,-0.028584,-0.034883,-0.033301,-0.016456,0.012199,0.059417,0.173185,1.351819
1984-07-24,0.000000,Training,-0.353250,-0.072361,-0.042151,-0.031973,-0.033618,-0.033376,-0.013364,0.019031,0.074440,0.191371,1.399213
1984-07-25,0.000000,Training,-0.341140,-0.067699,-0.036845,-0.033238,-0.031192,-0.032338,-0.009601,0.025879,0.086356,0.205785,1.433046
1984-07-26,0.000000,Training,-0.338002,-0.066150,-0.034856,-0.033177,-0.030564,-0.032028,-0.008612,0.027325,0.087994,0.206519,1.431782
1984-07-27,0.000000,Training,-0.340054,-0.067025,-0.035359,-0.033179,-0.030820,-0.031968,-0.008614,0.027013,0.087363,0.204875,1.427524
1984-07-28,0.000000,Training,-0.356280,-0.073822,-0.041554,-0.031566,-0.032892,-0.032106,-0.011538,0.020556,0.075469,0.189820,1.393625
1984-07-29,0.000000,Training,-0.358432,-0.075009,-0.042347,-0.031790,-0.032801,-0.031905,-0.011189,0.020642,0.076115,0.190976,1.400371
1984-07-30,0.000000,Training,-0.337191,-0.066803,-0.034025,-0.034266,-0.028876,-0.030313,-0.005021,0.032583,0.098383,0.219388,1.470936
1984-07-31,0.000000,Training,-0.328851,-0.063519,-0.030310,-0.034197,-0.026279,-0.028416,-0.001365,0.038734,0.108073,0.231427,1.497831
1984-08-01,0.000000,Training,-0.349753,-0.072283,-0.038425,-0.033615,-0.030713,-0.030022,-0.006443,0.029265,0.092324,0.209150,1.444211
1984-08-02,0.000000,Training,-0.350206,-0.072802,-0.038553,-0.034059,-0.030411,-0.029648,-0.005491,0.030694,0.095275,0.212713,1.455216
1984-08-03,0.000000,Training,-0.338621,-0.068250,-0.033659,-0.035076,-0.027818,-0.028610,-0.001776,0.037257,0.106649,0.227635,1.492512
1984-08-04,0.000000,Training,-0.320928,-0.060428,-0.025359,-0.034147,-0.022452,-0.025626,0.004266,0.046477,0.119858,0.245698,1.533966
1984-08-05,0.000000,Training,-0.338866,-0.068390,-0.032797,-0.035112,-0.027168,-0.027834,-0.000329,0.038635,0.108584,0.228853,1.495204
1984-08-06,0.000000,Training,-0.337677,-0.068212,-0.032306,-0.035409,-0.026459,-0.026986,0.001306,0.041361,0.113685,0.235035,1.511533
1984-08-07,0.000000,Training,-0.341285,-0.070079,-0.033676,-0.035772,-0.026805,-0.026906,0.001361,0.041100,0.113807,0.234921,1.513889
1984-08-08,0.000000,Training,-0.346551,-0.072752,-0.035757,-0.036017,-0.027266,-0.026539,0.001480,0.040884,0.114062,0.234784,1.516060
1984-08-09,0.000000,Training,-0.332680,-0.066951,-0.029844,-0.036221,-0.023682,-0.024624,0.006255,0.049096,0.127310,0.252560,1.558462
1984-08-10,0.000000,Training,-0.326275,-0.064297,-0.026705,-0.035897,-0.021237,-0.022916,0.009447,0.053935,0.134503,0.262115,1.580815
1984-08-11,0.000000,Training,-0.326265,-0.064260,-0.026187,-0.035997,-0.020817,-0.022552,0.010390,0.054834,0.135728,0.263121,1.583141
1984-08-12,0.000000,Training,-0.334572,-0.068114,-0.029429,-0.036862,-0.022677,-0.023452,0.008978,0.051918,0.131965,0.257161,1.571548
1984-08-13,0.000000,Training,-0.326977,-0.064841,-0.025973,-0.036562,-0.020092,-0.021865,0.012249,0.056943,0.139691,0.267916,1.598023
1984-08-14,0.000000,Training,-0.327323,-0.065269,-0.026006,-0.036904,-0.019653,-0.021322,0.013384,0.058521,0.142721,0.271727,1.608984
1984-08-15,0.000000,Training,-0.330476,-0.067038,-0.027298,-0.037546,-0.019991,-0.021093,0.013924,0.059188,0.144688,0.273651,1.615566
1984-08-16,0.000000,Training,-0.316272,-0.060527,-0.020806,-0.036029,-0.014909,-0.017782,0.019518,0.067614,0.156559,0.290787,1.655671
1984-08-17,0.000000,Training,-0.324029,-0.064203,-0.023841,-0.037334,-0.017037,-0.019202,0.017946,0.064494,0.152693,0.284746,1.644138
1984-08-18,0.000000,Training,-0.335076,-0.069548,-0.028535,-0.038865,-0.019743,-0.020534,0.015991,0.060773,0.148699,0.278257,1.633403
1984-08-19,0.000000,Training,-0.341038,-0.072822,-0.031270,-0.039890,-0.020654,-0.020534,0.016035,0.060706,0.150210,0.279593,1.640936
1984-08-20,0.000000,Training,-0.329431,-0.067592,-0.026265,-0.039300,-0.017227,-0.018656,0.020037,0.067133,0.159841,0.293755,1.674993
1984-08-21,0.000000,Training,-0.318056,-0.062097,-0.021932,-0.038334,-0.012857,-0.016150,0.024802,0.074117,0.170151,0.309836,1.714737
1984-08-22,0.000000,Training,-0.308463,-0.057179,-0.019355,-0.037440,-0.008198,-0.013255,0.029861,0.081340,0.181771,0.328461,1.763106
1984-08-23,0.000000,Training,-0.315104,-0.061394,-0.020057,-0.038043,-0.010442,-0.013212,0.028909,0.080145,0.180920,0.324227,1.753455
1984-08-24,0.000000,Training,-0.325277,-0.066795,-0.024689,-0.040313,-0.013586,-0.015207,0.026946,0.076785,0.178050,0.319080,1.745723
1984-08-25,0.000000,Training,-0.349723,-0.079111,-0.035532,-0.043892,-0.019661,-0.018371,0.021997,0.068095,0.168647,0.303891,1.720231
1984-08-26,0.000000,Training,-0.358855,-0.083876,-0.039416,-0.044843,-0.020516,-0.018356,0.021969,0.066856,0.168154,0.303065,1.726410
1984-08-27,0.000000,Training,-0.340444,-0.075040,-0.032348,-0.044592,-0.017490,-0.017585,0.025208,0.073602,0.178834,0.319416,1.763884
1984-08-28,0.000000,Training,-0.330629,-0.070582,-0.028355,-0.043840,-0.014543,-0.015754,0.028598,0.079061,0.187075,0.331962,1.793718
1984-08-29,0.000000,Training,-0.341363,-0.076118,-0.033299,-0.045868,-0.017256,-0.016913,0.027121,0.076339,0.185629,0.328135,1.789923
1984-08-30,0.000000,Training,-0.341886,-0.076819,-0.034140,-0.046692,-0.017211,-0.016615,0.028122,0.078070,0.190146,0.334238,1.808711
1984-08-31,0.000000,Training,-0.330929,-0.071840,-0.029982,-0.045972,-0.014304,-0.015053,0.031227,0.083431,0.198342,0.347262,1.840404
1984-09-01,0.000000,Training,-0.328916,-0.070918,-0.032517,-0.047564,-0.013196,-0.015193,0.033197,0.086974,0.206611,0.361682,1.883156
1984-09-02,0.000000,Training,-0.332777,-0.073890,-0.032233,-0.047777,-0.014253,-0.014275,0.033177,0.087056,0.208009,0.360839,1.882237
1984-09-03,0.000000,Training,-0.343305,-0.079653,-0.037408,-0.050229,-0.017063,-0.015892,0.031510,0.084019,0.206586,0.357582,1.882133
1984-09-04,0.000000,Training,-0.342349,-0.079937,-0.038253,-0.051236,-0.017140,-0.015777,0.032249,0.086080,0.212300,0.365924,1.907220
1984-09-05,0.000000,Training,-0.337048,-0.077890,-0.037140,-0.051366,-0.015823,-0.014767,0.034286,0.090243,0.219983,0.377280,1.936650
1984-09-06,0.000000,Training,-0.329851,-0.075005,-0.034859,-0.050963,-0.013761,-0.013142,0.036878,0.095140,0.228084,0.389238,1.965833
1984-09-07,0.000000,Training,-0.337687,-0.080149,-0.052548,-0.059752,-0.017153,-0.020235,0.034602,0.094144,0.234697,0.412697,2.053468
1984-09-08,0.000000,Training,-0.338886,-0.081058,-0.040997,-0.054022,-0.014816,-0.012696,0.037995,0.097653,0.239248,0.407452,2.031654
1984-09-09,0.000000,Training,-0.346583,-0.085644,-0.045172,-0.056135,-0.017245,-0.014313,0.036771,0.094977,0.238441,0.405586,2.033616
1984-09-10,0.000000,Training,-0.351847,-0.090519,-0.048912,-0.058905,-0.018785,-0.014923,0.036602,0.096637,0.244715,0.412498,2.056061
1984-09-11,0.000000,Training,-0.347696,-0.088281,-0.048036,-0.058647,-0.018191,-0.014253,0.037969,0.099752,0.249930,0.418759,2.069920
1984-09-12,0.000000,Training,-0.342711,-0.086288,-0.047080,-0.058547,-0.017259,-0.013201,0.039803,0.104079,0.257374,0.428420,2.091690
1984-09-13,0.000000,Training,-0.350310,-0.090490,-0.051207,-0.060533,-0.019494,-0.014262,0.038895,0.102996,0.258558,0.427513,2.093870
1984-09-14,0.000000,Training,-0.347670,-0.089628,-0.050893,-0.061021,-0.019378,-0.014418,0.039349,0.104407,0.261317,0.431294,2.103284
1984-09-15,0.000000,Training,-0.348175,-0.090466,-0.052019,-0.061958,-0.019909,-0.014699,0.039435,0.105251,0.264144,0.434602,2.113478
1984-09-16,0.000000,Training,-0.352955,-0.093593,-0.055149,-0.063444,-0.021068,-0.014791,0.039613,0.106214,0.268541,0.438963,2.128667
1984-09-17,0.000000,Training,-0.336360,-0.086353,-0.049194,-0.061591,-0.017184,-0.012315,0.043193,0.113755,0.278276,0.455198,2.161649
1984-09-18,0.000000,Training,-0.342936,-0.090102,-0.052939,-0.063536,-0.019439,-0.013626,0.042050,0.112365,0.279092,0.454606,2.164756
1984-09-19,0.000000,Training,-0.349868,-0.093600,-0.057135,-0.065283,-0.021783,-0.014886,0.040594,0.110080,0.279712,0.454918,2.174299
1984-09-20,0.000000,Training,-0.344587,-0.092347,-0.055129,-0.065179,-0.020055,-0.013462,0.043087,0.115425,0.286647,0.462982,2.188038
1984-09-21,0.000000,Training,-0.342665,-0.092259,-0.055384,-0.065539,-0.019675,-0.012688,0.044350,0.118633,0.292891,0.471224,2.208345
1984-09-22,0.000000,Training,-0.336808,-0.090175,-0.053847,-0.065135,-0.018147,-0.011309,0.046345,0.122882,0.299650,0.481158,2.230861
1984-09-23,0.000000,Training,-0.331696,-0.088363,-0.052796,-0.064805,-0.016780,-0.009954,0.048199,0.126829,0.306462,0.491154,2.254532
1984-09-24,0.000000,Training,-0.328695,-0.087629,-0.053410,-0.064970,-0.016266,-0.008822,0.049578,0.130408,0.314786,0.503624,2.287202
1984-09-25,0.000000,Training,-0.321475,-0.083542,-0.054783,-0.064262,-0.016602,-0.008322,0.048347,0.129856,0.322633,0.524095,2.355041
1984-09-26,0.000000,Training,-0.313034,-0.080674,-0.045449,-0.061185,-0.008648,-0.003174,0.056902,0.140785,0.324997,0.516364,2.308395
1984-09-27,0.000000,Training,-0.321532,-0.085088,-0.052252,-0.064687,-0.012002,-0.006073,0.055174,0.139558,0.327281,0.519384,2.324768
1984-09-28,0.000000,Training,-0.307503,-0.079796,-0.044732,-0.060056,-0.004893,0.001764,0.062809,0.151413,0.343121,0.540311,2.365392
1984-09-29,0.000000,Training,-0.311339,-0.082284,-0.046985,-0.061996,-0.007776,-0.000360,0.060766,0.149614,0.341699,0.536433,2.356611
1984-09-30,0.000000,Training,-0.316921,-0.085713,-0.050394,-0.064364,-0.010977,-0.002606,0.058725,0.147764,0.341248,0.534216,2.353595
1984-10-01,0.000000,Validation,-0.315263,-0.085428,-0.052768,-0.065236,-0.009845,-0.001746,0.060932,0.152396,0.350095,0.547479,2.388966
1984-10-02,0.000000,Validation,-0.323783,-0.096349,-0.079202,-0.078905,-0.016143,-0.010934,0.057019,0.151957,0.361570,0.590315,2.549350
1984-10-03,0.000000,Validation,-0.307804,-0.086265,-0.051315,-0.057830,0.007659,0.020074,0.083971,0.187790,0.412804,0.639896,2.626998
1984-10-04,0.000000,Validation,-0.341195,-0.110017,-0.091106,-0.083998,-0.016292,-0.006903,0.063718,0.165206,0.398557,0.649365,2.743694
1984-10-05,0.000000,Validation,-0.322085,-0.103437,-0.062595,-0.059818,0.014197,0.033714,0.100418,0.216819,0.477254,0.736718,2.899837
1984-10-06,0.000000,Validation,-0.311202,-0.097292,-0.058366,-0.055413,0.018144,0.038667,0.107923,0.227744,0.485720,0.740539,2.857965
1984-10-07,0.000000,Validation,-0.322788,-0.105147,-0.066793,-0.066318,0.002826,0.023926,0.091131,0.210373,0.468254,0.712980,2.833338
1984-10-08,0.000000,Validation,-0.324477,-0.104851,-0.068261,-0.070061,-0.004938,0.016117,0.083488,0.201333,0.451818,0.684554,2.752081
1984-10-09,0.000000,Validation,-0.321992,-0.104963,-0.069362,-0.071030,-0.006088,0.016049,0.083236,0.203871,0.455674,0.686803,2.744956
1984-10-10,0.000000,Validation,-0.324298,-0.106170,-0.071375,-0.073907,-0.011681,0.010950,0.077627,0.197737,0.445230,0.668961,2.693696
1984-10-11,0.000000,Validation,-0.334554,-0.110808,-0.076236,-0.078516,-0.020605,0.003130,0.069222,0.186828,0.429013,0.642130,2.622399
1984-10-12,0.000000,Validation,-0.337426,-0.112843,-0.078447,-0.080459,-0.023829,0.000852,0.066819,0.184645,0.425907,0.635062,2.597247
1984-10-13,0.000000,Validation,-0.336760,-0.113217,-0.079103,-0.081193,-0.024908,0.000403,0.066318,0.185270,0.426678,0.634434,2.588140
1984-10-14,0.000000,Validation,-0.331938,-0.111565,-0.077965,-0.080271,-0.023199,0.002581,0.068693,0.189894,0.433601,0.643557,2.603944
1984-10-15,0.000000,Validation,-0.329734,-0.110813,-0.077914,-0.079933,-0.022789,0.003652,0.069780,0.192296,0.438233,0.649680,2.615661
1984-10-16,0.000000,Validation,-0.332084,-0.112904,-0.079145,-0.080676,-0.023566,0.003919,0.070455,0.194540,0.441943,0.651531,2.612838
1984-10-17,0.000000,Validation,-0.324056,-0.110064,-0.076540,-0.078026,-0.018347,0.009720,0.076872,0.204673,0.457264,0.672411,2.657543
1984-10-18,0.000000,Validation,-0.313383,-0.106973,-0.074674,-0.071529,-0.006263,0.024340,0.092974,0.229143,0.496011,0.723933,2.760698
1984-10-19,0.000000,Validation,-0.349563,-0.170382,-0.145613,-0.106033,-0.007974,0.036341,0.125577,0.291182,0.702751,1.171937,4.336364
1984-10-20,0.000000,Validation,-0.460616,-0.234754,-0.176238,-0.100502,0.011270,0.097841,0.176353,0.395950,1.029532,1.584733,5.774799
1984-10-21,0.000000,Validation,-0.395157,-0.182342,-0.120796,-0.072795,0.034816,0.108511,0.195502,0.402214,0.918370,1.370255,4.700848
1984-10-22,0.000000,Validation,-0.413701,-0.198661,-0.144135,-0.097308,-0.007222,0.065689,0.144259,0.344015,0.851836,1.290308,4.552168
1984-10-23,0.000000,Validation,-0.369150,-0.156167,-0.106766,-0.083923,-0.003363,0.049731,0.130150,0.304517,0.689853,1.008438,3.614040
1984-10-24,0.000000,Validation,-0.346357,-0.138404,-0.095596,-0.076636,0.001844,0.049451,0.130389,0.301140,0.658601,0.951954,3.401722
1984-10-25,0.000000,Validation,-0.328548,-0.117850,-0.084154,-0.072323,0.000827,0.038212,0.118625,0.273144,0.588490,0.854639,3.140052
1984-10-26,0.000000,Validation,-0.313264,-0.106416,-0.071678,-0.066016,0.003992,0.039103,0.117162,0.265594,0.560571,0.810348,2.997398
1984-10-27,0.000000,Validation,-0.337914,-0.118647,-0.097624,-0.085469,-0.019654,0.011464,0.090596,0.232494,0.520810,0.770904,2.955919
1984-10-28,0.000000,Validation,-0.323218,-0.111645,-0.076248,-0.074051,-0.009565,0.025131,0.099622,0.241228,0.523099,0.761124,2.889554
1984-10-29,0.000000,Validation,-0.315754,-0.108279,-0.073340,-0.072584,-0.008140,0.026153,0.100377,0.241852,0.519317,0.752553,2.852618
1984-10-30,0.000000,Validation,-0.312802,-0.109705,-0.074972,-0.071695,-0.004620,0.031039,0.105000,0.250882,0.535357,0.773254,2.892334
1984-10-31,0.000000,Validation,-0.311844,-0.108752,-0.076381,-0.071949,-0.005575,0.030243,0.104410,0.250884,0.534020,0.768165,2.869103
1984-11-01,0.000000,Validation,-0.323024,-0.118041,-0.100064,-0.082893,-0.011604,0.022554,0.100627,0.252151,0.548818,0.806926,3.003187
1984-11-02,0.000000,Validation,-0.337029,-0.144476,-0.129809,-0.093174,-0.005854,0.038431,0.123831,0.294749,0.647316,0.990395,3.509599
1984-11-03,0.161056,Validation,-0.349554,-0.145193,-0.103762,-0.050217,0.044848,0.107771,0.198077,0.396762,0.787923,1.147236,3.739097
1984-11-04,0.161056,Validation,-0.639688,-0.365283,-0.321481,-0.095566,0.233922,0.518212,0.804253,1.684503,4.834781,7.347343,25.621695
1984-11-05,0.161056,Validation,-0.672227,-0.292319,-0.162914,0.373283,1.178244,1.759618,2.544849,5.022014,13.583422,19.031185,56.841267
1984-11-06,0.161056,Validation,-0.673101,-0.376379,-0.185388,0.261450,1.236407,1.745999,2.576753,5.836761,17.145405,26.710291,79.053406
1984-11-07,0.161056,Validation,-0.577294,-0.038562,0.303120,1.544437,4.353760,5.936979,8.645329,19.905199,60.645012,87.667778,217.233231
1984-11-08,30.600581,Validation,-0.411254,0.257012,0.762202,2.702792,6.861485,8.966158,12.992174,28.732141,80.337273,117.554405,281.979736
1984-11-09,28.667912,Validation,-0.447239,0.199208,0.540668,2.098732,4.883021,6.451806,9.124104,19.167561,51.929169,76.135597,187.636826
1984-11-10,23.997297,Validation,-0.414027,0.086829,0.389053,1.240838,2.307260,3.063979,4.091487,7.261651,16.518764,23.024857,56.755871
1984-11-11,16.588736,Validation,-0.454458,-0.122097,0.078954,0.478126,0.946241,1.319018,1.783813,3.034903,6.616168,9.431240,23.449242
1984-11-12,13.206566,Validation,-0.644514,-0.305012,-0.118977,0.506002,1.611428,2.274280,3.486840,7.241168,20.254036,30.570660,78.053085
1984-11-13,13.689733,Validation,-0.552627,-0.114978,0.194538,1.116931,2.323311,3.198011,4.567127,8.220526,19.260906,26.598791,65.196541
1984-11-14,14.333956,Validation,-0.558372,-0.234715,-0.042136,0.449436,1.008653,1.416782,2.038574,3.577745,8.054205,11.646934,28.748596
1984-11-15,13.206566,Validation,-0.559696,-0.279059,-0.096675,0.306706,0.749233,1.070997,1.567644,2.718431,6.063824,8.942918,22.160648
1984-11-16,13.367622,Validation,-0.742003,-0.515521,-0.155622,0.614179,2.442189,3.126232,5.530520,12.010700,32.045551,52.299370,136.399292
1984-11-17,34.304861,Validation,-0.320020,0.471593,1.392320,4.391476,8.998366,11.758715,16.702030,30.009192,62.165180,85.660484,223.250092
1984-11-18,31.405859,Validation,-0.329920,0.327253,1.069443,3.291287,6.027645,8.149257,11.160819,18.135677,36.327576,48.930370,125.015152
1984-11-19,23.030963,Validation,0.116362,0.932174,1.898609,4.401447,6.986012,9.444519,12.006487,16.962868,29.791794,38.081108,90.381256
1984-11-20,18.682460,Validation,-0.177058,0.364106,0.960375,2.418316,3.916899,5.119822,6.649031,9.360448,16.082720,21.086166,46.440453
1984-11-21,17.071903,Validation,-0.351922,0.040725,0.464460,1.462537,2.475896,3.244856,4.285301,6.236255,10.869625,14.447828,31.004780
1984-11-22,15.139235,Validation,-0.391267,-0.040053,0.304767,1.142941,1.938717,2.563053,3.390328,5.008518,8.507851,11.171100,23.401628
1984-11-23,12.884455,Validation,-0.482255,-0.197222,0.032535,0.624419,1.139073,1.569489,2.134043,3.329687,5.741138,7.549997,15.908945
1984-11-24,11.918121,Validation,-0.508271,-0.246883,-0.052535,0.456566,0.880767,1.248709,1.721440,2.761335,4.832656,6.365525,13.623116
1984-11-25,10.951787,Validation,-0.535602,-0.305735,-0.125846,0.305257,0.662446,0.976417,1.373438,2.281417,4.192018,5.654326,12.403302
1984-11-26,10.468620,Validation,-0.551499,-0.348476,-0.203642,0.122754,0.388799,0.634558,0.926809,1.641898,3.217528,4.417796,10.314708
1984-11-27,9.824397,Validation,-0.546702,-0.356722,-0.228433,0.036756,0.248368,0.461564,0.688222,1.291831,2.625976,3.619051,8.823094
1984-11-28,9.019119,Validation,-0.524198,-0.334662,-0.230672,-0.000916,0.177648,0.365937,0.561606,1.088939,2.169684,2.965460,7.357598
1984-11-29,9.019119,Validation,-0.649613,-0.472267,-0.374799,-0.094569,0.166857,0.426767,0.739890,1.531460,3.604702,5.491230,14.409097
1984-11-30,10.790731,Validation,-0.812518,-0.585367,-0.335597,0.408534,2.081301,3.141538,5.206019,11.836670,32.090809,47.410885,124.676010
1984-12-01,18.360348,Validation,-0.739423,-0.436293,-0.179631,0.599282,1.724152,2.639253,3.930338,7.640005,18.759834,26.096752,65.814865
1984-12-02,16.588736,Validation,-0.698294,-0.433673,-0.214262,0.357433,0.997085,1.558868,2.282197,4.213256,9.649406,13.874021,33.419926
1984-12-03,14.978179,Validation,-0.651411,-0.433283,-0.233235,0.147747,0.544190,0.896358,1.330139,2.436475,5.598203,8.277012,20.285572
1984-12-04,13.045511,Validation,-0.611333,-0.397030,-0.228846,0.119944,0.455701,0.742944,1.121548,2.031321,4.457168,6.508438,15.690783
1984-12-05,11.918121,Validation,-0.607330,-0.396041,-0.257688,0.071613,0.372309,0.629381,0.974355,1.809850,3.931601,5.726534,13.914850
1984-12-06,11.918121,Validation,-0.746695,-0.398032,-0.028564,1.225200,4.281257,5.920657,10.748444,23.169739,59.502106,87.701469,203.207748
1984-12-07,10.790731,Validation,0.174172,1.663176,2.792895,9.959435,22.757931,28.721817,44.506203,83.230804,163.142731,210.326767,445.050385
1984-12-08,15.944513,Validation,1.906854,4.810317,7.107454,21.677832,42.659943,51.842045,76.020264,126.340973,213.558868,273.304169,553.456299
1984-12-09,28.023690,Validation,0.262702,1.524921,2.927848,7.760737,13.940681,18.836098,24.600756,40.414135,74.074120,94.764053,214.080399
1984-12-10,22.064629,Validation,-0.420351,0.057801,0.651833,2.042147,3.743522,5.164001,6.888300,11.163568,22.091110,30.101301,66.724457
1984-12-11,18.682460,Validation,-0.488140,-0.143674,0.263068,1.079970,2.015098,2.753201,3.718733,5.866424,11.332539,15.754440,33.891457
1984-12-12,50.249375,Validation,-0.558813,-0.062992,0.563418,2.668435,6.763461,9.010340,15.348545,29.303356,66.916969,95.255211,224.566055
1984-12-13,52.020987,Validation,0.065785,1.222621,2.301212,6.635449,11.764104,16.203083,21.777685,34.789764,63.908260,80.608925,182.411835
1984-12-14,33.499583,Validation,-0.402220,0.116096,0.662421,2.158803,3.839501,5.327486,7.128363,11.262510,21.421165,28.533161,62.733036
1984-12-15,74.890895,Validation,-0.455955,-0.016577,0.437158,1.601304,2.933501,3.917446,5.358555,8.350998,16.136002,22.512615,50.471462
1984-12-16,48.638818,Validation,-0.442209,-0.081315,0.317927,1.219302,2.178690,2.903503,3.910647,5.954266,10.960756,15.058016,32.296108
1984-12-17,30.278469,Validation,-0.409490,-0.055176,0.296162,1.125578,1.931945,2.587882,3.424119,5.162189,8.929836,11.829543,24.655674
1984-12-18,23.836242,Validation,-0.462182,-0.142736,0.127260,0.825219,1.470271,1.984615,2.675260,4.131360,7.181643,9.536907,20.120962
1984-12-19,20.293017,Validation,-0.498496,-0.226793,-0.021288,0.505394,0.967808,1.369392,1.856982,2.975968,5.183651,6.780423,14.423639
1984-12-20,18.199293,Validation,-0.510679,-0.258608,-0.078121,0.385919,0.775846,1.124976,1.544525,2.529896,4.451828,5.831411,12.528704
1984-12-21,17.071903,Validation,-0.524713,-0.296221,-0.119196,0.298051,0.645660,0.956249,1.332555,2.232410,4.053220,5.425765,11.800089
1984-12-22,15.622402,Validation,-0.530341,-0.310539,-0.142154,0.249787,0.568153,0.859842,1.201832,2.049420,3.754573,5.029431,11.042223
1984-12-23,14.333956,Validation,-0.531907,-0.308477,-0.160062,0.217935,0.508764,0.789735,1.101945,1.910828,3.457606,4.546211,10.098182
1984-12-24,13.206566,Validation,-0.534960,-0.318465,-0.184643,0.158681,0.418852,0.677951,0.954373,1.694997,3.102911,4.077085,9.239762
1984-12-25,13.045511,Validation,-0.524268,-0.320659,-0.210875,0.066956,0.278631,0.500358,0.718390,1.337702,2.493537,3.277887,7.739628
1984-12-26,11.918121,Validation,-0.508915,-0.315236,-0.220794,0.008673,0.192210,0.387940,0.566835,1.099295,2.075662,2.731023,6.704106
1984-12-27,11.918121,Validation,-0.491035,-0.302918,-0.222356,-0.029953,0.124816,0.296696,0.444245,0.908782,1.741134,2.285452,5.825239
1984-12-28,11.918121,Test,-0.493352,-0.302927,-0.222006,-0.024222,0.120926,0.288982,0.434463,0.901618,1.748238,2.306952,5.851876
1984-12-29,10.951787,Test,-0.494876,-0.306489,-0.222443,-0.025865,0.115881,0.281338,0.422926,0.887890,1.743968,2.325177,5.892678
1984-12-30,10.790731,Test,-0.501206,-0.313893,-0.228055,-0.030563,0.125924,0.301026,0.445735,0.920304,1.793722,2.373363,6.024307
1984-12-31,9.824397,Test,-0.468480,-0.292776,-0.217693,-0.069867,0.068402,0.222154,0.332933,0.730642,1.436108,1.900384,5.102530
1985-01-01,9.824397,Training,-0.476136,-0.292493,-0.219093,-0.055573,0.077906,0.232588,0.349410,0.764946,1.509914,1.991265,5.253666
1985-01-02,9.824397,Training,-0.486419,-0.308921,-0.227805,-0.062310,0.087982,0.254316,0.373567,0.803507,1.583698,2.111940,5.553957
1985-01-03,9.824397,Training,-0.466786,-0.279375,-0.225237,-0.066497,0.065758,0.205214,0.321667,0.713164,1.425063,1.911232,5.181090
1985-01-04,12.079177,Training,-0.781674,-0.552512,-0.385375,0.061429,0.786368,1.401204,2.130972,4.698673,14.149857,20.870590,59.873333
1985-01-05,65.549665,Training,-0.323281,0.628955,1.319829,5.174014,13.570972,17.216055,26.120625,55.214600,128.261841,159.423615,346.054352
1985-01-06,44.129258,Training,-0.401918,0.394594,1.009098,3.670424,8.071804,10.847404,14.677189,27.517237,60.563911,79.574783,181.006790
1985-01-07,28.990024,Training,-0.541588,-0.164124,0.205254,1.025239,2.122631,3.073272,3.879536,6.866274,14.791017,20.574804,46.508720
1985-01-08,23.030963,Training,-0.503400,-0.265210,-0.025894,0.356147,0.897794,1.381305,1.748936,2.954403,5.867239,8.454406,20.353640
1985-01-09,19.487738,Training,-0.480529,-0.248620,-0.038576,0.357522,0.847754,1.289236,1.671971,2.747069,5.066086,7.114568,17.248325
1985-01-10,17.877181,Training,-0.497865,-0.267683,-0.061719,0.300065,0.752399,1.139484,1.490466,2.491049,4.606281,6.418179,14.578786
1985-01-11,17.071903,Training,-0.488720,-0.275632,-0.097440,0.243378,0.640544,1.001165,1.318261,2.204756,3.974996,5.479054,13.003209
1985-01-12,17.071903,Training,-0.493971,-0.288362,-0.125322,0.201277,0.563837,0.900460,1.195755,2.021605,3.632364,4.982452,12.041780
1985-01-13,24.641520,Training,-0.551312,-0.258369,-0.105417,0.577039,1.567809,2.417490,3.598099,5.870400,13.080337,20.349556,57.527836
1985-01-14,43.968203,Training,-0.528980,-0.112238,0.255249,1.275773,2.869642,4.200232,5.449389,9.094666,20.117382,29.792568,81.525841
1985-01-15,32.533249,Training,-0.483493,-0.191655,0.057674,0.653391,1.395275,2.053976,2.680418,4.397434,8.753514,12.796803,35.699390
1985-01-16,26.735244,Training,-0.116004,0.420254,1.083405,2.345944,4.126767,5.612432,7.013995,10.114149,17.999975,25.429665,65.755951
1985-01-17,190.367823,Training,1.991407,4.730761,6.482747,17.269514,31.093992,37.640610,49.974533,74.295403,114.758972,147.939957,288.509460
1985-01-18,73.924561,Training,2.932397,6.072328,8.618141,19.416548,30.978523,39.511261,47.201447,66.391060,98.276680,122.481499,249.867462
1985-01-19,47.994595,Training,2.941537,5.893016,7.808091,18.660807,30.009079,36.770325,45.410587,63.899548,95.059738,120.691811,235.956589
1985-01-20,285.551734,Training,6.678057,12.160397,17.201515,44.431801,77.583252,92.323761,118.703751,176.457932,257.656708,330.205353,594.240356
1985-01-21,613.139003,Training,14.179583,26.199858,37.138424,96.489540,151.367798,187.902267,223.878845,316.833801,451.775970,578.559814,992.343933
1985-01-22,201.319610,Training,15.021361,23.983759,30.577181,72.203789,110.808418,130.546082,156.807465,209.951080,289.249298,370.207825,643.558838
1985-01-23,73.119282,Training,8.907597,15.414764,18.584442,42.604652,62.342876,75.058418,86.185890,115.495056,160.208130,200.011093,387.329895
1985-01-24,25.929966,Training,2.801476,5.127725,7.365356,14.620728,21.634161,28.523909,31.791851,43.772472,65.603043,80.117340,183.612503
1985-01-25,16.588736,Training,1.488322,3.235159,4.594285,9.581050,14.237904,18.225891,21.900097,29.928301,47.566906,59.147823,134.342285
1985-01-26,45.739815,Training,1.876561,3.971281,5.379262,12.183396,18.270746,22.974670,28.427746,39.031139,60.977062,76.140877,164.541016
1985-01-27,22.547796,Training,0.685925,1.818457,3.040859,6.122454,9.545731,12.763103,15.243591,21.279547,35.181351,44.624531,104.493523
1985-01-28,14.495012,Training,0.398937,1.276639,2.211112,4.418325,6.652949,8.798120,10.709476,14.681110,23.800280,29.501841,68.033386
1985-01-29,10.307564,Training,0.278210,1.034786,1.805879,3.645832,5.404362,7.002159,8.608882,11.651354,18.404942,22.538568,51.234474
1985-01-30,8.052784,Training,0.115330,0.749662,1.404641,2.931986,4.405322,5.669099,7.015191,9.569901,15.071897,18.601831,41.545841
1985-01-31,6.764339,Training,0.068645,0.640157,1.282114,2.684043,4.125257,5.244567,6.519474,8.864743,14.095119,17.677292,39.640167
1985-02-01,6.442228,Training,-0.443165,-0.176578,0.138123,0.755776,1.358058,1.857772,2.406241,3.820349,6.650831,8.967773,18.708954
1985-02-02,5.959060,Training,-0.457000,-0.187818,0.087869,0.677617,1.205147,1.674426,2.160797,3.469544,5.909923,7.779529,16.206530
1985-02-03,5.636949,Training,-0.471477,-0.214575,0.055819,0.621193,1.121905,1.566904,2.022777,3.275854,5.606946,7.405070,15.477903
1985-02-04,4.992726,Training,-0.491174,-0.254297,0.014752,0.544256,1.022869,1.437272,1.864331,3.058115,5.363038,7.222469,15.250766
1985-02-05,4.992726,Training,-0.527504,-0.313122,-0.085852,0.363268,0.753535,1.099291,1.450759,2.481152,4.501053,6.169199,13.287691
1985-02-06,4.509559,Training,-0.541969,-0.333273,-0.101357,0.348473,0.743920,1.091151,1.439380,2.482078,4.617991,6.445704,14.122246
1985-02-07,4.670615,Training,-0.627531,-0.429656,-0.245132,0.183086,0.565302,0.918810,1.315790,2.438249,5.170809,7.873180,18.652330
1985-02-08,4.992726,Training,-0.738756,-0.507600,-0.303060,0.231532,0.834209,1.395475,1.948843,3.829648,9.292706,14.167011,36.904064
1985-02-09,197.937440,Training,-0.623571,-0.137468,0.540551,2.641323,7.145914,9.574174,13.761153,30.767860,74.612823,104.311554,248.011993
1985-02-10,57.496881,Training,-0.548942,-0.010357,0.667271,2.737885,6.942943,8.998489,12.686553,26.099329,58.106396,83.196411,198.804001
1985-02-11,26.091021,Training,-0.694290,-0.414555,0.031082,0.931856,2.765354,3.693784,5.199188,11.357166,27.023003,41.828156,105.213425
1985-02-12,17.394014,Training,-0.665995,-0.384693,0.013202,0.799870,1.980841,2.782808,3.802542,7.419168,17.095922,25.948135,63.222511
1985-02-13,12.079177,Training,-0.648883,-0.384659,-0.087234,0.533275,1.306035,1.890432,2.620611,4.872964,10.788626,16.416983,38.274269
1985-02-14,8.858063,Training,-0.600384,-0.363321,-0.106656,0.385905,0.899330,1.337951,1.821566,3.283078,6.753465,9.953766,22.366810
1985-02-15,7.569617,Training,-0.553829,-0.326510,-0.106302,0.332394,0.744479,1.113332,1.509901,2.666369,5.097397,7.245158,15.809813
1985-02-16,6.764339,Training,-0.612331,-0.370748,-0.152362,0.392145,0.947312,1.406173,2.006579,3.622696,7.351384,11.001810,24.827499
1985-02-17,12.401288,Training,-0.678678,-0.326040,-0.021817,1.021405,2.385143,3.609865,5.047226,9.671758,21.746485,30.988768,74.125305
1985-02-18,11.434954,Training,-0.606681,-0.128187,0.223938,1.648141,3.551046,5.246691,6.994624,12.994120,27.956902,37.930237,89.184662
1985-02-19,8.858063,Training,-0.520201,0.038364,0.469138,2.183745,4.367311,6.283215,8.248412,14.729491,29.941603,40.488567,92.654427
1985-02-20,154.935572,Training,2.983934,8.091431,11.856806,36.326286,65.390610,85.840385,104.257256,167.400452,247.504517,294.549469,539.065674
1985-02-21,134.803611,Training,7.498426,13.702453,17.038139,41.821396,66.486450,81.631645,96.897713,132.898117,182.425140,225.414795,400.151001
1985-02-22,38.009142,Training,3.337348,6.308812,8.840549,18.890997,27.737389,36.627071,41.848106,57.430252,81.244446,98.032669,198.439697
1985-02-23,19.165627,Training,1.677937,3.334503,5.053984,10.055999,14.413443,19.111090,22.207802,29.716175,43.628353,53.121124,114.156509
1985-02-24,12.562344,Training,0.757337,1.769402,2.902738,5.585267,8.139771,10.512436,12.685703,16.617958,25.067699,30.933762,67.212723
1985-02-25,9.824397,Training,0.100357,0.805669,1.553501,3.463245,5.411152,6.920396,8.870068,12.244790,19.613689,25.809818,56.308868
1985-02-26,43.807147,Training,-0.256046,0.365070,1.000591,3.016341,5.204487,7.019789,9.468552,14.699583,26.405680,36.641674,81.189003
1985-02-27,46.061927,Training,-0.132851,0.647119,1.453880,4.104788,6.966421,9.510667,12.236749,18.960394,33.318459,44.725323,101.012253
1985-02-28,19.165627,Training,-0.216049,0.429263,1.181788,3.347929,5.770944,7.828615,10.221989,15.790413,28.156652,38.873196,88.283081
1985-03-01,12.079177,Training,-0.237034,0.333268,0.976232,2.667262,4.374732,5.930026,7.553498,11.370014,19.542059,26.373341,58.567852
1985-03-02,8.535951,Training,-0.316036,0.124426,0.628282,1.786686,2.927525,3.988829,5.025189,7.579466,12.773900,16.944265,36.831818
1985-03-03,6.764339,Training,-0.346029,0.036709,0.470458,1.422349,2.341304,3.171899,3.999785,6.056408,10.019084,13.200219,28.300243
1985-03-04,5.798005,Training,-0.414739,-0.095369,0.249873,0.986607,1.681962,2.314045,2.931294,4.559314,7.561607,9.930559,21.014673
1985-03-05,4.831671,Training,-0.441846,-0.149497,0.156669,0.797492,1.398072,1.948736,2.467783,3.891727,6.469768,8.456398,17.902603
1985-03-06,4.348504,Training,-0.455601,-0.174285,0.119869,0.734728,1.293728,1.812827,2.300414,3.664358,6.133580,8.030302,17.037878
1985-03-07,3.704281,Training,-0.503325,-0.257382,-0.003987,0.516995,0.964276,1.390727,1.793538,2.982372,5.176810,6.945500,14.804543
1985-03-08,3.382169,Training,-0.535431,-0.320056,-0.096289,0.341020,0.703061,1.054595,1.381910,2.405023,4.365422,6.052979,13.087494
1985-03-09,3.221114,Training,-0.550789,-0.349006,-0.155005,0.224156,0.523967,0.824058,1.093626,1.979968,3.711916,5.225227,11.547845
1985-03-10,3.060058,Training,-0.560483,-0.379367,-0.191963,0.131270,0.391306,0.655409,0.871531,1.650100,3.264235,4.727284,10.783549
1985-03-11,3.060058,Training,-0.527506,-0.345558,-0.212464,0.038357,0.222962,0.427133,0.580659,1.172988,2.314297,3.293845,7.806867
1985-03-12,2.737947,Training,-0.490627,-0.310313,-0.208804,-0.011888,0.131918,0.297362,0.410472,0.884246,1.748756,2.461567,6.133791
1985-03-13,2.415835,Training,-0.487477,-0.299434,-0.209438,-0.011166,0.129096,0.296483,0.408218,0.874181,1.693130,2.313632,5.786084
1985-03-14,2.254780,Training,-0.490207,-0.301648,-0.210247,-0.008194,0.131360,0.299650,0.411211,0.881197,1.713511,2.351259,5.857380
1985-03-15,2.254780,Training,-0.507046,-0.317957,-0.214191,0.009268,0.159933,0.340910,0.462722,0.972193,1.904773,2.647924,6.455414
1985-03-16,2.254780,Training,-0.494163,-0.306704,-0.210939,-0.005235,0.133127,0.301041,0.409626,0.881851,1.745620,2.435283,6.050461
1985-03-17,2.093724,Training,-0.459182,-0.272367,-0.197296,-0.031016,0.085122,0.228843,0.313970,0.711377,1.406743,1.935075,5.041334
1985-03-18,1.932668,Training,-0.442175,-0.258838,-0.186282,-0.035836,0.072648,0.204595,0.281163,0.651838,1.296866,1.804055,4.778974
1985-03-19,1.932668,Training,-0.403351,-0.225426,-0.163477,-0.046877,0.053258,0.160436,0.224483,0.539667,1.070896,1.511621,4.204722
1985-03-20,1.932668,Training,-0.395107,-0.214610,-0.155853,-0.047008,0.049668,0.154566,0.214760,0.517167,1.012274,1.405969,3.974821
1985-03-21,2.093724,Training,-0.402940,-0.231891,-0.162056,-0.067281,0.035021,0.134915,0.181824,0.476609,1.021561,1.504835,4.455684
1985-03-22,2.254780,Training,-0.411499,-0.239220,-0.161697,-0.062940,0.039539,0.147483,0.195051,0.497748,1.065135,1.555299,4.533929
1985-03-23,2.254780,Training,-0.406047,-0.227556,-0.159932,-0.046624,0.051560,0.163038,0.221033,0.532966,1.068960,1.504824,4.227927
1985-03-24,2.254780,Training,-0.405103,-0.224965,-0.160444,-0.045563,0.050278,0.161096,0.220603,0.533740,1.062359,1.488213,4.165057
1985-03-25,2.254780,Training,-0.399856,-0.223885,-0.158008,-0.052480,0.045420,0.149441,0.205988,0.509519,1.041635,1.497733,4.264972
1985-03-26,2.254780,Training,-0.397688,-0.216725,-0.154841,-0.043628,0.049517,0.157636,0.216825,0.523352,1.033540,1.446547,4.058526
1985-03-27,2.093724,Training,-0.393087,-0.214639,-0.151021,-0.045724,0.045838,0.150835,0.206526,0.505764,1.012340,1.434419,4.057347
1985-03-28,1.932668,Training,-0.390067,-0.208258,-0.149805,-0.041965,0.046760,0.151664,0.209047,0.507415,0.996094,1.389622,3.916520
1985-03-29,1.771613,Training,-0.389560,-0.206377,-0.149890,-0.040634,0.046206,0.151439,0.208133,0.506386,0.993566,1.381028,3.892131
1985-03-30,1.771613,Training,-0.386491,-0.204494,-0.146512,-0.040420,0.045519,0.148681,0.203084,0.496975,0.982796,1.379244,3.899732
1985-03-31,1.610557,Training,-0.385241,-0.204048,-0.144741,-0.040966,0.044232,0.146113,0.197836,0.488109,0.976259,1.381170,3.925343
1985-04-01,1.610557,Training,-0.383614,-0.206696,-0.142227,-0.058201,0.023357,0.118717,0.156521,0.427949,0.918560,1.331593,3.987330
1985-04-02,1.449501,Training,-0.381429,-0.204394,-0.140433,-0.063138,0.015166,0.106978,0.140749,0.403181,0.882843,1.284842,3.926565
1985-04-03,1.288446,Training,-0.387752,-0.202164,-0.139723,-0.079670,-0.016451,0.066949,0.090526,0.325733,0.763882,1.126949,3.667754
1985-04-04,1.288446,Training,-0.372423,-0.195316,-0.140910,-0.058030,0.021960,0.107655,0.145664,0.403529,0.862652,1.271801,3.869971
1985-04-05,1.288446,Training,-0.376876,-0.193830,-0.141008,-0.047840,0.033937,0.124567,0.166648,0.431076,0.894033,1.309193,3.887518
1985-04-06,1.288446,Training,-0.381304,-0.197419,-0.145870,-0.057702,0.020196,0.106826,0.135981,0.389436,0.866824,1.321174,4.135612
1985-04-07,1.127390,Training,-0.392849,-0.209617,-0.154964,-0.057574,0.026753,0.117356,0.145439,0.406756,0.910605,1.412468,4.408469
1985-04-08,1.127390,Training,-0.429380,-0.241957,-0.183104,-0.054893,0.042774,0.152344,0.178130,0.476452,1.088185,1.729061,5.279678
1985-04-09,1.127390,Training,-0.426740,-0.227371,-0.165953,-0.030449,0.072828,0.192148,0.235596,0.550364,1.145262,1.686667,4.894685
1985-04-10,0.966334,Training,-0.425892,-0.227831,-0.174730,-0.024389,0.084790,0.205046,0.252199,0.583430,1.203803,1.807633,5.118751
1985-04-11,1.127390,Training,-0.434638,-0.243266,-0.164195,-0.041516,0.052320,0.177193,0.200481,0.513680,1.156647,1.763621,5.284854
1985-04-12,1.127390,Training,-0.422814,-0.224430,-0.149315,-0.057188,0.007267,0.113239,0.121332,0.381839,0.924232,1.450278,4.685025
1985-04-13,0.966334,Training,-0.408553,-0.208491,-0.140013,-0.057557,0.000350,0.096660,0.108646,0.352015,0.838519,1.295126,4.204725
1985-04-14,0.805278,Training,-0.377454,-0.182111,-0.124037,-0.049476,0.010757,0.097018,0.117149,0.356069,0.805998,1.215641,3.903316
1985-04-15,0.644223,Training,-0.350467,-0.149591,-0.101655,-0.044442,0.006905,0.077819,0.100950,0.310306,0.684499,1.024277,3.407359
1985-04-16,0.483167,Training,-0.345815,-0.128758,-0.088143,-0.043418,-0.004960,0.054383,0.078408,0.254582,0.564310,0.845821,2.966487
1985-04-17,0.161056,Training,-0.321142,-0.112452,-0.074471,-0.038342,0.002458,0.055735,0.082837,0.254678,0.542737,0.810617,2.858349
1985-04-18,0.161056,Training,-0.312700,-0.100632,-0.066945,-0.036412,0.001151,0.047825,0.076173,0.235178,0.495326,0.744257,2.693155
1985-04-19,0.000000,Training,-0.306010,-0.089867,-0.060161,-0.033750,0.001336,0.041362,0.071268,0.217630,0.452320,0.688531,2.559929
1985-04-20,0.000000,Training,-0.332634,-0.078112,0.011176,0.217311,0.270389,0.361722,0.368206,0.572502,0.946725,1.464153,3.865736
1985-04-21,0.000000,Training,-0.420127,-0.149730,-0.097274,0.051145,0.185343,0.306534,0.343821,0.664156,1.343503,1.972665,6.138648
1985-04-22,0.000000,Training,-0.357761,-0.120059,-0.078983,0.044155,0.147490,0.244817,0.287341,0.566113,1.048118,1.580045,4.595754
1985-04-23,0.000000,Training,-0.365400,-0.028556,0.001285,0.316153,0.492663,0.719291,0.720474,1.236859,2.323118,3.282385,7.842717
1985-04-24,0.000000,Training,-0.315884,0.284797,0.302628,1.010275,1.547806,2.054717,2.080864,3.549993,7.033577,9.399442,21.533560
1985-04-25,0.483167,Training,-0.197803,0.562379,0.612019,1.598204,2.381936,3.024205,3.070329,5.168772,10.085165,13.655309,29.360331
1985-04-26,0.322111,Training,-0.185290,0.516250,0.565928,1.385996,2.074492,2.574894,2.671320,4.721879,9.353941,13.121857,30.707054
1985-04-27,0.966334,Training,-0.285415,0.187786,0.273785,0.692867,1.022839,1.290186,1.360391,2.354705,4.586767,6.549763,16.328444
1985-04-28,0.966334,Training,-0.279364,0.065756,0.143689,0.369118,0.543452,0.704111,0.772269,1.293651,2.392592,3.419651,8.600995
1985-04-29,0.805278,Training,-0.334863,-0.056026,0.027256,0.182095,0.282151,0.410681,0.448318,0.817105,1.642485,2.430650,6.718090
1985-04-30,0.805278,Training,-0.364451,-0.086987,-0.021891,0.123735,0.169572,0.277567,0.300000,0.578984,1.199987,1.849814,5.402890
1985-05-01,0.644223,Training,-0.375102,-0.115606,-0.062053,0.087077,0.130865,0.235095,0.260323,0.537585,1.147140,1.785293,5.241626
1985-05-02,0.483167,Training,-0.344735,-0.103774,-0.087574,0.076354,0.125862,0.209383,0.240945,0.506626,1.057229,1.707859,5.088023
1985-05-03,0.483167,Training,-0.378405,-0.127051,-0.088175,0.061595,0.118085,0.209293,0.231961,0.501957,1.088844,1.713164,5.237828
1985-05-04,0.644223,Training,-0.368541,-0.123480,-0.081630,0.051630,0.089253,0.180073,0.194980,0.438556,0.959522,1.519387,4.716085
1985-05-05,0.322111,Training,-0.361666,-0.134828,-0.096283,0.044071,0.098238,0.194629,0.232067,0.498376,1.028905,1.557791,4.494125
1985-05-06,0.161056,Training,-0.357853,-0.125783,-0.117327,0.041734,0.098853,0.185579,0.242366,0.503950,0.984404,1.470706,4.159011
1985-05-07,0.000000,Training,-0.387735,-0.154245,-0.120380,0.037803,0.092315,0.197968,0.240673,0.522013,1.078950,1.605399,4.521044
1985-05-08,0.000000,Training,-0.433949,-0.204637,-0.148541,0.035819,0.092197,0.217126,0.249305,0.566128,1.262962,1.954392,5.423693
1985-05-09,0.000000,Training,-0.423137,-0.184347,-0.137472,0.013940,0.040186,0.141599,0.142612,0.389521,0.922154,1.488694,4.524415
1985-05-10,0.000000,Training,-0.423570,-0.180811,-0.137591,0.012716,0.033715,0.131695,0.130630,0.365643,0.876438,1.421480,4.345940
1985-05-11,0.000000,Training,-0.410409,-0.176624,-0.137481,0.006076,0.033738,0.129247,0.133018,0.371881,0.885096,1.404210,4.268060
1985-05-12,0.000000,Training,-0.357925,-0.127769,-0.108331,-0.005603,0.018463,0.087265,0.096541,0.283877,0.661914,1.037917,3.404069
1985-05-13,0.000000,Training,-0.318869,-0.098634,-0.079381,-0.007264,0.019513,0.076792,0.093720,0.257475,0.560942,0.857960,2.897986
1985-05-14,0.000000,Training,-0.294623,-0.077152,-0.061190,-0.006889,0.021577,0.064847,0.089248,0.230089,0.468673,0.720512,2.531584
1985-05-15,0.000000,Training,-0.285628,-0.070010,-0.051158,-0.011172,0.018975,0.053321,0.080179,0.206169,0.406870,0.631895,2.313056
1985-05-16,0.000000,Training,-0.281296,-0.067724,-0.040818,-0.017038,0.012522,0.041478,0.065366,0.179952,0.360571,0.564543,2.183398
1985-05-17,0.000000,Training,-0.288239,-0.066047,-0.039236,-0.024948,-0.001584,0.018266,0.038021,0.135914,0.291818,0.477055,2.044940
1985-05-18,0.000000,Training,-0.306016,-0.069168,-0.043966,-0.028537,-0.015171,0.001066,0.017505,0.100457,0.233121,0.405324,1.896261
1985-05-19,0.000000,Training,-0.299843,-0.069462,-0.051656,-0.026220,-0.007447,0.010990,0.027584,0.120721,0.276375,0.473041,2.064035
1985-05-20,0.000000,Training,-0.313096,-0.076631,-0.061573,-0.021432,-0.012800,0.018272,0.023926,0.127325,0.318318,0.536833,2.242790
1985-05-21,0.000000,Training,-0.288484,-0.065006,-0.040472,-0.026841,-0.006861,0.011648,0.029012,0.121586,0.272172,0.451986,1.990442
1985-05-22,0.000000,Training,-0.285027,-0.061285,-0.039291,-0.025775,-0.003572,0.011135,0.031464,0.120644,0.263855,0.443151,1.957703
1985-05-23,0.000000,Training,-0.292565,-0.067823,-0.050787,-0.024755,-0.000464,0.018699,0.039720,0.136579,0.296579,0.493262,2.071891
1985-05-24,0.000000,Training,-0.289594,-0.065133,-0.045032,-0.019893,0.000411,0.025862,0.041634,0.141815,0.315871,0.515050,2.134432
1985-05-25,0.000000,Training,-0.282955,-0.062278,-0.034323,-0.024693,0.000545,0.016815,0.038960,0.129261,0.272320,0.447712,1.947901
1985-05-26,0.000000,Training,-0.299219,-0.076900,-0.057001,-0.015523,0.003997,0.016934,0.036613,0.109024,0.229294,0.458619,2.021846
1985-05-27,0.000000,Training,-0.335966,-0.095679,-0.059089,-0.027668,0.005715,0.028870,0.044502,0.131815,0.296775,0.521678,2.282352
1985-05-28,0.000000,Training,-0.329113,-0.090382,-0.052719,-0.027137,-0.002727,0.019829,0.035245,0.118314,0.267040,0.474696,2.130450
1985-05-29,0.000000,Training,-0.323475,-0.088341,-0.056185,-0.031402,-0.011109,0.010394,0.023173,0.109939,0.260228,0.459389,2.078607
1985-05-30,0.000000,Training,-0.338660,-0.095158,-0.082260,-0.029630,-0.020932,-0.004164,0.007274,0.078054,0.196658,0.424194,2.016602
1985-05-31,0.000000,Training,-0.343733,-0.096975,-0.066639,-0.030747,-0.012652,0.012512,0.022943,0.111559,0.272254,0.483860,2.183065
1985-06-01,0.000000,Training,-0.330959,-0.086223,-0.067905,-0.025984,-0.004719,0.014730,0.031530,0.118508,0.273507,0.498159,2.188123
1985-06-02,0.000000,Training,-0.325471,-0.080868,-0.058328,-0.028180,-0.010142,0.006452,0.022311,0.104845,0.248062,0.449228,2.055511
1985-06-03,0.000000,Training,-0.308128,-0.068343,-0.041321,-0.024101,-0.006296,0.007133,0.026438,0.105672,0.235306,0.417106,1.940758
1985-06-04,0.000000,Training,-0.297742,-0.059081,-0.033486,-0.022368,-0.005871,0.002856,0.023830,0.096778,0.213032,0.385289,1.849669
1985-06-05,0.000000,Training,-0.303846,-0.056136,-0.036215,-0.023623,-0.012214,-0.007835,0.013908,0.077858,0.177768,0.341108,1.743784
1985-06-06,0.000000,Training,-0.301256,-0.052065,-0.038986,-0.022790,-0.012321,-0.009811,0.012073,0.074092,0.173410,0.341955,1.753109
1985-06-07,0.000000,Training,-0.302066,-0.054316,-0.033328,-0.024152,-0.015184,-0.010640,0.009514,0.071865,0.168125,0.324919,1.702525
1985-06-08,0.000000,Training,-0.309577,-0.057419,-0.036901,-0.025627,-0.021190,-0.015633,0.002914,0.062800,0.155088,0.306267,1.654239
1985-06-09,0.000000,Training,-0.327642,-0.062022,-0.044893,-0.025932,-0.030489,-0.024393,-0.009539,0.041589,0.122207,0.264602,1.553206
1985-06-10,0.000000,Training,-0.331561,-0.060623,-0.046656,-0.023955,-0.033207,-0.026806,-0.013939,0.033149,0.109533,0.249493,1.518468
1985-06-11,0.000000,Training,-0.338648,-0.064464,-0.047309,-0.025927,-0.035094,-0.030556,-0.017191,0.026399,0.091989,0.222851,1.442327
1985-06-12,0.000000,Training,-0.328172,-0.059203,-0.043329,-0.025668,-0.033393,-0.029475,-0.015377,0.029354,0.099272,0.233685,1.473564
1985-06-13,0.000000,Training,-0.306863,-0.043139,-0.036029,-0.018369,-0.029627,-0.025876,-0.014008,0.028560,0.105585,0.252857,1.544170
1985-06-14,0.000000,Training,-0.299321,-0.047763,-0.025663,-0.026162,-0.022476,-0.024976,-0.004029,0.042681,0.109557,0.243160,1.485266
1985-06-15,0.000000,Training,-0.329440,-0.060435,-0.050066,-0.031805,-0.032189,-0.038121,-0.016577,0.020263,0.072258,0.211790,1.418519
1985-06-16,0.000000,Training,-0.335510,-0.060562,-0.047926,-0.029080,-0.030767,-0.034284,-0.015275,0.021067,0.076673,0.214663,1.435674
1985-06-17,0.000000,Training,-0.334930,-0.053163,-0.039723,-0.017798,-0.032258,-0.032226,-0.021001,0.004722,0.049810,0.180766,1.365153
1985-06-18,0.000000,Training,-0.376169,-0.090007,-0.080744,-0.032364,-0.044013,-0.043215,-0.028154,-0.005775,0.028217,0.182274,1.360194
1985-06-19,0.000000,Training,-0.353798,-0.075500,-0.057492,-0.029883,-0.028862,-0.025282,-0.010795,0.026905,0.100724,0.260507,1.609828
1985-06-20,0.000000,Training,-0.340467,-0.071305,-0.043581,-0.027770,-0.024544,-0.022056,-0.004461,0.034875,0.101839,0.250421,1.548097
1985-06-21,0.000000,Training,-0.337299,-0.067172,-0.040916,-0.028981,-0.030027,-0.030753,-0.013477,0.022786,0.079293,0.212542,1.429832
1985-06-22,0.000000,Training,-0.312666,-0.053811,-0.028520,-0.026123,-0.022937,-0.026501,-0.005746,0.034041,0.094601,0.230065,1.468656
1985-06-23,0.000000,Training,-0.314941,-0.050987,-0.028117,-0.024275,-0.025312,-0.029608,-0.009602,0.025616,0.078591,0.208007,1.413411
1985-06-24,0.000000,Training,-0.316712,-0.049185,-0.028479,-0.023015,-0.027583,-0.032076,-0.013260,0.018480,0.066937,0.192848,1.378584
1985-06-25,0.000000,Training,-0.318778,-0.051303,-0.029395,-0.024603,-0.027351,-0.032230,-0.012033,0.021229,0.070059,0.194384,1.376076
1985-06-26,0.000000,Training,-0.333687,-0.056899,-0.035088,-0.023462,-0.031773,-0.034522,-0.017691,0.011676,0.053700,0.172397,1.321497
1985-06-27,0.000000,Training,-0.351132,-0.063249,-0.042380,-0.020097,-0.034563,-0.034900,-0.022167,0.002915,0.036855,0.152414,1.273490
1985-06-28,0.000000,Training,-0.332519,-0.056937,-0.035347,-0.024247,-0.031670,-0.034063,-0.016939,0.013615,0.059005,0.179397,1.344664
1985-06-29,0.000000,Training,-0.333066,-0.057205,-0.035483,-0.024157,-0.031793,-0.033933,-0.016997,0.013552,0.058821,0.178832,1.342688
1985-06-30,0.000000,Training,-0.319099,-0.051223,-0.029103,-0.024600,-0.028451,-0.032271,-0.012741,0.020583,0.070163,0.192371,1.373852
1985-07-01,0.000000,Test,-0.321957,-0.051947,-0.029872,-0.024252,-0.029536,-0.033084,-0.014260,0.017635,0.065114,0.185530,1.356801
1985-07-02,0.000000,Test,-0.298122,-0.041022,-0.021329,-0.023290,-0.021050,-0.027865,-0.004829,0.031739,0.088541,0.218920,1.442937
1985-07-03,0.000000,Test,-0.292141,-0.034390,-0.016473,-0.018992,-0.021715,-0.028332,-0.008174,0.023205,0.075477,0.204211,1.418788
1985-07-04,0.000000,Test,-0.319068,-0.048578,-0.028236,-0.022927,-0.029964,-0.034015,-0.015960,0.012390,0.058216,0.178213,1.348697
1985-07-05,0.000000,Test,-0.342820,-0.059659,-0.038494,-0.022217,-0.034643,-0.035741,-0.021617,0.003343,0.042370,0.157203,1.292694
1985-07-06,0.000000,Test,-0.327056,-0.045928,-0.031515,-0.017233,-0.033217,-0.036759,-0.023507,-0.005543,0.031376,0.149960,1.298506
1985-07-07,0.000000,Test,-0.339358,-0.061389,-0.037707,-0.027785,-0.034697,-0.037786,-0.020520,0.006668,0.049646,0.166044,1.321121
1985-07-08,0.000000,Test,-0.337121,-0.062056,-0.036365,-0.029050,-0.033856,-0.036808,-0.018445,0.011316,0.057186,0.173655,1.335919
1985-07-09,0.000000,Test,-0.331710,-0.060174,-0.034031,-0.029587,-0.032439,-0.035844,-0.016173,0.015368,0.064337,0.182272,1.357370
1985-07-10,0.000000,Test,-0.338164,-0.062549,-0.036470,-0.029107,-0.033934,-0.036689,-0.018232,0.011474,0.057486,0.173306,1.335658
1985-07-11,0.000000,Test,-0.327928,-0.058746,-0.032148,-0.029863,-0.031354,-0.035084,-0.014416,0.018203,0.069360,0.188048,1.372849
1985-07-12,0.000000,Test,-0.323506,-0.057184,-0.030192,-0.029996,-0.029922,-0.033966,-0.012356,0.021717,0.075317,0.195410,1.391306
1985-07-13,0.000000,Test,-0.324949,-0.057668,-0.030674,-0.029984,-0.030401,-0.034148,-0.012717,0.021021,0.074340,0.193616,1.387273
1985-07-14,0.000000,Test,-0.329986,-0.060266,-0.033002,-0.030402,-0.031552,-0.034411,-0.013472,0.020217,0.073548,0.191742,1.382685
1985-07-15,0.000000,Test,-0.335391,-0.062701,-0.035355,-0.030528,-0.032698,-0.034820,-0.014557,0.018469,0.070933,0.188008,1.374533
1985-07-16,0.000000,Test,-0.333259,-0.061907,-0.034218,-0.030878,-0.032056,-0.034666,-0.013685,0.019698,0.072989,0.190563,1.382139
1985-07-17,0.000000,Test,-0.338709,-0.064255,-0.036402,-0.030800,-0.033077,-0.035013,-0.014809,0.017617,0.069581,0.185934,1.371905
1985-07-18,0.000000,Test,-0.336872,-0.063555,-0.035390,-0.031090,-0.032522,-0.034789,-0.013939,0.018857,0.071763,0.188539,1.379482
1985-07-19,0.000000,Test,-0.332781,-0.062158,-0.033532,-0.031508,-0.031292,-0.033992,-0.012027,0.022088,0.077380,0.195473,1.397141
1985-07-20,0.000000,Test,-0.343576,-0.065758,-0.037574,-0.030368,-0.033649,-0.035386,-0.015682,0.014598,0.064516,0.179443,1.360990
1985-07-21,0.000000,Test,-0.341027,-0.065782,-0.036655,-0.031504,-0.032772,-0.034537,-0.013636,0.018788,0.072351,0.188511,1.383400
1985-07-22,0.000000,Test,-0.348701,-0.069371,-0.040010,-0.031030,-0.033737,-0.034106,-0.014462,0.017297,0.070256,0.185683,1.378851
1985-07-23,0.000000,Test,-0.354746,-0.072183,-0.042449,-0.030494,-0.034199,-0.033556,-0.014749,0.016465,0.068706,0.183609,1.375400
1985-07-24,0.000000,Test,-0.351226,-0.071093,-0.041002,-0.031580,-0.033494,-0.033348,-0.013306,0.019090,0.074134,0.190261,1.393958
1985-07-25,0.000000,Test,-0.340380,-0.066972,-0.036392,-0.032870,-0.031297,-0.032417,-0.009844,0.025398,0.085479,0.204291,1.428578
1985-07-26,0.000000,Test,-0.321271,-0.059135,-0.027679,-0.032674,-0.025800,-0.029163,-0.003026,0.036599,0.102649,0.226336,1.479127
1985-07-27,0.000000,Test,-0.318855,-0.058072,-0.026138,-0.032494,-0.024912,-0.028428,-0.001693,0.038492,0.105168,0.228696,1.483028
1985-07-28,0.000000,Test,-0.308934,-0.053862,-0.021498,-0.031592,-0.021103,-0.025497,0.002896,0.045538,0.115653,0.242200,1.514336
1985-07-29,0.000000,Test,-0.328659,-0.062458,-0.037850,-0.037423,-0.026991,-0.032689,-0.002766,0.037028,0.106530,0.236810,1.513332
1985-07-30,0.000000,Test,-0.313214,-0.056171,-0.023066,-0.032288,-0.020716,-0.024658,0.004164,0.047252,0.119368,0.247742,1.533607
1985-07-31,0.000000,Test,-0.321114,-0.060216,-0.026404,-0.033288,-0.023093,-0.026080,0.002404,0.044235,0.115217,0.241033,1.517328
1985-08-01,0.000000,Test,-0.327177,-0.063310,-0.029249,-0.034352,-0.025349,-0.027528,0.000365,0.041419,0.112247,0.236206,1.506778
1985-08-02,0.000000,Test,-0.349615,-0.072692,-0.038437,-0.034142,-0.030151,-0.029466,-0.005019,0.031534,0.096368,0.214176,1.456928
1985-08-03,0.000000,Test,-0.358966,-0.076756,-0.041885,-0.033303,-0.030845,-0.029127,-0.005839,0.028965,0.091442,0.208091,1.446293
1985-08-04,0.000000,Test,-0.375447,-0.084422,-0.047747,-0.030314,-0.030589,-0.026926,-0.005891,0.025986,0.083558,0.199891,1.433139
1985-08-05,0.000000,Test,-0.346954,-0.072654,-0.037455,-0.035849,-0.028052,-0.027658,-0.000671,0.038586,0.110459,0.233227,1.515204
1985-08-06,0.000000,Test,-0.327336,-0.064217,-0.028495,-0.035134,-0.022476,-0.024457,0.006016,0.049404,0.126379,0.254484,1.562239
1985-08-07,0.000000,Test,-0.336670,-0.067971,-0.031803,-0.035567,-0.025468,-0.025935,0.003279,0.044763,0.118862,0.241463,1.526932
1985-08-08,0.000000,Test,-0.336804,-0.068106,-0.031538,-0.035780,-0.025123,-0.025582,0.004212,0.045854,0.120766,0.243390,1.532313
1985-08-09,0.000000,Test,-0.331916,-0.066227,-0.029303,-0.035908,-0.023398,-0.024465,0.006695,0.049812,0.127193,0.251885,1.553558
1985-08-10,0.000000,Test,-0.326988,-0.064234,-0.026910,-0.035779,-0.021448,-0.023086,0.009379,0.053872,0.133422,0.260120,1.573398
1985-08-11,0.000000,Test,-0.322870,-0.062461,-0.024670,-0.035511,-0.019655,-0.021813,0.011777,0.057214,0.138270,0.266448,1.588389
1985-08-12,0.000000,Test,-0.328701,-0.065176,-0.026833,-0.036291,-0.020943,-0.022507,0.010979,0.055337,0.135911,0.262496,1.580748
1985-08-13,0.000000,Test,-0.335720,-0.068404,-0.029465,-0.037032,-0.022390,-0.023264,0.009866,0.052735,0.132504,0.257390,1.571645
1985-08-14,0.000000,Test,-0.341050,-0.070997,-0.031571,-0.037556,-0.023114,-0.023336,0.009661,0.051773,0.131922,0.256348,1.573010
1985-08-15,0.000000,Test,-0.347731,-0.073976,-0.034192,-0.037768,-0.023923,-0.023392,0.009152,0.049783,0.129794,0.253823,1.572585
1985-08-16,0.000000,Test,-0.331028,-0.064586,-0.027350,-0.036317,-0.020903,-0.022546,0.011715,0.052925,0.135888,0.265796,1.608806
1985-08-17,0.000000,Test,-0.332962,-0.068358,-0.027586,-0.038480,-0.019656,-0.021182,0.014964,0.059313,0.145343,0.274916,1.624291
1985-08-18,0.000000,Test,-0.339779,-0.071746,-0.030472,-0.039265,-0.020862,-0.021237,0.014650,0.058349,0.145315,0.273864,1.625305
1985-08-19,0.000000,Test,-0.345208,-0.074613,-0.032850,-0.039964,-0.021456,-0.021015,0.014912,0.058277,0.146679,0.275281,1.633448
1985-08-20,0.000000,Test,-0.349872,-0.077307,-0.035027,-0.040669,-0.021705,-0.020464,0.015690,0.059220,0.149770,0.279118,1.647616
1985-08-21,0.000000,Test,-0.350904,-0.078185,-0.035580,-0.041312,-0.021379,-0.019974,0.016902,0.060894,0.153584,0.284216,1.663635
1985-08-22,0.000000,Test,-0.365923,-0.085915,-0.041210,-0.041404,-0.021969,-0.019034,0.017172,0.058798,0.150545,0.280220,1.662624
1985-08-23,0.000000,Test,-0.351344,-0.078912,-0.035740,-0.042484,-0.020470,-0.019285,0.019265,0.063716,0.159937,0.293232,1.693287
1985-08-24,0.000000,Test,-0.319364,-0.063667,-0.022039,-0.039322,-0.011686,-0.014474,0.027928,0.077976,0.179466,0.323366,1.759914
1985-08-25,0.000000,Test,-0.311107,-0.059813,-0.018527,-0.038178,-0.008548,-0.011747,0.031728,0.083906,0.188523,0.335499,1.786852
1985-08-26,0.000000,Test,-0.320751,-0.064774,-0.022933,-0.040380,-0.011744,-0.013764,0.029793,0.080728,0.185826,0.330326,1.778235
1985-08-27,0.000000,Test,-0.332807,-0.070961,-0.028519,-0.042918,-0.015276,-0.015941,0.027335,0.076527,0.182194,0.323990,1.769666
1985-08-28,0.000000,Test,-0.333056,-0.071423,-0.029096,-0.043774,-0.015350,-0.016076,0.027801,0.077277,0.184721,0.327756,1.782950
1985-08-29,0.000000,Test,-0.340002,-0.075246,-0.032631,-0.045454,-0.017003,-0.016844,0.027035,0.075898,0.185098,0.327786,1.789829
1985-08-30,0.000000,Test,-0.343105,-0.077262,-0.034622,-0.046568,-0.017513,-0.016748,0.027531,0.076751,0.188733,0.332622,1.807262
1985-08-31,0.000000,Test,-0.347935,-0.080198,-0.037352,-0.047886,-0.018293,-0.016761,0.027831,0.077175,0.191901,0.336619,1.823421
1985-09-01,0.000000,Test,-0.357126,-0.085358,-0.041729,-0.049379,-0.019379,-0.016726,0.027963,0.076608,0.193729,0.338552,1.836988
1985-09-02,0.000000,Test,-0.360765,-0.087791,-0.043906,-0.050497,-0.019621,-0.016497,0.028756,0.077678,0.197662,0.343958,1.857024
1985-09-03,0.000000,Test,-0.363754,-0.089856,-0.045662,-0.051529,-0.019754,-0.016415,0.029428,0.078349,0.200644,0.348344,1.874539
1985-09-04,0.000000,Test,-0.361575,-0.089340,-0.045769,-0.052491,-0.019707,-0.016359,0.030279,0.080551,0.206301,0.356367,1.897665
1985-09-05,0.000000,Test,-0.348559,-0.083473,-0.041645,-0.052489,-0.018108,-0.015768,0.032296,0.086003,0.215717,0.370563,1.929189
1985-09-06,0.000000,Test,-0.345069,-0.082419,-0.041054,-0.052966,-0.017445,-0.015190,0.033737,0.089105,0.221808,0.379030,1.950418
1985-09-07,0.000000,Test,-0.336293,-0.078209,-0.042803,-0.054561,-0.015009,-0.015439,0.036749,0.095403,0.234040,0.401657,2.012606
1985-09-08,0.000000,Test,-0.336842,-0.079861,-0.039835,-0.053619,-0.014874,-0.013045,0.037857,0.097441,0.237584,0.402669,2.012778
1985-09-09,0.000000,Test,-0.343806,-0.084096,-0.044726,-0.056147,-0.016662,-0.014193,0.037678,0.097521,0.241324,0.407045,2.030087
1985-09-10,0.000000,Test,-0.345812,-0.086107,-0.046144,-0.057523,-0.017675,-0.014737,0.037287,0.097573,0.243583,0.409730,2.040837
1985-09-11,0.000000,Test,-0.341987,-0.084646,-0.044484,-0.057479,-0.017179,-0.014597,0.037796,0.098666,0.245071,0.411825,2.045586
1985-09-12,0.000000,Test,-0.367953,-0.098426,-0.070663,-0.069791,-0.026211,-0.025698,0.030969,0.089942,0.244301,0.421999,2.109935
1985-09-13,0.000000,Test,-0.373315,-0.101140,-0.066361,-0.066219,-0.022601,-0.018153,0.036696,0.097263,0.258401,0.434430,2.146133
1985-09-14,0.000000,Test,-0.371769,-0.102619,-0.060286,-0.063257,-0.020147,-0.012673,0.040750,0.102863,0.265672,0.438875,2.151140
1985-09-15,0.000000,Test,-0.377895,-0.107805,-0.064698,-0.065456,-0.021432,-0.012898,0.040966,0.104029,0.272442,0.448012,2.184196
1985-09-16,0.000000,Test,-0.357979,-0.098168,-0.058256,-0.064339,-0.020037,-0.012737,0.042045,0.109924,0.280311,0.460600,2.201659
1985-09-17,0.000000,Test,-0.343752,-0.090552,-0.058440,-0.064790,-0.016765,-0.012761,0.045259,0.117421,0.291874,0.483075,2.257837
1985-09-18,0.000000,Test,-0.340217,-0.089836,-0.052452,-0.062225,-0.015905,-0.009243,0.047013,0.120720,0.294960,0.480636,2.238752
1985-09-19,0.000000,Test,-0.357733,-0.103743,-0.084294,-0.079613,-0.027423,-0.024777,0.038104,0.112163,0.295254,0.506417,2.357602
1985-09-20,0.000000,Test,-0.344187,-0.095658,-0.058379,-0.064320,-0.013138,-0.003967,0.053611,0.133864,0.325885,0.528984,2.386925
1985-09-21,0.000000,Test,-0.348470,-0.098204,-0.065841,-0.067947,-0.014461,-0.006662,0.054495,0.135668,0.331987,0.539944,2.419919
1985-09-22,0.000000,Test,-0.354324,-0.104683,-0.065496,-0.069046,-0.017836,-0.005990,0.052468,0.135175,0.334739,0.537354,2.410778
1985-09-23,0.000000,Test,-0.359452,-0.105008,-0.069480,-0.070790,-0.020920,-0.009404,0.050277,0.131631,0.329512,0.526004,2.378297
1985-09-24,0.000000,Test,-0.349091,-0.100425,-0.064800,-0.069225,-0.019899,-0.008147,0.050963,0.134686,0.332002,0.528331,2.372223
1985-09-25,0.000000,Test,-0.350263,-0.099620,-0.066405,-0.069767,-0.022414,-0.010406,0.048194,0.130402,0.327078,0.521192,2.355747
1985-09-26,0.000000,Test,-0.352833,-0.101528,-0.066948,-0.070461,-0.022633,-0.010047,0.049330,0.132800,0.329298,0.518187,2.339977
1985-09-27,0.000000,Test,-0.348735,-0.099761,-0.066237,-0.070248,-0.022378,-0.009570,0.049971,0.135060,0.332995,0.523098,2.348634
1985-09-28,0.000000,Test,-0.345386,-0.098794,-0.065674,-0.070161,-0.021845,-0.008662,0.051206,0.138302,0.338218,0.529521,2.360556
1985-09-29,0.000000,Test,-0.357544,-0.104900,-0.072514,-0.072688,-0.025427,-0.009688,0.049845,0.136786,0.342675,0.532322,2.376120
1985-09-30,0.000000,Test,-0.346042,-0.098940,-0.072552,-0.071827,-0.026061,-0.009947,0.047852,0.136209,0.349876,0.555236,2.446467
1985-10-01,0.000000,Validation,-0.336796,-0.095333,-0.063850,-0.069961,-0.021149,-0.007963,0.052036,0.141160,0.344269,0.539281,2.383609
1985-10-02,0.000000,Validation,-0.329166,-0.093122,-0.059292,-0.068471,-0.016720,-0.004270,0.057343,0.149929,0.352416,0.546123,2.385777
1985-10-03,0.000000,Validation,-0.322188,-0.090512,-0.057034,-0.067172,-0.014000,-0.001346,0.060673,0.155911,0.361547,0.558887,2.413386
1985-10-04,0.000000,Validation,-0.328015,-0.093362,-0.060554,-0.069299,-0.017381,-0.003885,0.058281,0.152823,0.359624,0.555170,2.407022
1985-10-05,0.000000,Validation,-0.319464,-0.089475,-0.058902,-0.068175,-0.015546,-0.002196,0.059605,0.155518,0.366264,0.569229,2.445424
1985-10-06,0.000000,Validation,-0.319364,-0.091003,-0.059481,-0.068478,-0.014713,-0.000113,0.062296,0.161474,0.376198,0.579524,2.464304
1985-10-07,0.000000,Validation,-0.330207,-0.096385,-0.072005,-0.073421,-0.024242,-0.005725,0.053785,0.152331,0.382074,0.599343,2.544708
1985-10-08,0.000000,Validation,-0.321860,-0.090539,-0.056647,-0.068899,-0.016519,-0.003857,0.059225,0.153643,0.357340,0.548985,2.381301
1985-10-09,0.000000,Validation,-0.316448,-0.088024,-0.055802,-0.068388,-0.015880,-0.003105,0.059508,0.154831,0.360825,0.556783,2.402598
1985-10-10,0.000000,Validation,-0.321569,-0.090895,-0.055911,-0.068989,-0.016537,-0.003206,0.060235,0.155851,0.359215,0.547874,2.371264
1985-10-11,0.000000,Validation,-0.324398,-0.092480,-0.057732,-0.070003,-0.018183,-0.003859,0.059546,0.155456,0.360475,0.548508,2.373280
1985-10-12,0.000000,Validation,-0.322032,-0.091804,-0.056411,-0.069660,-0.017242,-0.002883,0.060897,0.157945,0.362774,0.550315,2.371989
1985-10-13,0.000000,Validation,-0.317885,-0.090317,-0.055004,-0.068904,-0.015636,-0.001067,0.063011,0.161866,0.368287,0.557768,2.386689
1985-10-14,0.000000,Validation,-0.319191,-0.091270,-0.055805,-0.069425,-0.016459,-0.001092,0.063114,0.162642,0.370250,0.558925,2.387491
1985-10-15,0.000000,Validation,-0.322151,-0.092803,-0.057318,-0.070415,-0.018083,-0.001920,0.062373,0.161939,0.370349,0.557371,2.382435
1985-10-16,0.000000,Validation,-0.319369,-0.091839,-0.056329,-0.070060,-0.017304,-0.000987,0.063507,0.164158,0.373286,0.561289,2.388788
1985-10-17,0.000000,Validation,-0.312617,-0.089226,-0.053722,-0.068544,-0.014355,0.001939,0.066792,0.169758,0.380724,0.571846,2.409919
1985-10-18,0.000000,Validation,-0.306891,-0.086565,-0.051319,-0.067107,-0.011915,0.004085,0.069266,0.173421,0.385291,0.578567,2.422475
1985-10-19,0.000000,Validation,-0.302339,-0.084642,-0.049549,-0.065816,-0.009648,0.006401,0.071965,0.177542,0.391065,0.586415,2.437939
1985-10-20,0.000000,Validation,-0.305828,-0.086362,-0.051339,-0.067242,-0.012304,0.004445,0.069944,0.175155,0.388374,0.581359,2.424536
1985-10-21,0.000000,Validation,-0.301269,-0.084636,-0.049559,-0.065986,-0.009924,0.006917,0.072756,0.179557,0.394431,0.589631,2.440557
1985-10-22,0.000000,Validation,-0.300879,-0.084642,-0.049735,-0.066137,-0.010179,0.007148,0.073013,0.180514,0.395988,0.590803,2.441427
1985-10-23,0.000000,Validation,-0.297124,-0.083294,-0.048286,-0.064930,-0.008042,0.009558,0.075700,0.184742,0.402019,0.598752,2.456544
1985-10-24,0.000000,Validation,-0.299169,-0.084355,-0.049323,-0.065888,-0.009976,0.008281,0.074239,0.183261,0.400159,0.594895,2.445953
1985-10-25,0.000000,Validation,-0.298843,-0.084346,-0.049225,-0.065896,-0.010166,0.008626,0.074540,0.184075,0.401315,0.595492,2.445709
1985-10-26,0.000000,Validation,-0.292204,-0.081760,-0.046715,-0.063600,-0.005896,0.013043,0.079394,0.191280,0.411396,0.609185,2.473610
1985-10-27,0.000000,Validation,-0.287857,-0.080065,-0.045228,-0.061768,-0.002781,0.016575,0.083221,0.197034,0.419774,0.619966,2.494411
1985-10-28,0.000000,Validation,-0.287060,-0.079983,-0.045256,-0.061406,-0.002217,0.017845,0.084610,0.199612,0.423995,0.624529,2.503468
1985-10-29,0.000000,Validation,-0.285744,-0.079995,-0.045263,-0.060855,-0.001000,0.019829,0.086805,0.203460,0.430182,0.631874,2.517690
1985-10-30,0.000000,Validation,-0.284788,-0.079900,-0.048706,-0.060230,0.002808,0.023678,0.092381,0.212245,0.445854,0.655075,2.573534
1985-10-31,0.000000,Validation,-0.286829,-0.082244,-0.057093,-0.060288,0.007704,0.028895,0.100359,0.225327,0.469818,0.695087,2.672448
1985-11-01,0.000000,Validation,-0.282717,-0.081968,-0.047088,-0.054941,0.011699,0.037204,0.105966,0.233315,0.479703,0.700044,2.664962
1985-11-02,0.000000,Validation,-0.303088,-0.126068,-0.105991,-0.100643,-0.022222,0.005438,0.085998,0.219252,0.509895,0.839140,3.260726
1985-11-03,0.000000,Validation,-0.381670,-0.161195,-0.120870,-0.084150,0.012924,0.062647,0.141831,0.308382,0.727372,1.108062,4.106040
1985-11-04,0.000000,Validation,-0.502128,-0.259843,-0.209923,-0.122118,0.064606,0.184036,0.337170,0.702085,1.920294,3.045980,11.898237
1985-11-05,0.000000,Validation,-0.587040,-0.274062,-0.231469,-0.077641,0.117236,0.282640,0.457883,0.925545,2.427995,3.528359,13.042130
1985-11-06,0.000000,Validation,-0.484507,-0.204323,-0.113504,-0.000045,0.152838,0.312544,0.457094,0.853322,2.017838,2.843925,9.424256
1985-11-07,0.000000,Validation,-0.450894,-0.218344,-0.142766,-0.068397,0.055077,0.176499,0.292276,0.593726,1.434117,2.077921,6.781106
1985-11-08,0.000000,Validation,-0.402710,-0.181868,-0.122742,-0.071618,0.026076,0.118735,0.223350,0.465694,1.072467,1.543872,5.071199
1985-11-09,0.000000,Validation,-0.366799,-0.150297,-0.105719,-0.066024,0.018929,0.094338,0.195651,0.411033,0.904697,1.284265,4.267848
1985-11-10,0.000000,Validation,-0.354022,-0.139565,-0.101291,-0.068361,0.007371,0.075637,0.173387,0.373574,0.807463,1.135721,3.832937
1985-11-11,0.000000,Validation,-0.379389,-0.176571,-0.170668,-0.119281,-0.037842,0.024896,0.126414,0.334195,0.795272,1.194307,4.162796
1985-11-12,0.000000,Validation,-0.343071,-0.137924,-0.103164,-0.042379,0.050924,0.125606,0.231608,0.456868,0.912234,1.291556,4.044014
1985-11-13,0.000000,Validation,-0.323522,-0.121390,-0.095357,-0.022949,0.063802,0.139110,0.250572,0.481374,0.888426,1.225572,3.715803
1985-11-14,0.000000,Validation,-0.389491,-0.187071,-0.177937,-0.061605,0.049310,0.138449,0.267651,0.549329,1.094977,1.590688,4.742257
1985-11-15,0.000000,Validation,-0.425886,-0.214680,-0.164527,-0.056284,0.061377,0.171924,0.288531,0.584661,1.258095,1.824176,5.559456
1985-11-16,0.000000,Validation,-0.395176,-0.190229,-0.145530,-0.036250,0.074690,0.182751,0.307111,0.604844,1.209960,1.705386,4.962177
1985-11-17,0.000000,Validation,-0.414741,-0.213083,-0.165976,-0.049812,0.060947,0.173369,0.297009,0.607904,1.250092,1.771631,5.134382
1985-11-18,0.000000,Validation,-0.416787,-0.215426,-0.172421,-0.046149,0.063282,0.179652,0.308615,0.632779,1.274119,1.777224,5.030451
1985-11-19,0.000000,Validation,-0.401482,-0.200062,-0.163854,-0.041902,0.061096,0.172802,0.297820,0.611547,1.193751,1.630602,4.626296
1985-11-20,0.000000,Validation,-0.422272,-0.219112,-0.183549,-0.043584,0.063568,0.185054,0.315850,0.653178,1.287277,1.753768,4.891386
1985-11-21,0.000000,Validation,-0.403711,-0.205550,-0.172217,-0.053180,0.047471,0.161294,0.278226,0.587152,1.148821,1.547963,4.436123
1985-11-22,0.000000,Validation,-0.400608,-0.201597,-0.169604,-0.052178,0.044683,0.154345,0.267864,0.569989,1.127445,1.530594,4.405518
1985-11-23,0.000000,Validation,-0.390895,-0.196047,-0.162398,-0.058504,0.035828,0.141959,0.244755,0.532287,1.051430,1.420308,4.159334
1985-11-24,0.000000,Validation,-0.366368,-0.173638,-0.138739,-0.053782,0.036429,0.127257,0.223762,0.485328,0.939333,1.267354,3.795004
1985-11-25,0.000000,Validation,-0.545274,-0.350987,-0.308977,-0.159448,0.016649,0.184509,0.325254,0.794958,2.118658,3.267826,10.173265
1985-11-26,0.000000,Validation,-0.731761,-0.495477,-0.377625,-0.099025,0.294252,0.627338,0.956680,2.097252,6.041058,8.928603,28.354395
1985-11-27,0.000000,Validation,-0.620736,-0.389419,-0.265722,-0.007347,0.261887,0.535678,0.772924,1.583807,3.919828,5.650156,15.551023
1985-11-28,0.000000,Validation,-0.563062,-0.343927,-0.227034,0.026783,0.275971,0.528420,0.766542,1.462779,3.191789,4.458232,11.351873
1985-11-29,0.000000,Validation,-0.594879,-0.375810,-0.228079,0.120484,0.406363,0.694516,1.025904,1.886094,3.891808,5.470940,12.841225
1985-11-30,0.000000,Validation,-0.566330,-0.369308,-0.231429,0.042106,0.276350,0.509517,0.769529,1.455270,3.074227,4.364937,10.570605
1985-12-01,0.000000,Validation,-0.566371,-0.380237,-0.237939,0.015138,0.231802,0.454591,0.684019,1.326924,2.877259,4.070362,10.088748
1985-12-02,0.000000,Validation,-0.565560,-0.381242,-0.236937,0.022142,0.239107,0.463116,0.692019,1.337092,2.873082,4.040516,9.950061
1985-12-03,0.000000,Validation,-0.524560,-0.342104,-0.232109,-0.027559,0.143410,0.328543,0.508592,1.027294,2.169197,3.004080,7.672879
1985-12-04,0.000000,Validation,-0.512826,-0.330051,-0.228709,-0.031437,0.130702,0.307644,0.478522,0.972085,2.017911,2.770242,7.100802
1985-12-05,0.000000,Validation,-0.614288,-0.453360,-0.357740,-0.134516,0.078690,0.290889,0.526197,1.176013,2.845079,4.348619,11.745638
1985-12-06,0.000000,Validation,-0.626112,-0.425476,-0.298546,-0.003052,0.235065,0.512027,0.763119,1.511426,3.409447,4.853813,12.698387
1985-12-07,0.000000,Validation,-0.805922,-0.618586,-0.472291,-0.086706,0.547607,1.104437,1.799158,4.100359,11.543856,17.229593,45.082455
1985-12-08,0.000000,Validation,-0.671979,-0.202179,0.152971,1.790381,5.126187,7.188737,11.018699,23.264763,57.003185,76.220818,180.411942
1985-12-09,0.000000,Validation,-0.612956,-0.220737,0.163425,1.205792,2.751754,4.098571,5.607099,9.935943,22.093546,30.025469,70.052216
1985-12-10,0.000000,Validation,-0.597688,-0.303687,-0.041894,0.518545,1.216057,1.826237,2.475128,4.241523,8.950597,12.561631,28.948515
1985-12-11,0.000000,Validation,-0.663962,-0.384890,-0.174982,0.388296,1.035859,1.531012,2.271212,4.070035,9.044083,13.385609,31.246241
1985-12-12,0.000000,Validation,-0.595909,-0.330121,-0.117395,0.366897,0.848933,1.277930,1.809679,3.130320,6.441040,9.024629,20.394939
1985-12-13,0.000000,Validation,-0.557415,-0.306604,-0.118039,0.311989,0.716578,1.082791,1.530646,2.617110,5.134364,7.050750,15.762810
1985-12-14,0.000000,Validation,-0.554039,-0.315463,-0.147404,0.253878,0.608077,0.938156,1.331492,2.308709,4.434245,6.026882,13.522153
1985-12-15,0.000000,Validation,-0.537328,-0.314191,-0.174943,0.164946,0.446239,0.719907,1.041431,1.848587,3.536015,4.781261,10.853435
1985-12-16,0.000000,Validation,-0.530542,-0.311755,-0.184052,0.138145,0.398887,0.658306,0.953197,1.705181,3.227862,4.318307,9.876032
1985-12-17,0.000000,Validation,-0.528249,-0.314101,-0.193744,0.114244,0.357156,0.603137,0.876413,1.585706,2.993393,3.989366,9.200442
1985-12-18,0.000000,Validation,-0.526679,-0.317009,-0.202270,0.091874,0.318262,0.551597,0.805106,1.477436,2.797374,3.728036,8.683012
1985-12-19,0.000000,Validation,-0.526712,-0.322228,-0.210272,0.070965,0.281904,0.502574,0.738198,1.378721,2.638973,3.541147,8.327898
1985-12-20,0.000000,Validation,-0.531851,-0.326638,-0.216553,0.066702,0.278055,0.500297,0.730621,1.371340,2.619189,3.492012,8.249069
1985-12-21,0.000000,Validation,-0.565168,-0.356992,-0.246802,0.071987,0.309502,0.541177,0.806076,1.513905,2.980318,4.110086,9.762329
1985-12-22,0.000000,Validation,-0.745828,-0.540029,-0.387788,0.025787,0.510194,0.973854,1.532943,3.083884,7.951943,12.125779,31.981899
1985-12-23,0.000000,Validation,-0.756315,-0.472440,-0.228103,0.520541,1.483607,2.352501,3.396992,6.460810,15.763344,22.273102,57.681259
1985-12-24,0.000000,Validation,-0.729685,-0.511067,-0.270036,0.228758,0.822534,1.312231,1.910564,3.721985,9.182296,14.002014,35.797112
1985-12-25,0.000000,Validation,-0.687096,-0.464671,-0.231206,0.263306,0.778108,1.209875,1.748968,3.233278,7.485957,11.377833,27.670813
1985-12-26,0.000000,Validation,-0.624797,-0.394733,-0.204012,0.246865,0.637627,1.003193,1.433916,2.592503,5.462935,7.890086,18.185949
1985-12-27,0.000000,Validation,-0.725946,-0.348909,0.049697,1.441196,4.476679,6.196989,10.717518,22.692806,56.751591,80.615837,195.139694
1985-12-28,11.434954,Validation,0.597294,2.679806,3.882151,13.602088,29.163704,36.641438,54.800488,97.728806,179.645920,218.234177,456.290741
1985-12-29,6.603283,Validation,1.115676,3.576196,4.832331,14.242813,25.770147,33.054218,43.414040,68.188828,117.941505,146.119919,312.621185
1985-12-30,2.576891,Validation,-0.257726,0.376766,1.077866,2.888192,5.434825,7.748393,9.519691,15.121032,28.616442,38.900112,89.719017
1985-12-31,1.449501,Validation,-0.457418,-0.016552,0.431217,1.478813,2.698955,3.748423,4.877868,7.827250,14.941424,20.301353,43.819813
1986-01-01,1.449501,Training,-0.466481,-0.119341,0.300092,1.152005,2.109564,2.843344,3.813377,5.972644,11.294101,15.797298,33.947571
1986-01-02,1.127390,Training,-0.502414,-0.167630,0.134265,0.915953,1.705364,2.295415,3.173186,5.060882,9.392456,13.125693,28.344166
1986-01-03,1.127390,Training,-0.476915,-0.153480,0.139349,0.853100,1.533582,2.125916,2.803485,4.438214,7.840069,10.404381,22.029957
1986-01-04,0.644223,Training,-0.462325,-0.161158,0.115908,0.754832,1.383128,1.934634,2.512290,3.948253,6.787614,8.903941,18.854046
1986-01-05,0.322111,Training,-0.466496,-0.146545,0.121960,0.833701,1.472188,2.011264,2.663350,4.186592,7.204630,9.477147,20.180220
1986-01-06,0.322111,Training,-0.458925,-0.165535,0.104535,0.728253,1.324019,1.843900,2.382847,3.739784,6.322653,8.205408,17.416759
1986-01-07,1.127390,Training,-0.600313,-0.294022,-0.080789,0.659176,1.380904,2.043780,2.950660,4.997536,10.088229,14.312884,33.115398
1986-01-08,3.221114,Training,-0.599229,-0.197478,0.173689,1.351120,2.627681,3.788774,5.229893,8.783040,18.103247,25.415804,60.684566
1986-01-09,3.221114,Training,-0.574377,-0.255864,0.076345,0.889249,1.696576,2.434290,3.303297,5.535769,11.073856,15.731383,35.335838
1986-01-10,2.576891,Training,-0.541875,-0.258315,0.024824,0.670761,1.271796,1.832860,2.432998,4.021489,7.495966,10.236011,22.448109
1986-01-11,2.093724,Training,-0.520975,-0.255125,-0.007784,0.549481,1.058786,1.525243,2.017214,3.330796,5.995561,8.032769,17.350660
1986-01-12,1.449501,Training,-0.516348,-0.262775,-0.032456,0.487664,0.934049,1.348233,1.793208,2.988298,5.339528,7.122329,15.186060
1986-01-13,1.127390,Training,-0.524442,-0.286042,-0.084025,0.373518,0.754686,1.117409,1.493397,2.541038,4.555251,6.040508,12.971091
1986-01-14,1.127390,Training,-0.528089,-0.296275,-0.104949,0.326062,0.684301,1.028913,1.371512,2.356744,4.223269,5.570591,12.056955
1986-01-15,0.644223,Training,-0.537651,-0.322739,-0.161658,0.201494,0.494741,0.789067,1.064249,1.906220,3.487769,4.624053,10.252020
1986-01-16,0.322111,Training,-0.535955,-0.335746,-0.200831,0.105975,0.330576,0.570305,0.789851,1.499018,2.839132,3.834587,8.723830
1986-01-17,0.322111,Training,-0.502144,-0.312625,-0.214372,0.010805,0.172462,0.357115,0.509134,1.043177,2.004676,2.687638,6.512365
1986-01-18,0.322111,Training,-0.503342,-0.313623,-0.217531,0.004431,0.170452,0.357810,0.508110,1.037627,1.978704,2.627968,6.400996
1986-01-19,0.161056,Training,-0.504916,-0.314609,-0.217510,0.007806,0.172517,0.359721,0.510025,1.041825,1.988489,2.646783,6.423701
1986-01-20,0.161056,Training,-0.514769,-0.324537,-0.219396,0.016193,0.198278,0.399015,0.556748,1.115767,2.119455,2.819695,6.778691
1986-01-21,0.000000,Training,-0.508700,-0.320375,-0.243738,-0.021525,0.142595,0.314823,0.467044,0.977786,1.926596,2.651874,6.641059
1986-01-22,0.322111,Training,-0.519254,-0.330426,-0.231789,-0.023076,0.146354,0.337843,0.472339,0.983871,1.971719,2.684905,6.804114
1986-01-23,0.161056,Training,-0.516446,-0.328441,-0.226082,-0.007615,0.158551,0.348227,0.488065,1.015740,2.030351,2.774343,6.884381
1986-01-24,0.000000,Training,-0.515182,-0.329736,-0.225215,-0.005250,0.156794,0.340608,0.479271,1.007102,2.010677,2.762131,6.813053
1986-01-25,0.000000,Training,-0.521376,-0.331579,-0.224339,0.012247,0.188136,0.385855,0.536835,1.096913,2.146167,2.903830,7.026706
1986-01-26,0.000000,Training,-0.473188,-0.296075,-0.212355,-0.048634,0.096965,0.257309,0.364975,0.795546,1.546928,2.070533,5.355028
1986-01-27,0.000000,Training,-0.447993,-0.275238,-0.198521,-0.060782,0.072277,0.217684,0.311536,0.697986,1.349940,1.797115,4.782115
1986-01-28,0.000000,Training,-0.439091,-0.272371,-0.194877,-0.070813,0.062475,0.205327,0.292089,0.661371,1.276965,1.705250,4.613501
1986-01-29,0.000000,Training,-0.456430,-0.272543,-0.211101,-0.050006,0.084318,0.223146,0.329513,0.730859,1.425866,1.929101,5.102121
1986-01-30,0.000000,Training,-0.488822,-0.301912,-0.229210,-0.060855,0.100742,0.259220,0.371275,0.800221,1.618564,2.230095,5.943505
1986-01-31,0.000000,Training,-0.489915,-0.327713,-0.228021,-0.089415,0.092713,0.274344,0.370520,0.790352,1.608555,2.265244,6.249217
1986-02-01,0.000000,Training,-0.505056,-0.325548,-0.230472,-0.062510,0.120762,0.299007,0.412943,0.874714,1.789048,2.498624,6.560093
1986-02-02,0.000000,Training,-0.505015,-0.339470,-0.232352,-0.067988,0.125119,0.319679,0.432724,0.904192,1.813472,2.547763,6.734253
1986-02-03,0.000000,Training,-0.500700,-0.323821,-0.227003,-0.054740,0.130815,0.312865,0.431161,0.903109,1.803959,2.509609,6.482010
1986-02-04,0.000000,Training,-0.502644,-0.318131,-0.222357,-0.038175,0.140311,0.320730,0.443636,0.929489,1.859288,2.566405,6.525215
1986-02-05,0.000000,Training,-0.496345,-0.317689,-0.218150,-0.042584,0.136539,0.318256,0.435339,0.913002,1.817456,2.513227,6.413896
1986-02-06,0.000000,Training,-0.495773,-0.326094,-0.221075,-0.050356,0.137513,0.327617,0.442244,0.919504,1.816871,2.532948,6.537292
1986-02-07,0.000000,Training,-0.538756,-0.346300,-0.255155,-0.028801,0.189745,0.392901,0.553374,1.113724,2.288429,3.254808,8.185742
1986-02-08,0.000000,Training,-0.727338,-0.394606,-0.191543,0.565557,1.665993,2.644291,3.552863,7.170436,19.033588,27.121529,71.796776
1986-02-09,0.000000,Training,-0.664705,-0.271349,0.030693,0.926143,2.509085,3.790139,4.759044,9.118804,22.747498,31.958702,83.156403
1986-02-10,0.000000,Training,-0.613993,-0.334191,-0.060233,0.439674,1.166234,1.807912,2.203799,4.070523,9.226975,13.630510,33.054527
1986-02-11,0.000000,Training,-0.632739,-0.316412,-0.103580,0.477504,1.142389,1.686865,2.194639,4.084093,9.125989,13.427669,31.220747
1986-02-12,0.000000,Training,-0.614968,-0.326788,-0.087402,0.447950,1.008746,1.504624,1.958008,3.576431,7.734255,11.357735,26.101578
1986-02-13,0.000000,Training,-0.632614,-0.198699,0.229442,1.569990,3.823528,5.305459,7.378044,14.938499,35.368031,52.105408,121.208786
1986-02-14,23.836242,Training,0.952361,3.067088,5.910219,17.665524,40.649048,48.582951,67.546196,131.183899,229.396774,304.059967,599.113159
1986-02-15,11.434954,Training,0.345602,1.725657,3.162735,8.581968,16.665890,21.412533,27.134760,47.802826,87.357697,115.580315,245.122238
1986-02-16,6.603283,Training,-0.271120,0.405986,1.229896,3.578207,7.229454,9.303250,12.199016,22.082968,44.393021,64.051956,144.836487
1986-02-17,5.798005,Training,-0.244187,0.578775,1.185512,3.807664,7.261749,9.850326,12.591075,22.368731,45.034496,60.479126,133.285095
1986-02-18,14.011845,Training,-0.405227,0.148925,0.702884,2.228813,4.117026,5.638683,7.151736,12.468921,25.192692,34.866154,76.795509
1986-02-19,10.629675,Training,0.073140,1.338572,2.347147,7.462312,14.326581,18.942499,25.740810,45.941521,89.476341,116.461533,245.867584
1986-02-20,24.963632,Training,1.473041,3.970475,5.860499,16.766562,32.156322,39.378609,51.010571,85.543892,139.888672,180.269821,363.590881
1986-02-21,40.908145,Training,1.236585,3.185083,5.246535,13.848367,26.425884,32.573177,42.062462,70.024155,115.969337,154.330475,322.725616
1986-02-22,17.877181,Training,0.299566,1.335205,2.692191,6.464869,11.055093,14.964973,18.288273,29.356010,51.329224,67.361092,150.890137
1986-02-23,10.629675,Training,-0.178139,0.413023,1.139623,2.803604,4.596819,6.295214,7.803996,12.069183,21.305094,28.445734,62.142742
1986-02-24,8.052784,Training,-0.241600,0.220301,0.819155,2.038641,3.360269,4.498454,5.685574,8.517558,14.609750,19.786915,42.924587
1986-02-25,5.798005,Training,-0.297432,0.099334,0.558431,1.520378,2.484035,3.331477,4.202103,6.296316,10.371312,13.678563,28.823362
1986-02-26,5.153782,Training,-0.401623,-0.089038,0.252674,0.960816,1.640747,2.240453,2.863321,4.450397,7.421426,9.856363,20.459082
1986-02-27,3.865337,Training,-0.491678,-0.228865,0.014797,0.570286,1.073762,1.503666,1.992792,3.265086,5.665916,7.732951,16.397816
1986-02-28,3.221114,Training,-0.556760,-0.321872,-0.095051,0.418048,0.895724,1.288383,1.767379,3.031075,5.680389,8.220352,18.219799
1986-03-01,3.221114,Training,-0.638671,-0.364142,-0.137439,0.512328,1.175540,1.773649,2.467833,4.440611,9.341683,13.839200,32.537888
1986-03-02,2.576891,Training,-0.675850,-0.304323,0.009028,1.110255,2.541870,3.817614,5.137125,9.796108,21.691277,30.583090,74.525169
1986-03-03,46.545094,Training,0.815044,3.224745,5.177041,16.785089,33.571918,43.787872,56.915409,99.242462,164.165207,197.498047,379.387451
1986-03-04,130.132996,Training,4.264811,8.865375,12.221308,33.240620,59.052673,72.951927,89.645317,134.803604,190.745087,236.661865,413.529907
1986-03-05,27.057356,Training,1.381687,3.478230,5.525394,13.714597,24.196667,31.164474,37.869099,59.094955,92.223061,118.862068,242.612869
1986-03-06,14.978179,Training,0.047761,0.858032,1.918199,4.574093,7.647835,10.549897,12.830217,20.064219,34.435768,45.723728,100.058014
1986-03-07,12.240232,Training,-0.076261,0.895472,1.715249,5.184752,9.295434,12.938204,16.742746,27.760448,52.037987,69.329712,147.785721
1986-03-08,9.663341,Training,-0.207458,0.544817,1.332651,3.763824,6.616111,9.218401,11.541970,18.878651,34.266869,45.399330,99.057922
1986-03-09,7.408562,Training,-0.393122,0.049057,0.568440,1.705684,2.957811,4.124013,5.205173,8.369260,15.317274,21.045868,45.481026
1986-03-10,5.798005,Training,-0.465876,-0.130425,0.247072,1.002746,1.789616,2.502255,3.192431,5.183858,9.342187,12.893741,27.581486
1986-03-11,5.153782,Training,-0.499320,-0.228792,0.037948,0.571571,1.084904,1.545691,2.016627,3.350883,5.998889,8.255721,17.553709
1986-03-12,4.509559,Training,-0.515643,-0.276398,-0.075223,0.343169,0.718602,1.068223,1.416389,2.433237,4.380985,5.987208,12.930485
1986-03-13,3.865337,Training,-0.522419,-0.290763,-0.103592,0.300692,0.646417,0.973326,1.299315,2.255115,4.058838,5.541523,12.049623
1986-03-14,3.221114,Training,-0.528115,-0.306377,-0.128777,0.250214,0.562013,0.868193,1.159322,2.046251,3.703588,5.049572,11.083391
1986-03-15,2.576891,Training,-0.536406,-0.329124,-0.152878,0.204265,0.488608,0.770664,1.037820,1.875007,3.470776,4.838296,10.710991
1986-03-16,2.576891,Training,-0.541011,-0.338808,-0.168732,0.173795,0.438628,0.708008,0.953025,1.749166,3.271012,4.575605,10.233212
1986-03-17,2.093724,Training,-0.548254,-0.351809,-0.182641,0.151010,0.406364,0.666603,0.897909,1.670988,3.189259,4.531832,10.252522
1986-03-18,2.093724,Training,-0.555255,-0.357597,-0.205456,0.118229,0.357755,0.602419,0.819512,1.553990,3.021824,4.337064,10.011591
1986-03-19,1.449501,Training,-0.556642,-0.372313,-0.217020,0.068407,0.281644,0.510680,0.685471,1.350848,2.757493,4.057030,9.634939
1986-03-20,1.449501,Training,-0.538409,-0.360694,-0.221093,0.021755,0.199968,0.400521,0.536824,1.109236,2.317070,3.418732,8.342627
1986-03-21,1.127390,Training,-0.528084,-0.358920,-0.228247,-0.025984,0.124480,0.300021,0.398603,0.895099,1.968686,2.941749,7.558747
1986-03-22,1.127390,Training,-0.486308,-0.317854,-0.211206,-0.059204,0.058411,0.201403,0.267245,0.669085,1.503683,2.231066,6.076490
1986-03-23,0.644223,Training,-0.437816,-0.268091,-0.183955,-0.073187,0.023917,0.140318,0.188947,0.518297,1.161489,1.698644,4.888256
1986-03-24,0.644223,Training,-0.409219,-0.236122,-0.164364,-0.052297,0.044492,0.155204,0.214289,0.530845,1.093837,1.561337,4.362150
1986-03-25,0.644223,Training,-0.413859,-0.228876,-0.170129,-0.036341,0.058314,0.176405,0.244471,0.575789,1.134574,1.565614,4.265844
1986-03-26,0.322111,Training,-0.368167,-0.186908,-0.137258,-0.046577,0.035199,0.133915,0.187776,0.460521,0.880192,1.192797,3.463421
1986-03-27,0.322111,Training,-0.361924,-0.184644,-0.128649,-0.044474,0.037520,0.129259,0.180597,0.446359,0.868510,1.217967,3.544930
1986-03-28,0.322111,Training,-0.364895,-0.186304,-0.131727,-0.044046,0.039525,0.130804,0.182914,0.450064,0.878067,1.237828,3.599607
1986-03-29,0.161056,Training,-0.367191,-0.186027,-0.132499,-0.042190,0.039233,0.132741,0.183675,0.452296,0.878633,1.228774,3.571020
1986-03-30,0.161056,Training,-0.364770,-0.187235,-0.128619,-0.047393,0.034517,0.124906,0.170899,0.431652,0.864776,1.234916,3.644797
1986-03-31,0.161056,Training,-0.367106,-0.191073,-0.129727,-0.064924,0.012040,0.096639,0.130418,0.376212,0.815463,1.186017,3.704869
1986-04-01,0.000000,Test,-0.360050,-0.184822,-0.124367,-0.059946,0.017871,0.101138,0.138354,0.381499,0.805403,1.165274,3.602561
1986-04-02,0.000000,Test,-0.371166,-0.191340,-0.148835,-0.038727,0.050324,0.141938,0.198472,0.473977,0.912466,1.318281,3.785143
1986-04-03,0.000000,Test,-0.393106,-0.202768,-0.144408,-0.040521,0.047862,0.151188,0.195883,0.474081,0.954560,1.369812,4.019184
1986-04-04,0.000000,Test,-0.392219,-0.202724,-0.151289,-0.033450,0.062573,0.163949,0.216376,0.506352,1.008651,1.473301,4.218041
1986-04-05,1.127390,Test,-0.419588,-0.002840,0.311233,1.237936,1.554541,2.156461,2.024034,2.829939,5.517535,8.157175,19.180124
1986-04-06,15.944513,Test,-0.334849,0.710587,1.242944,4.363633,9.794972,12.446842,14.865907,29.462778,64.638832,87.674301,182.232635
1986-04-07,8.052784,Test,-0.528628,-0.069945,0.181173,0.994727,1.945635,2.739139,3.098974,5.862049,13.111882,17.926722,42.125515
1986-04-08,5.153782,Test,-0.571134,-0.217522,-0.014867,0.540389,1.172249,1.724729,2.032903,3.744709,8.141860,11.802518,27.274513
1986-04-09,3.865337,Test,-0.538852,-0.284861,-0.123581,0.181806,0.466924,0.756796,0.939475,1.749120,3.640150,5.212321,12.136748
1986-04-10,2.576891,Test,-0.509093,-0.268243,-0.131220,0.161303,0.378775,0.611417,0.789522,1.487764,3.024867,4.355023,10.094233
1986-04-11,2.093724,Test,-0.541049,-0.289220,-0.155095,0.207820,0.465138,0.729471,0.960371,1.777320,3.571643,5.117694,11.784130
1986-04-12,1.449501,Test,-0.529154,-0.292376,-0.160911,0.162569,0.372109,0.618034,0.801031,1.522875,3.070076,4.369458,10.172572
1986-04-13,1.127390,Test,-0.513031,-0.285564,-0.171920,0.118408,0.296674,0.517560,0.673977,1.306849,2.622210,3.699926,8.740575
1986-04-14,1.127390,Test,-0.564173,-0.304153,-0.214328,0.173456,0.418382,0.701208,0.917989,1.699280,3.642335,5.381443,12.800879
1986-04-15,1.127390,Test,-0.614937,-0.352028,-0.209250,0.182687,0.437175,0.760242,0.930403,1.827942,4.072752,6.035607,15.039150
1986-04-16,0.644223,Test,-0.608077,-0.328019,-0.211865,0.209734,0.489819,0.812040,1.000796,1.939133,4.315444,6.552137,15.933458
1986-04-17,0.644223,Test,-0.613041,-0.349911,-0.218443,0.170261,0.423166,0.734827,0.901869,1.756145,3.884631,5.753654,14.254363
1986-04-18,0.644223,Test,-0.563613,-0.322296,-0.194910,0.121964,0.316083,0.573581,0.703879,1.388550,3.004569,4.403106,10.769080
1986-04-19,0.322111,Test,-0.561961,-0.320302,-0.189298,0.163921,0.354319,0.605220,0.757512,1.470948,3.111957,4.662933,11.141292
1986-04-20,0.322111,Test,-0.561113,-0.330673,-0.177881,0.176364,0.365162,0.626361,0.770240,1.497742,3.169822,4.815459,11.407596
1986-04-21,0.322111,Test,-0.540950,-0.308214,-0.199399,0.117172,0.271811,0.479479,0.602043,1.198261,2.577558,3.938307,9.595435
1986-04-22,0.322111,Test,-0.555188,-0.320891,-0.204601,0.120647,0.276127,0.496402,0.610934,1.220981,2.664027,4.107173,10.096888
1986-04-23,0.322111,Test,-0.542554,-0.306456,-0.207689,0.099611,0.241607,0.445235,0.552060,1.110135,2.415882,3.666516,9.079906
1986-04-24,0.161056,Test,-0.557252,-0.286335,-0.206272,0.152740,0.322379,0.586948,0.686156,1.268674,2.861667,4.439939,11.164051
1986-04-25,0.000000,Test,-0.670076,-0.349173,-0.258379,0.177355,0.507853,0.936199,0.992510,2.020994,4.887409,7.226008,19.542236
1986-04-26,0.000000,Test,-0.620183,-0.324459,-0.202725,0.187190,0.432946,0.774896,0.852715,1.704936,3.917345,5.820662,14.986448
1986-04-27,0.000000,Test,-0.528791,-0.291464,-0.182774,0.078540,0.206766,0.415685,0.462783,0.977746,2.185220,3.299845,8.530920
1986-04-28,0.000000,Test,-0.493495,-0.272077,-0.171598,0.060956,0.163550,0.340586,0.384574,0.830016,1.842298,2.826782,7.335726
1986-04-29,0.000000,Test,-0.477962,-0.259100,-0.163498,0.048788,0.130575,0.287951,0.310760,0.715022,1.638106,2.574229,6.938104
1986-04-30,0.000000,Test,-0.451055,-0.216319,-0.143715,0.018507,0.054827,0.172168,0.167811,0.452292,1.074141,1.721050,5.069603
1986-05-01,0.000000,Test,-0.441688,-0.208957,-0.141727,0.015168,0.051087,0.163560,0.162745,0.442192,1.043700,1.657216,4.879645
1986-05-02,0.000000,Test,-0.434155,-0.212098,-0.145959,0.022630,0.073527,0.192077,0.203959,0.517981,1.191738,1.853824,5.257560
1986-05-03,0.000000,Test,-0.363314,-0.152607,-0.114763,0.007515,0.058979,0.151954,0.186918,0.444234,0.911147,1.313590,3.774987
1986-05-04,0.000000,Test,-0.356156,-0.139697,-0.113858,0.012788,0.061015,0.147024,0.184136,0.427846,0.875441,1.284496,3.728953
1986-05-05,0.000000,Test,-0.333345,-0.124416,-0.102864,0.007179,0.046592,0.114752,0.134031,0.321115,0.671605,1.086173,3.474070
1986-05-06,0.000000,Test,-0.376998,-0.156397,-0.106893,-0.012327,0.035249,0.116487,0.119819,0.317528,0.721242,1.135464,3.804427
1986-05-07,0.000000,Test,-0.359814,-0.144396,-0.097274,-0.010501,0.031740,0.108406,0.114502,0.305602,0.687831,1.076802,3.579800
1986-05-08,0.000000,Test,-0.367079,-0.138561,-0.100595,-0.022289,0.000184,0.063847,0.062053,0.224495,0.543179,0.875515,3.144615
1986-05-09,0.000000,Test,-0.391818,-0.126343,-0.101414,-0.008190,-0.009529,0.049207,0.044434,0.174164,0.444413,0.737784,2.753896
1986-05-10,0.000000,Test,-0.388278,-0.113736,-0.095266,-0.007735,-0.015487,0.035169,0.031648,0.143569,0.374567,0.628752,2.463351
1986-05-11,0.000000,Test,-0.381960,-0.103663,-0.090162,-0.005062,-0.017078,0.029484,0.026243,0.129621,0.342197,0.580426,2.330428
1986-05-12,0.000000,Test,-0.378047,-0.098278,-0.088255,-0.000363,-0.015178,0.031526,0.027424,0.128929,0.342133,0.584585,2.334754
1986-05-13,0.000000,Test,-0.339919,-0.080870,-0.066570,-0.017806,-0.021064,0.010643,0.016025,0.107910,0.278120,0.476496,2.078665
1986-05-14,0.000000,Test,-0.284314,-0.062622,-0.036927,-0.025229,-0.005370,0.014157,0.033171,0.129934,0.282396,0.461185,2.008508
1986-05-15,0.000000,Test,-0.300268,-0.064994,-0.038099,-0.029107,-0.015845,-0.000915,0.018672,0.101457,0.225865,0.383629,1.819282
1986-05-16,0.000000,Test,-0.316636,-0.067141,-0.042013,-0.029279,-0.022754,-0.009742,0.008715,0.079810,0.186281,0.331728,1.688468
1986-05-17,0.000000,Test,-0.323656,-0.066584,-0.042440,-0.029206,-0.026344,-0.016109,0.001466,0.063544,0.155198,0.292346,1.589877
1986-05-18,0.000000,Test,-0.331397,-0.065501,-0.044936,-0.028376,-0.027869,-0.021892,-0.003935,0.048458,0.124866,0.258105,1.507931
1986-05-19,0.000000,Test,-0.320989,-0.062696,-0.038805,-0.027843,-0.025838,-0.018273,-0.000822,0.055775,0.138413,0.273124,1.544883
1986-05-20,0.000000,Test,-0.291219,-0.054059,-0.028248,-0.025388,-0.013650,-0.005207,0.015540,0.085482,0.189153,0.339651,1.707063
1986-05-21,0.000000,Test,-0.305485,-0.059465,-0.036279,-0.025570,-0.019149,-0.007607,0.010414,0.078999,0.185045,0.335007,1.700451
1986-05-22,0.000000,Test,-0.325386,-0.061589,-0.044868,-0.021383,-0.025825,-0.012469,0.000735,0.059080,0.156581,0.303422,1.628730
1986-05-23,0.000000,Test,-0.326512,-0.056813,-0.044783,-0.016808,-0.026437,-0.013512,-0.002584,0.049330,0.142097,0.290867,1.605801
1986-05-24,0.000000,Test,-0.344951,-0.068735,-0.043493,-0.026506,-0.031581,-0.028356,-0.012617,0.026771,0.080312,0.199266,1.355355
1986-05-25,0.000000,Test,-0.348299,-0.068610,-0.043174,-0.025146,-0.031405,-0.029654,-0.014080,0.021332,0.067780,0.185060,1.321849
1986-05-26,0.000000,Test,-0.338176,-0.063225,-0.036632,-0.026062,-0.029040,-0.030317,-0.012070,0.021895,0.066571,0.183622,1.319839
1986-05-27,0.000000,Test,-0.344050,-0.064966,-0.038731,-0.024585,-0.029792,-0.030562,-0.013604,0.018159,0.059097,0.174985,1.299082
1986-05-28,0.000000,Test,-0.345564,-0.065309,-0.039382,-0.024086,-0.030131,-0.030740,-0.014262,0.016886,0.056975,0.172743,1.294201
1986-05-29,0.000000,Test,-0.315915,-0.054424,-0.026566,-0.026147,-0.022774,-0.025612,-0.003763,0.035583,0.089803,0.213252,1.396155
1986-05-30,0.000000,Test,-0.292425,-0.007714,0.053069,0.141471,0.142988,0.146794,0.168920,0.200084,0.312004,0.578102,2.220170
1986-05-31,0.000000,Test,-0.427869,-0.134123,-0.079309,-0.021093,0.022367,0.051193,0.077985,0.142933,0.305921,0.548274,2.490934
1986-06-01,0.000000,Test,-0.393534,-0.113610,-0.055717,-0.015306,0.013185,0.040925,0.063636,0.126928,0.254440,0.473798,2.156366
1986-06-02,0.000000,Test,-0.349282,-0.088151,-0.054313,-0.030273,-0.007769,0.000191,0.024590,0.079936,0.181362,0.371078,1.857112
1986-06-03,0.000000,Test,-0.337046,-0.072824,-0.046263,-0.027240,-0.011756,-0.009412,0.015566,0.065574,0.151032,0.320130,1.714216
1986-06-04,0.000000,Test,-0.331729,-0.065447,-0.040117,-0.024679,-0.014218,-0.013231,0.011477,0.058451,0.135350,0.291586,1.633428
1986-06-05,0.000000,Test,-0.362838,-0.073240,-0.054191,-0.024172,-0.028107,-0.027095,-0.008060,0.024952,0.078155,0.215792,1.439167
1986-06-06,0.000000,Test,-0.346799,-0.066561,-0.044891,-0.025288,-0.027268,-0.027534,-0.007361,0.028352,0.083738,0.217941,1.442646
1986-06-07,0.000000,Test,-0.299536,-0.046136,-0.023390,-0.022326,-0.012456,-0.016929,0.009123,0.054918,0.125390,0.271242,1.574417
1986-06-08,0.000000,Test,-0.305156,-0.047067,-0.024467,-0.022967,-0.018446,-0.022294,0.001624,0.043550,0.106086,0.242702,1.500070
1986-06-09,0.000000,Test,-0.318778,-0.051216,-0.030584,-0.023860,-0.025473,-0.028445,-0.006877,0.029719,0.083793,0.212042,1.421978
1986-06-10,0.000000,Test,-0.319378,-0.050833,-0.031055,-0.024492,-0.027717,-0.031095,-0.010307,0.024516,0.075682,0.200973,1.395038
1986-06-11,0.000000,Test,-0.324435,-0.052557,-0.033531,-0.024962,-0.030602,-0.033722,-0.014364,0.018280,0.065903,0.188224,1.364095
1986-06-12,0.000000,Test,-0.349407,-0.061220,-0.043572,-0.021098,-0.035963,-0.037007,-0.023345,0.001322,0.034159,0.150025,1.268474
1986-06-13,0.000000,Test,-0.350018,-0.061712,-0.044253,-0.021912,-0.036775,-0.038029,-0.024632,-0.000632,0.032115,0.148287,1.268635
1986-06-14,0.000000,Test,-0.323502,-0.052712,-0.033970,-0.026742,-0.032231,-0.036123,-0.017439,0.013706,0.060809,0.183844,1.363014
1986-06-15,0.000000,Test,-0.304736,-0.045046,-0.025513,-0.026317,-0.027200,-0.032690,-0.011753,0.023021,0.075620,0.202507,1.407873
1986-06-16,0.000000,Test,-0.302631,-0.043379,-0.025097,-0.026451,-0.028137,-0.034053,-0.013387,0.020129,0.071938,0.197930,1.396520
1986-06-17,0.000000,Test,-0.314064,-0.043385,-0.029494,-0.023841,-0.033594,-0.039695,-0.021793,0.002686,0.044270,0.165860,1.330225
1986-06-18,0.000000,Test,-0.310058,-0.047536,-0.023980,-0.024383,-0.026129,-0.031715,-0.011444,0.021272,0.067497,0.188835,1.353608
1986-06-19,0.000000,Test,-0.309079,-0.047827,-0.023782,-0.024907,-0.025806,-0.031319,-0.010763,0.022983,0.070838,0.192783,1.363220
1986-06-20,0.000000,Test,-0.277897,-0.032549,-0.009387,-0.020099,-0.014442,-0.022758,0.000454,0.037723,0.094096,0.225318,1.447678
1986-06-21,0.000000,Test,-0.268688,-0.029091,-0.005104,-0.018413,-0.009066,-0.017677,0.006763,0.046718,0.108458,0.242654,1.484562
1986-06-22,0.000000,Test,-0.275313,-0.032991,-0.008051,-0.020321,-0.012012,-0.019994,0.004370,0.044193,0.104771,0.236652,1.470543
1986-06-23,0.000000,Test,-0.300553,-0.043820,-0.025586,-0.025990,-0.021397,-0.029872,-0.005688,0.029952,0.085047,0.217418,1.434766
1986-06-24,0.000000,Test,-0.303791,-0.047178,-0.021857,-0.025999,-0.023329,-0.029245,-0.007393,0.028796,0.082345,0.208043,1.407403
1986-06-25,0.000000,Test,-0.308963,-0.049491,-0.024165,-0.026821,-0.025789,-0.031932,-0.010669,0.023353,0.073402,0.196848,1.380395
1986-06-26,0.000000,Test,-0.303357,-0.047966,-0.021983,-0.027162,-0.024081,-0.030596,-0.008468,0.027734,0.081031,0.206184,1.402965
1986-06-27,0.000000,Test,-0.318164,-0.053828,-0.028729,-0.027945,-0.029418,-0.034317,-0.014299,0.018819,0.067170,0.187455,1.357556
1986-06-28,0.000000,Test,-0.320851,-0.054857,-0.029930,-0.028063,-0.030343,-0.034918,-0.015209,0.017470,0.065071,0.184457,1.350839
1986-06-29,0.000000,Test,-0.305534,-0.048911,-0.023205,-0.027582,-0.025098,-0.030963,-0.008844,0.027997,0.081826,0.206070,1.404336
1986-06-30,0.000000,Test,-0.317465,-0.054027,-0.028635,-0.028449,-0.029180,-0.033674,-0.013075,0.021796,0.072427,0.193132,1.372215
1986-07-01,0.000000,Training,-0.332021,-0.059604,-0.034828,-0.028299,-0.033307,-0.036444,-0.018180,0.013080,0.057921,0.174339,1.326228
1986-07-02,0.000000,Training,-0.341581,-0.063035,-0.038591,-0.027423,-0.035346,-0.037888,-0.021483,0.006799,0.046603,0.160676,1.294420
1986-07-03,0.000000,Training,-0.340156,-0.062709,-0.038060,-0.028110,-0.035071,-0.038013,-0.021039,0.007609,0.048635,0.163588,1.304390
1986-07-04,0.000000,Training,-0.346267,-0.065166,-0.040627,-0.027374,-0.036004,-0.038151,-0.022428,0.004928,0.043945,0.158170,1.292935
1986-07-05,0.000000,Training,-0.356522,-0.069398,-0.044813,-0.025508,-0.037003,-0.037603,-0.024008,0.001632,0.037038,0.150187,1.274208
1986-07-06,0.000000,Training,-0.364419,-0.072769,-0.047925,-0.023856,-0.037265,-0.036844,-0.024761,-0.000613,0.031970,0.145190,1.264972
1986-07-07,0.000000,Training,-0.348232,-0.067402,-0.042090,-0.029000,-0.035593,-0.037263,-0.020694,0.008275,0.052084,0.169116,1.327568
1986-07-08,0.000000,Training,-0.339018,-0.063716,-0.037762,-0.029936,-0.033980,-0.036936,-0.018470,0.012131,0.058871,0.176976,1.345483
1986-07-09,0.000000,Training,-0.339020,-0.063061,-0.037297,-0.029418,-0.034500,-0.037359,-0.019248,0.010626,0.056078,0.172274,1.331753
1986-07-10,0.000000,Training,-0.336204,-0.061430,-0.035623,-0.029225,-0.033742,-0.036948,-0.018182,0.011598,0.057760,0.174066,1.337543
1986-07-11,0.000000,Training,-0.335716,-0.059526,-0.035142,-0.027942,-0.034007,-0.037377,-0.019276,0.008098,0.052667,0.168865,1.331483
1986-07-12,0.000000,Training,-0.327499,-0.058854,-0.031660,-0.030274,-0.031065,-0.035065,-0.013970,0.018731,0.070359,0.189154,1.376192
1986-07-13,0.000000,Training,-0.323082,-0.057246,-0.029636,-0.030316,-0.029647,-0.033928,-0.011935,0.022141,0.076053,0.196053,1.393142
1986-07-14,0.000000,Training,-0.331618,-0.060652,-0.033210,-0.030289,-0.032037,-0.035223,-0.014646,0.017532,0.068735,0.185941,1.368903
1986-07-15,0.000000,Training,-0.344515,-0.065959,-0.038779,-0.029416,-0.034527,-0.035900,-0.017698,0.012111,0.059743,0.174357,1.342389
1986-07-16,0.000000,Training,-0.349428,-0.068209,-0.040914,-0.029191,-0.035088,-0.035861,-0.018325,0.010806,0.057738,0.172145,1.339845
1986-07-17,0.000000,Training,-0.352292,-0.069608,-0.042058,-0.029137,-0.035245,-0.035767,-0.018520,0.010106,0.056787,0.171379,1.341089
1986-07-18,0.000000,Training,-0.363222,-0.074317,-0.046367,-0.026974,-0.035824,-0.034612,-0.019531,0.007296,0.050619,0.164478,1.326796
1986-07-19,0.000000,Training,-0.348341,-0.069139,-0.041035,-0.030898,-0.034113,-0.034499,-0.015579,0.016015,0.069409,0.187015,1.384848
1986-07-20,0.000000,Training,-0.355064,-0.072092,-0.043515,-0.029969,-0.034734,-0.034070,-0.016348,0.014136,0.065434,0.181738,1.371818
1986-07-21,0.000000,Training,-0.354571,-0.071772,-0.042941,-0.030007,-0.034631,-0.033956,-0.015951,0.014715,0.066207,0.181761,1.371191
1986-07-22,0.000000,Training,-0.332286,-0.063373,-0.033791,-0.032480,-0.030047,-0.031990,-0.009061,0.027552,0.089291,0.210744,1.442466
1986-07-23,0.000000,Training,-0.313913,-0.055822,-0.025387,-0.031585,-0.024000,-0.027804,-0.001839,0.039179,0.106736,0.233280,1.494082
1986-07-24,0.000000,Training,-0.317741,-0.057366,-0.026599,-0.031923,-0.025426,-0.028655,-0.002916,0.037380,0.103597,0.227467,1.477344
1986-07-25,0.000000,Training,-0.311252,-0.054492,-0.023302,-0.031388,-0.022972,-0.027024,-0.000055,0.041400,0.109244,0.234652,1.494272
1986-07-26,0.000000,Training,-0.316603,-0.056897,-0.025422,-0.032074,-0.024679,-0.028263,-0.001616,0.038799,0.105412,0.228872,1.481029
1986-07-27,0.000000,Training,-0.338845,-0.066468,-0.034957,-0.032930,-0.030692,-0.031576,-0.008182,0.027858,0.088863,0.206046,1.428427
1986-07-28,0.000000,Training,-0.349935,-0.071259,-0.039376,-0.032436,-0.032352,-0.032021,-0.010280,0.023557,0.081567,0.196770,1.409128
1986-07-29,0.000000,Training,-0.356833,-0.074560,-0.042090,-0.032094,-0.032799,-0.031717,-0.010767,0.022068,0.078989,0.194000,1.406408
1986-07-30,0.000000,Training,-0.356613,-0.074884,-0.041947,-0.032761,-0.032385,-0.031395,-0.009805,0.023528,0.082184,0.198213,1.419892
1986-07-31,0.000000,Training,-0.335341,-0.066325,-0.033117,-0.034546,-0.028140,-0.029684,-0.003644,0.034905,0.102179,0.223749,1.481364
1986-08-01,0.000000,Training,-0.333500,-0.065728,-0.031972,-0.034544,-0.027360,-0.028806,-0.002163,0.037300,0.105896,0.227579,1.488888
1986-08-02,0.000000,Training,-0.345192,-0.070742,-0.036529,-0.034407,-0.029673,-0.029417,-0.004432,0.032970,0.098944,0.217099,1.463745
1986-08-03,0.000000,Training,-0.328082,-0.063693,-0.029173,-0.034711,-0.025193,-0.027082,0.001408,0.042900,0.114959,0.238359,1.514810
1986-08-04,0.000000,Training,-0.308322,-0.055111,-0.020120,-0.032746,-0.017863,-0.021894,0.009513,0.055363,0.133054,0.263245,1.573009
1986-08-05,0.000000,Training,-0.320718,-0.060826,-0.025219,-0.034348,-0.021933,-0.024449,0.006060,0.049867,0.125362,0.251130,1.543998
1986-08-06,0.000000,Training,-0.339473,-0.069138,-0.032902,-0.035535,-0.026733,-0.027052,0.001233,0.041268,0.112791,0.233007,1.503670
1986-08-07,0.000000,Training,-0.337696,-0.068664,-0.032054,-0.036027,-0.026012,-0.026670,0.002558,0.043397,0.116561,0.237802,1.516940
1986-08-08,0.000000,Training,-0.329351,-0.065246,-0.028214,-0.035983,-0.023301,-0.025138,0.005976,0.048793,0.124824,0.249140,1.544676
1986-08-09,0.000000,Training,-0.324883,-0.063190,-0.025717,-0.035720,-0.021472,-0.024100,0.008197,0.051626,0.128632,0.254334,1.557129
1986-08-10,0.000000,Training,-0.317650,-0.059826,-0.022037,-0.034975,-0.018658,-0.022293,0.011431,0.056038,0.134778,0.262901,1.577524
1986-08-11,0.000000,Training,-0.308276,-0.055625,-0.017619,-0.033680,-0.014708,-0.019143,0.016022,0.062856,0.144906,0.276736,1.610528
1986-08-12,0.000000,Training,-0.325646,-0.063847,-0.025075,-0.036149,-0.020225,-0.022611,0.011215,0.055110,0.134984,0.261641,1.578301
1986-08-13,0.000000,Training,-0.332957,-0.067478,-0.028286,-0.037119,-0.021830,-0.023136,0.010346,0.053486,0.133924,0.259424,1.576760
1986-08-14,0.000000,Training,-0.343903,-0.072943,-0.033066,-0.038114,-0.023836,-0.023564,0.009039,0.051101,0.131778,0.255675,1.572662
1986-08-15,0.000000,Training,-0.339688,-0.071402,-0.031341,-0.038523,-0.022465,-0.022656,0.011293,0.054882,0.138428,0.264703,1.596331
1986-08-16,0.000000,Training,-0.332163,-0.068225,-0.027956,-0.038348,-0.019946,-0.021083,0.014607,0.060104,0.146543,0.276010,1.623795
1986-08-17,0.000000,Training,-0.321662,-0.063419,-0.023021,-0.037332,-0.016174,-0.018621,0.018982,0.066594,0.155696,0.288990,1.653704
1986-08-18,0.000000,Training,-0.317867,-0.061571,-0.020976,-0.036976,-0.014416,-0.017486,0.021179,0.069300,0.159549,0.294435,1.667299
1986-08-19,0.000000,Training,-0.329006,-0.067100,-0.025723,-0.038806,-0.017488,-0.019124,0.019053,0.065609,0.155782,0.287872,1.655617
1986-08-20,0.000000,Training,-0.341719,-0.073461,-0.031257,-0.040506,-0.020225,-0.020227,0.017242,0.062149,0.152517,0.282201,1.647905
1986-08-21,0.000000,Training,-0.349339,-0.077263,-0.034232,-0.041389,-0.021233,-0.020679,0.016648,0.060045,0.150186,0.279006,1.646129
1986-08-22,0.000000,Training,-0.355034,-0.080272,-0.036495,-0.042053,-0.021584,-0.020661,0.016791,0.059137,0.149830,0.278961,1.652666
1986-08-23,0.000000,Training,-0.334392,-0.070663,-0.028445,-0.041386,-0.017224,-0.018445,0.021998,0.068959,0.165706,0.302036,1.706484
1986-08-24,0.000000,Training,-0.324738,-0.066455,-0.024444,-0.040460,-0.013791,-0.015799,0.026255,0.075843,0.176373,0.317295,1.742612
1986-08-25,0.000000,Training,-0.339884,-0.073967,-0.031016,-0.042905,-0.017755,-0.017819,0.023463,0.070752,0.171187,0.307991,1.725751
1986-08-26,0.000000,Training,-0.329800,-0.069267,-0.026864,-0.042246,-0.014830,-0.016272,0.026771,0.075942,0.179040,0.320084,1.755355
1986-08-27,0.000000,Training,-0.319096,-0.064327,-0.022443,-0.041068,-0.011159,-0.013833,0.030661,0.081981,0.188030,0.333935,1.789393
1986-08-28,0.000000,Training,-0.319152,-0.064649,-0.022779,-0.041620,-0.010945,-0.013519,0.031586,0.083264,0.191274,0.338445,1.803350
1986-08-29,0.000000,Training,-0.323575,-0.067159,-0.025161,-0.043018,-0.012269,-0.014280,0.031140,0.082461,0.192166,0.339327,1.810471
1986-08-30,0.000000,Training,-0.333470,-0.072382,-0.031103,-0.045682,-0.014957,-0.015769,0.029962,0.080928,0.193840,0.341002,1.823182
1986-08-31,0.000000,Training,-0.357473,-0.093740,-0.069888,-0.067694,-0.030564,-0.034494,0.018384,0.068017,0.188264,0.363985,1.932824
1986-09-01,0.000000,Training,-0.348073,-0.083071,-0.041657,-0.049831,-0.012435,-0.010583,0.037090,0.092892,0.225086,0.392792,1.994018
1986-09-02,0.000000,Training,-0.356628,-0.089359,-0.043379,-0.050903,-0.014203,-0.010220,0.037678,0.092169,0.224625,0.388053,1.978387
1986-09-03,0.000000,Training,-0.366187,-0.096253,-0.049763,-0.054874,-0.018545,-0.013376,0.033556,0.087914,0.223605,0.385859,1.983764
1986-09-04,0.000000,Training,-0.364269,-0.093510,-0.048907,-0.054385,-0.018871,-0.014230,0.033378,0.087287,0.221760,0.381272,1.969929
1986-09-05,0.000000,Training,-0.360764,-0.090944,-0.047840,-0.054249,-0.018883,-0.014636,0.033675,0.088185,0.223293,0.382247,1.970950
1986-09-06,0.000000,Validation,-0.360193,-0.090634,-0.048431,-0.054730,-0.019165,-0.014600,0.034242,0.089723,0.227161,0.386418,1.982355
1986-09-07,0.000000,Validation,-0.348736,-0.085316,-0.044840,-0.054350,-0.017644,-0.013893,0.036110,0.094656,0.235075,0.397968,2.006311
1986-09-08,0.000000,Validation,-0.335766,-0.079558,-0.040427,-0.053285,-0.014661,-0.011959,0.039265,0.101124,0.244535,0.412344,2.037124
1986-09-09,0.000000,Validation,-0.343531,-0.083463,-0.048526,-0.057232,-0.017070,-0.014840,0.038255,0.100384,0.248359,0.419435,2.065671
1986-09-10,0.000000,Validation,-0.363194,-0.093795,-0.063287,-0.063982,-0.022742,-0.020341,0.034221,0.094515,0.247173,0.421378,2.093335
1986-09-11,0.000000,Validation,-0.357820,-0.092299,-0.060621,-0.063248,-0.020243,-0.017469,0.037463,0.100523,0.257931,0.437802,2.138563
1986-09-12,0.000000,Validation,-0.350251,-0.090868,-0.060823,-0.063819,-0.017279,-0.014836,0.041629,0.109254,0.274620,0.466278,2.217434
1986-09-13,0.000000,Validation,-0.343955,-0.089914,-0.053290,-0.060658,-0.014071,-0.008878,0.046105,0.116621,0.286676,0.478233,2.240748
1986-09-14,0.000000,Validation,-0.334246,-0.086393,-0.049485,-0.059114,-0.011203,-0.005770,0.049720,0.123309,0.297223,0.492329,2.270388
1986-09-15,0.000000,Validation,-0.398182,-0.152182,-0.125432,-0.102671,-0.044805,-0.033798,0.036795,0.097403,0.288132,0.565606,2.654331
1986-09-16,0.000000,Validation,-0.478919,-0.202473,-0.176701,-0.121045,-0.046108,-0.016090,0.053453,0.136971,0.432541,0.795210,3.600438
1986-09-17,0.000000,Validation,-0.442151,-0.169514,-0.114353,-0.071840,0.010606,0.048966,0.118817,0.231312,0.579147,0.951616,3.887692
1986-09-18,0.000000,Validation,-0.411737,-0.153659,-0.101470,-0.071014,-0.003280,0.031563,0.092452,0.197383,0.511978,0.851998,3.479857
1986-09-19,0.000000,Validation,-0.392374,-0.137308,-0.083843,-0.070836,-0.006643,0.018762,0.083493,0.180139,0.442497,0.714644,2.985974
1986-09-20,0.000000,Validation,-0.393626,-0.130377,-0.100129,-0.080982,-0.020269,-0.004056,0.063878,0.155647,0.397831,0.654784,2.811107
1986-09-21,0.000000,Validation,-0.397224,-0.127561,-0.097049,-0.078502,-0.021897,-0.005317,0.061360,0.150493,0.385901,0.624027,2.709621
1986-09-22,0.000000,Validation,-0.386814,-0.121150,-0.083209,-0.071889,-0.018762,0.000046,0.064180,0.153395,0.381029,0.602171,2.615912
1986-09-23,0.000000,Validation,-0.376991,-0.118005,-0.083030,-0.073659,-0.020330,-0.002483,0.061969,0.154139,0.382362,0.605498,2.613461
1986-09-24,0.000000,Validation,-0.345599,-0.104360,-0.069843,-0.068147,-0.012848,0.004312,0.067575,0.167173,0.396126,0.624857,2.633768
1986-09-25,0.000000,Validation,-0.338094,-0.099502,-0.067882,-0.067179,-0.012765,0.003864,0.067413,0.167928,0.394587,0.618612,2.603031
1986-09-26,0.000000,Validation,-0.336422,-0.098648,-0.069109,-0.067985,-0.014480,0.002599,0.066143,0.167305,0.394679,0.616730,2.593222
1986-09-27,0.000000,Validation,-0.345593,-0.102549,-0.075351,-0.071472,-0.021330,-0.002884,0.059933,0.158904,0.386514,0.604442,2.567059
1986-09-28,0.000000,Validation,-0.348084,-0.103869,-0.078978,-0.073344,-0.024882,-0.005482,0.056399,0.154782,0.384892,0.604212,2.572105
1986-09-29,0.000000,Validation,-0.349645,-0.104841,-0.079934,-0.075284,-0.026799,-0.008329,0.053867,0.151084,0.376928,0.590332,2.533634
1986-09-30,0.000000,Validation,-0.345978,-0.103729,-0.078122,-0.075347,-0.027081,-0.008780,0.052684,0.149926,0.374042,0.586040,2.518774
1986-10-01,0.000000,Training,-0.354971,-0.108885,-0.080408,-0.077420,-0.029307,-0.010323,0.051576,0.148102,0.369685,0.571717,2.475894
1986-10-02,0.000000,Training,-0.348898,-0.109023,-0.082748,-0.078799,-0.028866,-0.008665,0.053292,0.155512,0.387248,0.600274,2.547771
1986-10-03,0.000000,Training,-0.358558,-0.118445,-0.097229,-0.083317,-0.035033,-0.008117,0.051656,0.161018,0.422709,0.661280,2.724442
1986-10-04,0.000000,Training,-0.354632,-0.111593,-0.088744,-0.080070,-0.033068,-0.009470,0.049530,0.151378,0.395711,0.619204,2.610362
1986-10-05,0.000000,Training,-0.333243,-0.096554,-0.066739,-0.072922,-0.022819,-0.008071,0.053349,0.147524,0.358165,0.557007,2.421105
1986-10-06,0.000000,Training,-0.356129,-0.141919,-0.121469,-0.109931,-0.044127,-0.031713,0.048889,0.135610,0.361023,0.660153,2.894104
1986-10-07,0.000000,Training,-0.509844,-0.109367,-0.035226,0.204883,0.523135,0.658802,0.960677,1.393731,3.123307,4.731115,19.525654
1986-10-08,0.000000,Training,-0.514432,-0.030188,0.037261,0.382733,0.823841,1.085650,1.440642,2.453943,5.769594,8.167528,29.561422
1986-10-09,0.000000,Training,-0.433088,-0.042413,0.086581,0.291969,0.543617,0.730470,0.942901,1.507349,3.211959,4.391915,14.450759
1986-10-10,0.000000,Training,-0.456555,-0.171216,-0.094757,-0.019383,0.100720,0.193422,0.308974,0.551372,1.301637,1.917078,6.609814
1986-10-11,0.000000,Training,-0.541829,-0.138333,-0.037709,0.226865,0.727294,0.888592,1.331042,2.307111,5.769994,9.011915,34.350372
1986-10-12,0.000000,Training,-0.621715,-0.194060,-0.039168,0.412609,1.152443,1.510197,2.166606,4.189108,11.154732,16.884150,57.335449
1986-10-13,0.000000,Training,-0.608243,-0.240744,-0.063365,0.336998,1.126033,1.463977,2.130025,4.484067,12.501997,19.749826,66.364029
1986-10-14,0.000000,Training,-0.654736,-0.321088,-0.072603,0.409608,1.491184,1.860531,2.831652,6.284124,18.059410,29.305658,96.002319
1986-10-15,0.000000,Training,-0.673018,-0.306976,-0.057458,0.502402,1.608929,2.019182,3.095335,6.555037,18.185764,29.118999,91.605003
1986-10-16,0.000000,Training,-0.564947,-0.225545,-0.014964,0.344552,0.801615,1.114421,1.571183,2.839851,6.976801,10.113984,30.329670
1986-10-17,0.000000,Training,-0.515034,-0.228167,-0.094124,0.105228,0.324111,0.525846,0.762455,1.359746,3.290276,4.808906,14.461802
1986-10-18,0.000000,Training,-0.487933,-0.228687,-0.139917,0.011193,0.168492,0.315958,0.506594,0.917196,2.205536,3.257789,9.812789
1986-10-19,0.000000,Training,-0.436897,-0.193042,-0.133933,-0.013311,0.111365,0.229566,0.395061,0.718790,1.653545,2.401757,7.272250
1986-10-20,0.000000,Training,-0.434665,-0.196537,-0.149108,-0.039651,0.064455,0.172570,0.323746,0.611041,1.404652,2.030263,6.231133
1986-10-21,0.000000,Training,-0.441223,-0.207887,-0.165301,-0.057788,0.036740,0.141648,0.283714,0.558171,1.289768,1.859622,5.739394
1986-10-22,0.000000,Training,-0.443992,-0.217852,-0.178187,-0.070927,0.020504,0.123232,0.258294,0.529845,1.226212,1.764640,5.455717
1986-10-23,0.000000,Training,-0.442954,-0.224200,-0.190039,-0.079298,0.014522,0.114716,0.245694,0.520695,1.201975,1.728584,5.340130
1986-10-24,0.000000,Training,-0.490601,-0.270973,-0.242416,-0.108772,-0.014237,0.087786,0.219470,0.509253,1.253786,1.865796,5.765469
1986-10-25,0.000000,Training,-0.457899,-0.243845,-0.206189,-0.099126,-0.013334,0.084804,0.195193,0.461454,1.117512,1.642795,5.144488
1986-10-26,0.000000,Training,-0.423919,-0.214842,-0.182872,-0.100841,-0.020227,0.065984,0.163243,0.402371,0.949197,1.373900,4.440967
1986-10-27,0.000000,Training,-0.412983,-0.203879,-0.171694,-0.104839,-0.029884,0.048097,0.137003,0.355867,0.844864,1.221613,4.071057
1986-10-28,0.000000,Training,-0.416820,-0.209356,-0.177104,-0.107389,-0.033521,0.046958,0.133681,0.355492,0.850414,1.229756,4.067259
1986-10-29,0.000000,Training,-0.438423,-0.234178,-0.197843,-0.110568,-0.031908,0.059402,0.148906,0.393312,0.948319,1.375568,4.392068
1986-10-30,0.000000,Training,-0.404076,-0.198878,-0.166272,-0.104507,-0.031885,0.045923,0.126673,0.341858,0.804145,1.154060,3.833588
1986-10-31,0.000000,Training,-0.386557,-0.183550,-0.152516,-0.100176,-0.028301,0.043150,0.121262,0.324910,0.753825,1.077299,3.634826
1986-11-01,0.000000,Training,-0.364361,-0.160833,-0.133021,-0.095607,-0.027227,0.033059,0.107256,0.290069,0.668699,0.959013,3.350523
1986-11-02,0.000000,Training,-0.344692,-0.142238,-0.113413,-0.088439,-0.022740,0.030519,0.100835,0.269708,0.612680,0.879837,3.144354
1986-11-03,0.000000,Training,-0.306620,-0.106325,-0.072492,-0.071697,-0.007228,0.028352,0.097611,0.240153,0.512256,0.734930,2.757532
1986-11-04,0.000000,Training,-0.298959,-0.102416,-0.068093,-0.064914,0.002926,0.039203,0.109823,0.255133,0.529378,0.757020,2.780721
1986-11-05,0.000000,Training,-0.297556,-0.103658,-0.068971,-0.059965,0.010335,0.049904,0.122763,0.273895,0.554114,0.790434,2.819822
1986-11-06,0.000000,Training,-0.297979,-0.104049,-0.068496,-0.060542,0.009802,0.049467,0.121996,0.273696,0.554256,0.787567,2.819021
1986-11-07,0.000000,Training,-0.298224,-0.103533,-0.068084,-0.063044,0.006160,0.044590,0.115592,0.264754,0.544034,0.774839,2.814536
1986-11-08,0.000000,Training,-0.298970,-0.107718,-0.070649,-0.056550,0.016432,0.059694,0.134577,0.292924,0.579923,0.824984,2.872998
1986-11-09,0.000000,Training,-0.311756,-0.117505,-0.085764,-0.061216,0.015470,0.061460,0.139606,0.306818,0.612595,0.874281,3.001826
1986-11-10,0.000000,Training,-0.341780,-0.150355,-0.129276,-0.079176,0.009959,0.064852,0.152307,0.341712,0.704493,1.042623,3.476501
1986-11-11,0.000000,Training,-0.658909,-0.368840,-0.286195,0.024285,0.464228,0.849370,1.328104,2.521925,7.322238,11.241483,38.837841
1986-11-12,0.000000,Training,-0.609762,-0.226051,-0.014676,0.551573,1.385278,2.039448,2.872057,5.340908,13.975235,18.896004,55.221710
1986-11-13,0.000000,Training,-0.689372,-0.413052,-0.202665,0.247028,1.257079,1.772072,2.637917,6.032687,17.612043,27.471231,80.395432
1986-11-14,0.000000,Training,-0.601593,-0.134062,0.326714,1.583088,4.885059,6.415438,9.728772,22.927355,69.772972,104.715919,252.906494
1986-11-15,0.000000,Training,-0.442242,0.148590,0.548166,1.821392,3.733433,5.076134,7.055000,13.017055,31.015274,41.305016,100.014450
1986-11-16,0.000000,Training,-0.491420,-0.127164,0.084500,0.586983,1.186611,1.677760,2.266307,3.981925,8.759704,12.091699,29.525572
1986-11-17,0.000000,Training,-0.458479,-0.168850,-0.009809,0.298079,0.644364,0.943121,1.299508,2.210172,4.583655,6.422739,15.574639
1986-11-18,0.000000,Training,-0.474807,-0.235730,-0.102588,0.138031,0.397410,0.624030,0.922439,1.585982,3.282686,4.631132,11.394484
1986-11-19,0.000000,Training,-0.478026,-0.252577,-0.139369,0.103921,0.336446,0.548057,0.834325,1.447959,2.890411,4.018950,9.757194
1986-11-20,0.000000,Training,-0.489574,-0.272875,-0.168653,0.081035,0.299614,0.506455,0.781445,1.375602,2.696139,3.711695,8.954738
1986-11-21,0.000000,Training,-0.503899,-0.290853,-0.188567,0.076097,0.293285,0.502738,0.775788,1.379127,2.657314,3.624254,8.651830
1986-11-22,0.000000,Training,-0.546178,-0.348758,-0.221907,0.044762,0.269298,0.482695,0.743647,1.359397,2.813420,3.893156,9.577336
1986-11-23,0.000000,Training,-0.530871,-0.326100,-0.210039,0.075825,0.301339,0.519777,0.790001,1.424390,2.738741,3.722617,8.788942
1986-11-24,0.000000,Training,-0.531671,-0.326857,-0.216561,0.066292,0.280330,0.493492,0.747930,1.367467,2.608298,3.521424,8.341916
1986-11-25,0.000000,Training,-0.536574,-0.341624,-0.223579,0.041624,0.248640,0.455208,0.688658,1.279663,2.526921,3.456514,8.335570
1986-11-26,0.000000,Training,-0.540313,-0.345698,-0.225630,0.044667,0.251834,0.460997,0.691808,1.290057,2.533306,3.457826,8.283697
1986-11-27,0.000000,Training,-0.545652,-0.352001,-0.230679,0.040918,0.244941,0.454861,0.678722,1.277254,2.522425,3.451354,8.267342
1986-11-28,0.000000,Training,-0.546923,-0.351115,-0.232211,0.043819,0.244326,0.455916,0.676674,1.278950,2.507676,3.420181,8.156622
1986-11-29,0.000000,Training,-0.532866,-0.343646,-0.238505,-0.004856,0.165573,0.352522,0.537588,1.061769,2.134473,2.923953,7.225615
1986-11-30,0.000000,Training,-0.489758,-0.302250,-0.224767,-0.043588,0.090903,0.246448,0.390851,0.821628,1.629501,2.185324,5.688828
1986-12-01,0.000000,Training,-0.501866,-0.313867,-0.231583,-0.040680,0.097853,0.259485,0.406891,0.853434,1.711605,2.310981,5.961801
1986-12-02,0.000000,Training,-0.472500,-0.289911,-0.215733,-0.063335,0.059130,0.199381,0.323513,0.709188,1.444975,1.956950,5.267868
1986-12-03,0.000000,Training,-0.437927,-0.260536,-0.191912,-0.081161,0.026559,0.147282,0.245688,0.573440,1.183345,1.598896,4.540594
1986-12-04,0.000000,Training,-0.436087,-0.257425,-0.191139,-0.076226,0.031461,0.152623,0.253774,0.584791,1.184960,1.590630,4.480840
1986-12-05,0.000000,Training,-0.434887,-0.255330,-0.190606,-0.074067,0.033207,0.154446,0.256279,0.588143,1.182583,1.581711,4.445953
1986-12-06,0.000000,Training,-0.434375,-0.252981,-0.191378,-0.071780,0.036242,0.157198,0.261016,0.594421,1.186857,1.583557,4.442162
1986-12-07,0.000000,Training,-0.434991,-0.256841,-0.189575,-0.076773,0.031118,0.152044,0.251582,0.580616,1.183100,1.592659,4.496355
1986-12-08,0.000000,Training,-0.521713,-0.363076,-0.294039,-0.148105,0.006650,0.162745,0.294266,0.725239,1.765159,2.663190,7.790959
1986-12-09,0.000000,Training,-0.581068,-0.382810,-0.282169,-0.074470,0.113258,0.334910,0.487243,1.033714,2.399638,3.328247,9.486414
1986-12-10,0.000000,Training,-0.521595,-0.330815,-0.235952,-0.054749,0.118125,0.312865,0.460471,0.949023,2.050306,2.816710,7.621652
1986-12-11,0.000000,Training,-0.514420,-0.323741,-0.234387,-0.044018,0.120029,0.303967,0.459304,0.947076,1.961485,2.667041,7.006283
1986-12-12,0.000000,Training,-0.483954,-0.294223,-0.217555,-0.043122,0.103931,0.268619,0.414609,0.862636,1.722166,2.297578,6.028481
1986-12-13,0.000000,Training,-0.571135,-0.374444,-0.306952,-0.064963,0.148871,0.359374,0.579241,1.197902,2.622764,3.742885,9.711847
1986-12-14,0.000000,Training,-0.674220,-0.469795,-0.349436,-0.080751,0.182152,0.453758,0.687938,1.472274,3.740433,5.549837,15.432576
1986-12-15,0.000000,Training,-0.609718,-0.413092,-0.283949,-0.047656,0.178276,0.416578,0.620769,1.296284,3.112184,4.572552,12.127835
1986-12-16,0.000000,Training,-0.569988,-0.377662,-0.248353,-0.002173,0.204728,0.432271,0.640884,1.284616,2.815266,4.011563,10.089684
1986-12-17,0.000000,Training,-0.543337,-0.341801,-0.230649,0.031229,0.242894,0.471456,0.695978,1.342265,2.702958,3.673261,8.946748
1986-12-18,0.000000,Training,-0.529030,-0.326174,-0.220457,0.043041,0.248081,0.468667,0.692774,1.324727,2.588094,3.477770,8.356426
1986-12-19,0.000000,Training,-0.517382,-0.319176,-0.216864,0.030064,0.245061,0.465051,0.679467,1.281558,2.438907,3.242882,7.831437
1986-12-20,0.000000,Training,-0.518483,-0.315591,-0.218022,0.037858,0.232892,0.442087,0.655070,1.253088,2.397900,3.187328,7.649033
1986-12-21,0.000000,Training,-0.531841,-0.330826,-0.234411,0.027666,0.226960,0.428761,0.648148,1.251220,2.450017,3.345924,8.083265
1986-12-22,0.000000,Training,-0.530099,-0.336798,-0.226725,0.020944,0.208618,0.413175,0.611952,1.198686,2.377258,3.250967,7.882099
1986-12-23,0.000000,Training,-0.523809,-0.337907,-0.229876,0.001468,0.217043,0.435760,0.625602,1.198840,2.290720,3.075564,7.587893
1986-12-24,0.000000,Training,-0.525936,-0.346630,-0.230697,0.008212,0.244015,0.480691,0.673953,1.263492,2.376893,3.215982,8.062114
1986-12-25,0.000000,Training,-0.532395,-0.345399,-0.231007,0.010981,0.238120,0.467068,0.659546,1.252575,2.380369,3.204337,7.853596
1986-12-26,0.000000,Training,-0.540535,-0.345281,-0.228746,0.030409,0.254552,0.484081,0.686241,1.304714,2.498974,3.349739,8.056518
1986-12-27,0.000000,Training,-0.516739,-0.322413,-0.229701,-0.007688,0.150984,0.334521,0.494457,1.016107,2.015235,2.708477,6.720345
1986-12-28,0.000000,Training,-0.512593,-0.319484,-0.227920,-0.010270,0.145696,0.326404,0.482239,0.995498,1.971820,2.643783,6.581316
1986-12-29,0.000000,Training,-0.510828,-0.319147,-0.230156,-0.019288,0.140555,0.322761,0.474414,0.979238,1.928223,2.565374,6.437984
1986-12-30,0.000000,Training,-0.513947,-0.328670,-0.234592,-0.029784,0.144890,0.335298,0.484643,0.990809,1.942578,2.599622,6.554462
1986-12-31,0.000000,Training,-0.530405,-0.338135,-0.235862,-0.000400,0.187259,0.393054,0.560618,1.119455,2.190285,2.933366,7.196514
1987-01-01,0.000000,Training,-0.495593,-0.308660,-0.228040,-0.042640,0.106404,0.276181,0.406989,0.864794,1.714401,2.282981,5.881549
1987-01-02,0.000000,Training,-0.465728,-0.279397,-0.208037,-0.045726,0.076374,0.220039,0.332705,0.739040,1.482665,1.986671,5.242688
1987-01-03,0.000000,Training,-0.444782,-0.264300,-0.197117,-0.059746,0.059945,0.196576,0.297829,0.670750,1.328461,1.751110,4.760252
1987-01-04,0.000000,Training,-0.445429,-0.264955,-0.197774,-0.059203,0.059867,0.196837,0.296987,0.671356,1.331342,1.755438,4.769029
1987-01-05,0.000000,Training,-0.446543,-0.265633,-0.198162,-0.057325,0.061837,0.199597,0.300395,0.677698,1.341472,1.768444,4.786932
1987-01-06,0.000000,Training,-0.448339,-0.272484,-0.202264,-0.066593,0.059652,0.201248,0.300160,0.675934,1.336547,1.768236,4.808829
1987-01-07,0.000000,Training,-0.454915,-0.273712,-0.205178,-0.058056,0.066071,0.208702,0.311804,0.699861,1.385249,1.830624,4.916986
1987-01-08,0.000000,Training,-0.482900,-0.294433,-0.230099,-0.046228,0.088992,0.235323,0.359010,0.790184,1.603560,2.204532,5.783661
1987-01-09,0.000000,Training,-0.726658,-0.499723,-0.368475,-0.005180,0.468209,0.910332,1.315013,2.870781,8.302834,12.308310,35.236462
1987-01-10,0.000000,Training,-0.717436,-0.397999,-0.158824,0.529184,1.494352,2.355823,3.182111,6.333684,16.351101,21.817333,57.713295
1987-01-11,0.000000,Training,-0.684082,-0.395097,-0.221975,0.283260,0.968142,1.555374,2.019181,3.933144,9.651505,13.851691,34.662258
1987-01-12,0.000000,Training,1.180866,4.165998,7.006803,22.914560,50.990101,58.904900,90.984329,165.315796,299.489624,368.237335,677.743103
1987-01-13,1.610557,Training,2.141103,5.742849,7.547449,23.233366,45.472328,54.298923,72.699173,120.356247,203.755356,258.514923,513.967957
1987-01-14,8.213840,Training,0.453213,1.671238,2.817153,6.657658,11.666451,16.376110,19.316067,29.378675,51.933464,68.982323,171.235565
1987-01-15,3.221114,Training,-0.208393,0.489519,1.018228,3.009584,6.191689,8.851084,10.811353,18.198378,37.662777,55.533653,136.722641
1987-01-16,1.610557,Training,-0.277316,0.239098,0.800741,2.064241,3.917737,5.449475,6.677675,10.511457,19.910347,28.821415,70.016647
1987-01-17,0.805278,Training,-0.399436,-0.028712,0.403958,1.166748,2.299627,3.203737,3.969116,6.303873,11.829440,17.010099,38.626080
1987-01-18,0.483167,Training,-0.293238,0.147407,0.671774,1.654405,2.908508,3.975973,4.937035,7.448526,13.041860,17.683090,39.079609
1987-01-19,0.483167,Training,-0.355534,0.027524,0.453619,1.283932,2.244483,3.068410,3.868337,5.904811,10.224184,13.623919,29.380770
1987-01-20,0.322111,Training,-0.391670,-0.054730,0.313530,1.025422,1.830944,2.521302,3.188359,4.911065,8.433578,11.205219,24.076454
1987-01-21,0.161056,Training,-0.421745,-0.107409,0.223902,0.883971,1.586833,2.195343,2.798846,4.366927,7.503417,9.911010,21.134212
1987-01-22,0.161056,Training,-0.453603,-0.152378,0.144313,0.777569,1.401284,1.940910,2.510341,3.980710,6.907980,9.121844,19.431862
1987-01-23,0.161056,Training,-0.482379,-0.210124,0.076882,0.674602,1.223389,1.702895,2.227643,3.621200,6.434527,8.676940,18.345808
1987-01-24,0.161056,Training,-0.501319,-0.249277,0.014288,0.557445,1.039712,1.469864,1.927194,3.193791,5.729681,7.746505,16.446405
1987-01-25,0.161056,Training,-0.519350,-0.281686,-0.034744,0.475015,0.919149,1.311195,1.730812,2.914428,5.319072,7.287686,15.636608
1987-01-26,0.161056,Training,-0.529055,0.108180,0.888922,4.149791,9.010289,12.409360,19.765060,38.476822,95.202538,135.862671,341.899902
1987-01-27,0.161056,Training,1.555761,4.172084,7.251976,22.705839,49.320499,59.714710,86.037773,156.654999,263.552338,336.686676,660.310364
1987-01-28,13.045511,Training,6.472487,13.446409,18.911690,55.208641,98.905830,119.221069,153.599823,238.330032,347.167236,434.428314,757.260803
1987-01-29,56.369491,Training,6.503330,12.979934,16.370037,46.163498,77.821327,93.177902,115.208603,172.357407,253.177078,320.263672,595.513428
1987-01-30,34.949084,Training,2.057711,5.052511,7.077744,18.357958,29.879831,38.350533,45.572094,69.925591,111.716675,139.564316,296.931244
1987-01-31,10.468620,Training,-0.116213,0.591824,1.467355,3.625483,6.241542,8.399516,10.320932,16.999826,32.285366,43.919491,95.521835
1987-02-01,6.281172,Training,-0.406470,0.033758,0.473765,1.501777,2.684210,3.570860,4.621501,7.584882,14.755732,20.879047,45.097301
1987-02-02,13.045511,Training,-0.389111,0.147880,0.749608,2.536995,4.932253,6.560507,9.208932,15.932699,33.086437,47.326927,105.439568
1987-02-03,17.394014,Training,-0.503342,0.062128,0.485783,2.132352,4.338655,5.939970,7.980689,14.578535,31.528067,43.131462,98.674637
1987-02-04,1.610557,Training,-0.489742,-0.092807,0.329658,1.320238,2.453645,3.418338,4.444059,7.612533,15.169772,20.939318,45.589069
1987-02-05,8.213840,Training,-0.486967,-0.165758,0.164297,0.859514,1.588098,2.217830,2.875261,4.755956,8.852199,12.119113,25.956644
1987-02-06,5.314838,Training,-0.453423,-0.143310,0.165279,0.834036,1.489895,2.060391,2.659494,4.262104,7.434023,9.936777,20.885977
1987-02-07,3.221114,Training,-0.450467,-0.161175,0.123331,0.740781,1.321868,1.823779,2.366929,3.777930,6.443260,8.558842,17.708256
1987-02-08,2.576891,Training,-0.461351,-0.191813,0.075548,0.648044,1.175293,1.630112,2.124411,3.410257,5.800165,7.707482,15.904091
1987-02-09,2.093724,Training,-0.519958,-0.250015,-0.050468,0.500501,1.011901,1.439518,1.942346,3.211528,5.673062,7.708600,16.833347
1987-02-10,3.221114,Training,-0.625049,-0.241192,0.032108,1.067841,2.409512,3.651108,5.094502,9.051412,20.392263,28.830931,70.468597
1987-02-11,44.934537,Training,-0.485758,0.128111,0.696508,2.822283,5.684543,8.054708,10.762782,19.136383,38.923954,51.979286,121.775070
1987-02-12,17.394014,Training,-0.500438,-0.076170,0.395211,1.560923,2.882191,4.132469,5.305857,8.881987,17.341799,23.876518,53.508083
1987-02-13,9.341230,Training,-0.451144,-0.066102,0.446746,1.530362,2.766755,3.776859,4.944532,7.899274,14.939528,21.473852,47.913666
1987-02-14,6.281172,Training,-0.487621,-0.184312,0.178203,0.912909,1.647653,2.287092,2.983604,4.850227,8.859661,12.425918,26.563454
1987-02-15,3.865337,Training,-0.502590,-0.235054,0.057352,0.648172,1.204150,1.701023,2.226129,3.677782,6.620602,9.131780,19.331995
1987-02-16,3.221114,Training,-0.526475,-0.299002,-0.058939,0.407999,0.829653,1.209367,1.608702,2.756542,5.050771,7.055232,15.047412
1987-02-17,2.093724,Training,-0.549510,-0.352128,-0.163578,0.198357,0.516944,0.802752,1.099122,1.998336,3.840869,5.497478,12.245463
1987-02-18,2.093724,Training,-0.541175,-0.330531,-0.179715,0.160926,0.441869,0.716540,0.971062,1.778309,3.301517,4.504144,10.150823
1987-02-19,1.610557,Training,-0.524446,-0.336058,-0.167610,0.132823,0.448466,0.747775,0.967751,1.723724,3.112202,4.277973,9.981864
1987-02-20,1.127390,Training,-0.532945,-0.342961,-0.189428,0.106193,0.421901,0.709161,0.929418,1.656904,3.022335,4.202757,10.035595
1987-02-21,19.004571,Training,-0.659688,-0.353095,-0.162957,0.478927,1.297124,2.051036,2.831125,4.931548,12.003508,18.055799,46.168545
1987-02-22,19.004571,Training,-0.689422,-0.383568,-0.102645,0.549250,1.556927,2.511928,3.148136,5.828151,14.075326,20.133867,52.424339
1987-02-23,19.004571,Training,-0.155967,1.118189,1.893892,6.684815,15.161771,19.862789,26.216421,50.206406,101.707787,127.620796,268.272034
1987-02-24,28.345801,Training,2.121688,5.092958,8.181934,23.211609,50.106750,58.392773,76.552872,133.674438,208.734940,277.066925,512.648132
1987-02-25,90.996464,Training,1.193323,3.374051,5.344484,14.378964,28.708418,34.427776,43.428947,73.995094,122.896759,166.810059,339.159698
1987-02-26,26.413133,Training,-0.018994,0.845228,1.822698,4.615115,8.007354,10.854416,13.065741,21.735735,39.414642,52.615231,113.203056
1987-02-27,11.596010,Training,-0.265565,0.232263,1.003877,2.448240,4.301115,5.803948,7.246779,11.628083,21.813566,31.009642,69.166939
1987-02-28,7.086450,Training,-0.395950,-0.073527,0.542647,1.445563,2.621279,3.602988,4.449948,7.231420,13.882221,19.977394,46.812950
1987-03-01,5.314838,Training,-0.509410,-0.288284,0.106543,0.651912,1.285023,1.824671,2.301109,3.903952,7.709517,11.201601,25.204010
1987-03-02,3.865337,Training,-0.534961,-0.344004,-0.040037,0.377399,0.814695,1.209857,1.547074,2.705087,5.377991,7.747839,17.289495
1987-03-03,2.576891,Training,-0.539513,-0.361716,-0.128049,0.191232,0.488343,0.787514,1.021104,1.866552,3.763447,5.385099,12.223287
1987-03-04,2.093724,Training,-0.523344,-0.352284,-0.169557,0.089739,0.319622,0.555288,0.744734,1.420317,2.873967,4.104415,9.666248
1987-03-05,1.610557,Training,-0.509154,-0.339057,-0.186091,0.035059,0.221908,0.424074,0.576971,1.148633,2.343717,3.339634,8.126060
1987-03-06,1.127390,Training,-0.477268,-0.304841,-0.184702,0.013003,0.179655,0.354662,0.491599,0.992478,1.998658,2.835877,7.092021
1987-03-07,1.127390,Training,-0.451295,-0.272067,-0.174642,0.013557,0.165021,0.326319,0.455770,0.912013,1.768735,2.489044,6.211165
1987-03-08,0.805278,Training,-0.442050,-0.264552,-0.174513,-0.005827,0.131008,0.279912,0.390470,0.808969,1.596007,2.256443,5.798075
1987-03-09,0.483167,Training,-0.435040,-0.257273,-0.173129,-0.013587,0.114862,0.256194,0.357378,0.753761,1.488036,2.109562,5.484871
1987-03-10,0.483167,Training,-0.444454,-0.271082,-0.183510,-0.033968,0.087377,0.224247,0.309947,0.693412,1.436810,2.071539,5.538188
1987-03-11,0.483167,Training,-0.440576,-0.268720,-0.184306,-0.046975,0.066156,0.195371,0.270379,0.632326,1.341041,1.946794,5.319267
1987-03-12,0.483167,Training,-0.392179,-0.226887,-0.168007,-0.054569,0.056496,0.158688,0.229513,0.541039,1.094892,1.625804,4.638368
1987-03-13,0.483167,Training,-0.448015,-0.266038,-0.196848,-0.062331,0.065980,0.185960,0.252091,0.594880,1.294848,1.965739,5.724386
1987-03-14,0.805278,Training,-0.417828,-0.240746,-0.158338,-0.054554,0.061829,0.181181,0.237843,0.553104,1.181769,1.756352,5.151673
1987-03-15,0.483167,Training,-0.401580,-0.224089,-0.164429,-0.040243,0.086947,0.194935,0.264482,0.589943,1.169644,1.755132,4.964029
1987-03-16,0.483167,Training,-0.401332,-0.215811,-0.141185,-0.034476,0.082290,0.194821,0.258120,0.566776,1.113176,1.608046,4.658273
1987-03-17,0.322111,Training,-0.362893,-0.182027,-0.110565,-0.022669,0.085856,0.186862,0.253374,0.538539,1.017169,1.462391,4.182185
1987-03-18,0.322111,Training,-0.343435,-0.164334,-0.102312,-0.025623,0.071415,0.158755,0.222267,0.483926,0.902370,1.297118,3.777388
1987-03-19,0.161056,Training,-0.333344,-0.152738,-0.099316,-0.022467,0.067428,0.151677,0.217039,0.474732,0.864984,1.221075,3.540411
1987-03-20,0.161056,Training,-0.333705,-0.150942,-0.103248,-0.023051,0.062258,0.147972,0.213449,0.472885,0.854537,1.184847,3.429345
1987-03-21,0.161056,Training,-0.347395,-0.161021,-0.121940,-0.026183,0.064100,0.152632,0.222195,0.494859,0.898897,1.248884,3.577758
1987-03-22,0.161056,Training,-0.362036,-0.178645,-0.124945,-0.031764,0.058858,0.154887,0.218397,0.499070,0.938767,1.319349,3.766423
1987-03-23,0.161056,Training,-0.372544,-0.191939,-0.134315,-0.035064,0.057894,0.158782,0.223241,0.515655,0.985422,1.388473,3.918175
1987-03-24,0.161056,Training,-0.433548,-0.252039,-0.192076,-0.040565,0.078279,0.200946,0.282716,0.649828,1.292174,1.879291,5.081051
1987-03-25,0.161056,Training,-0.564171,-0.376816,-0.279751,-0.090498,0.066045,0.245862,0.294973,0.792022,2.008406,3.223474,9.555726
1987-03-26,0.161056,Training,-0.573318,-0.382453,-0.259879,-0.067020,0.099182,0.305208,0.365115,0.903965,2.231297,3.426311,9.885755
1987-03-27,0.161056,Training,-0.528618,-0.347810,-0.230194,-0.053746,0.092441,0.272463,0.339012,0.818208,1.918567,2.938571,8.141540
1987-03-28,0.161056,Training,-0.514349,-0.331156,-0.225598,-0.034355,0.112193,0.284296,0.373463,0.851127,1.864282,2.805217,7.420942
1987-03-29,0.161056,Training,-0.477305,-0.283179,-0.202041,-0.010372,0.118804,0.281925,0.380499,0.829769,1.657437,2.328402,5.973666
1987-03-30,0.161056,Training,-0.490767,-0.294703,-0.204880,0.009404,0.146031,0.319039,0.432402,0.919443,1.822918,2.567445,6.399561
1987-03-31,0.161056,Training,-0.459768,-0.275198,-0.189190,-0.021033,0.096048,0.241265,0.325273,0.735731,1.511168,2.186238,5.707905
1987-04-01,0.161056,Training,-0.424641,-0.240260,-0.170817,-0.030481,0.072079,0.196207,0.267256,0.622627,1.258113,1.800818,4.859185
1987-04-02,0.161056,Training,-0.450462,-0.257310,-0.192146,-0.016398,0.095462,0.230832,0.315961,0.710782,1.427457,2.047426,5.373197
1987-04-03,0.161056,Training,-0.504799,-0.274089,-0.191397,0.076901,0.262160,0.476867,0.574360,1.051592,2.256877,3.354083,8.484630
1987-04-04,0.161056,Training,-0.676859,-0.233106,-0.077636,0.766340,1.878029,2.941701,3.272388,6.673365,16.688736,22.605381,57.438095
1987-04-05,0.161056,Training,-0.689248,-0.336154,-0.115738,0.552583,1.482395,2.166039,2.559174,5.459521,13.222921,19.795321,50.196735
1987-04-06,0.161056,Training,-0.701429,-0.421370,-0.156114,0.412596,1.202001,1.744096,2.134192,4.623928,11.069412,17.743313,45.105331
1987-04-07,3.221114,Training,-0.710820,-0.351132,0.067861,1.162770,2.748884,3.881058,4.684484,10.227402,24.499071,39.462254,92.715195
1987-04-08,14.333956,Training,-0.240820,0.881666,2.052473,7.095272,15.966644,20.093771,25.394667,51.393528,99.481171,142.171417,276.871552
1987-04-09,10.468620,Training,-0.475704,0.083976,0.658496,2.325981,4.633246,6.251330,7.764819,14.577369,29.886612,43.258339,95.719475
1987-04-10,5.314838,Training,-0.555024,-0.210631,0.145561,0.913161,1.665046,2.410054,2.954391,5.309205,10.922747,16.126873,36.362125
1987-04-11,2.576891,Training,-0.560094,-0.286065,0.028008,0.596438,1.126356,1.633927,2.054586,3.625631,7.401369,11.320621,25.867651
1987-04-12,1.610557,Training,-0.552787,-0.330414,-0.105427,0.274092,0.582668,0.892408,1.140088,2.104059,4.410735,6.790699,15.918391
1987-04-13,0.805278,Training,-0.543077,-0.338876,-0.167326,0.092915,0.254980,0.473123,0.578557,1.197527,2.657136,4.180708,10.526452
1987-04-14,0.483167,Training,-0.532325,-0.330000,-0.180189,0.058315,0.192236,0.389978,0.477849,1.023856,2.278114,3.557439,9.075094
1987-04-15,0.322111,Training,-0.505271,-0.308511,-0.184504,0.047103,0.184443,0.366316,0.467794,0.994839,2.150661,3.262664,8.292316
1987-04-16,0.322111,Training,-0.455602,-0.252786,-0.173147,0.020966,0.128051,0.270047,0.351221,0.771177,1.643828,2.475594,6.558464
1987-04-17,0.322111,Training,-0.427035,-0.222502,-0.154556,-0.005104,0.072041,0.193413,0.240751,0.581265,1.278761,1.932887,5.468458
1987-04-18,0.322111,Training,-0.422336,-0.212633,-0.150954,-0.019791,0.040516,0.150766,0.184430,0.483507,1.090875,1.666457,4.890667
1987-04-19,0.161056,Training,-0.428214,-0.211058,-0.152835,-0.026205,0.023861,0.129221,0.154699,0.430671,0.994196,1.531267,4.566380
1987-04-20,0.161056,Training,-0.427949,-0.201099,-0.149823,-0.026584,0.013492,0.113363,0.132903,0.385586,0.905973,1.398906,4.233572
1987-04-21,0.161056,Training,-0.410479,-0.187179,-0.142603,-0.029330,0.008705,0.100723,0.119062,0.357804,0.839101,1.296584,3.993215
1987-04-22,0.161056,Training,-0.365173,-0.143670,-0.111025,-0.035811,-0.004628,0.065727,0.083267,0.275715,0.639190,0.977732,3.258236
1987-04-23,0.161056,Training,-0.319104,-0.113770,-0.092390,-0.022577,0.002367,0.050549,0.065131,0.222749,0.485636,0.820347,2.955240
1987-04-24,0.161056,Training,-0.338530,-0.132868,-0.097351,-0.004658,0.045914,0.109009,0.120567,0.291334,0.612043,1.036251,3.532066
1987-04-25,0.161056,Training,-0.376596,-0.158906,-0.100173,-0.028915,0.033148,0.108613,0.118287,0.304759,0.685927,1.095905,3.889063
1987-04-26,0.161056,Training,-0.349475,-0.126608,-0.074134,-0.035996,0.005089,0.055092,0.072107,0.208996,0.465245,0.756515,2.891072
1987-04-27,0.161056,Training,-0.314841,-0.104414,-0.059648,-0.034277,0.014525,0.049280,0.074385,0.206253,0.423206,0.678291,2.601115
1987-04-28,0.161056,Training,-0.285717,-0.081284,-0.039219,-0.022581,0.024953,0.056377,0.085802,0.216810,0.419938,0.651585,2.447346
1987-04-29,0.161056,Training,-0.279301,-0.068963,-0.031498,-0.021533,0.018760,0.043233,0.073768,0.193110,0.371897,0.581172,2.284039
1987-04-30,0.000000,Training,-0.301799,-0.071472,-0.036049,-0.029988,-0.002457,0.015884,0.045027,0.143276,0.286568,0.463366,2.011446
1987-05-01,0.000000,Training,-0.285470,-0.059568,-0.024266,-0.026050,0.002055,0.014752,0.045761,0.137513,0.264944,0.434239,1.927090
1987-05-02,0.000000,Training,-0.277807,-0.055983,-0.021992,-0.024978,0.003171,0.015638,0.046048,0.139481,0.267873,0.436558,1.926174
1987-05-03,0.000000,Training,-0.310556,-0.068764,-0.038815,-0.031927,-0.014631,0.000904,0.026497,0.112246,0.234466,0.389518,1.819419
1987-05-04,0.000000,Training,-0.308533,-0.064203,-0.037549,-0.029792,-0.016115,-0.001482,0.022911,0.104155,0.221778,0.375523,1.788474
1987-05-05,0.000000,Training,-0.278355,-0.051637,-0.019351,-0.025633,-0.002949,0.005589,0.035239,0.118163,0.228205,0.381725,1.785270
1987-05-06,0.000000,Training,-0.280774,-0.049841,-0.017987,-0.025125,-0.005011,0.001486,0.030739,0.107338,0.207476,0.354848,1.719692
1987-05-07,0.000000,Training,-0.285488,-0.050825,-0.019752,-0.025458,-0.007490,-0.001020,0.027488,0.101139,0.197908,0.342130,1.689205
1987-05-08,0.000000,Training,-0.270862,-0.045002,-0.013646,-0.022021,-0.000388,0.005749,0.035418,0.112951,0.215152,0.365170,1.739395
1987-05-09,0.000000,Training,-0.257253,-0.039162,-0.008561,-0.017328,0.007978,0.014534,0.045001,0.126703,0.236234,0.393266,1.795894
1987-05-10,0.000000,Training,-0.267306,-0.043087,-0.018896,-0.019042,0.004741,0.010956,0.040801,0.121781,0.233436,0.397795,1.820694
1987-05-11,0.000000,Training,-0.281266,-0.044151,-0.025009,-0.018725,-0.009198,0.001491,0.022362,0.094889,0.206090,0.368623,1.780325
1987-05-12,0.000000,Training,-0.299322,-0.055785,-0.038232,-0.022940,-0.016516,-0.000553,0.016860,0.092200,0.215125,0.382528,1.825183
1987-05-13,0.000000,Training,-0.274088,-0.048956,-0.014818,-0.025474,-0.002183,0.001556,0.030184,0.102553,0.199856,0.346766,1.694125
1987-05-14,0.000000,Training,-0.257140,-0.038772,-0.004588,-0.018437,0.008524,0.010370,0.041040,0.113270,0.210123,0.360431,1.709770
1987-05-15,0.000000,Training,-0.255775,-0.037071,-0.005395,-0.017085,0.008578,0.011407,0.041341,0.113862,0.213882,0.366452,1.726678
1987-05-16,0.000000,Training,-0.264755,-0.050397,-0.026851,-0.015842,0.015401,0.016300,0.049712,0.122703,0.219846,0.411849,1.831161
1987-05-17,0.000000,Training,-0.275203,-0.050933,-0.014754,-0.014829,0.021826,0.029093,0.059543,0.138557,0.257435,0.439133,1.915985
1987-05-18,0.000000,Training,-0.272532,-0.048501,-0.012068,-0.014590,0.019793,0.024522,0.056216,0.130508,0.241183,0.416999,1.864518
1987-05-19,0.000000,Training,-0.301740,-0.061833,-0.027530,-0.028035,-0.006959,-0.003937,0.021684,0.086555,0.179151,0.334070,1.702761
1987-05-20,0.000000,Training,-0.311700,-0.063621,-0.032111,-0.029379,-0.014363,-0.011182,0.012717,0.072594,0.157308,0.303501,1.626116
1987-05-21,0.000000,Training,-0.307854,-0.060543,-0.030379,-0.028897,-0.015193,-0.012559,0.010958,0.070550,0.153500,0.296916,1.607543
1987-05-22,0.000000,Training,-0.285828,-0.050878,-0.029554,-0.023951,-0.000475,-0.002368,0.026401,0.092614,0.184998,0.351516,1.736847
1987-05-23,0.000000,Training,-0.284169,-0.048827,-0.021245,-0.022388,-0.000957,0.000393,0.026735,0.093858,0.189349,0.346629,1.725423
1987-05-24,0.000000,Training,-0.269956,-0.042759,-0.013065,-0.017205,0.006735,0.009476,0.037079,0.107489,0.208738,0.367613,1.754974
1987-05-25,0.000000,Training,-0.279860,-0.047168,-0.018255,-0.021822,-0.002587,-0.000405,0.025306,0.092158,0.187348,0.339453,1.698980
1987-05-26,0.000000,Training,-0.288723,-0.049633,-0.023835,-0.023958,-0.008221,-0.006690,0.018476,0.081832,0.171961,0.321082,1.659835
1987-05-27,0.000000,Training,-0.296880,-0.053185,-0.027147,-0.025873,-0.014525,-0.011607,0.010944,0.071989,0.158661,0.302814,1.619448
1987-05-28,0.000000,Training,-0.309279,-0.054850,-0.031627,-0.025978,-0.021828,-0.019567,0.000260,0.052638,0.127116,0.263571,1.528111
1987-05-29,0.000000,Training,-0.328834,-0.062771,-0.039493,-0.027557,-0.028576,-0.025772,-0.008323,0.038221,0.102693,0.230231,1.440756
1987-05-30,0.000000,Training,-0.350475,-0.069477,-0.048183,-0.023633,-0.033296,-0.029052,-0.016615,0.022315,0.073711,0.196004,1.356252
1987-05-31,0.000000,Training,-0.343992,-0.067530,-0.046543,-0.025580,-0.033144,-0.029126,-0.015667,0.025723,0.082950,0.207863,1.389771
1987-06-01,0.000000,Validation,-0.350371,-0.069565,-0.049949,-0.023400,-0.034172,-0.028721,-0.017505,0.022679,0.078909,0.204935,1.384921
1987-06-02,0.000000,Validation,-0.346339,-0.066910,-0.049089,-0.022341,-0.033664,-0.027260,-0.016421,0.024792,0.085998,0.215253,1.413429
1987-06-03,0.000000,Validation,-0.330097,-0.055003,-0.045813,-0.016313,-0.030892,-0.021679,-0.013292,0.030040,0.107793,0.252793,1.527877
1987-06-04,0.000000,Validation,-0.323997,-0.060181,-0.036353,-0.028294,-0.029120,-0.028233,-0.010464,0.033294,0.095309,0.222027,1.426326
1987-06-05,0.000000,Validation,-0.331572,-0.060834,-0.037312,-0.026638,-0.031037,-0.031242,-0.014547,0.023008,0.074656,0.195976,1.359593
1987-06-06,0.000000,Validation,-0.336424,-0.060896,-0.036813,-0.025010,-0.031327,-0.032994,-0.016610,0.015632,0.057898,0.175198,1.306918
1987-06-07,0.000000,Validation,-0.327576,-0.057680,-0.033366,-0.025963,-0.029474,-0.031775,-0.013787,0.020858,0.068178,0.188221,1.342000
1987-06-08,0.000000,Validation,-0.284904,-0.040924,-0.014535,-0.022755,-0.013762,-0.018502,0.004994,0.050773,0.116592,0.250916,1.495652
1987-06-09,0.000000,Validation,-0.266859,-0.029866,-0.007608,-0.017382,-0.007662,-0.012890,0.009876,0.055784,0.127651,0.268688,1.543581
1987-06-10,0.000000,Validation,-0.274772,-0.035850,-0.009042,-0.020732,-0.009534,-0.015456,0.009161,0.054947,0.122536,0.257665,1.507811
1987-06-11,0.000000,Validation,-0.299145,-0.046293,-0.026281,-0.026227,-0.018334,-0.025503,-0.000712,0.040602,0.102027,0.238542,1.472213
1987-06-12,0.000000,Validation,-0.290067,-0.042059,-0.015331,-0.023412,-0.015706,-0.021941,0.001468,0.042464,0.102468,0.234012,1.459473
1987-06-13,0.000000,Validation,-0.313339,-0.054880,-0.041243,-0.030511,-0.023813,-0.033486,-0.008430,0.026353,0.077968,0.224475,1.453584
1987-06-14,0.000000,Validation,-0.280559,-0.039483,-0.011988,-0.020707,-0.005432,-0.011523,0.012868,0.058861,0.131753,0.276839,1.573274
1987-06-15,0.000000,Validation,-0.282526,-0.040532,-0.012894,-0.020950,-0.007650,-0.013392,0.011255,0.056328,0.126476,0.268660,1.551151
1987-06-16,0.000000,Validation,-0.304304,-0.050011,-0.023600,-0.025842,-0.020847,-0.025549,-0.003834,0.036005,0.095552,0.227143,1.451865
1987-06-17,0.000000,Validation,-0.320374,-0.055658,-0.031171,-0.026771,-0.027623,-0.030876,-0.011477,0.024244,0.076630,0.201448,1.387735
1987-06-18,0.000000,Validation,-0.327541,-0.057784,-0.034722,-0.027022,-0.030586,-0.033688,-0.015505,0.017919,0.066041,0.187928,1.355096
1987-06-19,0.000000,Validation,-0.313476,-0.052356,-0.028127,-0.026878,-0.026625,-0.030756,-0.010598,0.026553,0.079596,0.204705,1.396558
1987-06-20,0.000000,Validation,-0.324702,-0.056383,-0.032970,-0.026984,-0.030441,-0.033785,-0.015336,0.018705,0.066522,0.187627,1.353726
1987-06-21,0.000000,Validation,-0.329273,-0.057827,-0.034542,-0.026656,-0.031998,-0.035016,-0.017467,0.014888,0.059756,0.178713,1.331500
1987-06-22,0.000000,Validation,-0.329597,-0.057894,-0.034630,-0.026758,-0.032288,-0.035391,-0.017881,0.014228,0.058746,0.177431,1.329339
1987-06-23,0.000000,Validation,-0.319859,-0.054468,-0.030553,-0.027329,-0.029588,-0.033441,-0.014088,0.021047,0.070479,0.192097,1.365932
1987-06-24,0.000000,Validation,-0.323751,-0.056033,-0.032139,-0.027396,-0.030838,-0.034226,-0.015453,0.018919,0.066974,0.187124,1.352749
1987-06-25,0.000000,Validation,-0.348778,-0.065751,-0.051278,-0.031006,-0.037350,-0.041943,-0.023673,0.005262,0.047289,0.170629,1.319239
1987-06-26,0.000000,Validation,-0.338918,-0.061946,-0.038685,-0.027169,-0.033821,-0.036154,-0.019831,0.010909,0.054145,0.173359,1.325539
1987-06-27,0.000000,Validation,-0.352685,-0.067207,-0.044437,-0.024456,-0.036073,-0.036742,-0.023612,0.003195,0.039627,0.156435,1.284344
1987-06-28,0.000000,Validation,-0.344210,-0.063889,-0.042145,-0.027263,-0.035328,-0.037772,-0.021891,0.006514,0.048855,0.168432,1.318127
1987-06-29,0.000000,Validation,-0.333894,-0.057587,-0.036142,-0.025404,-0.033479,-0.036624,-0.020406,0.007202,0.049877,0.170084,1.328001
1987-06-30,0.000000,Validation,-0.367638,-0.072680,-0.061514,-0.029731,-0.041284,-0.044304,-0.029293,-0.006730,0.029640,0.153413,1.287971
1987-07-01,0.000000,Validation,-0.351637,-0.061278,-0.046528,-0.022315,-0.036404,-0.037935,-0.025675,-0.005113,0.033397,0.156968,1.315852
1987-07-02,0.000000,Validation,-0.367419,-0.074472,-0.054357,-0.027272,-0.037496,-0.038158,-0.024563,0.000001,0.039575,0.161481,1.313873
1987-07-03,0.000000,Validation,-0.360127,-0.072233,-0.047756,-0.025911,-0.036477,-0.036341,-0.023324,0.002178,0.042536,0.162496,1.315676
1987-07-04,0.000000,Validation,-0.365816,-0.075853,-0.062839,-0.034464,-0.040174,-0.043584,-0.025436,0.000359,0.046479,0.177939,1.365373
1987-07-05,0.000000,Validation,-0.329693,-0.060321,-0.036889,-0.029474,-0.027654,-0.030820,-0.010128,0.025405,0.085568,0.219153,1.465588
1987-07-06,0.000000,Validation,-0.337078,-0.062757,-0.037840,-0.027687,-0.030736,-0.032000,-0.013584,0.019226,0.072884,0.198755,1.406128
1987-07-07,0.000000,Validation,-0.355925,-0.069485,-0.045762,-0.025041,-0.035449,-0.034618,-0.020624,0.006709,0.050406,0.169873,1.331998
1987-07-08,0.000000,Validation,-0.356556,-0.069123,-0.045890,-0.024158,-0.035437,-0.034128,-0.020470,0.006831,0.050301,0.169297,1.332984
1987-07-09,0.000000,Validation,-0.404136,-0.101577,-0.088286,-0.019263,-0.039530,-0.030695,-0.016052,-0.005018,0.023677,0.180948,1.370501
1987-07-10,0.000000,Validation,-0.405261,-0.103891,-0.080493,-0.034286,-0.031945,-0.021162,-0.006401,0.027598,0.106286,0.267832,1.676507
1987-07-11,0.000000,Validation,-0.400115,-0.100959,-0.070335,-0.026180,-0.031280,-0.017437,-0.006128,0.025945,0.091032,0.240314,1.567282
1987-07-12,0.000000,Validation,-0.370484,-0.080880,-0.060772,-0.031399,-0.035975,-0.033122,-0.016894,0.013788,0.074057,0.211614,1.470356
1987-07-13,0.000000,Validation,-0.360249,-0.072435,-0.050843,-0.025288,-0.033746,-0.030112,-0.015746,0.013222,0.069750,0.202565,1.447503
1987-07-14,0.000000,Validation,-0.356759,-0.071324,-0.048859,-0.027273,-0.032878,-0.030756,-0.013569,0.018686,0.076300,0.205576,1.440220
1987-07-15,0.000000,Validation,-0.332104,-0.060678,-0.036185,-0.027028,-0.027709,-0.027729,-0.007060,0.030610,0.095326,0.227104,1.488434
1987-07-16,0.000000,Validation,-0.322911,-0.055068,-0.031264,-0.025766,-0.025776,-0.027003,-0.005163,0.033034,0.097453,0.228130,1.486728
1987-07-17,0.000000,Validation,-0.322829,-0.053767,-0.031157,-0.025440,-0.026598,-0.027924,-0.006109,0.031195,0.094310,0.222598,1.470789
1987-07-18,0.000000,Validation,-0.310734,-0.044964,-0.025428,-0.022211,-0.024574,-0.027138,-0.005585,0.029607,0.092219,0.222410,1.479775
1987-07-19,0.000000,Validation,-0.317555,-0.051376,-0.027734,-0.025962,-0.026061,-0.028459,-0.005643,0.031629,0.093658,0.219327,1.461548
1987-07-20,0.000000,Validation,-0.322419,-0.053091,-0.029655,-0.026150,-0.027869,-0.029751,-0.007719,0.027901,0.087946,0.211229,1.442796
1987-07-21,0.000000,Validation,-0.323357,-0.054139,-0.029885,-0.026869,-0.027989,-0.029768,-0.007432,0.028653,0.089188,0.211691,1.442336
1987-07-22,0.000000,Validation,-0.301328,-0.041237,-0.020034,-0.023342,-0.022555,-0.027210,-0.003632,0.031796,0.094279,0.222797,1.480376
1987-07-23,0.000000,Validation,-0.300764,-0.045092,-0.018877,-0.026560,-0.020660,-0.025872,0.000185,0.039927,0.104937,0.232238,1.491478
1987-07-24,0.000000,Validation,-0.297807,-0.044287,-0.017521,-0.026401,-0.019049,-0.024081,0.002638,0.044053,0.111762,0.240163,1.509083
1987-07-25,0.000000,Validation,-0.316344,-0.051815,-0.026935,-0.028633,-0.025330,-0.028967,-0.003664,0.033862,0.097785,0.221926,1.469031
1987-07-26,0.000000,Validation,-0.330903,-0.056694,-0.031563,-0.027179,-0.029740,-0.031000,-0.009501,0.022724,0.080307,0.198573,1.416292
1987-07-27,0.000000,Validation,-0.327771,-0.047095,-0.029059,-0.020179,-0.030297,-0.032726,-0.014409,0.006750,0.055359,0.173975,1.379467
1987-07-28,0.000000,Validation,-0.328725,-0.059970,-0.031023,-0.031463,-0.028554,-0.030591,-0.006115,0.030288,0.093452,0.214829,1.457887
1987-07-29,0.000000,Validation,-0.330956,-0.062952,-0.031659,-0.033041,-0.028097,-0.029743,-0.004247,0.034346,0.099650,0.220565,1.467138
1987-07-30,0.000000,Validation,-0.333268,-0.062823,-0.032119,-0.032431,-0.028911,-0.030490,-0.005628,0.030728,0.094011,0.213730,1.454559
1987-07-31,0.000000,Validation,-0.342084,-0.068421,-0.035487,-0.033860,-0.029957,-0.030569,-0.005824,0.030928,0.094008,0.211555,1.446527
1987-08-01,0.000000,Validation,-0.345015,-0.069802,-0.036387,-0.033993,-0.030144,-0.030546,-0.005847,0.030325,0.093177,0.210388,1.446132
1987-08-02,0.000000,Validation,-0.348353,-0.071915,-0.037371,-0.034510,-0.030149,-0.030354,-0.005453,0.030649,0.093564,0.210320,1.446734
1987-08-03,0.000000,Validation,-0.341736,-0.069343,-0.034421,-0.035141,-0.028540,-0.029530,-0.002927,0.034930,0.101080,0.219852,1.470719
1987-08-04,0.000000,Validation,-0.330606,-0.064615,-0.029645,-0.035229,-0.025339,-0.027788,0.001276,0.041719,0.111985,0.234440,1.505805
1987-08-05,0.000000,Validation,-0.322872,-0.061384,-0.025541,-0.034636,-0.022633,-0.025832,0.004640,0.046802,0.119252,0.243600,1.526117
1987-08-06,0.000000,Validation,-0.315356,-0.058132,-0.021990,-0.033924,-0.019662,-0.023561,0.008355,0.052395,0.127639,0.254618,1.551929
1987-08-07,0.000000,Validation,-0.318666,-0.059363,-0.027396,-0.036270,-0.019541,-0.024800,0.009361,0.053942,0.132532,0.264421,1.582522
1987-08-08,0.000000,Validation,-0.321780,-0.061526,-0.024431,-0.034959,-0.020251,-0.023168,0.009139,0.053308,0.130482,0.257651,1.563360
1987-08-09,0.000000,Validation,-0.327870,-0.064495,-0.026656,-0.035727,-0.021771,-0.024128,0.008021,0.050785,0.126979,0.252221,1.551858
1987-08-10,0.000000,Validation,-0.338334,-0.069474,-0.031183,-0.036857,-0.024540,-0.025617,0.005438,0.046363,0.121598,0.244298,1.536748
1987-08-11,0.000000,Validation,-0.339567,-0.069971,-0.031558,-0.036983,-0.024406,-0.025255,0.006085,0.046945,0.123091,0.246118,1.544303
1987-08-12,0.000000,Validation,-0.327240,-0.064132,-0.026963,-0.036536,-0.020645,-0.023179,0.010723,0.054338,0.135186,0.263792,1.589285
1987-08-13,0.000000,Validation,-0.321882,-0.062530,-0.023838,-0.036016,-0.018165,-0.020614,0.014320,0.060373,0.144273,0.274835,1.613790
1987-08-14,0.000000,Validation,-0.317227,-0.060132,-0.023494,-0.036368,-0.015585,-0.019391,0.017775,0.065402,0.152806,0.288015,1.648263
1987-08-15,0.000000,Validation,-0.314250,-0.059151,-0.019900,-0.035237,-0.014290,-0.017526,0.019473,0.067583,0.155241,0.289766,1.650924
1987-08-16,0.000000,Validation,-0.327062,-0.065431,-0.025415,-0.037253,-0.018071,-0.019737,0.016644,0.062799,0.149696,0.280658,1.632614
1987-08-17,0.000000,Validation,-0.348076,-0.075551,-0.034362,-0.039175,-0.022751,-0.021796,0.012547,0.055270,0.140281,0.266417,1.605820
1987-08-18,0.000000,Validation,-0.366381,-0.084543,-0.041269,-0.038706,-0.023806,-0.020976,0.011919,0.051499,0.133897,0.258415,1.596074
1987-08-19,0.000000,Validation,-0.362776,-0.083247,-0.040396,-0.040116,-0.023400,-0.020935,0.013321,0.054474,0.140961,0.267994,1.623916
1987-08-20,0.000000,Validation,-0.367223,-0.085927,-0.042053,-0.040442,-0.022948,-0.019993,0.014688,0.055600,0.143431,0.271664,1.638304
1987-08-21,0.000000,Validation,-0.363945,-0.084466,-0.040683,-0.041183,-0.022391,-0.019825,0.016009,0.057768,0.147888,0.277228,1.652946
1987-08-22,0.000000,Validation,-0.340729,-0.073364,-0.031418,-0.041307,-0.018796,-0.018933,0.020193,0.066329,0.161850,0.296934,1.695785
1987-08-23,0.000000,Validation,-0.328158,-0.067445,-0.025739,-0.040184,-0.015131,-0.016795,0.024253,0.072615,0.170516,0.309401,1.722264
1987-08-24,0.000000,Validation,-0.318000,-0.062370,-0.021236,-0.038896,-0.011889,-0.014637,0.027744,0.077654,0.177726,0.320002,1.746427
1987-08-25,0.000000,Validation,-0.322615,-0.063925,-0.023618,-0.039746,-0.013851,-0.016134,0.025924,0.073778,0.174156,0.316224,1.745629
1987-08-26,0.000000,Validation,-0.330412,-0.069364,-0.027122,-0.042059,-0.015054,-0.016208,0.026571,0.075487,0.178615,0.319424,1.754208
1987-08-27,0.000000,Validation,-0.325881,-0.067571,-0.025681,-0.042064,-0.013487,-0.015019,0.028800,0.079227,0.185352,0.329309,1.780637
1987-08-28,0.000000,Validation,-0.375862,-0.121404,-0.067751,-0.035861,0.012322,0.017726,0.085731,0.124877,0.248829,0.511155,2.392102
1987-08-29,0.000000,Validation,-0.489491,-0.191991,-0.149363,-0.086577,-0.011180,0.021879,0.085536,0.162644,0.422617,0.747509,3.406227
1987-08-30,0.000000,Validation,-0.469927,-0.169453,-0.113944,-0.058161,0.021384,0.059795,0.127018,0.223955,0.506820,0.848061,3.568973
1987-08-31,0.000000,Validation,-0.415566,-0.142736,-0.079744,-0.058530,0.002042,0.025613,0.081692,0.160438,0.377611,0.637866,2.790131
1987-09-01,0.000000,Validation,-0.406137,-0.131286,-0.073734,-0.056671,-0.003486,0.016402,0.072192,0.145465,0.345972,0.584580,2.602494
1987-09-02,0.000000,Validation,-0.392256,-0.118638,-0.061557,-0.052385,-0.006555,0.010880,0.064547,0.134056,0.315746,0.526475,2.401369
1987-09-03,0.000000,Validation,-0.379640,-0.105544,-0.056477,-0.051442,-0.010316,0.002246,0.055843,0.121903,0.288785,0.481183,2.257370
1987-09-04,0.000000,Validation,-0.363649,-0.094483,-0.051211,-0.050902,-0.011514,-0.002265,0.051758,0.118402,0.279561,0.465343,2.199980
1987-09-05,0.000000,Validation,-0.366008,-0.093597,-0.053100,-0.052183,-0.015137,-0.006427,0.047078,0.111528,0.268141,0.444969,2.143975
1987-09-06,0.000000,Validation,-0.382253,-0.100988,-0.059806,-0.053609,-0.017837,-0.008390,0.044251,0.104118,0.257322,0.427079,2.109628
1987-09-07,0.000000,Validation,-0.377621,-0.098985,-0.059818,-0.055411,-0.019683,-0.010728,0.041865,0.102620,0.257048,0.426542,2.108265
1987-09-08,0.000000,Validation,-0.378606,-0.100219,-0.061654,-0.057047,-0.020931,-0.011931,0.040657,0.101413,0.257308,0.427014,2.113703
1987-09-09,0.000000,Validation,-0.376614,-0.099872,-0.062261,-0.058618,-0.022171,-0.013315,0.039309,0.100492,0.257743,0.427669,2.116257
1987-09-10,0.000000,Validation,-0.363390,-0.094330,-0.059281,-0.059942,-0.022909,-0.014794,0.038224,0.102680,0.262942,0.436315,2.131252
1987-09-11,0.000000,Validation,-0.363547,-0.095432,-0.061022,-0.061465,-0.024024,-0.015444,0.037575,0.102823,0.265980,0.440579,2.144087
1987-09-12,0.000000,Validation,-0.372449,-0.100811,-0.066217,-0.063310,-0.025573,-0.015550,0.037245,0.102125,0.269514,0.444596,2.163745
1987-09-13,0.000000,Validation,-0.375288,-0.103416,-0.069640,-0.064973,-0.026867,-0.015832,0.036832,0.102802,0.275707,0.454102,2.195750
1987-09-14,0.000000,Validation,-0.368394,-0.101732,-0.070844,-0.066748,-0.028554,-0.016668,0.035673,0.105516,0.286657,0.472558,2.243578
1987-09-15,0.000000,Validation,-0.372660,-0.104015,-0.079920,-0.067517,-0.031265,-0.016195,0.034603,0.106158,0.307359,0.514429,2.377439
1987-09-16,0.000000,Validation,-0.363607,-0.099386,-0.073496,-0.065660,-0.028275,-0.013944,0.036255,0.108915,0.304996,0.507690,2.342354
1987-09-17,0.000000,Validation,-0.360639,-0.096383,-0.067021,-0.065081,-0.026599,-0.015881,0.035339,0.102418,0.284089,0.473781,2.252281
1987-09-18,0.000000,Validation,-0.354046,-0.094091,-0.058540,-0.064787,-0.022931,-0.016037,0.038037,0.104064,0.272615,0.448852,2.169669
1987-09-19,0.000000,Validation,-0.356083,-0.095552,-0.060258,-0.065922,-0.022589,-0.016048,0.039321,0.106176,0.276501,0.452716,2.181231
1987-09-20,0.000000,Validation,-0.340204,-0.089786,-0.052457,-0.063751,-0.017572,-0.012275,0.044669,0.116660,0.287149,0.466068,2.197590
1987-09-21,0.000000,Validation,-0.337353,-0.089348,-0.051559,-0.063536,-0.016732,-0.010902,0.046347,0.120257,0.293186,0.473386,2.213396
1987-09-22,0.000000,Validation,-0.334063,-0.088524,-0.051081,-0.063526,-0.015873,-0.009890,0.047898,0.123622,0.299128,0.481353,2.232066
1987-09-23,0.000000,Validation,-0.334990,-0.089737,-0.052460,-0.064283,-0.016307,-0.009565,0.048618,0.125833,0.304181,0.486825,2.245940
1987-09-24,0.000000,Validation,-0.336112,-0.090501,-0.058329,-0.066917,-0.016385,-0.010691,0.049733,0.129233,0.313303,0.502813,2.295548
1987-09-25,0.000000,Validation,-0.428438,-0.135026,-0.068831,0.029841,0.145816,0.167701,0.291676,0.382521,0.767445,1.328290,5.534129
1987-09-26,0.000000,Validation,-0.494963,-0.180160,-0.099561,-0.015708,0.131353,0.199023,0.319807,0.503743,1.155381,1.692946,6.721725
1987-09-27,0.000000,Validation,-0.450667,-0.160470,-0.080900,-0.024678,0.095617,0.156110,0.257551,0.433275,0.966836,1.454435,5.473438
1987-09-28,0.000000,Validation,-0.396707,-0.149215,-0.090823,-0.078102,-0.004607,0.025765,0.096705,0.205978,0.504950,0.793692,3.218454
1987-09-29,0.000000,Validation,-0.388996,-0.132785,-0.092567,-0.080766,-0.017718,0.003236,0.073331,0.171745,0.430669,0.676429,2.847912
1987-09-30,0.000000,Validation,-0.368969,-0.118910,-0.078531,-0.075291,-0.017923,0.001083,0.068231,0.165222,0.403494,0.626308,2.666716
1987-10-01,0.000000,Validation,-0.353712,-0.109059,-0.072831,-0.073610,-0.018062,-0.001672,0.065219,0.162297,0.390369,0.604930,2.588202
1987-10-02,0.000000,Validation,-0.334314,-0.099437,-0.066790,-0.071048,-0.014021,0.000444,0.067086,0.167212,0.393590,0.610728,2.589344
1987-10-03,0.161056,Validation,-0.321770,-0.093015,-0.062602,-0.068226,-0.010014,0.003831,0.070460,0.172810,0.399137,0.617107,2.592890
1987-10-04,0.161056,Validation,-0.409736,-0.153601,-0.123771,-0.038491,0.097679,0.136466,0.246758,0.412933,0.987282,1.684712,6.767340
1987-10-05,0.161056,Validation,-0.516667,-0.205964,-0.142320,-0.024872,0.153192,0.254801,0.390952,0.679438,1.666303,2.435473,9.406806
1987-10-06,0.161056,Validation,-0.456419,-0.176462,-0.111463,-0.035055,0.099281,0.181361,0.289288,0.530271,1.246688,1.867585,6.799312
1987-10-07,0.161056,Validation,-0.424080,-0.169140,-0.109496,-0.058448,0.047729,0.112326,0.208253,0.401354,0.958624,1.458081,5.276114
1987-10-08,0.161056,Validation,-0.401422,-0.150198,-0.115853,-0.076615,0.008357,0.051259,0.142203,0.298443,0.721943,1.114459,4.161605
1987-10-09,0.161056,Validation,-0.474561,-0.244533,-0.226293,-0.147988,-0.011991,0.054541,0.169091,0.417695,1.190896,2.012532,7.817680
1987-10-10,0.161056,Validation,-0.484130,-0.210509,-0.149687,-0.026625,0.133873,0.243808,0.375030,0.697450,1.688654,2.503394,8.705359
1987-10-11,0.161056,Validation,-0.411172,-0.159745,-0.105315,-0.025087,0.100979,0.185063,0.300266,0.554512,1.271995,1.900012,6.408936
1987-10-12,0.161056,Validation,-0.394697,-0.161108,-0.110486,-0.050903,0.055003,0.123817,0.226441,0.440785,1.021804,1.537576,5.276193
1987-10-13,0.161056,Validation,-0.361865,-0.133246,-0.097330,-0.049477,0.042140,0.095924,0.198817,0.389515,0.879449,1.312722,4.514859
1987-10-14,0.161056,Validation,-0.344507,-0.124042,-0.090126,-0.053304,0.032585,0.081767,0.179369,0.360740,0.779689,1.142855,3.953630
1987-10-15,0.161056,Validation,-0.384960,-0.150722,-0.135825,-0.092489,-0.015188,0.027771,0.123832,0.293755,0.697205,1.055027,3.854406
1987-10-16,0.161056,Validation,-0.429450,-0.216588,-0.211649,-0.154414,-0.064840,-0.011032,0.087302,0.277688,0.776362,1.286962,4.849362
1987-10-17,0.161056,Validation,-0.416388,-0.191565,-0.140193,-0.073936,0.031363,0.105365,0.203780,0.426608,1.006146,1.512877,5.218231
1987-10-18,0.161056,Validation,-0.409752,-0.186476,-0.147773,-0.084656,0.015168,0.084261,0.185710,0.403080,0.950948,1.427003,4.901807
1987-10-19,0.161056,Validation,-0.680181,-0.419699,-0.325061,-0.119160,0.275323,0.475411,0.819414,1.769998,5.232166,8.532308,31.922224
1987-10-20,0.161056,Validation,-0.653738,-0.341668,-0.179907,0.173963,0.676695,1.054557,1.560325,2.903950,7.756000,11.058895,35.322132
1987-10-21,0.161056,Validation,-0.567936,-0.300426,-0.191143,0.040533,0.303229,0.543950,0.798351,1.511347,3.688302,5.312630,15.670344
1987-10-22,0.161056,Validation,-0.793724,-0.565441,-0.395992,0.033923,1.015357,1.506890,2.552428,6.024968,18.062172,29.288895,79.314064
1987-10-23,0.161056,Validation,-0.689466,-0.384711,-0.174861,0.316969,1.014733,1.537026,2.334116,4.412692,11.417978,16.411406,45.424564
1987-10-24,0.161056,Validation,-0.764757,-0.543380,-0.381195,-0.052040,0.591564,0.941182,1.599310,3.619588,10.542989,17.081587,50.419613
1987-10-25,0.161056,Validation,-0.744003,-0.483412,-0.126646,0.586153,2.497157,3.147285,5.283190,12.564644,36.027718,59.569862,165.094315
1987-10-26,10.468620,Validation,-0.684704,-0.350222,0.160508,1.333494,4.555176,5.530230,9.256616,21.827778,58.221081,94.968376,245.945648
1987-10-27,14.172901,Validation,-0.532903,-0.020795,0.752543,3.041435,9.094966,10.820022,17.909885,40.694847,97.949471,155.143250,366.650604
1987-10-28,12.079177,Validation,-0.572938,-0.120192,0.315427,1.493927,3.198729,4.312374,6.329444,11.533579,26.669733,37.501091,90.198570
1987-10-29,9.019119,Validation,-0.582773,-0.273201,-0.033748,0.483009,1.084204,1.548569,2.242251,3.893819,8.605461,12.296386,29.838015
1987-10-30,8.535951,Validation,-0.700470,-0.463943,-0.258124,0.160960,0.706252,1.040856,1.697590,3.210471,8.025166,12.330344,33.678513
1987-10-31,28.184745,Validation,-0.785273,-0.596958,-0.304361,0.272013,1.533800,2.012393,3.658171,8.034595,21.652899,36.187447,99.562111
1987-11-01,28.184745,Validation,-0.670587,-0.358457,0.019161,0.902398,2.074955,2.866082,4.299961,7.936860,18.774225,26.944412,71.767433
1987-11-02,38.009142,Validation,-0.665640,-0.312071,0.325836,2.060609,6.491364,7.784661,13.855537,31.042774,70.771187,115.863258,279.927246
1987-11-03,595.100766,Validation,1.610477,4.825922,8.017853,25.632673,51.034153,63.546120,98.088837,179.210144,309.100250,443.867554,951.974487
1987-11-04,91.640686,Validation,3.155291,6.899668,10.588088,27.738745,52.418026,62.755718,88.861198,147.169525,256.157928,345.689575,778.309998
1987-11-05,99.049248,Validation,1.911054,4.835689,7.490905,18.000990,30.801180,38.746269,49.898483,77.880508,135.916672,173.473892,432.755371
1987-11-06,120.469654,Validation,1.026828,2.667389,5.078711,14.031968,28.677685,34.624763,51.684795,92.501839,168.813522,238.426926,561.803345
1987-11-07,306.811085,Validation,3.736194,8.715483,13.404354,39.193546,68.641449,85.718338,126.118446,209.071548,354.715759,490.196106,1075.172485
1987-11-08,85.842682,Validation,6.887845,13.446594,17.255888,40.069218,62.137638,76.238693,96.255188,134.407257,218.220322,270.369171,614.300598
1987-11-09,38.009142,Validation,3.141973,6.148252,8.801520,18.823277,27.632811,36.588146,43.631718,60.740204,96.154579,114.369102,272.841217
1987-11-10,16.749792,Validation,-0.008010,0.802000,1.729363,4.242657,6.983688,9.511724,12.078058,18.192125,33.635967,43.550205,104.897270
1987-11-11,9.824397,Validation,-0.184246,0.379747,1.013255,2.515933,4.157644,5.451375,7.066974,10.117519,18.107130,24.017437,54.392799
1987-11-12,6.603283,Validation,-0.410990,-0.047447,0.299669,1.125210,1.968608,2.575185,3.479755,5.184305,9.112041,12.314473,26.075821
1987-11-13,4.992726,Validation,-0.477366,-0.175894,0.063125,0.674334,1.251190,1.676092,2.327978,3.571548,6.300789,8.507897,18.099846
1987-11-14,3.704281,Validation,-0.511941,-0.254796,-0.049481,0.444376,0.897686,1.249557,1.761222,2.773533,5.086003,6.889803,15.020038
1987-11-15,2.737947,Validation,-0.522438,-0.278590,-0.128511,0.285407,0.626557,0.918137,1.325024,2.170520,3.905785,5.227282,11.553293
1987-11-16,2.254780,Validation,-0.539544,-0.311913,-0.152169,0.244066,0.576688,0.856547,1.237326,2.052192,3.840363,5.209378,11.731964
1987-11-17,2.093724,Validation,-0.553853,-0.338800,-0.176643,0.201319,0.516622,0.786647,1.135078,1.921212,3.723997,5.084188,11.686587
1987-11-18,2.093724,Validation,-0.554807,-0.348565,-0.206522,0.125145,0.391487,0.631491,0.929309,1.625811,3.188116,4.368642,10.246432
1987-11-19,1.771613,Validation,-0.554699,-0.356073,-0.228014,0.065863,0.294870,0.513196,0.767600,1.394565,2.786387,3.834235,9.203984
1987-11-20,1.610557,Validation,-0.567649,-0.369477,-0.222178,0.101095,0.354335,0.593184,0.860914,1.545311,3.091748,4.242453,10.013182
1987-11-21,1.449501,Validation,-0.561553,-0.365975,-0.232853,0.064289,0.290917,0.514133,0.756474,1.390481,2.774289,3.812982,9.076039
1987-11-22,1.288446,Validation,-0.535181,-0.337467,-0.238891,0.012362,0.191311,0.383612,0.585106,1.126077,2.195083,2.979755,7.282330
1987-11-23,1.288446,Validation,-0.520764,-0.319640,-0.244609,-0.016505,0.140859,0.316158,0.494997,0.986151,1.917133,2.567872,6.487318
1987-11-24,1.127390,Validation,-0.511065,-0.315809,-0.239828,-0.034222,0.124895,0.300487,0.464628,0.932114,1.803115,2.389782,6.148509
1987-11-25,0.966334,Validation,-0.503484,-0.309837,-0.240178,-0.050463,0.096965,0.262186,0.413549,0.854183,1.678352,2.230226,5.852262
1987-11-26,0.966334,Validation,-0.482047,-0.293207,-0.228744,-0.067840,0.065401,0.217747,0.347163,0.747053,1.482458,1.968280,5.321631
1987-11-27,0.966334,Validation,-0.435695,-0.255081,-0.197062,-0.082818,0.034333,0.161603,0.266838,0.598073,1.182349,1.562607,4.457445
1987-11-28,0.805278,Validation,-0.438796,-0.258555,-0.199175,-0.083839,0.035295,0.164283,0.270029,0.605155,1.201623,1.591563,4.529273
1987-11-29,0.805278,Validation,-0.443229,-0.259033,-0.200057,-0.077624,0.038699,0.168015,0.276131,0.619857,1.236709,1.635679,4.612781
1987-11-30,0.805278,Validation,-0.528219,-0.338899,-0.289584,-0.107345,0.071661,0.247403,0.410932,0.872942,1.925122,2.719218,7.561085
1987-12-01,0.644223,Validation,-0.806677,-0.591283,-0.475574,-0.131232,0.414650,0.905491,1.358437,3.162413,9.247385,13.394495,39.442345
1987-12-02,9.502286,Validation,-0.506400,0.149582,0.963350,3.627931,11.568907,14.062845,24.751249,52.291428,119.156593,176.570816,323.437317
1987-12-03,306.488974,Validation,1.078274,3.532141,6.415687,20.004555,46.807312,56.640572,90.655899,170.429291,310.430695,450.273499,857.298645
1987-12-04,141.406894,Validation,4.556517,9.929815,13.045066,35.811886,62.866547,74.829819,98.535995,148.974106,238.045883,309.284180,630.643860
1987-12-05,31.889026,Validation,0.499766,2.291232,3.551800,10.197073,18.353725,23.615442,30.811523,50.173508,91.480370,119.416542,268.721954
1987-12-06,45.095593,Validation,-0.283193,0.534069,1.248116,3.976574,7.739178,10.122988,13.810754,23.767216,48.528667,67.232880,152.678680
1987-12-07,302.945749,Validation,0.996063,3.253328,5.086611,16.277594,33.531322,40.807961,62.753239,109.883720,200.154083,259.614960,562.278992
1987-12-08,731.031767,Validation,8.764436,19.665846,26.058424,76.538162,120.721550,148.301514,213.385468,298.250580,475.045746,616.746094,1268.375000
1987-12-09,136.575223,Validation,11.231034,18.682825,23.180689,47.836933,65.715500,81.831596,94.084221,119.662224,171.688766,205.498322,414.378571
1987-12-10,47.672484,Validation,5.855577,10.386757,13.771405,28.930429,42.240021,52.668015,63.794765,84.115944,132.070450,160.381592,366.714050
1987-12-11,111.289480,Validation,9.627789,21.110655,28.328011,80.135948,123.009705,152.795166,212.821060,289.604675,469.451294,615.733521,1299.036255
1987-12-12,252.857430,Validation,19.461594,33.580799,42.400021,100.116173,140.504791,171.579605,218.886475,277.490387,441.389343,550.970886,1098.198120
1987-12-13,274.761003,Validation,21.559275,33.879658,40.954876,90.720154,126.121277,150.480133,188.352798,232.634964,356.887238,440.389618,826.718689
1987-12-14,107.907311,Validation,14.026001,22.348204,26.728022,54.208614,74.492493,89.553307,105.186707,130.716171,196.047180,239.141800,489.803192
1987-12-15,353.839346,Validation,10.412721,15.301272,20.423336,41.845284,60.600235,73.645493,92.407120,119.601234,189.775482,230.492874,492.303009
1987-12-16,76.179340,Validation,7.183131,11.190032,14.612193,26.385984,36.246281,44.460869,52.351883,64.388321,101.905396,118.031334,271.865173
1987-12-17,38.653365,Validation,4.686487,7.016638,9.375550,15.591356,20.977598,25.826664,30.044136,35.521023,54.820000,63.019878,144.818726
1987-12-18,20.937239,Validation,3.612383,5.361865,7.142816,11.320673,15.219275,18.171062,21.417318,24.520021,37.284210,43.170982,96.866638
1987-12-19,14.172901,Validation,1.633959,2.899978,4.040484,7.165637,10.249434,12.149337,15.207009,18.111582,28.903099,34.840294,81.347305
1987-12-20,10.307564,Validation,0.882737,1.878215,2.747475,5.143802,7.393666,8.944427,11.061320,13.609341,21.046326,25.442982,56.568066
1987-12-21,7.569617,Validation,-0.049155,0.572807,1.099824,2.745739,4.337584,5.417600,7.212164,9.774935,16.225830,21.183805,47.179829
1987-12-22,6.120116,Validation,-0.045698,0.535922,1.150717,2.731882,4.313246,5.548733,7.066945,9.669090,16.075893,20.798025,46.331490
1987-12-23,4.992726,Validation,-0.159914,0.341703,0.818435,2.074473,3.232080,4.195797,5.306906,7.411544,11.866868,14.911554,31.932003
1987-12-24,3.865337,Validation,-0.232179,0.212403,0.630323,1.705453,2.686944,3.496389,4.419711,6.273960,9.992316,12.507124,26.563904
1987-12-25,3.221114,Validation,-0.352460,0.009662,0.335702,1.162641,1.901349,2.517773,3.217929,4.736460,7.642809,9.613377,20.086473
1987-12-26,3.060058,Validation,-0.416463,-0.100348,0.190377,0.910038,1.534179,2.060437,2.665622,4.043741,6.693967,8.552013,17.781866
1987-12-27,2.737947,Validation,-0.497214,-0.238859,-0.024543,0.505515,0.943546,1.326975,1.768928,2.845728,4.902611,6.389094,13.473759
1987-12-28,2.415835,Validation,-0.505232,-0.255145,-0.039961,0.478153,0.901942,1.277549,1.698852,2.759869,4.798882,6.282860,13.302143
1987-12-29,2.254780,Validation,-0.522119,-0.281753,-0.091092,0.380867,0.750384,1.092481,1.463729,2.437521,4.272455,5.576915,11.949684
1987-12-30,2.093724,Validation,-0.534907,-0.312927,-0.170042,0.198590,0.480807,0.758874,1.040797,1.823691,3.269411,4.266045,9.534744
1987-12-31,2.737947,Validation,-0.569569,-0.364080,-0.262397,0.066831,0.313212,0.556660,0.830904,1.558534,3.034348,4.220541,10.061345
1988-01-01,2.576891,Training,-0.569634,-0.366340,-0.251007,0.034544,0.251421,0.497829,0.709102,1.363803,2.731876,3.747562,9.209811
1988-01-02,1.771613,Training,-0.541924,-0.346461,-0.242110,0.008473,0.194263,0.404864,0.590910,1.171049,2.358185,3.252221,8.024838
1988-01-03,1.610557,Training,-0.527396,-0.344362,-0.239469,-0.023672,0.139538,0.325700,0.479769,0.997787,2.067095,2.902833,7.328467
1988-01-04,1.610557,Training,-0.500049,-0.311350,-0.226672,-0.025757,0.130070,0.307105,0.452930,0.939068,1.831743,2.438296,6.176934
1988-01-05,1.610557,Training,-0.527847,-0.340247,-0.250608,-0.021011,0.149964,0.329740,0.497460,1.030245,2.081789,2.901338,7.254844
1988-01-06,1.610557,Training,-0.582544,-0.387674,-0.283618,0.006460,0.226390,0.451920,0.675198,1.348510,2.816323,4.043128,9.994251
1988-01-07,1.449501,Training,-0.556111,-0.363830,-0.255057,-0.016244,0.178811,0.402457,0.570389,1.155385,2.387563,3.285700,8.313913
1988-01-08,1.288446,Training,-0.550096,-0.360640,-0.246565,-0.004195,0.199933,0.425263,0.601190,1.200721,2.430983,3.332171,8.258428
1988-01-09,1.127390,Training,-0.508814,-0.321275,-0.230290,-0.027086,0.133654,0.317093,0.459682,0.962680,1.913828,2.574283,6.528378
1988-01-10,0.966334,Training,-0.497801,-0.309993,-0.223097,-0.023605,0.130625,0.307330,0.446975,0.939362,1.837952,2.448622,6.171897
1988-01-11,1.127390,Training,-0.491676,-0.303595,-0.219234,-0.021857,0.127243,0.299218,0.436026,0.920151,1.788898,2.375826,5.979551
1988-01-12,1.288446,Training,-0.497669,-0.313217,-0.232065,-0.039676,0.129060,0.305860,0.445000,0.925397,1.788757,2.394516,6.100155
1988-01-13,17.877181,Training,-0.747543,-0.446782,-0.247383,0.502752,1.504563,2.466958,3.784987,7.596113,21.566561,31.228113,86.887321
1988-01-14,13.850789,Training,0.152856,1.837058,2.850883,10.504864,24.950802,32.064056,48.039116,92.468185,183.993042,216.558441,471.452332
1988-01-15,28.184745,Training,1.725588,4.736456,6.294157,19.530272,38.729637,47.232124,63.277355,104.776344,177.044327,219.152649,433.226868
1988-01-16,42.196590,Training,1.028379,3.346562,4.629877,13.921148,26.982698,34.615009,44.190750,73.802742,132.477173,170.406097,359.286652
1988-01-17,20.131961,Training,0.617281,2.517768,3.753808,10.650194,18.957315,24.528620,30.692078,50.081329,88.392220,113.606178,246.178711
1988-01-18,12.884455,Training,-0.022503,0.827489,1.749248,4.326561,7.211384,9.816602,12.146707,19.078943,34.082222,44.489151,95.587494
1988-01-19,11.596010,Training,-0.251579,0.460927,1.037743,3.156411,5.590752,7.575340,10.017926,16.302515,31.312025,42.208008,92.181038
1988-01-20,9.180174,Training,-0.190279,0.475942,1.168829,2.993329,5.007634,6.819587,8.589659,13.115581,23.473850,30.883005,67.523972
1988-01-21,7.086450,Training,-0.281103,0.214244,0.750465,1.979122,3.274964,4.442426,5.628633,8.528797,14.900684,19.619808,41.964890
1988-01-22,6.120116,Training,-0.239242,0.233749,0.739653,1.899346,3.042286,4.065370,5.121676,7.557800,12.559411,16.166405,34.429153
1988-01-23,5.314838,Training,-0.265216,0.163616,0.605678,1.619262,2.593617,3.459280,4.347339,6.405952,10.430593,13.271581,27.966118
1988-01-24,4.831671,Training,-0.343466,0.024838,0.406680,1.277387,2.106757,2.808592,3.589512,5.402138,8.957757,11.636756,24.354757
1988-01-25,4.348504,Training,-0.432512,-0.141374,0.205789,0.916787,1.639640,2.198177,2.865397,4.459126,7.872240,10.697536,22.786251
1988-01-26,4.509559,Training,-0.532925,-0.266102,0.022064,0.706140,1.393736,1.903177,2.651752,4.348651,8.270888,12.025206,26.815336
1988-01-27,122.402323,Training,-0.147075,1.104491,2.347153,9.070450,19.907518,26.102869,40.474045,79.775368,168.578857,210.354034,484.334564
1988-01-28,48.316706,Training,2.036460,5.002991,7.185506,19.095200,32.446815,42.102032,52.450306,79.405235,124.869949,153.203369,313.730927
1988-01-29,19.487738,Training,0.545391,1.878373,3.309624,8.165087,13.499235,18.324282,22.567232,34.554363,58.106148,74.183212,162.969864
1988-01-30,12.240232,Training,-0.024876,0.683804,1.593152,3.726167,6.021719,8.234509,10.199690,15.236125,26.512705,34.958168,76.734512
1988-01-31,8.535951,Training,-0.251818,0.230569,0.776419,1.964212,3.195820,4.321642,5.411922,8.021686,13.627419,17.834469,38.160389
1988-02-01,6.764339,Training,-0.365237,0.013165,0.411724,1.296617,2.170541,2.924571,3.745781,5.711360,9.716438,12.867119,27.105864
1988-02-02,4.992726,Training,-0.471341,-0.197635,0.063209,0.611206,1.142521,1.615632,2.092846,3.379101,5.831607,7.733915,16.232529
1988-02-03,3.865337,Training,-0.507017,-0.268052,-0.066695,0.370245,0.762254,1.125055,1.486947,2.512203,4.426967,5.892138,12.563732
1988-02-04,3.543225,Training,-0.531836,-0.321733,-0.163395,0.191910,0.486291,0.756119,1.046519,1.879969,3.472410,4.788875,10.566097
1988-02-05,3.221114,Training,-0.528519,-0.333716,-0.194616,0.099592,0.337969,0.568059,0.796220,1.497910,2.838342,3.941561,9.003063
1988-02-06,3.060058,Training,-0.534399,-0.328563,-0.201832,0.109152,0.354480,0.591492,0.825621,1.542641,2.888466,3.948872,9.072992
1988-02-07,2.737947,Training,-0.513732,-0.322836,-0.210269,0.028563,0.234093,0.443567,0.614488,1.196148,2.246066,3.036288,7.271749
1988-02-08,2.254780,Training,-0.511332,-0.318415,-0.207777,0.036818,0.226617,0.427978,0.597651,1.175372,2.213273,2.990813,7.112724
1988-02-09,2.093724,Training,-0.513125,-0.325053,-0.208544,0.035528,0.221026,0.417037,0.584347,1.158521,2.203027,3.020396,7.156486
1988-02-10,2.093724,Training,-0.506526,-0.316221,-0.209216,0.024738,0.201339,0.392569,0.548307,1.096561,2.068480,2.790294,6.683446
1988-02-11,1.771613,Training,-0.503498,-0.316048,-0.212439,0.006391,0.184291,0.374498,0.519205,1.043726,1.966175,2.639571,6.406919
1988-02-12,1.610557,Training,-0.503359,-0.313944,-0.212365,0.010229,0.178265,0.364149,0.506371,1.029218,1.954207,2.630399,6.370754
1988-02-13,1.610557,Training,-0.511298,-0.322923,-0.216287,0.009286,0.187768,0.382120,0.525152,1.059721,2.019599,2.722072,6.578490
1988-02-14,1.610557,Training,-0.490395,-0.309921,-0.209359,-0.010807,0.137683,0.302727,0.424857,0.902733,1.775237,2.459077,6.075364
1988-02-15,30.439525,Training,-0.596875,-0.332631,-0.195778,0.254050,0.715778,1.100940,1.480354,2.601887,6.232368,9.320799,24.040802
1988-02-16,115.637984,Training,-0.725156,-0.362010,-0.124004,0.707322,2.058646,3.190765,4.111671,8.313828,21.506538,28.957201,77.221664
1988-02-17,24.480465,Training,-0.662727,-0.248804,0.001517,0.942712,2.489479,3.688221,4.553203,9.210385,22.447439,31.154074,74.252159
1988-02-18,13.045511,Training,-0.629234,-0.296840,0.008952,0.711516,1.588032,2.351165,2.947969,5.628285,12.642944,18.017735,40.946156
1988-02-19,8.052784,Training,-0.606947,-0.336939,-0.049829,0.486010,1.062924,1.589599,2.051779,3.783687,8.095137,11.925097,26.486551
1988-02-20,6.120116,Training,-0.589284,-0.328574,-0.065878,0.471755,1.007205,1.463720,1.953916,3.485039,7.096274,10.474925,23.176699
1988-02-21,4.992726,Training,-0.585658,-0.355608,-0.116237,0.344609,0.794455,1.169001,1.586802,2.862055,5.839604,8.722096,19.474079
1988-02-22,3.865337,Training,-0.583453,-0.351115,-0.144316,0.307393,0.722848,1.075195,1.474326,2.671121,5.368427,7.911570,17.698006
1988-02-23,3.221114,Training,-0.602288,-0.379956,-0.170770,0.272347,0.681696,1.032786,1.420128,2.615721,5.403855,8.112746,18.542963
1988-02-24,3.060058,Training,-0.580250,-0.369885,-0.155585,0.257265,0.616222,0.959571,1.292930,2.372253,4.766920,6.990958,15.687923
1988-02-25,2.737947,Training,-0.561444,-0.350950,-0.162923,0.224162,0.539401,0.853552,1.148444,2.106902,4.078251,5.783140,12.904107
1988-02-26,2.254780,Training,-0.543976,-0.333463,-0.163519,0.189289,0.498010,0.801141,1.061656,1.920100,3.564761,4.880779,10.975999
1988-02-27,1.771613,Training,-0.519833,-0.330184,-0.165162,0.131447,0.439440,0.733087,0.948658,1.692264,3.051021,4.191322,9.758874
1988-02-28,1.610557,Training,-0.516336,-0.330098,-0.170230,0.113903,0.407592,0.692386,0.894514,1.601879,2.879014,3.946352,9.285923
1988-02-29,1.610557,Training,-0.529356,-0.334031,-0.182830,0.102733,0.368218,0.630778,0.827876,1.525612,2.806388,3.829916,8.809309
1988-03-01,1.449501,Training,-0.534972,-0.332864,-0.192663,0.105032,0.330257,0.571604,0.766136,1.457945,2.748764,3.762981,8.605186
1988-03-02,1.288446,Training,-0.593991,-0.395071,-0.263223,0.053517,0.403257,0.726450,1.002811,1.807451,3.889720,5.867620,14.418520
1988-03-03,1.610557,Training,-0.709199,-0.422011,-0.231185,0.313001,0.937930,1.553473,1.980127,3.802281,9.152937,13.288259,34.688774
1988-03-04,1.449501,Training,-0.664492,-0.370972,-0.157383,0.395666,0.988321,1.549443,1.955893,3.720910,8.485609,12.507751,30.164452
1988-03-05,1.127390,Training,-0.621655,-0.386367,-0.160577,0.249961,0.696817,1.140594,1.433710,2.636970,5.633337,8.305066,19.671680
1988-03-06,0.966334,Training,-0.589224,-0.362506,-0.169812,0.203504,0.536524,0.882359,1.141021,2.125270,4.386286,6.352129,14.651817
1988-03-07,0.966334,Training,-0.551161,-0.344802,-0.196755,0.099297,0.328009,0.573469,0.762118,1.490469,3.037376,4.389147,10.238153
1988-03-08,0.805278,Training,-0.534394,-0.342951,-0.198536,0.065347,0.270251,0.485973,0.651599,1.304290,2.679134,3.938161,9.295363
1988-03-09,0.644223,Training,-0.531920,-0.347013,-0.201325,0.055386,0.254256,0.464355,0.622834,1.257224,2.594635,3.831309,9.095768
1988-03-10,0.644223,Training,-0.537922,-0.342587,-0.217399,0.060618,0.263354,0.470990,0.644248,1.288995,2.625682,3.853061,9.169063
1988-03-11,0.644223,Training,-0.538153,-0.353419,-0.214182,0.041137,0.229053,0.438045,0.582279,1.193938,2.495377,3.702175,8.953478
1988-03-12,0.644223,Training,-0.516003,-0.335566,-0.209019,0.018157,0.185497,0.373435,0.497503,1.044024,2.181222,3.218649,7.906250
1988-03-13,0.644223,Training,-0.497185,-0.314139,-0.205577,0.005280,0.154190,0.325493,0.436905,0.933277,1.914807,2.773530,6.901867
1988-03-14,0.483167,Training,-0.492330,-0.312414,-0.203318,-0.000844,0.144197,0.311437,0.417025,0.899426,1.853220,2.692241,6.739250
1988-03-15,0.483167,Training,-0.489433,-0.304397,-0.201554,0.008243,0.151052,0.319704,0.429788,0.914299,1.840103,2.629437,6.511535
1988-03-16,0.483167,Training,-0.485832,-0.309198,-0.201145,-0.011253,0.126389,0.287486,0.382497,0.841420,1.750155,2.548364,6.471312
1988-03-17,0.322111,Training,-0.480726,-0.308388,-0.201445,-0.028774,0.101233,0.254426,0.336763,0.770145,1.638923,2.397686,6.242540
1988-03-18,0.322111,Training,-0.477989,-0.309649,-0.204517,-0.055854,0.059931,0.201908,0.264040,0.663259,1.476776,2.179264,5.931220
1988-03-19,0.322111,Training,-0.475746,-0.307836,-0.204214,-0.066187,0.041732,0.178444,0.232946,0.614684,1.390672,2.057364,5.684682
1988-03-20,0.322111,Training,-0.489362,-0.321212,-0.209780,-0.053483,0.061076,0.207636,0.266194,0.675209,1.523231,2.269802,6.109212
1988-03-21,0.322111,Training,-0.440049,-0.271760,-0.196775,-0.042324,0.074122,0.200757,0.271521,0.634050,1.327964,1.998594,5.425219
1988-03-22,0.161056,Training,-0.452718,-0.270570,-0.188364,-0.054825,0.058177,0.190853,0.241875,0.583730,1.263559,1.868378,5.359216
1988-03-23,0.161056,Training,-0.394656,-0.223335,-0.143153,-0.066863,0.031363,0.135259,0.173381,0.450157,0.981027,1.449358,4.438950
1988-03-24,0.161056,Training,-0.407296,-0.234637,-0.157601,-0.090442,-0.005809,0.091296,0.122495,0.387440,0.896994,1.330895,4.267245
1988-03-25,0.161056,Training,-0.398407,-0.217114,-0.146799,-0.093539,-0.021366,0.066768,0.099802,0.340497,0.789578,1.156274,3.781776
1988-03-26,0.161056,Training,-0.376241,-0.198588,-0.134083,-0.084730,-0.011327,0.070335,0.107222,0.344683,0.766030,1.109726,3.604670
1988-03-27,0.161056,Training,-0.362064,-0.183533,-0.124692,-0.078408,-0.007901,0.068923,0.106754,0.336557,0.733160,1.056430,3.442682
1988-03-28,0.161056,Training,-0.353488,-0.175834,-0.121534,-0.064762,0.008601,0.088165,0.128921,0.365977,0.775264,1.116031,3.524961
1988-03-29,0.161056,Training,-0.314551,-0.137835,-0.086965,-0.055505,0.013180,0.075095,0.116611,0.318781,0.640513,0.915649,3.029101
1988-03-30,0.000000,Training,-0.303941,-0.125171,-0.079461,-0.029516,0.040824,0.107326,0.159653,0.370947,0.668875,0.939856,2.895450
1988-03-31,0.000000,Training,-0.301764,-0.122470,-0.076388,-0.031284,0.038067,0.102100,0.151844,0.356810,0.651922,0.924675,2.890246
1988-04-01,0.000000,Validation,-0.300169,-0.120788,-0.073528,-0.032907,0.036347,0.098146,0.145900,0.345392,0.639790,0.915054,2.898540
1988-04-02,0.000000,Validation,-0.310167,-0.129511,-0.096543,-0.021566,0.055181,0.121779,0.177967,0.397522,0.700040,1.015626,3.067944
1988-04-03,0.000000,Validation,-0.357909,-0.161782,-0.122624,-0.032181,0.062611,0.148074,0.201467,0.442835,0.826528,1.192620,3.612502
1988-04-04,0.000000,Validation,-0.358211,-0.163508,-0.102353,-0.022603,0.070878,0.157068,0.203345,0.446069,0.854686,1.266375,3.834564
1988-04-05,0.000000,Validation,-0.341555,-0.150192,-0.097112,-0.020458,0.064053,0.142981,0.192739,0.426623,0.800127,1.168781,3.520782
1988-04-06,0.000000,Validation,-0.334460,-0.145778,-0.094669,-0.022623,0.055406,0.131824,0.178423,0.407101,0.774507,1.136755,3.449953
1988-04-07,0.000000,Validation,-0.334098,-0.143712,-0.098245,-0.020785,0.054001,0.132195,0.181311,0.416847,0.789705,1.141123,3.412050
1988-04-08,0.000000,Validation,-0.352269,-0.163867,-0.112118,-0.032324,0.042142,0.125721,0.166829,0.411186,0.844302,1.247730,3.769456
1988-04-09,0.000000,Validation,-0.321022,-0.135007,-0.087103,-0.027060,0.042286,0.112193,0.154899,0.371288,0.720778,1.050518,3.243372
1988-04-10,0.000000,Validation,-0.310794,-0.124721,-0.078829,-0.030322,0.034602,0.097071,0.135313,0.335504,0.662938,0.976926,3.124245
1988-04-11,0.000000,Validation,-0.298498,-0.111675,-0.073959,-0.023132,0.042359,0.096571,0.137530,0.328241,0.631578,0.949533,3.053951
1988-04-12,0.000000,Validation,-0.318581,-0.117447,-0.074527,-0.046759,0.001660,0.050081,0.073493,0.235163,0.518029,0.798631,2.912604
1988-04-13,0.000000,Validation,-0.324515,-0.122265,-0.077852,-0.049428,-0.004357,0.046123,0.068086,0.229809,0.515407,0.790788,2.874575
1988-04-14,0.000000,Validation,-0.362071,-0.134134,-0.095230,-0.057095,-0.025764,0.027477,0.043606,0.192780,0.472892,0.722433,2.698060
1988-04-15,0.000000,Validation,-0.347626,-0.127553,-0.089192,-0.053566,-0.020841,0.031261,0.048505,0.202813,0.480925,0.731561,2.695699
1988-04-16,0.000000,Validation,-0.312417,-0.113481,-0.076178,-0.043672,-0.001330,0.048586,0.069551,0.236244,0.519316,0.784712,2.794660
1988-04-17,0.000000,Validation,-0.311689,-0.114415,-0.085194,-0.039352,0.002973,0.050302,0.070701,0.239150,0.520752,0.816314,2.908345
1988-04-18,0.000000,Validation,-0.311553,-0.121820,-0.086143,-0.015261,0.034520,0.090479,0.107169,0.281729,0.583558,0.952836,3.244257
1988-04-19,0.000000,Validation,-0.397075,-0.177962,-0.132093,-0.030829,0.021260,0.098448,0.087820,0.276170,0.644990,1.130926,4.210502
1988-04-20,0.000000,Validation,-0.417937,-0.194880,-0.124647,-0.032156,0.021819,0.116626,0.110437,0.321474,0.776385,1.272104,4.467654
1988-04-21,0.000000,Validation,-0.371753,-0.160097,-0.113121,-0.038476,0.013341,0.081838,0.087097,0.269396,0.620289,1.037942,3.715719
1988-04-22,0.000000,Validation,-0.340605,-0.131908,-0.086343,-0.039036,0.012071,0.064361,0.081649,0.242303,0.528606,0.845885,3.092089
1988-04-23,0.000000,Validation,-0.304712,-0.104247,-0.057683,-0.020730,0.032908,0.083021,0.109539,0.271462,0.542246,0.829965,2.900251
1988-04-24,0.000000,Validation,-0.295427,-0.089776,-0.051207,-0.021814,0.027052,0.065776,0.095497,0.243676,0.480656,0.740046,2.684152
1988-04-25,0.000000,Validation,-0.271998,-0.073898,-0.035083,-0.003994,0.047501,0.088464,0.128331,0.282360,0.504099,0.752582,2.547733
1988-04-26,0.000000,Validation,-0.264971,-0.065571,-0.029621,-0.003763,0.044613,0.081064,0.121266,0.267727,0.474313,0.709322,2.446675
1988-04-27,0.000000,Validation,-0.271573,-0.064463,-0.030882,-0.014556,0.027542,0.056984,0.090972,0.223103,0.420266,0.640269,2.383959
1988-04-28,0.000000,Validation,-0.270337,-0.063016,-0.029250,-0.014947,0.025523,0.053942,0.087109,0.215577,0.407781,0.623970,2.345770
1988-04-29,0.000000,Validation,-0.271564,-0.059809,-0.030032,-0.016217,0.018628,0.044857,0.074919,0.196399,0.382267,0.596114,2.308421
1988-04-30,0.000000,Validation,-0.251399,-0.047669,-0.013494,-0.009746,0.029708,0.048902,0.084286,0.197051,0.355120,0.553888,2.140657
1988-05-01,0.000000,Validation,-0.257426,-0.048896,-0.020446,-0.012911,0.025295,0.041633,0.076082,0.185718,0.341321,0.541702,2.138228
1988-05-02,0.000000,Validation,-0.260437,-0.052857,-0.026523,-0.010164,0.030974,0.049696,0.085582,0.200036,0.361958,0.577012,2.199078
1988-05-03,0.161056,Validation,-0.264858,-0.058276,-0.028900,-0.007507,0.034705,0.059782,0.095921,0.218099,0.390135,0.610375,2.240808
1988-05-04,1.771613,Validation,-0.333267,-0.065887,0.012434,0.208083,0.230158,0.309165,0.300913,0.449290,0.756254,1.212468,3.554507
1988-05-05,108.229422,Validation,-0.263441,0.271846,0.436037,1.143774,1.334393,1.739356,1.676711,2.369648,4.097596,5.240892,13.583947
1988-05-06,25.607854,Validation,-0.133247,0.615813,0.846366,1.944781,2.546526,3.152975,3.088234,4.715933,8.316531,10.747725,25.359394
1988-05-07,7.408562,Validation,-0.316280,0.242959,0.358932,0.919767,1.315033,1.643267,1.646192,2.844191,5.601999,7.888314,21.043144
1988-05-08,4.026392,Validation,-0.338006,0.050191,0.148375,0.412742,0.550031,0.739391,0.732202,1.256259,2.445548,3.468143,9.518494
1988-05-09,2.737947,Validation,-0.356725,-0.027974,0.063133,0.234319,0.303627,0.440858,0.446102,0.777874,1.543477,2.258219,6.426289
1988-05-10,2.093724,Validation,-0.372508,-0.058510,-0.026633,0.154630,0.183717,0.274838,0.281874,0.525011,1.043626,1.696172,5.193659
1988-05-11,1.449501,Validation,-0.409095,-0.106909,-0.085929,0.130267,0.191019,0.299221,0.301982,0.629200,1.357786,2.160860,6.524323
1988-05-12,1.127390,Validation,-0.383440,-0.098350,-0.061318,0.123718,0.211257,0.317643,0.365439,0.692612,1.387129,2.049378,5.779320
1988-05-13,0.966334,Validation,-0.344925,-0.079292,-0.061872,0.088852,0.156248,0.234051,0.282168,0.533445,1.024550,1.564165,4.557330
1988-05-14,0.805278,Validation,-0.349537,-0.101512,-0.060744,0.060694,0.113793,0.196321,0.231857,0.467865,0.935936,1.399541,4.225172
1988-05-15,0.644223,Validation,-0.340298,-0.094163,-0.063446,0.047043,0.089873,0.163193,0.196519,0.406883,0.830851,1.259112,3.921141
1988-05-16,0.644223,Validation,-0.356636,-0.105918,-0.079031,0.027295,0.052226,0.120375,0.139566,0.329974,0.720225,1.125761,3.718006
1988-05-17,0.483167,Validation,-0.348863,-0.106896,-0.082272,0.020087,0.048792,0.117717,0.141290,0.333644,0.723770,1.112794,3.609783
1988-05-18,0.322111,Validation,-0.357541,-0.115489,-0.093567,0.009388,0.033383,0.102333,0.122418,0.311375,0.695190,1.075083,3.523941
1988-05-19,0.322111,Validation,-0.352700,-0.106001,-0.089899,0.001922,0.016868,0.077105,0.093900,0.259988,0.593454,0.933677,3.199524
1988-05-20,0.322111,Validation,-0.369443,-0.104809,-0.093663,-0.000882,-0.001807,0.053104,0.063552,0.203069,0.487820,0.797232,2.873638
1988-05-21,0.322111,Validation,-0.370173,-0.099703,-0.092780,-0.004980,-0.011622,0.037760,0.045962,0.168935,0.421401,0.702304,2.640447
1988-05-22,0.322111,Validation,-0.351886,-0.094914,-0.089548,-0.012968,-0.013362,0.032658,0.041967,0.167340,0.420022,0.696236,2.633632
1988-05-23,0.322111,Validation,-0.327483,-0.071813,-0.067609,-0.014509,-0.018097,0.013662,0.023290,0.121752,0.311021,0.534287,2.240353
1988-05-24,0.161056,Validation,-0.318610,-0.059679,-0.055239,-0.015190,-0.021004,0.000144,0.011446,0.089866,0.233550,0.422946,1.960521
1988-05-25,0.161056,Validation,-0.312954,-0.058600,-0.053132,-0.020488,-0.018712,-0.006780,0.009732,0.080952,0.199109,0.378461,1.837897
1988-05-26,0.161056,Validation,-0.298323,-0.053802,-0.035421,-0.021943,-0.014877,-0.004129,0.013181,0.084567,0.197159,0.359236,1.777724
1988-05-27,0.161056,Validation,-0.284857,-0.046998,-0.028215,-0.018942,-0.007897,0.000365,0.020179,0.090939,0.202478,0.365551,1.782563
1988-05-28,0.161056,Validation,-0.273146,-0.036809,-0.023474,-0.012332,-0.006539,0.002364,0.017865,0.084667,0.199166,0.368130,1.798764
1988-05-29,0.161056,Validation,-0.304824,-0.053283,-0.048734,-0.015326,-0.017718,-0.000560,0.009203,0.080860,0.214962,0.401248,1.902554
1988-05-30,0.161056,Validation,-0.307542,-0.058949,-0.041410,-0.024754,-0.021955,-0.009475,0.005007,0.072067,0.183633,0.341490,1.737993
1988-05-31,0.000000,Validation,-0.316799,-0.058866,-0.044346,-0.022924,-0.026224,-0.014236,-0.001910,0.057560,0.159305,0.313002,1.670885
1988-06-01,0.000000,Validation,-0.337383,-0.068508,-0.045706,-0.029627,-0.033237,-0.028455,-0.013427,0.032829,0.099854,0.226607,1.435365
1988-06-02,0.000000,Validation,-0.347502,-0.069305,-0.047835,-0.026266,-0.035004,-0.031303,-0.018443,0.020345,0.074194,0.196452,1.361650
1988-06-03,0.000000,Validation,-0.351431,-0.069137,-0.047272,-0.025114,-0.034902,-0.033484,-0.020607,0.013101,0.057024,0.176280,1.311679
1988-06-04,0.000000,Validation,-0.328303,-0.061714,-0.037671,-0.028828,-0.030069,-0.030134,-0.012340,0.029020,0.086900,0.212167,1.403451
1988-06-05,0.000000,Validation,-0.305726,-0.051707,-0.025665,-0.026996,-0.022039,-0.024838,-0.003325,0.041339,0.103163,0.232901,1.451515
1988-06-06,0.000000,Validation,-0.301473,-0.047777,-0.021347,-0.025364,-0.020618,-0.025217,-0.002818,0.038846,0.095242,0.222182,1.421205
1988-06-07,0.000000,Validation,-0.320799,-0.054129,-0.028922,-0.025544,-0.027191,-0.031012,-0.011212,0.023449,0.069339,0.188621,1.338440
1988-06-08,0.000000,Validation,-0.267218,-0.031841,-0.007499,-0.018051,-0.001077,-0.008597,0.019231,0.068130,0.140189,0.282564,1.557242
1988-06-09,0.000000,Validation,-0.265602,-0.031195,-0.011755,-0.016072,0.004380,-0.003722,0.025705,0.076149,0.152746,0.306397,1.604733
1988-06-10,0.000000,Validation,-0.280419,-0.042216,-0.027933,-0.020229,0.001064,-0.006395,0.023122,0.072638,0.150100,0.319771,1.653909
1988-06-11,0.000000,Validation,-0.304078,-0.056003,-0.040832,-0.023907,-0.000722,-0.004930,0.022047,0.072565,0.159386,0.343060,1.756032
1988-06-12,0.000000,Validation,-0.329371,-0.075127,-0.058743,-0.027560,-0.003509,-0.002262,0.021426,0.071808,0.168647,0.377204,1.895282
1988-06-13,0.000000,Validation,-0.370139,-0.115839,-0.090935,-0.032700,-0.004629,0.013243,0.032360,0.091746,0.213302,0.474492,2.201240
1988-06-14,0.000000,Validation,-0.411981,-0.142194,-0.113636,-0.030759,0.009413,0.047708,0.062204,0.146011,0.328212,0.645268,2.746783
1988-06-15,0.000000,Validation,-0.377744,-0.114857,-0.058550,-0.006190,0.031926,0.069956,0.087157,0.178956,0.373251,0.649607,2.694804
1988-06-16,0.000000,Test,-0.384865,-0.119811,-0.095758,-0.022287,0.001060,0.034961,0.048895,0.126291,0.276468,0.567449,2.459064
1988-06-17,0.000000,Test,-0.398592,-0.121212,-0.094168,-0.019341,0.001556,0.035020,0.047331,0.129540,0.291701,0.571946,2.507050
1988-06-18,0.000000,Test,-0.376053,-0.098210,-0.054525,-0.000789,0.008927,0.041439,0.055802,0.132630,0.278296,0.513448,2.282946
1988-06-19,0.000000,Test,-0.376288,-0.091813,-0.056355,-0.003861,-0.006425,0.020785,0.033962,0.099007,0.216546,0.420253,2.002867
1988-06-20,0.000000,Test,-0.339810,-0.070602,-0.041082,-0.005331,-0.002161,0.017008,0.035812,0.105419,0.225350,0.423400,1.990219
1988-06-21,0.000000,Test,-0.328674,-0.058269,-0.034923,-0.005260,-0.004787,0.008242,0.030142,0.094693,0.201073,0.382527,1.867024
1988-06-22,0.000000,Test,-0.301099,0.066242,0.138493,0.343463,0.278377,0.334457,0.327465,0.368511,0.566881,0.971627,3.367087
1988-06-23,0.000000,Test,-0.441968,-0.079573,-0.017597,0.111171,0.160794,0.228949,0.265512,0.391480,0.698256,1.061609,3.930812
1988-06-24,0.000000,Test,-0.388850,-0.074328,-0.018048,0.060195,0.085233,0.137251,0.159945,0.263570,0.481364,0.792019,3.036730
1988-06-25,0.000000,Test,-0.375248,-0.088717,-0.051018,0.004965,0.015989,0.049439,0.069671,0.148827,0.318048,0.575093,2.425856
1988-06-26,0.000000,Test,-0.367685,-0.079995,-0.064181,-0.008153,-0.002948,0.016891,0.040676,0.107959,0.246704,0.483811,2.182796
1988-06-27,0.000000,Test,-0.362961,-0.076434,-0.068627,-0.011510,-0.008111,0.008406,0.032142,0.097051,0.232547,0.469658,2.159594
1988-06-28,0.000000,Test,-0.348468,-0.067166,-0.056915,-0.007528,-0.002777,0.013146,0.036136,0.101979,0.243568,0.476356,2.181082
1988-06-29,0.000000,Test,-0.338479,-0.064675,-0.056997,-0.012359,-0.003819,0.008371,0.032947,0.096629,0.232155,0.461481,2.136471
1988-06-30,0.000000,Test,-0.329872,-0.060308,-0.041455,-0.010735,-0.009553,0.003853,0.023497,0.081819,0.203410,0.404365,1.983539
1988-07-01,0.000000,Training,-0.325035,-0.053588,-0.040421,-0.010913,-0.016275,-0.005216,0.012852,0.064054,0.173082,0.360473,1.865227
1988-07-02,0.000000,Training,-0.320975,-0.051606,-0.039010,-0.016448,-0.021339,-0.014380,0.005062,0.053371,0.149910,0.320760,1.752868
1988-07-03,0.000000,Training,-0.307999,-0.048450,-0.030394,-0.023879,-0.020640,-0.021293,0.003257,0.051134,0.131346,0.280153,1.618887
1988-07-04,0.000000,Training,-0.317180,-0.057462,-0.064327,-0.029316,-0.031001,-0.031398,-0.006403,0.029030,0.104312,0.297558,1.710512
1988-07-05,0.000000,Training,-0.324991,-0.058490,-0.048542,-0.025615,-0.011276,-0.011596,0.013145,0.059967,0.157386,0.345204,1.854074
1988-07-06,0.000000,Training,-0.321832,-0.062414,-0.035384,-0.025908,-0.012832,-0.010615,0.014806,0.064267,0.153079,0.318439,1.745163
1988-07-07,0.000000,Training,-0.322217,-0.062215,-0.036843,-0.030370,-0.022449,-0.022809,0.001143,0.046220,0.124120,0.274991,1.624511
1988-07-08,0.000000,Training,-0.322814,-0.059211,-0.036683,-0.030584,-0.026827,-0.028583,-0.005132,0.036094,0.106498,0.248603,1.553234
1988-07-09,0.000000,Training,-0.340726,-0.063093,-0.043995,-0.030037,-0.035348,-0.035963,-0.016168,0.017661,0.076038,0.205626,1.443079
1988-07-10,0.000000,Training,-0.350889,-0.060983,-0.046301,-0.024161,-0.037735,-0.038347,-0.021064,0.004378,0.050781,0.175329,1.377531
1988-07-11,0.000000,Training,-0.366942,-0.073233,-0.050598,-0.022793,-0.035437,-0.032993,-0.019104,0.010019,0.051369,0.170087,1.332499
1988-07-12,0.000000,Training,-0.378043,-0.078169,-0.054833,-0.019864,-0.035362,-0.031197,-0.019543,0.007780,0.045159,0.164037,1.321818
1988-07-13,0.000000,Training,-0.364653,-0.072666,-0.050543,-0.024744,-0.035372,-0.032883,-0.017926,0.012008,0.059283,0.181330,1.373373
1988-07-14,0.000000,Training,-0.351489,-0.064332,-0.044665,-0.024316,-0.034718,-0.033949,-0.017871,0.010775,0.059754,0.182840,1.383919
1988-07-15,0.000000,Training,-0.342620,-0.059456,-0.040321,-0.024632,-0.034498,-0.035031,-0.018128,0.010531,0.059731,0.181195,1.377233
1988-07-16,0.000000,Training,-0.336634,-0.059462,-0.037692,-0.027816,-0.033692,-0.035099,-0.016099,0.016026,0.069012,0.190025,1.393023
1988-07-17,0.000000,Training,-0.336102,-0.058874,-0.037659,-0.027618,-0.034315,-0.035513,-0.017213,0.014137,0.067413,0.188377,1.391959
1988-07-18,0.000000,Training,-0.326345,-0.059069,-0.031773,-0.031028,-0.029461,-0.032419,-0.009196,0.028722,0.087451,0.208816,1.427068
1988-07-19,0.000000,Training,-0.310327,-0.052491,-0.024562,-0.030032,-0.023891,-0.028244,-0.002531,0.039291,0.103898,0.230230,1.478021
1988-07-20,0.000000,Training,-0.330363,-0.060684,-0.033276,-0.030821,-0.030354,-0.032142,-0.009537,0.027924,0.087208,0.207082,1.422921
1988-07-21,0.000000,Training,-0.355891,-0.069952,-0.043897,-0.026942,-0.034833,-0.033069,-0.016337,0.014276,0.064423,0.179843,1.362009
1988-07-22,0.000000,Training,-0.355476,-0.063019,-0.044791,-0.019737,-0.036017,-0.033238,-0.021199,0.000786,0.047872,0.168530,1.362340
1988-07-23,0.000000,Training,-0.353381,-0.069164,-0.043203,-0.029472,-0.035620,-0.035357,-0.017971,0.010097,0.062077,0.180085,1.382505
1988-07-24,0.000000,Training,-0.338143,-0.066258,-0.035252,-0.033514,-0.030786,-0.033020,-0.009691,0.025378,0.084961,0.204527,1.429383
1988-07-25,0.000000,Training,-0.351473,-0.071444,-0.040190,-0.031978,-0.033041,-0.033245,-0.012547,0.019526,0.074245,0.189593,1.392301
1988-07-26,0.000000,Training,-0.361623,-0.075725,-0.043946,-0.030157,-0.033650,-0.032274,-0.013382,0.016856,0.068680,0.182700,1.378105
1988-07-27,0.000000,Training,-0.371028,-0.080445,-0.047870,-0.028764,-0.033508,-0.030554,-0.012920,0.016595,0.067860,0.182858,1.384295
1988-07-28,0.000000,Training,-0.370555,-0.081113,-0.048222,-0.030238,-0.033248,-0.030094,-0.011564,0.019394,0.074750,0.191654,1.410312
1988-07-29,0.000000,Training,-0.351838,-0.073881,-0.041174,-0.034188,-0.031306,-0.030246,-0.007407,0.028783,0.094240,0.214969,1.466878
1988-07-30,0.000000,Training,-0.344543,-0.070740,-0.037529,-0.034523,-0.029903,-0.029629,-0.005229,0.032582,0.099873,0.220727,1.476631
1988-07-31,0.000000,Training,-0.348110,-0.071871,-0.038176,-0.034044,-0.030474,-0.029807,-0.005878,0.030722,0.095762,0.213982,1.458001
1988-08-01,0.000000,Training,-0.359135,-0.076655,-0.042070,-0.032876,-0.031332,-0.029436,-0.007048,0.027194,0.088808,0.205119,1.439130
1988-08-02,0.000000,Training,-0.358636,-0.076844,-0.041857,-0.033623,-0.030911,-0.029127,-0.005948,0.028916,0.092595,0.209963,1.454179
1988-08-03,0.000000,Training,-0.340680,-0.069591,-0.034582,-0.035477,-0.027667,-0.028077,-0.001052,0.038225,0.109368,0.231485,1.506297
1988-08-04,0.000000,Training,-0.349542,-0.073473,-0.037680,-0.035152,-0.028933,-0.028143,-0.002279,0.035239,0.104083,0.223551,1.487094
1988-08-05,0.000000,Training,-0.319070,-0.059987,-0.024201,-0.034297,-0.020989,-0.024061,0.006951,0.050474,0.127008,0.254536,1.557873
1988-08-06,0.000000,Training,-0.305862,-0.053806,-0.018726,-0.032812,-0.015420,-0.020271,0.012950,0.059157,0.139904,0.273100,1.602721
1988-08-07,0.000000,Training,-0.330510,-0.065511,-0.028806,-0.035437,-0.023550,-0.024602,0.005751,0.048227,0.125192,0.249805,1.548504
1988-08-08,0.000000,Training,-0.351184,-0.075091,-0.037380,-0.035850,-0.027256,-0.025584,0.002289,0.041422,0.115343,0.235732,1.519658
1988-08-09,0.000000,Training,-0.347225,-0.073697,-0.035890,-0.036822,-0.026481,-0.025497,0.003747,0.044158,0.120698,0.242822,1.539392
1988-08-10,0.000000,Training,-0.339759,-0.070681,-0.032595,-0.037215,-0.024449,-0.024471,0.006577,0.048830,0.128376,0.253315,1.565889
1988-08-11,0.000000,Training,-0.328992,-0.065814,-0.027498,-0.036668,-0.021191,-0.022631,0.010481,0.054773,0.136927,0.265012,1.592551
1988-08-12,0.000000,Training,-0.330469,-0.066747,-0.027965,-0.037016,-0.021083,-0.022070,0.011467,0.056199,0.139756,0.267932,1.600175
1988-08-13,0.000000,Training,-0.335212,-0.069140,-0.029841,-0.037678,-0.021827,-0.022115,0.011497,0.055872,0.140080,0.267512,1.601218
1988-08-14,0.000000,Training,-0.337844,-0.070585,-0.030775,-0.038203,-0.021949,-0.021924,0.012060,0.056364,0.141485,0.268954,1.607089
1988-08-15,0.000000,Training,-0.348357,-0.075630,-0.034847,-0.038854,-0.023441,-0.022253,0.011051,0.053579,0.137852,0.263505,1.598649
1988-08-16,0.000000,Training,-0.349273,-0.076206,-0.034993,-0.039300,-0.023089,-0.022010,0.011964,0.054380,0.139633,0.265983,1.607979
1988-08-17,0.000000,Training,-0.349698,-0.076703,-0.035102,-0.039808,-0.022631,-0.021558,0.013143,0.055859,0.142809,0.270319,1.621821
1988-08-18,0.000000,Training,-0.356321,-0.080184,-0.037661,-0.040202,-0.022898,-0.021011,0.013673,0.055679,0.143332,0.270785,1.627616
1988-08-19,0.000000,Training,-0.358012,-0.081370,-0.038363,-0.040755,-0.022556,-0.020419,0.014928,0.057262,0.146888,0.275436,1.642646
1988-08-20,0.000000,Training,-0.340474,-0.073292,-0.031363,-0.040922,-0.019304,-0.019243,0.018991,0.065036,0.159577,0.293334,1.683629
1988-08-21,0.000000,Training,-0.335847,-0.071190,-0.029111,-0.040823,-0.017754,-0.018373,0.021056,0.067845,0.163806,0.299276,1.697817
1988-08-22,0.000000,Training,-0.343569,-0.075088,-0.032322,-0.041933,-0.019193,-0.018725,0.020554,0.066386,0.162990,0.296863,1.695396
1988-08-23,0.000000,Training,-0.350485,-0.078496,-0.034973,-0.042772,-0.020053,-0.019163,0.020123,0.064300,0.160755,0.293830,1.694152
1988-08-24,0.000000,Training,-0.346289,-0.076552,-0.033554,-0.043119,-0.019281,-0.018986,0.021266,0.066057,0.164832,0.300463,1.714606
1988-08-25,0.000000,Training,-0.366406,-0.087325,-0.041801,-0.043882,-0.020431,-0.017575,0.021818,0.064490,0.164377,0.299072,1.723495
1988-08-26,0.000000,Training,-0.349354,-0.079276,-0.036151,-0.044814,-0.018877,-0.017438,0.024203,0.071204,0.177391,0.317233,1.765576
1988-08-27,0.000000,Training,-0.345986,-0.078098,-0.035067,-0.045246,-0.017879,-0.016817,0.025914,0.073978,0.182698,0.325011,1.786544
1988-08-28,0.000000,Training,-0.340889,-0.075733,-0.033079,-0.045326,-0.016792,-0.016297,0.027501,0.076597,0.187059,0.331019,1.800458
1988-08-29,0.000000,Training,-0.317209,-0.064390,-0.023233,-0.042224,-0.009579,-0.011749,0.034417,0.087873,0.202441,0.355293,1.855163
1988-08-30,0.000000,Training,-0.319769,-0.066124,-0.024998,-0.043341,-0.010298,-0.011888,0.034727,0.088591,0.205598,0.359171,1.868260
1988-08-31,0.000000,Training,-0.315674,-0.064608,-0.024016,-0.043232,-0.008648,-0.010270,0.037185,0.092750,0.213386,0.370222,1.897314
1988-09-01,0.000000,Training,-0.318614,-0.066606,-0.026325,-0.044743,-0.009723,-0.010904,0.037069,0.093072,0.216173,0.373815,1.910740
1988-09-02,0.000000,Training,-0.324743,-0.070366,-0.029872,-0.046792,-0.011816,-0.012023,0.036212,0.092320,0.217841,0.375236,1.919619
1988-09-03,0.000000,Training,-0.335572,-0.076350,-0.035379,-0.049642,-0.015251,-0.014127,0.034045,0.089185,0.216456,0.371765,1.918388
1988-09-04,0.000000,Training,-0.359043,-0.088678,-0.045889,-0.053284,-0.019747,-0.016004,0.031309,0.083353,0.212384,0.363407,1.913597
1988-09-05,0.000000,Training,-0.361908,-0.090824,-0.048022,-0.054597,-0.020217,-0.016111,0.031734,0.084347,0.216349,0.368912,1.933999
1988-09-06,0.000000,Training,-0.361195,-0.091190,-0.048785,-0.055731,-0.020357,-0.016229,0.032342,0.086141,0.221249,0.375994,1.955711
1988-09-07,0.000000,Training,-0.368909,-0.095777,-0.052325,-0.056921,-0.020619,-0.015904,0.033165,0.086259,0.223511,0.378799,1.971749
1988-09-08,0.000000,Training,-0.384636,-0.105003,-0.058270,-0.057132,-0.019014,-0.013444,0.036638,0.087783,0.227089,0.384399,2.004209
1988-09-09,0.000000,Training,-0.370220,-0.098053,-0.055256,-0.059239,-0.020981,-0.015580,0.034851,0.090518,0.235852,0.396140,2.026807
1988-09-10,0.000000,Training,-0.358061,-0.092866,-0.051736,-0.059546,-0.020230,-0.015477,0.035972,0.095180,0.243969,0.408264,2.050628
1988-09-11,0.000000,Training,-0.359283,-0.093908,-0.052851,-0.060476,-0.020751,-0.015625,0.036259,0.096060,0.246444,0.409944,2.054202
1988-09-12,0.000000,Training,-0.355715,-0.092902,-0.052473,-0.061059,-0.020501,-0.015324,0.037315,0.099125,0.252472,0.417891,2.072838
1988-09-13,0.000000,Training,-0.353904,-0.092629,-0.052522,-0.061750,-0.020438,-0.015416,0.037897,0.100752,0.256010,0.422717,2.085669
1988-09-14,0.000000,Training,-0.340190,-0.086681,-0.047658,-0.060535,-0.017511,-0.013754,0.040729,0.106881,0.264148,0.436006,2.112484
1988-09-15,0.000000,Training,-0.336385,-0.085545,-0.046893,-0.060652,-0.016597,-0.013000,0.042165,0.109978,0.269452,0.443355,2.129780
1988-09-16,0.000000,Training,-0.331231,-0.083576,-0.045431,-0.060431,-0.015327,-0.012209,0.043562,0.112752,0.273795,0.449920,2.145040
1988-09-17,0.000000,Training,-0.333540,-0.085355,-0.047398,-0.061513,-0.016172,-0.012406,0.043767,0.113828,0.277438,0.453800,2.156989
1988-09-18,0.000000,Training,-0.333019,-0.085765,-0.048052,-0.062048,-0.016213,-0.012117,0.044426,0.115659,0.281551,0.458989,2.170964
1988-09-19,0.000000,Training,-0.330600,-0.085211,-0.047966,-0.062132,-0.015572,-0.011214,0.045714,0.118604,0.287056,0.466347,2.189479
1988-09-20,0.000000,Training,-0.329020,-0.085178,-0.048181,-0.062297,-0.015017,-0.010180,0.047146,0.121846,0.293151,0.474006,2.208467
1988-09-21,0.000000,Training,-0.333776,-0.088280,-0.051203,-0.063784,-0.016549,-0.010566,0.047091,0.122759,0.297074,0.477388,2.219402
1988-09-22,0.000000,Training,-0.325874,-0.085483,-0.048926,-0.062726,-0.013731,-0.007613,0.050588,0.129724,0.307896,0.492484,2.253432
1988-09-23,0.000000,Training,-0.322195,-0.084419,-0.048177,-0.062476,-0.012465,-0.006199,0.052471,0.133605,0.314234,0.500790,2.272356
1988-09-24,0.000000,Training,-0.332000,-0.089699,-0.053188,-0.065243,-0.016328,-0.008823,0.050152,0.130701,0.312772,0.496109,2.264916
1988-09-25,0.000000,Training,-0.339057,-0.093732,-0.056956,-0.067285,-0.018817,-0.010144,0.049064,0.129702,0.313954,0.495235,2.265742
1988-09-26,0.000000,Training,-0.346632,-0.097884,-0.060906,-0.069356,-0.021317,-0.011387,0.047848,0.128414,0.314890,0.493641,2.265440
1988-09-27,0.000000,Training,-0.348378,-0.099024,-0.062130,-0.070224,-0.022080,-0.011766,0.047730,0.128678,0.316429,0.494630,2.268832
1988-09-28,0.000000,Training,-0.349759,-0.099977,-0.063157,-0.070934,-0.022650,-0.011943,0.047831,0.129253,0.318456,0.496330,2.273766
1988-09-29,0.000000,Training,-0.345959,-0.098683,-0.062050,-0.070737,-0.021893,-0.011196,0.049078,0.132120,0.322729,0.502326,2.285565
1988-09-30,0.000000,Training,-0.323495,-0.088665,-0.052816,-0.066538,-0.014582,-0.005837,0.055369,0.143029,0.334525,0.523054,2.325074
1988-10-01,0.000000,Training,-0.350582,-0.121022,-0.106846,-0.102792,-0.042885,-0.037378,0.034292,0.118259,0.320037,0.559297,2.533751
1988-10-02,0.000000,Training,-0.361166,-0.113886,-0.072329,-0.073145,-0.014212,0.001897,0.065353,0.158424,0.386692,0.606127,2.618353
1988-10-03,0.000000,Training,-0.358612,-0.113789,-0.070092,-0.072713,-0.012913,0.003499,0.069934,0.163852,0.392088,0.609688,2.603855
1988-10-04,0.000000,Training,-0.349098,-0.111875,-0.069478,-0.074858,-0.015381,0.000193,0.064845,0.162400,0.389078,0.605289,2.583135
1988-10-05,0.000000,Training,-0.355978,-0.110742,-0.071696,-0.075467,-0.020956,-0.004552,0.059647,0.154019,0.373358,0.572820,2.484426
1988-10-06,0.000000,Training,-0.340683,-0.102107,-0.064822,-0.072386,-0.018077,-0.003310,0.061257,0.157330,0.371498,0.570110,2.458117
1988-10-07,0.000000,Training,-0.329266,-0.096043,-0.060013,-0.070134,-0.015605,-0.001719,0.062905,0.160560,0.372113,0.570491,2.445778
1988-10-08,0.000000,Training,-0.328573,-0.095436,-0.059983,-0.070135,-0.016418,-0.001998,0.062610,0.160579,0.371679,0.567574,2.432837
1988-10-09,0.000000,Training,-0.337923,-0.099076,-0.069789,-0.074776,-0.020493,-0.006644,0.059891,0.157711,0.372816,0.571050,2.453902
1988-10-10,0.000000,Training,-0.317896,-0.090814,-0.056236,-0.067974,-0.012418,0.002131,0.066949,0.168346,0.382148,0.582692,2.462186
1988-10-11,0.000000,Training,-0.317435,-0.125828,-0.105807,-0.096956,-0.018250,-0.001312,0.079484,0.190597,0.457086,0.789036,3.190401
1988-10-12,0.000000,Training,-0.352534,-0.134911,-0.081042,-0.050212,0.045462,0.086313,0.162813,0.311588,0.668312,1.025716,3.701876
1988-10-13,0.000000,Training,-0.388385,-0.170723,-0.147804,-0.093765,0.015370,0.063214,0.151428,0.322210,0.761908,1.239263,4.494765
1988-10-14,0.000000,Training,-0.562602,-0.302753,-0.267827,-0.142872,0.072587,0.202499,0.342288,0.773905,2.220531,3.458738,13.866568
1988-10-15,0.000000,Training,-0.533349,-0.205579,-0.141098,0.066992,0.331662,0.525495,0.734323,1.328555,3.198770,4.531803,15.121725
1988-10-16,0.000000,Training,-0.459975,-0.182061,-0.109980,0.017439,0.192007,0.326012,0.466456,0.863945,2.021583,2.927145,9.557460
1988-10-17,0.000000,Training,-0.457906,-0.194250,-0.153058,-0.039391,0.111524,0.216961,0.348760,0.680224,1.620942,2.430130,7.863776
1988-10-18,0.000000,Training,-0.608605,-0.374619,-0.329356,-0.189008,0.040885,0.194707,0.376116,0.963110,2.902156,4.683268,16.494579
1988-10-19,0.000000,Training,-0.579070,-0.285751,-0.191355,0.029466,0.291932,0.501221,0.742144,1.425614,3.685922,5.407794,17.503929
1988-10-20,0.000000,Training,-0.454973,-0.192439,-0.112529,0.031696,0.206844,0.360150,0.527483,0.971517,2.247205,3.240690,9.874330
1988-10-21,0.000000,Training,-0.438928,-0.199778,-0.126719,-0.015663,0.126311,0.250830,0.393317,0.747603,1.720335,2.505151,7.720154
1988-10-22,0.000000,Training,-0.421092,-0.195442,-0.139224,-0.045853,0.070326,0.173940,0.305218,0.605655,1.371334,1.984859,6.155348
1988-10-23,0.000000,Training,-0.421833,-0.203707,-0.150374,-0.061258,0.044990,0.145749,0.272638,0.560539,1.256969,1.799607,5.571102
1988-10-24,0.000000,Training,-0.432671,-0.216941,-0.163455,-0.077492,0.018518,0.118646,0.239553,0.516265,1.162868,1.653896,5.142613
1988-10-25,0.000000,Training,-0.434524,-0.223897,-0.171921,-0.085035,0.008799,0.108699,0.226461,0.501802,1.121384,1.582438,4.908061
1988-10-26,0.000000,Training,-0.435043,-0.228398,-0.177908,-0.089933,0.002697,0.102304,0.216796,0.491595,1.089900,1.526836,4.726294
1988-10-27,0.000000,Training,-0.431394,-0.227765,-0.180330,-0.091322,0.001261,0.099527,0.210808,0.484464,1.067034,1.488824,4.604849
1988-10-28,0.000000,Training,-0.441145,-0.236773,-0.189764,-0.098008,-0.007067,0.091728,0.200473,0.474090,1.052732,1.467726,4.542645
1988-10-29,0.000000,Training,-0.480805,-0.275241,-0.230671,-0.113461,-0.016497,0.090534,0.205726,0.504067,1.160843,1.650668,5.022276
1988-10-30,0.000000,Training,-0.597134,-0.423027,-0.355125,-0.227249,-0.067994,0.073095,0.228499,0.661038,1.994877,3.368107,11.819414
1988-10-31,0.000000,Training,-0.661115,-0.437557,-0.342383,-0.140598,0.074891,0.287422,0.475902,1.058479,2.999471,4.523028,15.330452
1988-11-01,0.000000,Training,-0.604797,-0.381038,-0.330102,-0.178103,-0.007514,0.152116,0.296441,0.760154,2.151857,3.332510,11.108757
1988-11-02,0.000000,Training,-0.743871,-0.569777,-0.453163,-0.281408,0.068099,0.294489,0.600671,1.633834,5.200565,8.504769,29.572067
1988-11-03,0.000000,Training,-0.746596,-0.516863,-0.318006,0.056860,0.922305,1.364200,2.216139,5.312646,16.374598,25.705969,83.405899
1988-11-04,0.000000,Training,-0.694071,-0.361928,0.047396,0.947995,3.503549,4.338948,7.066570,17.195370,51.630550,82.865578,219.483795
1988-11-05,0.000000,Training,-0.530923,-0.039569,0.770022,2.713622,8.373855,9.919821,16.177174,38.789181,103.343727,167.879440,391.024414
1988-11-06,0.000000,Training,-0.433730,0.232636,0.899943,3.167057,7.335874,9.625746,14.258534,28.978201,70.101578,113.909286,219.916992
1988-11-07,29.312135,Training,0.065441,1.348023,3.056515,9.233968,21.151932,27.430296,40.959190,81.501205,169.848740,282.792725,494.325775
1988-11-08,206.312336,Training,1.676328,4.460675,8.059212,22.812155,45.865818,58.032978,85.125214,154.128693,283.321869,442.357086,850.145447
1988-11-09,33.177472,Training,1.291096,3.863871,6.399297,16.895828,32.674919,39.768642,53.593948,95.098038,175.029327,247.769989,578.470337
1988-11-10,13.850789,Training,-0.225285,0.465432,1.633750,4.971272,12.151573,14.648921,22.459730,48.098400,109.276047,172.102859,414.600800
1988-11-11,214.365120,Training,-0.097375,0.904952,2.374137,7.591341,18.986683,23.100605,36.723206,78.435760,178.671448,279.064545,610.633545
1988-11-12,36.076474,Training,0.250631,1.752702,3.186815,8.937158,17.494791,21.923948,29.962553,54.673103,111.686302,153.292984,387.522339
1988-11-13,13.689733,Training,-0.359877,0.219578,0.918335,2.729067,5.073442,6.756082,9.099425,15.892200,34.167496,46.252575,116.474045
1988-11-14,6.925395,Training,-0.501664,-0.111686,0.319599,1.311492,2.471757,3.307412,4.540942,7.501672,16.187433,22.702824,55.533962
1988-11-15,4.026392,Training,-0.467127,-0.127140,0.261961,1.096290,1.991688,2.658042,3.602139,5.570124,11.107083,15.372500,35.256458
1988-11-16,2.576891,Training,-0.428072,-0.097212,0.263674,1.066670,1.890684,2.496009,3.346747,4.988486,9.287389,12.519742,27.584864
1988-11-17,1.610557,Training,-0.439154,-0.133501,0.192815,0.922015,1.643434,2.185135,2.910638,4.329434,7.949024,10.544888,23.035667
1988-11-18,0.966334,Training,-0.501839,-0.242077,-0.012619,0.529623,1.026989,1.410369,1.944631,3.001384,5.554188,7.397130,16.176199
1988-11-19,0.644223,Training,-0.495068,-0.231890,-0.021503,0.510403,0.976860,1.342797,1.849965,2.861837,5.077136,6.725535,14.419679
1988-11-20,0.483167,Training,-0.606451,-0.380898,-0.228708,0.248561,0.678727,0.994482,1.544187,2.596072,5.158540,7.473264,17.524662
1988-11-21,0.805278,Training,-0.720814,-0.490403,-0.309019,0.250637,0.836821,1.271736,2.016711,3.579746,8.210365,12.454003,32.115269
1988-11-22,0.805278,Training,-0.642248,-0.405597,-0.212739,0.295439,0.747973,1.155865,1.714959,2.954778,6.171923,8.916791,21.110397
1988-11-23,0.644223,Training,-0.667028,-0.124892,0.316387,2.656902,7.706649,10.655150,18.762047,39.936646,88.531929,123.191933,281.777252
1988-11-24,130.777218,Training,3.845272,9.538872,12.738847,41.802147,72.703812,92.309471,136.570099,217.834564,348.862061,422.535431,876.387268
1988-11-25,936.538824,Training,14.012899,27.382946,35.083191,90.540298,129.212784,158.419434,214.400574,282.915131,452.713074,565.659973,1137.340210
1988-11-26,231.437023,Training,13.185061,22.787811,26.743927,58.421886,82.615097,99.320114,117.612396,150.525681,218.218384,267.553680,528.313843
1988-11-27,63.939108,Training,1.910984,4.474161,6.463462,15.372022,23.303106,31.224188,37.455391,54.317127,85.953613,104.455994,232.702301
1988-11-28,19.165627,Training,-0.264765,0.359454,1.025431,2.774174,4.791015,6.472742,8.373585,13.032578,24.308901,32.705486,70.946259
1988-11-29,11.434954,Training,-0.401677,0.018656,0.438407,1.410307,2.464606,3.288693,4.363765,6.670404,12.096425,16.380358,34.466782
1988-11-30,7.730673,Training,-0.481729,-0.145830,0.133879,0.830525,1.534454,2.059496,2.833080,4.431410,8.047435,10.958027,23.213121
1988-12-01,5.959060,Training,-0.520918,-0.245574,0.008775,0.581155,1.156483,1.581007,2.219115,3.517646,6.656186,9.232654,19.915445
1988-12-02,4.831671,Training,-0.516100,-0.239236,-0.015114,0.552004,1.070958,1.484980,2.070946,3.293335,5.979982,8.108635,17.266869
1988-12-03,3.543225,Training,-0.516744,-0.250027,-0.031841,0.515841,0.993640,1.399061,1.932039,3.093758,5.550697,7.432662,15.790770
1988-12-04,2.737947,Training,-0.512776,-0.247786,-0.028925,0.522282,0.993552,1.398030,1.914542,3.061790,5.427044,7.203435,15.286965
1988-12-05,2.254780,Training,-0.513563,-0.251155,-0.037925,0.504292,0.957054,1.351870,1.840986,2.957349,5.200822,6.845140,14.570890
1988-12-06,1.771613,Training,-0.516224,-0.260458,-0.042913,0.491431,0.935789,1.323604,1.793799,2.892802,5.100715,6.718745,14.310385
1988-12-07,1.610557,Training,-0.515228,-0.255858,-0.042788,0.491703,0.928239,1.318044,1.769442,2.862379,4.987888,6.474337,13.850275
1988-12-08,1.610557,Training,-0.510661,-0.250035,-0.033829,0.495578,0.946643,1.346055,1.781206,2.867334,4.949610,6.367405,13.758458
1988-12-09,1.288446,Training,-0.538719,-0.298741,-0.113814,0.340175,0.714507,1.059865,1.426794,2.380846,4.227597,5.499725,12.096809
1988-12-10,1.127390,Training,-0.554340,-0.331354,-0.174157,0.210311,0.520238,0.818264,1.125188,1.951470,3.568515,4.693115,10.576352
1988-12-11,1.127390,Training,-0.561506,-0.339541,-0.180078,0.206883,0.512611,0.812226,1.115163,1.949154,3.601058,4.753471,10.726946
1988-12-12,1.127390,Training,-0.565009,-0.356191,-0.225052,0.098844,0.333335,0.583203,0.828856,1.535996,2.955076,3.953361,9.191375
1988-12-13,0.966334,Training,-0.554650,-0.354416,-0.243687,0.029441,0.224353,0.441422,0.644187,1.254518,2.472018,3.316180,7.979748
1988-12-14,0.644223,Training,-0.508274,-0.321202,-0.238033,-0.048759,0.106674,0.281641,0.423467,0.888932,1.774289,2.363854,6.122748
1988-12-15,0.644223,Training,-0.462043,-0.285598,-0.214034,-0.078967,0.054759,0.200989,0.311819,0.689301,1.379025,1.828812,5.026468
1988-12-16,0.644223,Training,-0.463822,-0.304526,-0.225422,-0.097391,0.052429,0.213215,0.321778,0.697530,1.383042,1.866065,5.307574
1988-12-17,0.644223,Training,-0.469162,-0.304705,-0.225005,-0.094002,0.056525,0.216247,0.325455,0.708083,1.417153,1.914527,5.359225
1988-12-18,0.644223,Training,-0.479759,-0.292440,-0.220385,-0.062175,0.070954,0.222435,0.342179,0.750624,1.524568,2.030569,5.438818
1988-12-19,0.483167,Training,-0.466293,-0.283898,-0.212999,-0.069988,0.062326,0.208111,0.320997,0.708856,1.435317,1.911801,5.198397
1988-12-20,0.483167,Training,-0.457407,-0.272517,-0.204472,-0.062660,0.060387,0.199479,0.308607,0.689370,1.398341,1.857708,5.065461
1988-12-21,0.483167,Training,-0.443521,-0.259970,-0.191636,-0.058485,0.056259,0.185522,0.288649,0.653096,1.327788,1.776634,4.869512
1988-12-22,0.483167,Training,-0.440885,-0.258489,-0.192342,-0.060913,0.055160,0.185721,0.288675,0.651250,1.312542,1.737266,4.782115
1988-12-23,0.483167,Training,-0.444779,-0.258823,-0.197484,-0.058620,0.058465,0.186812,0.293021,0.659063,1.332122,1.776443,4.879193
1988-12-24,0.483167,Training,-0.447120,-0.261834,-0.196549,-0.057080,0.060060,0.189685,0.294312,0.662770,1.349350,1.812623,4.969675
1988-12-25,0.483167,Training,-0.444817,-0.262104,-0.193123,-0.056377,0.058846,0.189286,0.290625,0.657994,1.341439,1.800362,4.934967
1988-12-26,0.322111,Training,-0.446333,-0.264184,-0.195248,-0.055920,0.059109,0.191709,0.293268,0.664627,1.349305,1.800559,4.924629
1988-12-27,0.161056,Training,-0.446350,-0.264421,-0.196997,-0.056847,0.058278,0.192132,0.294136,0.666511,1.343114,1.780681,4.864700
1988-12-28,0.161056,Training,-0.444490,-0.262778,-0.196352,-0.056666,0.057243,0.190569,0.291930,0.662822,1.328652,1.756754,4.794407
1988-12-29,0.161056,Training,-0.442739,-0.261482,-0.194783,-0.055675,0.056373,0.188304,0.288523,0.657613,1.315620,1.742087,4.745224
1988-12-30,0.161056,Training,-0.441484,-0.260671,-0.194236,-0.055978,0.055305,0.186765,0.286057,0.653427,1.302723,1.722511,4.691617
1988-12-31,0.161056,Training,-0.440611,-0.259962,-0.194268,-0.056603,0.054377,0.186072,0.284255,0.650394,1.292407,1.703860,4.647103
1989-01-01,0.161056,Validation,-0.440614,-0.261948,-0.196474,-0.062470,0.052238,0.186558,0.283344,0.647127,1.280451,1.680032,4.607554
1989-01-02,0.161056,Validation,-0.441185,-0.266363,-0.198887,-0.069963,0.050054,0.187126,0.282032,0.643129,1.269969,1.670292,4.602265
1989-01-03,0.161056,Validation,-0.441437,-0.269090,-0.199936,-0.073934,0.049501,0.188437,0.282027,0.641915,1.265384,1.669164,4.610312
1989-01-04,0.161056,Validation,-0.443922,-0.273392,-0.202484,-0.077361,0.049045,0.189792,0.283110,0.644532,1.270929,1.681407,4.642400
1989-01-05,0.161056,Validation,-0.445549,-0.269614,-0.201176,-0.069768,0.051976,0.190195,0.286075,0.652584,1.287707,1.696009,4.639555
1989-01-06,0.161056,Validation,-0.472253,-0.287534,-0.232120,-0.062633,0.073106,0.213913,0.334873,0.743589,1.504569,2.062824,5.535880
1989-01-07,0.161056,Validation,-0.522386,-0.341130,-0.260999,-0.094990,0.098020,0.279327,0.405300,0.849757,1.805536,2.542081,7.033871
1989-01-08,0.161056,Validation,-0.519267,-0.326126,-0.226157,-0.039940,0.119954,0.300047,0.419616,0.903969,1.958883,2.740707,7.302866
1989-01-09,0.161056,Validation,-0.571409,-0.368319,-0.283958,-0.036201,0.179771,0.387457,0.568257,1.188138,2.620555,3.759405,9.685572
1989-01-10,8.858063,Validation,-0.627145,-0.050562,0.444581,2.630484,7.399992,9.758102,15.535070,33.513268,83.226326,109.214790,265.467957
1989-01-11,43.001869,Validation,1.314573,4.302105,6.103879,20.850100,45.764030,54.758926,80.594925,147.183807,257.901062,306.532867,600.173157
1989-01-12,105.813587,Validation,1.864987,4.999154,6.830668,20.658857,40.950634,48.822453,65.285416,110.414093,185.388290,236.797653,471.901642
1989-01-13,20.293017,Validation,-0.081527,0.850513,1.769400,4.890216,8.835185,12.048064,15.065013,25.651348,48.778793,63.300529,136.800537
1989-01-14,10.146508,Validation,-0.448692,-0.024946,0.423630,1.391795,2.535939,3.531851,4.466853,7.506390,14.836420,20.364372,43.798855
1989-01-15,5.959060,Validation,-0.463010,-0.127279,0.216021,0.903019,1.656327,2.311329,2.983453,4.832168,8.928258,12.098725,25.614748
1989-01-16,4.348504,Validation,-0.473409,-0.180913,0.090441,0.660872,1.227342,1.720609,2.263833,3.692207,6.626765,8.883385,18.555513
1989-01-17,3.060058,Validation,-0.478967,-0.206566,0.028646,0.547408,1.035046,1.473725,1.942709,3.183342,5.595876,7.397619,15.464167
1989-01-18,2.737947,Validation,-0.487194,-0.228066,-0.013230,0.472986,0.916258,1.323433,1.743152,2.875095,5.007974,6.566881,13.811564
1989-01-19,2.737947,Validation,-0.498466,-0.248263,-0.043693,0.428635,0.838715,1.220422,1.615277,2.693836,4.706408,6.168924,13.025371
1989-01-20,2.415835,Validation,-0.508714,-0.266259,-0.071239,0.380299,0.768627,1.129900,1.496949,2.522448,4.421579,5.794203,12.373614
1989-01-21,2.093724,Validation,-0.515039,-0.283853,-0.092978,0.326400,0.699036,1.045446,1.376440,2.341141,4.111801,5.395360,11.671412
1989-01-22,1.771613,Validation,-0.525820,-0.298805,-0.113046,0.301148,0.644247,0.973183,1.290300,2.233015,3.975464,5.235754,11.341494
1989-01-23,1.610557,Validation,-0.530772,-0.308746,-0.125694,0.273557,0.606436,0.927082,1.225370,2.137424,3.821747,5.037386,10.994787
1989-01-24,1.610557,Validation,-0.535178,-0.313526,-0.122928,0.290185,0.621078,0.946292,1.246968,2.184053,3.941886,5.228363,11.376185
1989-01-25,1.610557,Validation,-0.542671,-0.335170,-0.169950,0.186893,0.458254,0.735945,0.986012,1.798808,3.343846,4.505552,9.986526
1989-01-26,65.871776,Validation,-0.667303,-0.366874,-0.196053,0.464432,1.223062,1.924416,2.835945,5.088376,12.924241,19.084469,50.112328
1989-01-27,21.259351,Validation,-0.681571,-0.321333,0.038126,1.060369,2.512639,3.894541,5.199956,9.623623,22.675934,30.604509,77.381325
1989-01-28,9.824397,Validation,-0.644105,-0.382831,-0.144153,0.346369,0.895540,1.434441,1.846323,3.464561,7.815873,11.161479,26.391798
1989-01-29,6.442228,Validation,-0.600929,-0.364749,-0.145339,0.268173,0.690741,1.087499,1.437459,2.617333,5.453475,7.770450,17.599636
1989-01-30,4.831671,Validation,-0.589223,-0.365763,-0.226210,0.118023,0.432022,0.708243,0.989963,1.878068,3.917042,5.630305,13.092389
1989-01-31,4.187448,Validation,-0.666370,-0.397690,-0.264910,0.178645,0.744602,1.223666,1.657608,3.233938,7.897255,11.510855,28.268635
1989-02-01,3.060058,Validation,-0.682955,-0.395960,-0.156048,0.410394,1.099929,1.736792,2.267182,4.432481,10.612539,15.051051,36.775513
1989-02-02,2.737947,Validation,-0.609448,-0.365633,-0.153544,0.254863,0.669425,1.069636,1.402571,2.665433,5.822542,8.337614,19.308424
1989-02-03,2.415835,Validation,-0.577566,-0.359425,-0.173555,0.185064,0.505420,0.817701,1.106180,2.076338,4.249991,6.039601,13.720146
1989-02-04,1.771613,Validation,-0.541308,-0.334292,-0.183720,0.123553,0.386742,0.645706,0.885978,1.671271,3.265325,4.520112,10.297100
1989-02-05,1.610557,Validation,-0.524066,-0.322827,-0.185975,0.101810,0.335442,0.569491,0.788800,1.501715,2.882678,3.959997,9.037292
1989-02-06,1.610557,Validation,-0.513754,-0.315973,-0.191401,0.075234,0.295782,0.518814,0.718005,1.373932,2.596893,3.516139,8.129022
1989-02-07,1.610557,Validation,-0.532982,-0.338278,-0.228210,0.038371,0.294385,0.523605,0.734384,1.391563,2.659946,3.695853,8.789809
1989-02-08,1.610557,Validation,-0.548095,-0.348030,-0.224676,0.043482,0.299473,0.537880,0.740299,1.409708,2.771502,3.874538,9.299048
1989-02-09,1.932668,Validation,-0.633994,-0.395227,-0.262612,0.134066,0.604883,1.014736,1.401519,2.590614,5.894781,8.716791,21.397936
1989-02-10,5.475893,Validation,-0.464964,0.322344,0.830742,3.711908,8.895617,12.177631,16.808321,33.666534,74.795029,94.788353,221.971848
1989-02-11,18.199293,Validation,-0.376465,0.314089,1.115948,3.667397,7.724909,10.469759,13.798891,25.649235,52.066391,70.771965,155.807297
1989-02-12,9.180174,Validation,-0.534036,-0.154170,0.343435,1.422158,2.730081,3.892015,4.980381,8.809485,18.142145,26.070740,57.664352
1989-02-13,5.475893,Validation,-0.525853,-0.214270,0.177793,0.921117,1.718969,2.432396,3.146321,5.327811,10.476986,15.096426,32.637962
1989-02-14,3.865337,Validation,-0.556140,-0.343893,-0.114709,0.268704,0.642677,0.974552,1.312761,2.378927,4.792268,7.021745,15.527676
1989-02-15,3.060058,Validation,-0.532868,-0.325597,-0.129994,0.223492,0.545070,0.838107,1.138975,2.060538,3.985347,5.680513,12.483936
1989-02-16,2.737947,Validation,-0.525322,-0.319894,-0.144637,0.196777,0.488824,0.765246,1.041934,1.892482,3.576945,5.003953,11.016748
1989-02-17,2.415835,Validation,-0.525205,-0.319381,-0.148950,0.196971,0.481964,0.758548,1.027993,1.863794,3.474451,4.806889,10.575590
1989-02-18,2.093724,Validation,-0.519412,-0.331769,-0.177182,0.111584,0.350023,0.583137,0.800910,1.508015,2.892331,4.068565,9.238807
1989-02-19,1.771613,Validation,-0.490130,-0.318142,-0.196385,0.008560,0.182729,0.360243,0.503353,1.032744,2.051107,2.897333,7.078309
1989-02-20,1.610557,Validation,-0.486007,-0.304669,-0.197733,0.017942,0.185701,0.361896,0.507840,1.031861,1.976159,2.733374,6.601796
1989-02-21,1.610557,Validation,-0.528435,-0.346909,-0.243260,0.011609,0.217764,0.412723,0.594996,1.203155,2.415058,3.510466,8.550807
1989-02-22,1.610557,Validation,-0.548349,-0.358586,-0.232647,0.019483,0.219334,0.439033,0.594507,1.204749,2.480060,3.548566,8.819963
1989-02-23,1.610557,Validation,-0.565143,-0.365802,-0.259677,0.020583,0.264380,0.499734,0.691134,1.375842,2.859254,4.127794,10.155951
1989-02-24,1.932668,Validation,-0.730020,-0.451790,-0.261614,0.338009,1.117623,1.858177,2.438756,4.927122,12.648468,18.523865,48.221634
1989-02-25,2.093724,Validation,-0.736928,-0.457856,-0.120690,0.647856,1.956654,2.851280,3.883615,8.102533,20.020973,30.312380,78.701370
1989-02-26,1.771613,Validation,-0.672624,-0.442044,-0.186211,0.275986,0.819414,1.304314,1.706545,3.388592,7.956366,12.149284,29.730873
1989-02-27,1.288446,Validation,-0.612587,-0.386056,-0.162925,0.257569,0.662775,1.046929,1.389750,2.604388,5.525331,8.211390,18.849272
1989-02-28,1.127390,Validation,-0.586020,-0.401420,-0.225628,0.060952,0.332745,0.585533,0.804829,1.611482,3.520041,5.344420,13.004633
1989-03-01,0.966334,Validation,-0.527508,-0.346372,-0.213521,0.018263,0.224289,0.427383,0.595623,1.215064,2.513014,3.672501,8.979852
1989-03-02,0.644223,Validation,-0.505579,-0.321637,-0.201965,0.028098,0.216713,0.412660,0.575788,1.161132,2.288332,3.253022,7.827763
1989-03-03,0.644223,Validation,-0.498949,-0.321666,-0.202294,0.012582,0.191908,0.378518,0.530119,1.082920,2.144704,3.056714,7.457459
1989-03-04,0.644223,Validation,-0.493066,-0.319156,-0.202478,0.001335,0.172413,0.351729,0.493730,1.020071,2.021455,2.873041,7.085414
1989-03-05,0.644223,Validation,-0.488134,-0.307202,-0.200736,0.013184,0.179906,0.358680,0.504514,1.028686,1.968772,2.750468,6.680641
1989-03-06,0.483167,Validation,-0.486165,-0.305256,-0.201423,0.008163,0.169566,0.344568,0.484311,0.994043,1.899292,2.648733,6.465302
1989-03-07,0.322111,Validation,-0.485850,-0.314626,-0.204819,-0.018918,0.135401,0.301678,0.422752,0.900851,1.795356,2.543951,6.417661
1989-03-08,0.161056,Validation,-0.485312,-0.318751,-0.208986,-0.040762,0.103344,0.261269,0.365966,0.816465,1.679462,2.391814,6.221590
1989-03-09,0.161056,Validation,-0.481200,-0.311655,-0.206327,-0.032780,0.111223,0.269071,0.377392,0.826054,1.662133,2.355760,6.040476
1989-03-10,0.161056,Validation,-0.485840,-0.318463,-0.211279,-0.044318,0.094530,0.249922,0.348249,0.787121,1.624123,2.314217,6.033560
1989-03-11,0.161056,Validation,-0.493443,-0.326958,-0.214817,-0.042963,0.097152,0.255950,0.352993,0.799823,1.670737,2.393860,6.221546
1989-03-12,0.161056,Validation,-0.457340,-0.289787,-0.197833,-0.061741,0.057061,0.192093,0.270008,0.648254,1.353228,1.923453,5.222026
1989-03-13,0.161056,Validation,-0.470769,-0.301962,-0.204775,-0.052854,0.071351,0.214737,0.297393,0.697255,1.458715,2.087195,5.547944
1989-03-14,0.161056,Validation,-0.440798,-0.270321,-0.187806,-0.059237,0.052298,0.179167,0.252632,0.606597,1.252202,1.779170,4.860644
1989-03-15,0.161056,Validation,-0.402515,-0.232570,-0.162395,-0.068922,0.027840,0.134288,0.192489,0.491816,1.012389,1.430763,4.127650
1989-03-16,0.161056,Validation,-0.374594,-0.202458,-0.142178,-0.055722,0.038079,0.133211,0.194480,0.472545,0.912683,1.277493,3.686039
1989-03-17,0.161056,Validation,-0.408525,-0.234111,-0.179564,-0.045711,0.071836,0.190788,0.266925,0.590944,1.132849,1.605552,4.425767
1989-03-18,0.161056,Validation,-0.465074,-0.273361,-0.192389,-0.050017,0.078696,0.223260,0.286601,0.651342,1.355583,1.931838,5.484240
1989-03-19,0.161056,Validation,-0.422187,-0.241345,-0.161750,-0.044013,0.073331,0.198917,0.261397,0.595009,1.195886,1.711114,4.776487
1989-03-20,0.161056,Validation,-0.418277,-0.239967,-0.166041,-0.049643,0.059735,0.178006,0.241204,0.568502,1.140490,1.628522,4.556872
1989-03-21,0.161056,Validation,-0.398604,-0.227412,-0.152799,-0.067259,0.032358,0.136198,0.186562,0.480026,1.013831,1.469970,4.345168
1989-03-22,0.161056,Validation,-0.392461,-0.219324,-0.146419,-0.087506,-0.004779,0.086172,0.124817,0.385460,0.865244,1.260323,3.999469
1989-03-23,0.000000,Validation,-0.395152,-0.212728,-0.142793,-0.094399,-0.024148,0.061757,0.097914,0.336025,0.773240,1.118354,3.643073
1989-03-24,0.000000,Validation,-0.367741,-0.195336,-0.130389,-0.080456,-0.002530,0.078839,0.119215,0.362867,0.787559,1.131269,3.609819
1989-03-25,0.000000,Validation,-0.344520,-0.172681,-0.114349,-0.059242,0.021314,0.100220,0.147922,0.388361,0.781739,1.111067,3.420844
1989-03-26,0.000000,Validation,-0.329799,-0.155606,-0.102188,-0.046328,0.031781,0.107421,0.157819,0.390466,0.755228,1.071347,3.270233
1989-03-27,0.000000,Validation,-0.374518,-0.195069,-0.123090,0.001716,0.104448,0.201200,0.259808,0.528960,1.019013,1.544653,4.321149
1989-03-28,0.000000,Validation,-0.520475,-0.278602,-0.228354,-0.019558,0.209555,0.442475,0.490737,1.024546,2.318718,3.300761,9.414445
1989-03-29,0.000000,Validation,-0.492248,-0.249816,-0.162377,0.026455,0.213929,0.421204,0.480971,1.006673,2.149487,2.979195,8.236165
1989-03-30,0.000000,Validation,-0.449547,-0.243259,-0.149041,-0.017357,0.121479,0.266635,0.312554,0.713130,1.572705,2.355466,6.714929
1989-03-31,0.000000,Validation,-0.434896,-0.239885,-0.150687,-0.017538,0.106642,0.243433,0.299319,0.679317,1.475627,2.210245,6.146107
1989-04-01,0.000000,Test,-0.408346,-0.218302,-0.139015,-0.017379,0.092234,0.214662,0.271818,0.621777,1.327058,1.971306,5.523811
1989-04-02,0.000000,Test,-0.389987,-0.192261,-0.134920,0.007011,0.113289,0.230678,0.309274,0.662296,1.290493,1.843985,4.921995
1989-04-03,0.000000,Test,-0.418959,-0.230538,-0.186698,-0.027649,0.116470,0.258150,0.348006,0.725219,1.441375,2.087023,5.527680
1989-04-04,0.000000,Test,-0.463573,-0.237185,-0.174797,0.012549,0.157440,0.311574,0.393391,0.824397,1.714140,2.461623,6.594139
1989-04-05,0.000000,Test,-0.419263,-0.206418,-0.147115,0.007034,0.124739,0.255773,0.324135,0.693452,1.396756,2.006541,5.420670
1989-04-06,0.000000,Test,-0.428273,-0.221243,-0.157508,0.003307,0.116222,0.241244,0.304845,0.675490,1.398445,2.080909,5.652040
1989-04-07,0.000000,Test,-0.498851,-0.215122,-0.132284,0.200381,0.395768,0.638140,0.681135,1.267616,2.779386,4.260415,10.679053
1989-04-08,0.000000,Test,0.672577,3.605179,5.528175,17.827393,30.893682,40.305618,42.557148,69.707069,130.461777,164.247742,274.164093
1989-04-09,8.858063,Test,0.841323,3.586002,4.886756,15.831312,34.173256,39.814541,48.737091,90.053261,159.517944,211.682388,353.800446
1989-04-10,6.925395,Test,-0.181146,0.764944,1.477454,4.223581,8.537116,10.392899,12.385549,23.546127,47.841480,71.230934,150.492386
1989-04-11,2.576891,Test,-0.408280,0.079749,0.656544,1.913846,3.494092,4.609187,5.443017,9.819349,20.106228,30.710464,68.476349
1989-04-12,1.288446,Test,-0.498279,-0.149675,0.284752,1.079452,1.923012,2.663574,3.261382,5.568510,11.242568,17.126257,38.257343
1989-04-13,0.966334,Test,-0.510274,-0.206191,0.128151,0.775253,1.374041,1.922907,2.426007,4.085292,8.011379,12.000592,26.549706
1989-04-14,0.644223,Test,-0.518348,-0.248632,0.043800,0.602327,1.081880,1.541118,1.956356,3.316181,6.466975,9.649905,21.448294
1989-04-15,0.483167,Test,-0.535200,-0.310560,-0.097708,0.296133,0.588290,0.897468,1.144822,2.062991,4.197639,6.350614,14.563117
1989-04-16,0.161056,Test,-0.504053,-0.276848,-0.153566,0.157681,0.342413,0.572011,0.747916,1.409342,2.765648,3.946453,9.175023
1989-04-17,0.161056,Test,-0.492893,-0.270160,-0.169972,0.108516,0.262005,0.465583,0.612576,1.189888,2.328424,3.280865,7.797169
1989-04-18,0.161056,Test,-0.489118,-0.283311,-0.177932,0.061262,0.192468,0.370025,0.479225,0.983256,2.032612,3.002860,7.425472
1989-04-19,0.161056,Test,-0.489513,-0.281925,-0.187156,0.049735,0.173169,0.340960,0.443023,0.924550,1.925650,2.861470,7.158382
1989-04-20,0.161056,Test,-0.495720,-0.291237,-0.190713,0.037186,0.151036,0.319132,0.400259,0.865369,1.856158,2.793879,7.103793
1989-04-21,0.161056,Test,-0.493938,-0.291250,-0.191314,0.022264,0.122203,0.281656,0.338939,0.771626,1.715481,2.630886,6.876058
1989-04-22,0.161056,Test,-0.467947,-0.263313,-0.184277,-0.011905,0.062251,0.194355,0.228969,0.581483,1.332494,2.044302,5.655447
1989-04-23,0.161056,Test,-0.436017,-0.231455,-0.169032,-0.003253,0.073580,0.198097,0.249618,0.585392,1.250761,1.843568,4.975739
1989-04-24,0.161056,Test,-0.434018,-0.195037,-0.136348,0.125612,0.200310,0.347269,0.399476,0.710606,1.459170,2.270581,5.836585
1989-04-25,1.127390,Test,-0.614743,-0.202896,-0.060280,0.574717,1.061041,1.688380,1.647908,3.057391,6.969827,9.969816,25.931576
1989-04-26,1.288446,Test,-0.562939,-0.254258,-0.133664,0.214665,0.460574,0.770916,0.808258,1.627354,3.631435,5.122452,13.662339
1989-04-27,0.966334,Test,-0.476670,-0.217052,-0.119853,0.108554,0.248129,0.438477,0.468537,0.966634,2.083272,3.036968,7.987855
1989-04-28,0.644223,Test,-0.424337,-0.194991,-0.114508,0.029557,0.117793,0.245229,0.260842,0.590038,1.318006,1.998422,5.741126
1989-04-29,0.644223,Test,-0.384601,-0.155171,-0.092692,0.006183,0.058374,0.147347,0.158501,0.399382,0.897566,1.369557,4.328583
1989-04-30,0.483167,Test,-0.376389,-0.140496,-0.088041,0.000336,0.036283,0.112450,0.125501,0.332911,0.748457,1.146726,3.768169
1989-05-01,0.322111,Test,-0.367948,-0.129032,-0.086167,-0.007184,0.019583,0.085458,0.100031,0.283810,0.639636,0.982660,3.347528
1989-05-02,0.161056,Test,-0.342331,-0.109699,-0.074932,-0.013998,0.011350,0.064931,0.083928,0.248695,0.548453,0.839961,2.981503
1989-05-03,0.161056,Test,-0.326514,-0.095104,-0.065974,-0.017274,0.004885,0.049366,0.070414,0.217769,0.474156,0.729459,2.700625
1989-05-04,0.161056,Test,-0.318950,-0.087785,-0.062105,-0.019078,0.000511,0.040476,0.061795,0.199105,0.433455,0.670389,2.551976
1989-05-05,0.161056,Test,-0.322278,-0.082439,-0.060375,-0.021354,-0.008625,0.025978,0.046184,0.166317,0.368881,0.581669,2.332390
1989-05-06,0.161056,Test,-0.319786,-0.077287,-0.057314,-0.023375,-0.013606,0.016577,0.036277,0.145245,0.325820,0.522771,2.183762
1989-05-07,0.161056,Test,-0.283959,-0.064570,-0.045185,-0.019742,0.002337,0.030528,0.054359,0.173101,0.364548,0.572629,2.284184
1989-05-08,0.000000,Test,-0.279868,-0.061061,-0.040499,-0.020727,0.000809,0.026317,0.049894,0.162003,0.339944,0.536795,2.191382
1989-05-09,0.000000,Test,-0.285313,-0.060353,-0.040636,-0.022537,-0.005598,0.017425,0.039345,0.141806,0.305613,0.493697,2.097837
1989-05-10,0.000000,Test,-0.295045,-0.063678,-0.044969,-0.025230,-0.012823,0.009637,0.028724,0.124346,0.280848,0.464828,2.036730
1989-05-11,0.000000,Test,-0.309025,-0.071898,-0.055034,-0.027456,-0.018979,0.007218,0.022208,0.118267,0.283628,0.473188,2.066243
1989-05-12,0.000000,Test,-0.297627,-0.068062,-0.054650,-0.024725,-0.011206,0.015643,0.031477,0.133118,0.313203,0.518579,2.175220
1989-05-13,0.000000,Test,-0.295961,-0.059116,-0.043337,-0.026153,-0.013956,0.000144,0.019859,0.100241,0.231259,0.407016,1.899580
1989-05-14,0.000000,Test,-0.301680,-0.062525,-0.031463,-0.031625,-0.016274,-0.008298,0.015212,0.085281,0.184012,0.326701,1.666280
1989-05-15,0.000000,Test,-0.323451,-0.068695,-0.039322,-0.033430,-0.025248,-0.018393,0.002773,0.062271,0.145237,0.276365,1.541240
1989-05-16,0.000000,Test,-0.340460,-0.072004,-0.044289,-0.032227,-0.030696,-0.025705,-0.007247,0.041751,0.107760,0.229763,1.424121
1989-05-17,0.000000,Test,-0.323404,-0.063371,-0.033668,-0.031519,-0.025585,-0.024530,-0.002556,0.045970,0.108795,0.231241,1.425539
1989-05-18,0.000000,Test,-0.314080,-0.058608,-0.028183,-0.029979,-0.022079,-0.022451,0.000975,0.049911,0.112563,0.236652,1.438558
1989-05-19,0.000000,Test,-0.287958,-0.047748,-0.015506,-0.025698,-0.010942,-0.012821,0.014071,0.069287,0.140376,0.273093,1.524075
1989-05-20,0.000000,Test,-0.301875,-0.052625,-0.021751,-0.027349,-0.017246,-0.018467,0.006452,0.057239,0.122504,0.249613,1.468226
1989-05-21,0.000000,Test,-0.294662,-0.049246,-0.018148,-0.025860,-0.014178,-0.015965,0.009879,0.061708,0.128926,0.258334,1.489178
1989-05-22,0.000000,Test,-0.279989,-0.045209,-0.023857,-0.022966,-0.001852,-0.008573,0.022315,0.078426,0.152341,0.309630,1.618313
1989-05-23,0.000000,Test,-0.271237,-0.042372,-0.020092,-0.015974,0.014238,0.010917,0.043365,0.107913,0.200603,0.376369,1.759321
1989-05-24,0.000000,Test,-0.282738,-0.051043,-0.028092,-0.015363,0.018754,0.018897,0.051485,0.119910,0.223655,0.416500,1.863499
1989-05-25,0.000000,Test,-0.314772,0.001104,0.079348,0.257848,0.263141,0.309573,0.303653,0.371621,0.611085,1.006319,3.324032
1989-05-26,0.000000,Test,-0.432650,-0.016321,0.009707,0.232101,0.351854,0.473144,0.529845,0.768857,1.345765,1.907498,6.529540
1989-05-27,0.000000,Test,-0.416428,-0.044835,-0.012933,0.144786,0.236291,0.320364,0.355327,0.557574,0.981208,1.463503,4.990905
1989-05-28,0.000000,Test,-0.346857,0.050478,0.081900,0.292177,0.344146,0.441867,0.454056,0.661521,1.083358,1.643757,5.151766
1989-05-29,0.000000,Test,-0.381515,-0.032768,0.006715,0.137838,0.197803,0.261120,0.290247,0.461622,0.824644,1.269046,4.274920
1989-05-30,0.000000,Test,-0.362140,-0.029450,-0.004386,0.104238,0.138684,0.184927,0.214351,0.343926,0.606212,0.988069,3.479836
1989-05-31,0.000000,Test,-0.365910,-0.049079,-0.034437,0.067377,0.086388,0.122135,0.147858,0.250513,0.452730,0.798705,3.012747
1989-06-01,0.000000,Test,-0.325887,-0.032296,0.002968,0.065757,0.085690,0.116576,0.147477,0.248392,0.453959,0.745225,2.826524
1989-06-02,0.000000,Test,-0.305354,-0.024736,0.000477,0.050460,0.064821,0.087936,0.120583,0.209401,0.386064,0.647181,2.550189
1989-06-03,0.000000,Test,-0.313463,-0.031851,-0.017641,0.030504,0.036781,0.052140,0.083433,0.157645,0.301275,0.537155,2.280214
1989-06-04,0.000000,Test,-0.295499,-0.025169,-0.009485,0.023837,0.027745,0.040059,0.070195,0.140047,0.271481,0.483432,2.129590
1989-06-05,0.000000,Test,-0.290713,-0.023832,-0.012192,0.015813,0.016631,0.025511,0.054553,0.118248,0.236363,0.433709,2.002363
1989-06-06,0.000000,Test,-0.285715,-0.023026,-0.014221,0.009135,0.008482,0.014859,0.042351,0.101914,0.212212,0.400329,1.919407
1989-06-07,0.000000,Test,-0.289004,-0.024889,-0.018928,0.003195,-0.001580,0.003376,0.028433,0.082529,0.183107,0.361019,1.825234
1989-06-08,0.000000,Test,-0.282716,-0.023382,-0.019587,-0.000638,-0.005334,-0.001437,0.022040,0.075085,0.174848,0.349388,1.797805
1989-06-09,0.000000,Test,-0.275207,-0.020090,-0.020235,-0.001946,-0.007560,-0.003654,0.017048,0.069358,0.172089,0.347463,1.799073
1989-06-10,0.000000,Test,-0.301447,-0.031368,-0.034234,-0.006884,-0.022667,-0.016786,-0.001365,0.042845,0.133731,0.298463,1.684491
1989-06-11,0.000000,Test,-0.325538,-0.039330,-0.044213,-0.006977,-0.032631,-0.026195,-0.016033,0.016194,0.088398,0.238990,1.533985
1989-06-12,0.000000,Test,-0.332608,-0.041598,-0.046735,-0.007184,-0.036503,-0.030894,-0.023709,0.002000,0.062636,0.206475,1.454670
1989-06-13,0.000000,Test,-0.341863,-0.050084,-0.045951,-0.010396,-0.036521,-0.032587,-0.025199,-0.000014,0.046677,0.177570,1.356181
1989-06-14,0.000000,Test,-0.335480,-0.051768,-0.042614,-0.018141,-0.036812,-0.035857,-0.025001,0.002453,0.049634,0.176863,1.351427
1989-06-15,0.000000,Test,-0.334636,-0.048478,-0.041597,-0.016170,-0.038145,-0.038471,-0.029210,-0.007988,0.032366,0.158125,1.314192
1989-06-16,0.000000,Test,-0.333459,-0.054369,-0.038725,-0.021533,-0.035000,-0.036140,-0.023175,0.004871,0.047386,0.169403,1.319598
1989-06-17,0.000000,Test,-0.303171,-0.041591,-0.024923,-0.021667,-0.026915,-0.031580,-0.014158,0.018690,0.070334,0.199603,1.398030
1989-06-18,0.000000,Test,-0.295944,-0.037505,-0.020814,-0.020334,-0.025065,-0.030829,-0.013230,0.018561,0.069392,0.199024,1.397217
1989-06-19,0.000000,Test,-0.312624,-0.051445,-0.026865,-0.027527,-0.028066,-0.033257,-0.013126,0.022098,0.071272,0.193177,1.363920
1989-06-20,0.000000,Test,-0.320131,-0.053658,-0.031833,-0.028297,-0.030307,-0.035953,-0.016080,0.016564,0.063601,0.185476,1.349283
1989-06-21,0.000000,Test,-0.332205,-0.057272,-0.035094,-0.026316,-0.033991,-0.038203,-0.021786,0.005518,0.044560,0.161239,1.292582
1989-06-22,0.000000,Test,-0.344621,-0.063894,-0.039963,-0.025929,-0.035719,-0.038388,-0.023809,0.002426,0.037949,0.152303,1.267563
1989-06-23,0.000000,Test,-0.350292,-0.066148,-0.042396,-0.025056,-0.036516,-0.038623,-0.025226,-0.000545,0.032861,0.146992,1.257695
1989-06-24,0.000000,Test,-0.361974,-0.070474,-0.046919,-0.021683,-0.037142,-0.037657,-0.027079,-0.005355,0.022202,0.135799,1.233219
1989-06-25,0.000000,Test,-0.364810,-0.071818,-0.048256,-0.021395,-0.037027,-0.037058,-0.026793,-0.005423,0.022515,0.137091,1.240724
1989-06-26,0.000000,Test,-0.360611,-0.070697,-0.047085,-0.023498,-0.036825,-0.037341,-0.025762,-0.003015,0.029497,0.145675,1.265966
1989-06-27,0.000000,Test,-0.332168,-0.059851,-0.035201,-0.028105,-0.032294,-0.036123,-0.018381,0.011221,0.057601,0.178878,1.349341
1989-06-28,0.000000,Test,-0.329179,-0.057998,-0.033178,-0.027494,-0.031881,-0.035693,-0.017640,0.012170,0.058072,0.177537,1.341858
1989-06-29,0.000000,Test,-0.330624,-0.058391,-0.033784,-0.027267,-0.032723,-0.035832,-0.018193,0.011695,0.057296,0.175021,1.333242
1989-06-30,0.000000,Test,-0.338291,-0.061457,-0.037191,-0.026782,-0.034418,-0.036580,-0.020316,0.008052,0.051181,0.167299,1.314998
1989-07-01,0.000000,Validation,-0.339116,-0.062066,-0.037696,-0.027111,-0.034553,-0.036589,-0.020232,0.008369,0.052155,0.168521,1.319526
1989-07-02,0.000000,Validation,-0.349252,-0.065926,-0.041784,-0.025601,-0.036073,-0.037020,-0.022747,0.003308,0.042475,0.157091,1.292641
1989-07-03,0.000000,Validation,-0.331975,-0.059861,-0.034782,-0.028525,-0.032754,-0.035710,-0.017336,0.013595,0.062038,0.180997,1.353688
1989-07-04,0.000000,Validation,-0.307548,-0.050193,-0.023738,-0.028033,-0.024788,-0.030264,-0.007815,0.028946,0.086187,0.212191,1.429214
1989-07-05,0.000000,Validation,-0.300017,-0.046454,-0.019663,-0.027088,-0.022362,-0.028703,-0.005291,0.032236,0.090176,0.216579,1.436971
1989-07-06,0.000000,Validation,-0.303119,-0.047640,-0.021169,-0.027458,-0.023571,-0.029627,-0.006300,0.030581,0.087795,0.212980,1.428281
1989-07-07,0.000000,Validation,-0.322232,-0.055619,-0.029673,-0.028588,-0.030229,-0.034147,-0.013558,0.019264,0.070695,0.189839,1.373115
1989-07-08,0.000000,Validation,-0.326485,-0.057137,-0.031717,-0.028646,-0.031670,-0.035176,-0.015354,0.016172,0.066276,0.184456,1.363117
1989-07-09,0.000000,Validation,-0.331542,-0.060205,-0.034257,-0.029459,-0.032761,-0.035500,-0.016091,0.015821,0.066276,0.183856,1.361926
1989-07-10,0.000000,Validation,-0.345412,-0.065942,-0.040169,-0.028505,-0.035328,-0.036339,-0.019455,0.009848,0.055818,0.170772,1.330956
1989-07-11,0.000000,Validation,-0.348735,-0.067577,-0.041605,-0.028501,-0.035626,-0.036218,-0.019652,0.009428,0.055295,0.170329,1.332165
1989-07-12,0.000000,Validation,-0.345412,-0.066809,-0.040419,-0.029671,-0.034859,-0.035824,-0.018039,0.012604,0.061688,0.178260,1.353744
1989-07-13,0.000000,Validation,-0.344430,-0.066603,-0.039801,-0.030025,-0.034494,-0.035566,-0.017279,0.013882,0.063856,0.180552,1.359567
1989-07-14,0.000000,Validation,-0.361555,-0.073122,-0.046076,-0.026530,-0.036188,-0.035191,-0.020547,0.006365,0.047883,0.161311,1.312743
1989-07-15,0.000000,Validation,-0.377096,-0.079488,-0.051427,-0.021737,-0.035803,-0.032841,-0.021360,0.001948,0.035825,0.148934,1.287218
1989-07-16,0.000000,Validation,-0.362780,-0.075184,-0.047475,-0.029019,-0.035739,-0.034726,-0.018795,0.009472,0.056774,0.174006,1.356199
1989-07-17,0.000000,Validation,-0.367726,-0.077445,-0.049070,-0.027747,-0.035744,-0.033910,-0.018919,0.008446,0.053607,0.170025,1.345742
1989-07-18,0.000000,Validation,-0.364845,-0.075823,-0.047349,-0.027938,-0.035651,-0.034087,-0.018518,0.009417,0.055034,0.170072,1.343191
1989-07-19,0.000000,Validation,-0.346018,-0.068860,-0.039993,-0.031959,-0.033247,-0.033993,-0.013848,0.019198,0.075005,0.193882,1.402455
1989-07-20,0.000000,Validation,-0.343694,-0.067857,-0.039007,-0.032397,-0.032758,-0.033872,-0.012823,0.020956,0.077746,0.196417,1.406226
1989-07-21,0.000000,Validation,-0.362759,-0.074785,-0.047348,-0.030378,-0.035399,-0.035050,-0.016967,0.011949,0.060815,0.175721,1.356058
1989-07-22,0.000000,Validation,-0.339827,-0.066223,-0.036176,-0.032657,-0.031543,-0.033310,-0.011131,0.023080,0.080956,0.199808,1.416339
1989-07-23,0.000000,Validation,-0.329929,-0.062516,-0.031725,-0.032829,-0.028650,-0.031539,-0.007305,0.029283,0.091124,0.212967,1.448130
1989-07-24,0.000000,Validation,-0.342314,-0.067394,-0.036704,-0.032360,-0.031932,-0.032920,-0.011063,0.022773,0.080590,0.197745,1.410324
1989-07-25,0.000000,Validation,-0.352662,-0.071856,-0.040949,-0.031367,-0.033185,-0.032506,-0.012349,0.020008,0.075817,0.191327,1.397022
1989-07-26,0.000000,Validation,-0.352283,-0.072117,-0.040960,-0.032002,-0.032856,-0.032146,-0.011389,0.021770,0.079744,0.196315,1.412470
1989-07-27,0.000000,Validation,-0.356875,-0.074411,-0.042735,-0.031711,-0.032981,-0.031557,-0.011265,0.021496,0.079313,0.195851,1.413888
1989-07-28,0.000000,Validation,-0.350369,-0.072100,-0.040209,-0.033054,-0.031874,-0.031028,-0.008946,0.026112,0.088358,0.206676,1.441060
1989-07-29,0.000000,Validation,-0.339127,-0.067736,-0.035358,-0.034009,-0.029408,-0.029833,-0.005214,0.032831,0.099862,0.220988,1.475137
1989-07-30,0.000000,Validation,-0.349631,-0.072071,-0.039133,-0.033318,-0.031090,-0.030145,-0.007199,0.028534,0.092134,0.210065,1.448692
1989-07-31,0.000000,Validation,-0.354890,-0.074441,-0.040976,-0.032947,-0.031410,-0.029780,-0.007330,0.027576,0.090342,0.207502,1.444385
1989-08-01,0.000000,Validation,-0.357367,-0.076030,-0.042017,-0.033238,-0.031223,-0.029155,-0.006504,0.028758,0.092934,0.210844,1.455621
1989-08-02,0.000000,Validation,-0.337750,-0.068184,-0.034057,-0.035060,-0.027471,-0.027697,-0.000887,0.039442,0.111779,0.234914,1.513208
1989-08-03,0.000000,Validation,-0.324425,-0.061984,-0.030806,-0.035858,-0.022747,-0.026162,0.004824,0.048302,0.126052,0.256824,1.567807
1989-08-04,0.000000,Validation,-0.326266,-0.062857,-0.033522,-0.037179,-0.022554,-0.026511,0.005745,0.049833,0.129410,0.262959,1.585390
1989-08-05,0.000000,Validation,-0.318511,-0.060168,-0.024353,-0.033882,-0.019364,-0.021626,0.009572,0.055243,0.135226,0.266011,1.586467
1989-08-06,0.000000,Validation,-0.318007,-0.060164,-0.023795,-0.034045,-0.019046,-0.021559,0.010350,0.055814,0.136078,0.266687,1.587732
1989-08-07,0.000000,Validation,-0.322910,-0.062353,-0.025947,-0.034899,-0.020875,-0.022831,0.008847,0.053332,0.133269,0.262189,1.578655
1989-08-08,0.000000,Validation,-0.335863,-0.067768,-0.031309,-0.035746,-0.024400,-0.024660,0.005585,0.047461,0.125035,0.249890,1.552694
1989-08-09,0.000000,Validation,-0.379776,-0.090347,-0.066434,-0.047985,-0.037116,-0.037892,-0.006378,0.028765,0.104248,0.236055,1.543535
1989-08-10,0.000000,Validation,-0.353449,-0.077412,-0.039001,-0.037917,-0.024860,-0.022939,0.006964,0.048820,0.130762,0.259991,1.596774
1989-08-11,0.000000,Validation,-0.348796,-0.076394,-0.036818,-0.038011,-0.023043,-0.021448,0.010283,0.053684,0.138354,0.269470,1.616717
1989-08-12,0.000000,Validation,-0.343740,-0.074542,-0.035193,-0.038580,-0.022818,-0.021565,0.010833,0.055900,0.143567,0.275895,1.630437
1989-08-13,0.000000,Validation,-0.345550,-0.074403,-0.035228,-0.038030,-0.022816,-0.021229,0.011426,0.055916,0.142637,0.272955,1.622337
1989-08-14,0.000000,Validation,-0.335683,-0.069439,-0.030634,-0.037412,-0.020180,-0.019839,0.014796,0.061247,0.150169,0.282657,1.643610
1989-08-15,0.000000,Validation,-0.336141,-0.069448,-0.030381,-0.037494,-0.019997,-0.019619,0.015521,0.061839,0.151003,0.282993,1.644922
1989-08-16,0.000000,Validation,-0.335714,-0.069138,-0.029901,-0.037643,-0.019611,-0.019319,0.016476,0.062840,0.152696,0.284752,1.650038
1989-08-17,0.000000,Validation,-0.339701,-0.071193,-0.031565,-0.038260,-0.020168,-0.019200,0.016736,0.062932,0.153866,0.285532,1.654569
1989-08-18,0.000000,Validation,-0.335866,-0.069569,-0.029930,-0.038371,-0.018850,-0.018310,0.018804,0.066118,0.159219,0.292792,1.673093
1989-08-19,0.000000,Validation,-0.336279,-0.069912,-0.030017,-0.038779,-0.018521,-0.017925,0.019832,0.067339,0.161744,0.295996,1.682848
1989-08-20,0.000000,Validation,-0.345751,-0.074306,-0.033718,-0.039649,-0.020187,-0.018599,0.018645,0.064063,0.157773,0.290128,1.674160
1989-08-21,0.000000,Validation,-0.357115,-0.079138,-0.038088,-0.039596,-0.021522,-0.019004,0.017221,0.059015,0.150962,0.282415,1.666783
1989-08-22,0.000000,Validation,-0.367309,-0.084372,-0.041956,-0.039415,-0.021561,-0.018200,0.017631,0.057121,0.148849,0.281241,1.675731
1989-08-23,0.000000,Validation,-0.381669,-0.093913,-0.046986,-0.039798,-0.019892,-0.015337,0.021306,0.060778,0.153638,0.287232,1.697794
1989-08-24,0.000000,Validation,-0.379635,-0.093436,-0.047324,-0.041509,-0.020019,-0.015254,0.022372,0.063361,0.161797,0.298658,1.732870
1989-08-25,0.000000,Validation,-0.367008,-0.087321,-0.043961,-0.043584,-0.020172,-0.016059,0.023169,0.067640,0.173315,0.313978,1.769895
1989-08-26,0.000000,Validation,-0.338095,-0.072773,-0.033157,-0.042252,-0.016079,-0.014435,0.027410,0.077592,0.189791,0.338362,1.820043
1989-08-27,0.000000,Validation,-0.329685,-0.065142,-0.031354,-0.039523,-0.015937,-0.014586,0.025916,0.073322,0.187745,0.342916,1.846033
1989-08-28,0.000000,Validation,-0.340673,-0.075643,-0.032997,-0.045230,-0.016671,-0.016009,0.027800,0.077138,0.187965,0.331925,1.801571
1989-08-29,0.000000,Validation,-0.374656,-0.112798,-0.087238,-0.077524,-0.040860,-0.041140,0.013645,0.057084,0.174338,0.363399,1.954931
1989-08-30,0.000000,Validation,-0.358368,-0.091574,-0.048569,-0.050470,-0.007660,-0.003484,0.044871,0.103379,0.250506,0.438175,2.147751
1989-08-31,0.000000,Validation,-0.361284,-0.095687,-0.045179,-0.049563,-0.007916,-0.001043,0.048043,0.106189,0.251781,0.433672,2.115863
1989-09-01,0.000000,Validation,-0.371630,-0.101667,-0.052430,-0.054786,-0.016812,-0.009498,0.037126,0.093059,0.235310,0.406047,2.047225
1989-09-02,0.000000,Validation,-0.357238,-0.091149,-0.046122,-0.052588,-0.015576,-0.010675,0.037339,0.094268,0.233457,0.401190,2.021123
1989-09-03,0.000000,Validation,-0.358844,-0.089628,-0.053545,-0.056145,-0.017653,-0.015610,0.035626,0.092704,0.234220,0.406060,2.041141
1989-09-04,0.000000,Validation,-0.401745,-0.132862,-0.108931,-0.089438,-0.045307,-0.040328,0.019525,0.068904,0.217852,0.433406,2.204129
1989-09-05,0.000000,Validation,-0.469851,-0.191087,-0.154510,-0.103669,-0.040975,-0.014717,0.052371,0.109922,0.327500,0.641478,3.021843
1989-09-06,0.000000,Validation,-0.537317,-0.230999,-0.186436,-0.094200,-0.001043,0.062952,0.143574,0.255522,0.638301,1.092388,4.786731
1989-09-07,0.000000,Validation,-0.426316,0.082888,0.186370,0.504928,0.818708,0.958752,1.241587,1.678083,3.000234,4.167840,15.374988
1989-09-08,0.000000,Validation,-0.418921,0.031537,0.163573,0.368597,0.611810,0.738543,0.935460,1.328944,2.500637,3.392228,11.489885
1989-09-09,0.000000,Validation,-0.415163,-0.058912,0.042736,0.158097,0.299982,0.396288,0.509639,0.779739,1.548563,2.215267,7.534616
1989-09-10,0.000000,Validation,-0.396715,-0.108219,-0.033980,0.015554,0.111798,0.171765,0.259967,0.429139,0.922847,1.398779,4.929807
1989-09-11,0.000000,Validation,-0.369485,-0.093992,-0.040575,-0.013171,0.059279,0.093120,0.179014,0.304925,0.648042,0.992660,3.680124
1989-09-12,0.000000,Validation,-0.358284,-0.086256,-0.044585,-0.024971,0.036371,0.060057,0.144484,0.254878,0.540462,0.828133,3.190642
1989-09-13,0.000000,Validation,-0.355581,-0.086364,-0.051190,-0.035591,0.019256,0.038373,0.119836,0.222125,0.477264,0.733866,2.923911
1989-09-14,0.000000,Validation,-0.352616,-0.087917,-0.057011,-0.043919,0.007699,0.024646,0.102814,0.202150,0.442903,0.685006,2.790565
1989-09-15,0.000000,Validation,-0.354361,-0.092676,-0.064727,-0.051854,-0.002457,0.014256,0.089031,0.187468,0.423152,0.658321,2.721903
1989-09-16,0.000000,Validation,-0.346522,-0.091017,-0.071424,-0.055452,-0.006194,0.010248,0.082827,0.183696,0.430790,0.682486,2.804390
1989-09-17,0.000000,Validation,-0.335615,-0.086206,-0.061419,-0.057912,-0.007958,0.002543,0.072550,0.165172,0.379154,0.601530,2.571734
1989-09-18,0.000000,Validation,-0.365937,-0.104912,-0.090027,-0.074411,-0.023590,-0.014463,0.056963,0.146537,0.365152,0.593534,2.592596
1989-09-19,0.000000,Validation,-0.354153,-0.101964,-0.073364,-0.068113,-0.018910,-0.005770,0.059807,0.151072,0.366973,0.585386,2.543677
1989-09-20,0.000000,Validation,-0.353985,-0.104392,-0.076210,-0.071060,-0.022512,-0.008579,0.055673,0.147262,0.364714,0.581961,2.531852
1989-09-21,0.000000,Validation,-0.361330,-0.111830,-0.086953,-0.077112,-0.029254,-0.013096,0.048590,0.141837,0.371564,0.598426,2.592379
1989-09-22,0.000000,Validation,-0.356539,-0.113423,-0.092057,-0.078415,-0.031209,-0.010835,0.047729,0.148033,0.397330,0.641061,2.702996
1989-09-23,0.000000,Validation,-0.350559,-0.108999,-0.086120,-0.078734,-0.031918,-0.014756,0.043386,0.138478,0.371914,0.600252,2.588551
1989-09-24,0.000000,Validation,-0.349999,-0.106592,-0.082181,-0.079315,-0.033233,-0.018897,0.038870,0.127925,0.346854,0.561021,2.484095
1989-09-25,0.000000,Validation,-0.329858,-0.093400,-0.064753,-0.073412,-0.024575,-0.016789,0.042483,0.126065,0.322999,0.523391,2.369965
1989-09-26,0.000000,Validation,-0.326696,-0.090217,-0.055151,-0.067993,-0.016985,-0.009008,0.051262,0.137080,0.324981,0.513123,2.303178
1989-09-27,0.000000,Validation,-0.340864,-0.097606,-0.062084,-0.071627,-0.022450,-0.012673,0.047629,0.132137,0.321885,0.505280,2.289101
1989-09-28,0.000000,Validation,-0.349401,-0.102103,-0.066460,-0.073718,-0.025200,-0.014000,0.046193,0.130400,0.322780,0.503626,2.288757
1989-09-29,0.000000,Validation,-0.392075,-0.123042,-0.105459,-0.091988,-0.039659,-0.030719,0.035193,0.113980,0.319064,0.511721,2.378187
1989-09-30,0.000000,Validation,-0.340232,-0.098323,-0.063679,-0.071485,-0.018339,-0.007433,0.054005,0.143187,0.345043,0.543420,2.405338
1989-10-01,0.000000,Test,-0.386694,-0.157273,-0.112119,-0.075890,0.016977,0.029171,0.128161,0.221626,0.506012,0.926022,3.898168
1989-10-02,0.000000,Test,-0.456409,-0.192048,-0.123048,-0.079585,0.019805,0.065934,0.150450,0.284483,0.717651,1.113914,4.505932
1989-10-03,0.000000,Test,-0.423383,-0.167546,-0.098857,-0.069722,0.021642,0.068310,0.153049,0.290466,0.686226,1.059245,4.091289
1989-10-04,0.000000,Test,-0.395183,-0.151632,-0.097552,-0.084140,-0.012152,0.021461,0.093698,0.210613,0.519542,0.807785,3.235942
1989-10-05,0.000000,Test,-0.367206,-0.126102,-0.084978,-0.078947,-0.015635,0.009229,0.078998,0.189410,0.457948,0.708209,2.889293
1989-10-06,0.000000,Test,-0.354824,-0.114080,-0.081402,-0.076991,-0.020465,0.002078,0.068988,0.175148,0.430840,0.669888,2.769542
1989-10-07,0.000000,Test,-0.352540,-0.109566,-0.073755,-0.075246,-0.020291,-0.001026,0.067246,0.169177,0.401525,0.609916,2.575269
1989-10-08,0.000000,Test,-0.354460,-0.109114,-0.074911,-0.076274,-0.023717,-0.004077,0.063137,0.163231,0.391174,0.590772,2.518996
1989-10-09,0.000000,Test,-0.334429,-0.099722,-0.067125,-0.073299,-0.019635,-0.002321,0.064623,0.166973,0.390245,0.594067,2.512911
1989-10-10,0.000000,Test,-0.321122,-0.093629,-0.061720,-0.070582,-0.015214,0.001097,0.067941,0.172543,0.395009,0.600994,2.518758
1989-10-11,0.000000,Test,-0.314922,-0.090875,-0.059640,-0.069158,-0.013060,0.003389,0.070132,0.176111,0.399764,0.607015,2.528425
1989-10-12,0.000000,Test,-0.319206,-0.092680,-0.067435,-0.072741,-0.015265,0.000295,0.068684,0.175349,0.403527,0.616327,2.565105
1989-10-13,144.950119,Test,-0.446268,-0.030916,0.014849,0.302033,0.554020,0.682316,1.015580,1.336595,2.937649,4.623118,18.354231
1989-10-14,14.495012,Test,-0.453103,0.138992,0.427311,1.221436,2.806800,3.308583,4.676762,8.715682,22.253405,32.418541,113.354866
1989-10-15,8.535951,Test,-0.428150,0.170100,0.475954,1.309797,2.571365,3.209224,4.216081,7.827562,19.303934,28.205383,87.738647
1989-10-16,99.210304,Test,-0.520931,0.080238,0.583896,1.868742,5.013238,5.798120,8.430950,18.517910,50.446178,83.509094,225.651154
1989-10-17,249.958427,Test,-0.359710,0.269846,1.202111,3.385868,9.354623,10.574546,15.910571,37.451492,95.722008,160.640427,407.587311
1989-10-18,30.117414,Test,-0.424078,0.157028,0.752481,1.933897,3.832734,4.686758,6.392414,12.088839,28.734991,42.082924,115.589134
1989-10-19,7.086450,Test,-0.469624,-0.100862,0.171637,0.593348,1.106635,1.491023,1.963638,3.426289,8.187195,11.854002,33.763996
1989-10-20,2.899002,Test,-0.432952,-0.133204,0.008619,0.216490,0.463102,0.684408,0.939090,1.569840,3.578780,5.128904,14.523255
1989-10-21,1.288446,Test,-0.422582,-0.156677,-0.065732,0.075889,0.234360,0.387994,0.589148,0.995362,2.213837,3.157739,9.119217
1989-10-22,0.644223,Test,-0.444061,-0.191417,-0.132652,0.000682,0.128913,0.258125,0.442304,0.784624,1.765553,2.524858,7.454730
1989-10-23,45.900871,Test,-0.558163,-0.347593,-0.307061,-0.153942,-0.015499,0.104606,0.304022,0.692671,1.869082,2.955678,9.279315
1989-10-24,94.700744,Test,-0.584870,-0.345079,-0.296349,-0.115409,0.028142,0.154454,0.342600,0.747227,2.019313,3.132330,9.902481
1989-10-25,13.367622,Test,-0.505162,-0.275034,-0.204652,-0.063282,0.056957,0.187782,0.343747,0.695097,1.716966,2.544797,7.798085
1989-10-26,5.475893,Test,-0.633395,-0.449226,-0.392109,-0.233543,-0.081209,0.045489,0.227754,0.671377,2.021883,3.359237,10.921118
1989-10-27,72.314004,Test,-0.782759,-0.623504,-0.483830,-0.251847,0.202374,0.407403,0.881414,2.274153,7.044946,12.128031,40.531136
1989-10-28,21.098295,Test,-0.667529,-0.427188,-0.266128,0.056926,0.428533,0.726213,1.142256,2.213572,5.836535,8.630306,26.358391
1989-10-29,8.052784,Test,-0.605596,-0.386749,-0.258092,-0.029843,0.190721,0.406685,0.652800,1.294752,3.316151,4.971932,14.712970
1989-10-30,3.865337,Test,-0.587627,-0.379488,-0.259772,-0.053814,0.125944,0.313652,0.525484,1.043148,2.629315,3.985934,11.426720
1989-10-31,1.771613,Test,-0.559382,-0.356190,-0.256131,-0.058393,0.097036,0.262710,0.459383,0.916245,2.213505,3.298445,9.174872
1989-11-01,0.966334,Test,-0.479748,-0.272242,-0.209529,-0.073551,0.045138,0.173358,0.323214,0.669312,1.539365,2.215052,6.455451
1989-11-02,0.644223,Test,-0.420278,-0.214281,-0.172949,-0.079041,0.018034,0.118294,0.238776,0.516215,1.152047,1.631088,5.000342
1989-11-03,0.322111,Test,-0.380795,-0.178369,-0.145369,-0.059282,0.036455,0.126531,0.246236,0.505176,1.041672,1.451061,4.398522
1989-11-04,0.161056,Test,-0.335785,-0.134640,-0.109938,-0.037604,0.048031,0.122597,0.235169,0.464875,0.872089,1.199448,3.652271
1989-11-05,0.161056,Test,-0.325613,-0.127314,-0.098657,-0.045107,0.036821,0.103039,0.203359,0.411889,0.782540,1.084131,3.419002
1989-11-06,0.161056,Test,-0.340510,-0.144007,-0.109872,-0.059930,0.024056,0.092322,0.187864,0.398774,0.791174,1.097988,3.519813
1989-11-07,0.161056,Test,-0.355600,-0.160258,-0.123423,-0.071531,0.013555,0.085060,0.177812,0.394636,0.808778,1.123898,3.624023
1989-11-08,0.000000,Test,-0.360027,-0.163704,-0.126828,-0.082766,-0.001880,0.066207,0.151913,0.359936,0.770077,1.077178,3.588520
1989-11-09,0.000000,Test,-0.373484,-0.179491,-0.140628,-0.089286,-0.007393,0.067250,0.151894,0.370334,0.807046,1.130867,3.716149
1989-11-10,0.000000,Test,-0.403983,-0.211799,-0.170970,-0.095900,-0.008759,0.081117,0.169943,0.418026,0.927577,1.305517,4.108921
1989-11-11,0.000000,Test,-0.416640,-0.245642,-0.224263,-0.158509,-0.069599,0.010577,0.094601,0.328018,0.859938,1.347479,4.641870
1989-11-12,0.000000,Test,-0.470083,-0.263244,-0.219312,-0.138998,-0.040101,0.054559,0.136076,0.383115,1.009808,1.521381,5.291193
1989-11-13,0.000000,Test,-0.530748,-0.335054,-0.291319,-0.185910,-0.082838,0.032564,0.121475,0.417855,1.210333,1.899908,6.376269
1989-11-14,155.418739,Test,-0.715082,-0.532666,-0.460620,-0.290809,-0.019012,0.220685,0.429723,1.214503,3.823889,6.013426,19.310270
1989-11-15,47.189317,Test,-0.721310,-0.460472,-0.372863,-0.068831,0.336515,0.694183,1.054958,2.279735,6.278258,9.014251,27.367401
1989-11-16,16.427680,Test,-0.622361,-0.372579,-0.277541,-0.031538,0.250162,0.514356,0.773028,1.584037,3.986438,5.769771,16.556374
1989-11-17,60.717994,Test,-0.745310,-0.509567,-0.405343,-0.067972,0.510688,0.956815,1.498220,3.437412,9.798326,14.628406,39.015625
1989-11-18,62.328551,Test,-0.694079,-0.308120,0.033646,1.216752,4.121504,5.569067,8.936841,20.544756,56.642006,82.418617,192.299835
1989-11-19,738.923495,Test,-0.299647,0.659779,1.841126,6.436363,17.680153,22.355345,37.386566,79.767433,171.387390,261.646027,494.247467
1989-11-20,107.746255,Test,1.177606,3.376458,5.600629,16.956627,37.355434,45.053444,67.260963,124.011665,230.198257,322.101715,669.886169
1989-11-21,611.367391,Test,1.511711,3.901716,6.726833,20.085972,42.918964,51.596844,78.291809,143.251022,257.842834,363.170105,769.249817
1989-11-22,405.216110,Test,3.144768,7.688749,12.132711,36.215221,66.208298,84.034126,124.802345,208.942566,360.682404,507.622589,1045.662231
1989-11-23,87.775350,Test,6.533909,13.042621,16.556547,43.560364,70.108376,85.561417,110.828209,161.758286,256.978699,327.654663,690.504456
1989-11-24,64.744386,Test,2.080924,5.007761,7.077629,17.433428,27.096375,35.521156,43.691940,64.386932,106.357590,130.667435,306.363159
1989-11-25,42.679757,Test,0.813004,2.361401,4.211320,12.075813,23.569599,29.299980,42.619492,73.439606,137.297821,187.357315,433.060120
1989-11-26,202.285944,Test,8.091735,17.404339,23.742920,66.191948,99.803253,126.281059,176.914719,252.345306,420.078888,545.847229,1175.029053
1989-11-27,67.643389,Test,11.749432,18.867733,23.886358,45.965881,63.961250,78.454041,91.967499,115.897789,176.433380,206.591721,438.388702
1989-11-28,30.600581,Test,6.324502,10.320284,13.249902,25.217276,34.072151,42.866810,49.668606,62.362495,91.737885,108.301033,233.935364
1989-11-29,31.244803,Test,4.029763,7.168842,9.290502,20.637829,29.695213,37.296883,47.176220,62.016380,98.552139,122.696602,263.758392
1989-11-30,30.761636,Test,2.802023,5.100249,6.995468,13.747418,19.030800,24.539459,29.113070,37.223232,56.944008,67.968567,152.060867
1989-12-01,21.903574,Test,1.608135,3.088132,4.446548,8.375338,11.698736,14.876625,17.976822,22.573616,34.610512,41.411373,92.893990
1989-12-02,19.004571,Test,0.998714,2.074358,3.147712,5.866068,8.412864,10.497766,12.855968,16.042221,24.845228,30.018082,67.583969
1989-12-03,590.913318,Test,5.813416,14.941189,19.660969,62.234970,96.491486,122.007072,183.619858,247.490356,415.877991,533.510925,1177.117432
1989-12-04,149.620734,Test,22.746420,38.478233,46.843166,102.973793,139.976837,167.774002,214.452393,257.572235,430.346436,520.365967,1035.167480
1989-12-05,202.769111,Test,29.634310,49.616634,59.067413,120.805588,156.100403,182.719528,225.741150,258.596436,437.531891,526.025024,1033.839722
1989-12-06,243.033033,Test,31.999554,53.283760,62.615101,128.219864,162.558792,191.121719,230.283112,263.782532,431.349182,522.191833,1023.192261
1989-12-07,202.446999,Test,33.717987,54.741199,64.050468,128.631180,162.743622,190.000183,227.977493,259.752625,424.162537,513.603699,999.835388
1989-12-08,90.674352,Test,32.505131,49.593933,57.782841,116.233360,152.349823,176.538513,214.971832,251.204163,395.855682,482.811035,917.763245
1989-12-09,72.314004,Test,17.663719,26.383175,31.757088,58.844555,78.438148,92.695236,106.317284,127.944160,189.386887,225.288330,449.999451
1989-12-10,33.016416,Test,8.021368,12.211851,15.421309,28.042839,36.763611,45.434635,51.286888,62.625458,91.067009,107.097580,225.254196
1989-12-11,23.353075,Test,3.312835,5.691660,7.538666,14.023124,18.798925,23.645128,27.446171,33.912132,50.539173,59.638008,130.561768
1989-12-12,62.328551,Test,1.679694,3.184839,4.920121,9.974053,14.965094,18.765377,24.477783,32.020710,55.055462,67.995758,165.915375
1989-12-13,44.773481,Test,1.436394,2.995642,4.566495,9.244454,13.818878,17.512491,22.101759,28.853003,49.593502,60.285706,151.378067
1989-12-14,104.041974,Test,0.767605,1.877395,3.339443,7.721066,12.500669,16.042742,22.094030,31.208448,56.791176,72.150726,179.388535
1989-12-15,158.800908,Test,1.089357,2.646331,4.320481,9.946215,15.945609,20.593956,27.264139,38.724426,69.610184,86.241264,221.898590
1989-12-16,212.110341,Test,6.175938,14.968218,21.137350,62.718719,99.518234,128.203156,183.652878,259.280731,445.454010,559.517822,1234.479736
1989-12-17,52.987321,Test,14.123253,22.295277,27.316332,55.216522,80.759773,95.833961,119.912674,150.104446,238.793915,286.806732,583.882996
1989-12-18,71.830837,Test,14.667247,23.751553,29.234076,65.688499,94.584969,113.963531,146.025467,183.650681,287.507050,354.341522,661.941528
1989-12-19,34.626973,Test,9.661116,14.971024,19.063641,35.346989,48.066677,59.193356,68.453705,84.554596,127.518974,149.597717,312.159546
1989-12-20,18.199293,Test,5.571106,8.511674,11.348132,19.684530,26.699579,33.188538,38.626747,46.741272,71.599129,83.447624,185.484543
1989-12-21,13.528678,Test,4.451537,6.853092,9.179505,16.157331,22.524403,27.198351,33.540020,40.036514,64.995346,77.728264,177.662308
1989-12-22,13.528678,Test,2.223236,3.755540,5.242204,9.149965,12.552553,15.453631,18.419224,22.189531,33.917423,40.132893,88.481873
1989-12-23,10.307564,Test,1.078203,2.159980,3.140736,5.767932,7.987443,9.905519,11.937548,14.810479,22.188877,26.016340,56.157860
1989-12-24,8.697007,Test,0.439891,1.231260,1.956118,3.851700,5.504602,6.911353,8.420915,10.843844,16.302494,19.307249,41.270233
1989-12-25,542.757668,Test,2.922158,9.115376,12.408892,45.149429,75.661919,95.883492,149.866776,215.270462,370.956238,461.276337,1054.322388
1989-12-26,191.817324,Test,9.229160,16.460567,19.548784,42.873997,61.636593,75.453140,91.500626,115.960457,172.984177,208.709396,409.429413
1989-12-27,51.376764,Test,5.555029,10.137243,12.384482,26.319176,37.614532,46.563431,55.960468,71.638481,108.617065,131.705750,268.885437
1989-12-28,236.107638,Test,9.919960,21.034937,25.820248,73.061325,111.857880,138.454178,178.613159,245.843018,367.824951,454.829498,879.406128
1989-12-29,139.313170,Test,12.021734,20.254225,23.808598,49.887077,69.016731,83.851944,97.689461,122.794060,176.974121,214.665558,417.591705
1989-12-30,40.424978,Test,5.110039,8.700325,11.301725,22.138716,29.834898,38.152664,43.639965,55.723186,80.451431,94.368591,199.763596
1989-12-31,22.064629,Test,1.886282,3.671144,5.283769,10.298929,14.277880,18.541920,21.805439,28.162418,42.647614,50.689026,111.655609
1990-01-01,17.555070,Test,0.670023,1.876617,2.833680,6.203331,9.117962,11.587267,14.821932,19.717319,32.004841,40.242481,88.500702
1990-01-02,34.143806,Test,0.611449,2.177162,3.156482,9.037848,14.639422,19.448521,25.996632,38.593899,66.583321,83.312004,181.665497
1990-01-03,59.912716,Test,2.925180,6.330134,7.979371,19.956518,30.306206,38.888378,47.946003,66.408104,104.926666,128.477478,274.518890
1990-01-04,29.634247,Test,1.527379,3.445712,5.019812,10.948291,15.863018,21.286644,25.370033,34.750351,53.751774,64.064331,141.196487
1990-01-05,20.293017,Test,0.515042,1.570002,2.595527,5.494180,8.061205,10.665997,13.060244,17.692825,28.227697,34.482578,76.092194
1990-01-06,14.978179,Test,0.144268,0.862548,1.585153,3.408652,5.082634,6.609202,8.193448,11.127066,17.617764,21.662674,46.810619
1990-01-07,11.596010,Test,-0.023506,0.557019,1.128593,2.540400,3.835428,4.972615,6.177789,8.523575,13.343113,16.387129,34.700077
1990-01-08,9.341230,Test,-0.117772,0.382323,0.873515,2.044730,3.135360,4.096380,5.060480,7.079673,10.994350,13.446120,28.290138
1990-01-09,7.891729,Test,-0.266130,0.144223,0.545243,1.502752,2.368826,3.134302,3.922791,5.698194,9.037157,11.192261,23.238247
1990-01-10,6.925395,Test,-0.321397,0.045403,0.407256,1.240382,2.011243,2.688549,3.363356,4.967752,7.933135,9.862577,20.599766
1990-01-11,6.120116,Test,-0.366401,-0.043261,0.291107,1.005983,1.706834,2.312964,2.884244,4.329956,6.985014,8.799280,18.671795
1990-01-12,5.314838,Test,-0.379037,-0.056029,0.279137,1.000742,1.691740,2.288580,2.860222,4.321997,7.033767,8.858726,18.861986
1990-01-13,4.992726,Test,-0.505336,-0.253522,-0.022316,0.491531,0.932108,1.342885,1.744176,2.882628,5.009254,6.507638,13.911562
1990-01-14,4.670615,Test,-0.530490,-0.297156,-0.092415,0.362332,0.732110,1.090050,1.435430,2.458482,4.398944,5.790594,12.513750
1990-01-15,4.187448,Test,-0.543826,-0.326075,-0.151809,0.234159,0.543905,0.851578,1.136025,2.016293,3.685359,4.882751,10.776505
1990-01-16,3.865337,Test,-0.542620,-0.340625,-0.205255,0.102928,0.330107,0.574692,0.787581,1.497417,2.836111,3.799592,8.685296
1990-01-17,3.543225,Test,-0.530880,-0.333921,-0.224053,0.039329,0.236236,0.448070,0.628136,1.238039,2.379704,3.192711,7.577804
1990-01-18,3.543225,Test,-0.531141,-0.342497,-0.223676,0.024163,0.231253,0.451805,0.619555,1.220612,2.346018,3.160263,7.557350
1990-01-19,3.382169,Test,-0.544970,-0.348500,-0.216957,0.068327,0.291263,0.531823,0.720661,1.392848,2.679764,3.608321,8.411318
1990-01-20,3.060058,Test,-0.531230,-0.340784,-0.225494,0.022913,0.217268,0.430852,0.590707,1.182885,2.310567,3.120086,7.469471
1990-01-21,2.737947,Test,-0.493934,-0.311587,-0.220797,-0.029939,0.125251,0.299708,0.419915,0.896335,1.768189,2.378239,5.993385
1990-01-22,2.576891,Test,-0.426608,-0.254437,-0.184375,-0.064780,0.055357,0.186538,0.271215,0.623451,1.210700,1.604349,4.387773
1990-01-23,2.254780,Test,-0.423891,-0.246486,-0.179056,-0.052661,0.060086,0.186904,0.272892,0.628145,1.218048,1.611711,4.372642
1990-01-24,2.093724,Test,-0.418648,-0.245338,-0.171644,-0.051380,0.059820,0.179489,0.262367,0.610507,1.204842,1.636377,4.439726
1990-01-25,2.093724,Test,-0.416426,-0.244933,-0.169987,-0.052485,0.058835,0.177078,0.258627,0.603622,1.194466,1.627319,4.428837
1990-01-26,2.093724,Test,-0.435760,-0.263697,-0.198862,-0.056282,0.071816,0.194509,0.291732,0.665080,1.325540,1.857319,5.003569
1990-01-27,2.254780,Test,-0.664851,-0.442734,-0.321576,0.003917,0.387962,0.737529,1.000656,2.129578,5.651999,8.451718,23.214489
1990-01-28,2.576891,Test,-0.682309,-0.245709,0.003545,1.115686,3.222049,4.864408,6.361402,13.527305,36.081963,47.294586,120.971642
1990-01-29,2.576891,Test,-0.649910,-0.259413,0.042888,0.954042,2.300127,3.386387,4.336499,8.486068,20.192635,27.684227,66.434334
1990-01-30,2.254780,Test,-0.609405,-0.338214,-0.095664,0.387793,0.907768,1.402240,1.798602,3.391786,7.432621,10.577955,24.164867
1990-01-31,2.254780,Test,-0.636311,-0.346529,-0.133122,0.447618,1.084040,1.614803,2.203101,4.074471,8.907300,13.094705,29.832773
1990-02-01,2.576891,Test,-0.597853,-0.339669,-0.110604,0.369984,0.852490,1.298863,1.725138,3.118787,6.455213,9.216235,20.713444
1990-02-02,2.254780,Test,-0.561993,-0.336031,-0.123106,0.278933,0.654309,1.002553,1.355614,2.461746,4.950914,7.111533,15.697752
1990-02-03,2.093724,Test,-0.545987,-0.317023,-0.117181,0.299000,0.664732,1.011059,1.359843,2.426645,4.614686,6.397685,13.988075
1990-02-04,1.771613,Test,-0.536420,-0.324771,-0.132799,0.248390,0.577309,0.885418,1.201891,2.159186,4.088123,5.717798,12.456370
1990-02-05,1.610557,Test,-0.530901,-0.328751,-0.150840,0.199637,0.496303,0.778261,1.061002,1.927367,3.636276,5.066269,11.119258
1990-02-06,1.610557,Test,-0.536562,-0.352103,-0.175914,0.137129,0.409887,0.666606,0.912666,1.701705,3.320408,4.696740,10.606110
1990-02-07,1.610557,Test,-0.529749,-0.338651,-0.178993,0.135360,0.391033,0.641402,0.879217,1.638071,3.101103,4.310999,9.660383
1990-02-08,1.610557,Test,-0.530335,-0.347627,-0.190595,0.100859,0.339363,0.575404,0.788631,1.497099,2.881335,4.031395,9.189845
1990-02-09,1.610557,Test,-0.527155,-0.348173,-0.196308,0.079004,0.302997,0.528322,0.723821,1.392294,2.691070,3.763074,8.668405
1990-02-10,1.610557,Test,-0.523066,-0.339291,-0.199477,0.073342,0.284970,0.503775,0.691650,1.335730,2.538602,3.510071,8.084310
1990-02-11,1.449501,Test,-0.519479,-0.329372,-0.202136,0.067705,0.267505,0.482449,0.660316,1.282343,2.402825,3.263634,7.556439
1990-02-12,1.288446,Test,-0.521111,-0.332430,-0.204329,0.062690,0.259315,0.472463,0.644865,1.259911,2.377668,3.244026,7.527689
1990-02-13,1.288446,Test,-0.530870,-0.343917,-0.202989,0.077248,0.285474,0.509219,0.688247,1.334725,2.545311,3.510985,8.070807
1990-02-14,1.288446,Test,-0.520694,-0.336796,-0.210262,0.041903,0.226002,0.428826,0.584390,1.168292,2.259964,3.126326,7.350226
1990-02-15,1.288446,Test,-0.498479,-0.316691,-0.211054,0.004147,0.159636,0.336716,0.463171,0.969435,1.890172,2.603293,6.336445
1990-02-16,1.288446,Test,-0.450832,-0.272558,-0.193468,-0.036350,0.086699,0.227898,0.321462,0.720016,1.388267,1.877322,4.872968
1990-02-17,1.288446,Test,-0.438180,-0.260194,-0.187033,-0.044701,0.073098,0.207792,0.294724,0.669546,1.278309,1.707424,4.519384
1990-02-18,1.127390,Test,-0.456051,-0.275573,-0.197210,-0.035392,0.089947,0.234340,0.329562,0.734292,1.416325,1.910105,4.943201
1990-02-19,0.966334,Test,-0.400177,-0.231794,-0.158336,-0.056260,0.050120,0.160596,0.231683,0.549693,1.060212,1.449580,4.019615
1990-02-20,0.966334,Test,-0.398188,-0.234038,-0.156334,-0.064697,0.042004,0.149603,0.216103,0.526057,1.041122,1.437562,4.060087
1990-02-21,0.966334,Test,-0.397560,-0.234802,-0.156259,-0.068316,0.037553,0.143801,0.207977,0.514406,1.029199,1.424898,4.060854
1990-02-22,0.966334,Test,-0.394577,-0.230991,-0.154186,-0.065148,0.040239,0.145866,0.211628,0.516785,1.019378,1.407199,3.988990
1990-02-23,0.966334,Test,-0.391859,-0.228767,-0.152333,-0.066843,0.037201,0.141190,0.205074,0.505642,1.002131,1.384827,3.955622
1990-02-24,0.966334,Test,-0.388927,-0.222888,-0.150398,-0.058480,0.044861,0.149349,0.217124,0.519848,1.001123,1.374156,3.864175
1990-02-25,0.966334,Test,-0.389383,-0.221468,-0.151280,-0.055712,0.046593,0.151862,0.220433,0.525100,1.001260,1.367488,3.828749
1990-02-26,0.966334,Test,-0.386686,-0.220824,-0.148546,-0.059288,0.042859,0.146151,0.211816,0.510625,0.987126,1.358291,3.843117
1990-02-27,0.966334,Test,-0.386297,-0.222804,-0.148177,-0.065730,0.035950,0.137525,0.199193,0.492797,0.974428,1.349204,3.878289
1990-02-28,0.966334,Test,-0.387608,-0.224523,-0.149505,-0.067116,0.034403,0.136132,0.197104,0.490904,0.975062,1.351609,3.891759
1990-03-01,0.805278,Test,-0.387213,-0.218463,-0.150130,-0.055057,0.045104,0.149269,0.216167,0.517045,0.982298,1.340010,3.765412
1990-03-02,0.644223,Test,-0.390729,-0.220028,-0.156006,-0.055177,0.048963,0.151797,0.221528,0.525846,1.001530,1.381437,3.879320
1990-03-03,0.805278,Test,-0.509094,-0.219826,-0.053867,0.417091,0.868824,1.204474,1.394966,2.233505,4.880549,7.342633,18.780806
1990-03-04,1.127390,Test,-0.298078,0.800750,1.481261,5.477637,13.164887,17.154242,22.402359,45.184711,101.539650,126.233566,272.210754
1990-03-05,6.281172,Test,0.726154,2.923347,4.629902,14.496940,33.381992,39.444263,51.468586,97.538193,176.231812,224.921051,401.773132
1990-03-06,5.314838,Test,0.281711,1.767773,3.105564,9.356127,20.720705,25.205429,32.723389,62.390316,117.032700,162.749985,331.352844
1990-03-07,3.704281,Test,-0.241931,0.568257,1.494960,4.585670,10.110735,12.756385,16.617231,32.327499,65.309212,94.930779,202.202393
1990-03-08,2.737947,Test,-0.448082,0.090143,0.751546,2.494522,5.233230,6.846407,8.906150,16.615845,34.595585,50.792461,112.881798
1990-03-09,2.576891,Test,-0.474932,-0.110300,0.475996,1.531063,2.958340,4.038437,5.181304,8.938752,18.183691,26.582582,60.360130
1990-03-10,2.737947,Test,-0.543338,-0.209860,0.311125,1.340664,2.799710,3.786083,5.197660,9.088752,18.838951,28.751326,66.143082
1990-03-11,3.382169,Test,-0.523398,-0.066357,0.572921,2.336441,5.077064,6.802420,9.431566,17.454498,36.113735,53.117901,124.570168
1990-03-12,4.670615,Test,-0.483312,-0.029220,0.584492,2.150883,4.256172,5.820213,7.735774,13.526077,27.057323,38.878040,91.064262
1990-03-13,4.348504,Test,-0.442474,-0.068009,0.500769,1.652534,3.007205,4.175816,5.381623,8.788642,16.734913,23.843397,54.483498
1990-03-14,3.382169,Test,-0.403666,-0.056788,0.469166,1.475153,2.610756,3.560762,4.549845,7.098059,12.932227,18.196735,41.265335
1990-03-15,2.737947,Test,-0.417031,-0.114504,0.342557,1.186429,2.120998,2.867035,3.650602,5.670794,10.222449,14.270485,32.141453
1990-03-16,2.254780,Test,-0.462783,-0.204579,0.177749,0.867437,1.599158,2.186310,2.791569,4.432941,8.034850,11.225644,24.922417
1990-03-17,1.771613,Test,-0.494757,-0.261557,0.053509,0.632900,1.201927,1.677168,2.167275,3.525719,6.360490,8.896131,19.352465
1990-03-18,1.610557,Test,-0.520580,-0.309178,-0.033635,0.464040,0.931073,1.334523,1.733000,2.904485,5.332575,7.501702,16.441723
1990-03-19,1.449501,Test,-0.540963,-0.347709,-0.095819,0.340587,0.737513,1.093290,1.418376,2.459905,4.649677,6.601914,14.745821
1990-03-20,1.288446,Test,-0.555069,-0.373283,-0.136178,0.260070,0.608634,0.934955,1.206600,2.162296,4.192931,6.015048,13.661552
1990-03-21,1.288446,Test,-0.563455,-0.387543,-0.156613,0.219082,0.541585,0.854155,1.092019,2.002891,3.945499,5.703652,13.082502
1990-03-22,1.127390,Test,-0.534414,-0.365299,-0.223118,0.006953,0.182321,0.378698,0.512938,1.074288,2.223821,3.220430,7.985017
1990-03-23,0.966334,Test,-0.498978,-0.325264,-0.214393,-0.021129,0.123664,0.290797,0.401847,0.872512,1.787352,2.568314,6.548606
1990-03-24,0.966334,Test,-0.461599,-0.282824,-0.198546,-0.035042,0.087388,0.230499,0.323821,0.725889,1.459345,2.081916,5.468277
1990-03-25,0.805278,Test,-0.451736,-0.275916,-0.194539,-0.071101,0.028075,0.153635,0.214995,0.560142,1.216167,1.760435,5.000452
1990-03-26,0.644223,Test,-0.421987,-0.244739,-0.174211,-0.079244,0.006636,0.114620,0.164901,0.463235,1.015322,1.466765,4.360992
1990-03-27,0.483167,Test,-0.384556,-0.208792,-0.147915,-0.069411,0.014833,0.109441,0.159191,0.428895,0.897718,1.281052,3.858381
1990-03-28,0.483167,Test,-0.402293,-0.223961,-0.161067,-0.061930,0.026672,0.131745,0.186382,0.478790,0.998803,1.430714,4.148146
1990-03-29,0.322111,Test,-0.366451,-0.187761,-0.133090,-0.056834,0.023257,0.112715,0.161413,0.416721,0.850706,1.217176,3.652992
1990-03-30,0.322111,Test,-0.338132,-0.162399,-0.120093,-0.041483,0.041742,0.117567,0.170762,0.409933,0.777257,1.140024,3.417196
1990-03-31,0.805278,Test,-0.423518,-0.216418,-0.128415,0.027746,0.148472,0.269517,0.302279,0.591271,1.216204,1.892036,5.470505
1990-04-01,3.865337,Validation,-0.427196,0.035132,0.242613,0.892489,1.442966,1.964877,1.896047,3.320831,7.090941,9.566862,25.072929
1990-04-02,3.543225,Validation,-0.543832,-0.173741,-0.038921,0.404289,0.921010,1.336307,1.509071,3.018242,7.019104,9.811771,26.433861
1990-04-03,2.093724,Validation,-0.477927,-0.204882,-0.092514,0.170396,0.410858,0.660725,0.756808,1.494009,3.157125,4.451865,11.293612
1990-04-04,1.610557,Validation,-0.419217,-0.183180,-0.081020,0.097276,0.272233,0.451822,0.546509,1.055742,2.128946,3.054189,7.787678
1990-04-05,295.376131,Validation,-0.131308,0.822147,1.367583,4.087917,5.642121,7.089300,6.987455,10.591832,21.798845,32.582706,61.696098
1990-04-06,59.268493,Validation,-0.361706,0.559712,0.942475,3.342712,7.259066,9.213506,11.314375,22.713194,52.443172,73.873817,161.520737
1990-04-07,24.963632,Validation,-0.424502,0.314545,0.618781,2.281475,4.632370,6.004909,7.018868,13.802765,31.200829,45.138809,96.122459
1990-04-08,145.594342,Validation,-0.126605,1.250556,1.777550,5.802691,10.930222,14.327129,16.441473,32.151649,73.986328,102.536613,200.505432
1990-04-09,71.508725,Validation,-0.239407,0.814383,1.389283,4.592634,9.488655,12.085510,14.890918,29.542822,63.558117,90.008560,190.064438
1990-04-10,19.809850,Validation,-0.453315,0.027421,0.446502,1.516518,2.744542,3.676983,4.424612,8.108485,16.960699,24.682570,54.793358
1990-04-11,10.146508,Validation,-0.511858,-0.204539,0.113222,0.657524,1.220678,1.692819,2.063990,3.700410,7.805958,11.928979,27.587671
1990-04-12,6.120116,Validation,-0.547302,-0.310858,-0.032853,0.385969,0.770092,1.121442,1.391907,2.530258,5.386963,8.470036,20.229765
1990-04-13,4.348504,Validation,-0.534743,-0.302759,-0.069405,0.337766,0.677393,1.002744,1.291648,2.294192,4.666218,7.079386,16.256643
1990-04-14,3.382169,Validation,-0.535521,-0.303830,-0.082805,0.346086,0.676631,1.012590,1.315180,2.312233,4.517222,6.670250,14.963368
1990-04-15,2.737947,Validation,-0.550619,-0.344985,-0.145554,0.210526,0.464701,0.742774,0.952875,1.772083,3.646741,5.510090,12.974833
1990-04-16,2.254780,Validation,-0.549452,-0.349268,-0.171321,0.155428,0.370167,0.621784,0.796777,1.529078,3.183354,4.811791,11.489801
1990-04-17,1.771613,Validation,-0.568875,-0.371508,-0.190840,0.126971,0.314302,0.561779,0.691205,1.388332,2.973321,4.604436,11.183543
1990-04-18,1.449501,Validation,-0.547880,-0.349345,-0.204494,0.057412,0.190216,0.391671,0.478574,1.029675,2.266098,3.519288,8.839028
1990-04-19,1.288446,Validation,-0.513865,-0.313547,-0.201565,0.017322,0.118680,0.284992,0.347468,0.801214,1.790186,2.762481,7.206029
1990-04-20,1.127390,Validation,-0.452437,-0.248923,-0.174453,0.016541,0.107704,0.249636,0.319044,0.708820,1.487469,2.193070,5.716834
1990-04-21,0.966334,Validation,-0.415627,-0.202130,-0.168142,0.009527,0.087957,0.206465,0.278849,0.615603,1.224030,1.750136,4.681796
1990-04-22,0.966334,Validation,-0.401214,-0.188572,-0.163944,0.004885,0.081737,0.190255,0.250512,0.553857,1.111086,1.648284,4.558681
1990-04-23,0.966334,Validation,-0.454893,-0.234348,-0.178938,-0.001680,0.085540,0.213358,0.248689,0.574881,1.278324,1.993891,5.699560
1990-04-24,0.966334,Validation,-0.406787,-0.196930,-0.140874,-0.006870,0.065528,0.173433,0.196288,0.469928,1.031479,1.599568,4.733286
1990-04-25,0.966334,Validation,-0.393628,-0.187418,-0.137130,-0.015908,0.047179,0.144101,0.163427,0.414627,0.921606,1.428752,4.327969
1990-04-26,0.966334,Validation,-0.369297,-0.162461,-0.123095,-0.021253,0.034460,0.113593,0.130677,0.348705,0.776772,1.218888,3.871805
1990-04-27,0.805278,Validation,-0.360011,-0.139891,-0.101442,-0.032219,0.001915,0.063425,0.068582,0.236803,0.562645,0.906286,3.243757
1990-04-28,0.644223,Validation,-0.328973,-0.135092,-0.090511,0.002042,0.054553,0.116338,0.136340,0.305052,0.600116,0.997004,3.232160
1990-04-29,0.644223,Validation,-0.441978,-0.182499,-0.129604,0.052779,0.131317,0.262618,0.232511,0.494638,1.076863,1.698040,5.528560
1990-04-30,0.644223,Validation,-0.456782,-0.127241,-0.092155,0.141133,0.277696,0.456329,0.418290,0.855986,1.804567,2.652968,8.376076
1990-05-01,0.644223,Validation,-0.462294,-0.109591,-0.054061,0.236121,0.385013,0.589112,0.526588,1.060160,2.209830,3.239828,9.805813
1990-05-02,0.644223,Validation,-0.480325,-0.106770,-0.033371,0.288335,0.459598,0.671475,0.610899,1.250522,2.588944,3.833419,11.574651
1990-05-03,0.483167,Validation,-0.432063,-0.125448,-0.024729,0.170918,0.264180,0.420684,0.408439,0.807888,1.672042,2.449975,7.393788
1990-05-04,0.483167,Validation,-0.400082,-0.129898,-0.051642,0.087674,0.141634,0.262543,0.257056,0.547357,1.168995,1.778501,5.460985
1990-05-05,0.483167,Validation,-0.360544,-0.109770,-0.054617,0.047712,0.087226,0.175641,0.185002,0.410832,0.870371,1.334532,4.243477
1990-05-06,0.483167,Validation,-0.334197,-0.086260,-0.047790,0.036195,0.064932,0.132263,0.151368,0.341116,0.706891,1.083918,3.579510
1990-05-07,0.483167,Validation,-0.322406,-0.080277,-0.050246,0.026204,0.052020,0.111813,0.134822,0.313467,0.647663,0.989209,3.320713
1990-05-08,0.322111,Validation,-0.326836,-0.086298,-0.060852,0.016557,0.038697,0.097402,0.119666,0.294684,0.620959,0.950576,3.220947
1990-05-09,0.322111,Validation,-0.331910,-0.082671,-0.073622,0.013288,0.028332,0.076569,0.098097,0.253544,0.544799,0.879239,3.088207
1990-05-10,0.322111,Validation,-0.338765,-0.082509,-0.068410,0.006810,0.014903,0.061493,0.078306,0.216842,0.480268,0.778759,2.848158
1990-05-11,0.161056,Validation,-0.320448,-0.073273,-0.056981,-0.002325,0.008103,0.047076,0.066628,0.192946,0.419903,0.677658,2.583451
1990-05-12,0.161056,Validation,-0.302704,-0.067035,-0.052797,-0.007157,0.009601,0.043636,0.065827,0.190628,0.408271,0.655374,2.511074
1990-05-13,0.161056,Validation,-0.298404,-0.062192,-0.050208,-0.009141,0.004972,0.035912,0.057175,0.173654,0.375857,0.608986,2.396108
1990-05-14,0.161056,Validation,-0.304825,-0.060565,-0.050478,-0.011141,-0.005338,0.023346,0.040973,0.144347,0.326253,0.543723,2.245928
1990-05-15,0.161056,Validation,-0.320952,-0.062461,-0.055076,-0.013506,-0.016998,0.008482,0.022448,0.109032,0.264308,0.461558,2.044870
1990-05-16,0.161056,Validation,-0.330838,-0.070701,-0.068076,-0.010803,-0.017866,0.016123,0.023517,0.119452,0.306892,0.531741,2.225754
1990-05-17,0.161056,Validation,-0.300692,-0.058522,-0.052759,-0.015352,-0.013318,0.013693,0.025317,0.119769,0.293202,0.503084,2.149783
1990-05-18,0.000000,Validation,-0.301682,-0.053217,-0.046159,-0.016435,-0.017555,0.002358,0.014847,0.093872,0.233567,0.418637,1.933710
1990-05-19,0.000000,Validation,-0.290903,-0.046575,-0.036423,-0.017752,-0.016788,-0.002497,0.012130,0.083292,0.204667,0.376246,1.822974
1990-05-20,0.000000,Validation,-0.271675,-0.036368,-0.020039,-0.016677,-0.009198,-0.003115,0.016366,0.080544,0.181396,0.339869,1.714987
1990-05-21,0.000000,Validation,-0.279840,-0.045283,-0.014299,-0.024046,-0.007259,-0.007599,0.019572,0.080325,0.160293,0.297918,1.581030
1990-05-22,0.000000,Validation,-0.269252,-0.040097,-0.009113,-0.020761,-0.000973,-0.001775,0.026590,0.089158,0.173059,0.314372,1.614773
1990-05-23,0.000000,Validation,-0.269139,-0.039482,-0.008926,-0.020483,-0.001101,-0.002133,0.026063,0.087841,0.171110,0.312145,1.610202
1990-05-24,0.000000,Validation,-0.281669,-0.043864,-0.013942,-0.023219,-0.008407,-0.009846,0.016976,0.073690,0.148938,0.284380,1.550787
1990-05-25,0.000000,Validation,-0.306690,-0.053497,-0.026118,-0.027239,-0.019663,-0.020589,0.003157,0.052489,0.117479,0.245300,1.462130
1990-05-26,0.000000,Validation,-0.314921,-0.055915,-0.030771,-0.028049,-0.022780,-0.024274,-0.001614,0.044203,0.105173,0.232139,1.434858
1990-05-27,0.000000,Validation,-0.316497,-0.052917,-0.029581,-0.025342,-0.025639,-0.027282,-0.007701,0.031805,0.085693,0.209664,1.388849
1990-05-28,0.000000,Validation,-0.325615,-0.059096,-0.032681,-0.027773,-0.027451,-0.029298,-0.009429,0.029412,0.079938,0.199792,1.358051
1990-05-29,0.000000,Validation,-0.324183,-0.059065,-0.032237,-0.028265,-0.027305,-0.029310,-0.009183,0.030389,0.082190,0.202661,1.365270
1990-05-30,0.000000,Validation,-0.334846,-0.062282,-0.037050,-0.027102,-0.030566,-0.031852,-0.014252,0.021443,0.067951,0.186124,1.327296
1990-05-31,0.000000,Validation,-0.323721,-0.057637,-0.031446,-0.027419,-0.027524,-0.030294,-0.010492,0.026860,0.076499,0.196907,1.355264
1990-06-01,0.000000,Validation,-0.327088,-0.058239,-0.033481,-0.027705,-0.027624,-0.031610,-0.011137,0.024258,0.071451,0.192128,1.344886
1990-06-02,0.000000,Validation,-0.315709,-0.056974,-0.039914,-0.030185,-0.021901,-0.030467,-0.004651,0.034470,0.086730,0.230123,1.450398
1990-06-03,0.000000,Validation,-0.298920,-0.048461,-0.019416,-0.024709,-0.013830,-0.018165,0.005647,0.051063,0.115267,0.251439,1.500113
1990-06-04,0.000000,Validation,-0.315229,-0.055193,-0.026881,-0.026214,-0.021181,-0.024597,-0.002646,0.037265,0.093326,0.222564,1.425970
1990-06-05,0.000000,Validation,-0.304757,-0.050632,-0.022303,-0.025962,-0.019501,-0.024311,-0.001465,0.039751,0.097694,0.227425,1.436315
1990-06-06,0.000000,Validation,-0.306493,-0.050328,-0.023043,-0.025734,-0.021034,-0.025771,-0.003431,0.036535,0.092014,0.219283,1.415657
1990-06-07,0.000000,Validation,-0.324781,-0.056554,-0.031246,-0.025990,-0.027970,-0.031481,-0.012288,0.021939,0.068716,0.189276,1.342451
1990-06-08,0.000000,Validation,-0.330981,-0.058283,-0.033852,-0.025379,-0.030017,-0.033222,-0.015357,0.016349,0.059230,0.177610,1.315278
1990-06-09,0.000000,Validation,-0.320925,-0.054330,-0.029684,-0.025817,-0.027799,-0.031935,-0.012624,0.021316,0.068375,0.189525,1.347660
1990-06-10,0.000000,Validation,-0.285330,-0.039531,-0.012979,-0.022262,-0.014059,-0.020875,0.003122,0.044999,0.104854,0.236825,1.462971
1990-06-11,0.000000,Validation,-0.289099,-0.040080,-0.013904,-0.022172,-0.015983,-0.022826,0.000721,0.040290,0.096305,0.225283,1.434822
1990-06-12,0.000000,Validation,-0.285718,-0.038243,-0.012273,-0.021305,-0.014655,-0.021449,0.002433,0.042382,0.099657,0.229217,1.444635
1990-06-13,0.000000,Validation,-0.277685,-0.034556,-0.009226,-0.020045,-0.011088,-0.018486,0.006281,0.047769,0.108621,0.241152,1.473647
1990-06-14,0.000000,Validation,-0.292594,-0.041501,-0.016281,-0.022953,-0.018132,-0.024400,-0.001292,0.037634,0.093315,0.220817,1.426215
1990-06-15,0.000000,Validation,-0.292117,-0.041586,-0.016094,-0.023110,-0.018197,-0.024314,-0.001235,0.037990,0.094112,0.221617,1.428434
1990-06-16,0.000000,Validation,-0.286338,-0.039369,-0.013657,-0.022653,-0.016023,-0.022543,0.001098,0.041774,0.100257,0.229560,1.447711
1990-06-17,0.000000,Validation,-0.294717,-0.042951,-0.017700,-0.023970,-0.019841,-0.025741,-0.003066,0.035939,0.091386,0.217995,1.420630
1990-06-18,0.000000,Validation,-0.298345,-0.044152,-0.019272,-0.024342,-0.021555,-0.027428,-0.005179,0.032423,0.085743,0.210915,1.404140
1990-06-19,0.000000,Validation,-0.303853,-0.045428,-0.021848,-0.024410,-0.024394,-0.030118,-0.009061,0.025763,0.075640,0.198830,1.377652
1990-06-20,0.000000,Validation,-0.292176,-0.036105,-0.016293,-0.020653,-0.022605,-0.030351,-0.010214,0.020200,0.067411,0.193162,1.376846
1990-06-21,0.000000,Validation,-0.295134,-0.043660,-0.017345,-0.025597,-0.020988,-0.028376,-0.005278,0.031945,0.084636,0.209804,1.403809
1990-06-22,0.000000,Validation,-0.312712,-0.050987,-0.025522,-0.027188,-0.027595,-0.033379,-0.012528,0.020990,0.068070,0.187960,1.351586
1990-06-23,0.000000,Validation,-0.336916,-0.060266,-0.036106,-0.026394,-0.034275,-0.037810,-0.021354,0.006037,0.043181,0.156919,1.276588
1990-06-24,0.000000,Validation,-0.332204,-0.058915,-0.034482,-0.027569,-0.033444,-0.037509,-0.019894,0.009131,0.049692,0.165309,1.300606
1990-06-25,0.000000,Validation,-0.310714,-0.051072,-0.025608,-0.028182,-0.026612,-0.032662,-0.011037,0.024261,0.075146,0.198301,1.383662
1990-06-26,0.000000,Validation,-0.319937,-0.054852,-0.029203,-0.028458,-0.029832,-0.034739,-0.014596,0.018732,0.066119,0.185588,1.350518
1990-06-27,0.000000,Validation,-0.326055,-0.057097,-0.031604,-0.028462,-0.031690,-0.036170,-0.016849,0.014710,0.059289,0.176480,1.327505
1990-06-28,0.000000,Validation,-0.316902,-0.053302,-0.027283,-0.028563,-0.029089,-0.035006,-0.014008,0.018960,0.066056,0.185586,1.351140
1990-06-29,0.000000,Validation,-0.318895,-0.054150,-0.028096,-0.028645,-0.029661,-0.035303,-0.014559,0.018036,0.064826,0.183816,1.347694
1990-06-30,0.000000,Validation,-0.325233,-0.056618,-0.030839,-0.028703,-0.031599,-0.036574,-0.016840,0.014201,0.058897,0.176003,1.329344
1990-07-01,0.000000,Training,-0.322957,-0.055593,-0.029829,-0.028766,-0.031050,-0.036376,-0.016221,0.015025,0.060702,0.178550,1.337704
1990-07-02,0.000000,Training,-0.331371,-0.059000,-0.033416,-0.028566,-0.033088,-0.037374,-0.018592,0.010905,0.054044,0.169816,1.317504
1990-07-03,0.000000,Training,-0.327147,-0.057551,-0.031604,-0.029001,-0.031898,-0.036632,-0.016825,0.013921,0.059516,0.176674,1.335639
1990-07-04,0.000000,Training,-0.335722,-0.060921,-0.035285,-0.028594,-0.033955,-0.037721,-0.019527,0.009180,0.051774,0.166943,1.313342
1990-07-05,0.000000,Training,-0.344373,-0.064288,-0.038932,-0.027601,-0.035429,-0.038018,-0.021532,0.005337,0.045059,0.158711,1.294869
1990-07-06,0.000000,Training,-0.338425,-0.062368,-0.036667,-0.028831,-0.034218,-0.037421,-0.019363,0.009433,0.053356,0.169056,1.323197
1990-07-07,0.000000,Training,-0.336050,-0.061717,-0.035686,-0.029247,-0.033551,-0.036856,-0.018147,0.011647,0.057589,0.174183,1.336947
1990-07-08,0.000000,Training,-0.345812,-0.065350,-0.039542,-0.028002,-0.035353,-0.037447,-0.020766,0.006603,0.048323,0.162410,1.308163
1990-07-09,0.000000,Training,-0.359436,-0.070660,-0.044892,-0.025117,-0.036620,-0.036891,-0.023193,0.001074,0.036919,0.149390,1.278675
1990-07-10,0.000000,Training,-0.363020,-0.072776,-0.046894,-0.025184,-0.036674,-0.036143,-0.022786,0.001799,0.039240,0.153043,1.292690
1990-07-11,0.000000,Training,-0.350934,-0.069032,-0.042797,-0.029111,-0.035317,-0.036044,-0.019287,0.009609,0.056608,0.173854,1.347117
1990-07-12,0.000000,Training,-0.330463,-0.060963,-0.033679,-0.030769,-0.030969,-0.034185,-0.013183,0.020432,0.074996,0.196077,1.399334
1990-07-13,0.000000,Training,-0.322981,-0.057011,-0.034250,-0.032617,-0.028448,-0.034807,-0.010163,0.025003,0.083078,0.210112,1.435737
1990-07-14,0.000000,Training,-0.312978,-0.053529,-0.025140,-0.029959,-0.025232,-0.030035,-0.006119,0.031730,0.091950,0.216894,1.446657
1990-07-15,0.000000,Training,-0.325468,-0.059031,-0.030609,-0.030713,-0.029199,-0.032491,-0.010045,0.025352,0.082320,0.203116,1.412695
1990-07-16,0.000000,Training,-0.347367,-0.067805,-0.039940,-0.029798,-0.034532,-0.035394,-0.017050,0.013081,0.062035,0.176991,1.350805
1990-07-17,0.000000,Training,-0.348481,-0.068393,-0.040539,-0.030000,-0.034547,-0.035223,-0.016776,0.013548,0.063296,0.178610,1.357970
1990-07-18,0.000000,Training,-0.359298,-0.073012,-0.044882,-0.028357,-0.035435,-0.034639,-0.018211,0.010191,0.056541,0.170910,1.342296
1990-07-19,0.000000,Training,-0.351083,-0.070103,-0.041800,-0.030529,-0.034373,-0.034525,-0.015851,0.015120,0.067008,0.183451,1.375376
1990-07-20,0.000000,Training,-0.347907,-0.069200,-0.040431,-0.031206,-0.033584,-0.033907,-0.014254,0.018104,0.072606,0.190006,1.391970
1990-07-21,0.000000,Training,-0.354349,-0.071640,-0.042540,-0.030083,-0.034322,-0.033751,-0.015337,0.015506,0.067098,0.182449,1.372914
1990-07-22,0.000000,Training,-0.360494,-0.074406,-0.044855,-0.029188,-0.034578,-0.033062,-0.015561,0.014468,0.064786,0.179653,1.368046
1990-07-23,0.000000,Training,-0.355651,-0.072997,-0.043205,-0.030942,-0.033889,-0.032868,-0.013743,0.018260,0.073087,0.189724,1.395274
1990-07-24,0.000000,Training,-0.351252,-0.071467,-0.041216,-0.031862,-0.033059,-0.032551,-0.012162,0.021120,0.078512,0.196004,1.411091
1990-07-25,0.000000,Training,-0.336094,-0.065379,-0.034605,-0.033038,-0.030010,-0.031247,-0.007670,0.029283,0.092411,0.212896,1.450309
1990-07-26,0.000000,Training,-0.322882,-0.060019,-0.028571,-0.032769,-0.026038,-0.028625,-0.002571,0.037716,0.105381,0.229307,1.487554
1990-07-27,0.000000,Training,-0.322300,-0.059890,-0.027999,-0.032830,-0.025670,-0.028091,-0.001593,0.039255,0.107664,0.231160,1.490322
1990-07-28,0.000000,Training,-0.322133,-0.059887,-0.027596,-0.032943,-0.025315,-0.027753,-0.000773,0.040289,0.109180,0.232479,1.493276
1990-07-29,0.000000,Training,-0.337250,-0.066267,-0.033719,-0.033479,-0.029220,-0.029973,-0.005081,0.032625,0.097333,0.215994,1.455677
1990-07-30,0.000000,Training,-0.351725,-0.072165,-0.039232,-0.032527,-0.031441,-0.030719,-0.008146,0.025912,0.085755,0.201350,1.424273
1990-07-31,0.000000,Training,-0.352014,-0.071434,-0.039174,-0.032156,-0.031510,-0.031148,-0.008691,0.023672,0.082984,0.199374,1.427195
1990-08-01,0.000000,Training,-0.358476,-0.076305,-0.041761,-0.033235,-0.031377,-0.030121,-0.007450,0.026217,0.087093,0.203500,1.436772
1990-08-02,0.000000,Training,-0.358376,-0.076705,-0.041781,-0.033689,-0.030927,-0.029340,-0.006121,0.028515,0.091892,0.209332,1.453307
1990-08-03,0.000000,Training,-0.363367,-0.079359,-0.043657,-0.033351,-0.030757,-0.028282,-0.005345,0.029181,0.093028,0.210740,1.459271
1990-08-04,0.000000,Training,-0.362636,-0.079371,-0.043208,-0.033952,-0.030274,-0.027829,-0.004110,0.031114,0.096904,0.215340,1.472279
1990-08-05,0.000000,Training,-0.374091,-0.084857,-0.047052,-0.031999,-0.029851,-0.026023,-0.003577,0.029689,0.092461,0.210525,1.464584
1990-08-06,0.000000,Training,-0.383088,-0.089395,-0.049933,-0.030295,-0.028835,-0.024010,-0.002186,0.029629,0.090570,0.209414,1.467784
1990-08-07,0.000000,Training,-0.375007,-0.086560,-0.047750,-0.034132,-0.029016,-0.025015,-0.000855,0.033825,0.102473,0.223937,1.507426
1990-08-08,0.000000,Training,-0.342793,-0.072510,-0.035138,-0.037355,-0.024811,-0.024607,0.005482,0.047569,0.127851,0.255901,1.579238
1990-08-09,0.000000,Training,-0.348196,-0.074495,-0.036296,-0.037001,-0.026077,-0.025017,0.004261,0.044811,0.122122,0.245736,1.549438
1990-08-10,0.000000,Training,-0.355940,-0.077702,-0.038581,-0.036426,-0.026844,-0.024930,0.003583,0.042228,0.116954,0.237772,1.530215
1990-08-11,0.000000,Training,-0.360618,-0.080163,-0.040222,-0.036546,-0.026718,-0.024433,0.004208,0.042228,0.117228,0.238410,1.536322
1990-08-12,0.000000,Training,-0.352864,-0.076922,-0.037178,-0.037758,-0.025475,-0.024220,0.006369,0.046257,0.125142,0.248817,1.563249
1990-08-13,0.000000,Training,-0.337812,-0.070191,-0.030647,-0.037855,-0.022194,-0.022825,0.010496,0.053358,0.136376,0.264102,1.598346
1990-08-14,0.000000,Training,-0.334573,-0.068757,-0.028951,-0.037775,-0.021047,-0.021917,0.012320,0.055994,0.140548,0.269151,1.609798
1990-08-15,0.000000,Training,-0.337559,-0.070264,-0.030064,-0.038193,-0.021398,-0.021702,0.012694,0.056168,0.141660,0.269885,1.613497
1990-08-16,0.000000,Training,-0.342643,-0.072992,-0.032340,-0.038848,-0.021976,-0.021381,0.013046,0.056445,0.143536,0.271788,1.621936
1990-08-17,0.000000,Training,-0.351545,-0.077524,-0.036028,-0.039455,-0.022898,-0.021141,0.012922,0.055343,0.143036,0.270695,1.624705
1990-08-18,0.000000,Training,-0.352502,-0.078290,-0.036464,-0.040023,-0.022554,-0.020709,0.014050,0.056780,0.146346,0.275210,1.639565
1990-08-19,0.000000,Training,-0.345982,-0.075423,-0.043324,-0.045760,-0.022023,-0.024762,0.015921,0.061748,0.159498,0.302455,1.719214
1990-08-20,0.000000,Training,-0.328014,-0.067623,-0.026530,-0.039219,-0.014655,-0.015530,0.023766,0.073215,0.172938,0.314859,1.738932
1990-08-21,0.000000,Training,-0.324078,-0.066261,-0.024576,-0.038906,-0.012900,-0.014028,0.026569,0.077004,0.178669,0.322098,1.754375
1990-08-22,0.000000,Training,-0.340399,-0.074495,-0.041063,-0.046445,-0.018122,-0.020821,0.022655,0.072080,0.178877,0.330008,1.794295
1990-08-23,0.000000,Training,-0.328856,-0.069376,-0.027651,-0.040746,-0.013076,-0.013220,0.028318,0.080089,0.187661,0.335310,1.797985
1990-08-24,0.000000,Training,-0.337893,-0.074040,-0.031562,-0.042434,-0.015562,-0.014622,0.027117,0.077453,0.185090,0.329814,1.787040
1990-08-25,0.000000,Training,-0.345949,-0.078387,-0.035603,-0.044403,-0.018013,-0.016154,0.025337,0.074542,0.183300,0.326701,1.785851
1990-08-26,0.000000,Training,-0.355968,-0.082764,-0.039471,-0.045159,-0.019574,-0.016860,0.024311,0.071161,0.178785,0.319499,1.774956
1990-08-27,0.000000,Training,-0.364750,-0.087338,-0.043202,-0.045760,-0.020054,-0.016355,0.024886,0.070777,0.179580,0.320174,1.784693
1990-08-28,0.000000,Training,-0.358995,-0.084789,-0.041803,-0.046666,-0.019657,-0.016337,0.026107,0.073965,0.186622,0.329931,1.810520
1990-08-29,0.000000,Training,-0.335927,-0.073859,-0.032913,-0.045389,-0.015183,-0.014301,0.030756,0.083408,0.200491,0.351131,1.855662
1990-08-30,0.000000,Training,-0.334993,-0.073580,-0.033218,-0.046100,-0.014940,-0.014206,0.031718,0.084929,0.203865,0.355639,1.867548
1990-08-31,0.000000,Training,-0.340578,-0.076688,-0.035663,-0.047435,-0.016488,-0.014807,0.031067,0.083623,0.203731,0.354058,1.867272
1990-09-01,0.000000,Training,-0.339312,-0.076598,-0.035948,-0.048163,-0.016273,-0.014573,0.032008,0.085527,0.208380,0.360725,1.886866
1990-09-02,0.000000,Training,-0.340692,-0.077932,-0.037549,-0.049329,-0.016724,-0.014584,0.032474,0.086800,0.212746,0.366681,1.906006
1990-09-03,0.000000,Training,-0.348623,-0.081994,-0.044847,-0.052741,-0.018629,-0.016587,0.032000,0.086513,0.217359,0.374756,1.937688
1990-09-04,0.000000,Training,-0.352940,-0.085337,-0.044833,-0.052696,-0.019116,-0.014884,0.032587,0.087443,0.220433,0.376466,1.945333
1990-09-05,0.000000,Training,-0.355697,-0.087225,-0.047247,-0.053904,-0.019846,-0.015029,0.032866,0.088072,0.224606,0.382611,1.967072
1990-09-06,0.000000,Training,-0.352111,-0.084225,-0.047857,-0.053878,-0.021066,-0.016573,0.030562,0.084068,0.223300,0.386883,1.992472
1990-09-07,0.000000,Training,-0.344844,-0.083426,-0.043479,-0.054947,-0.018025,-0.015210,0.034891,0.092429,0.231486,0.393179,1.992822
1990-09-08,0.000000,Training,-0.321688,-0.072541,-0.035027,-0.051632,-0.011380,-0.010366,0.041111,0.103779,0.247892,0.419731,2.052912
1990-09-09,0.000000,Training,-0.317283,-0.069456,-0.035592,-0.051083,-0.011599,-0.010307,0.040371,0.102722,0.251158,0.429221,2.088588
1990-09-10,0.000000,Training,-0.333632,-0.079752,-0.042225,-0.056024,-0.014776,-0.013251,0.040013,0.102448,0.249921,0.419873,2.062081
1990-09-11,0.000000,Training,-0.331298,-0.079654,-0.041840,-0.056243,-0.014150,-0.012031,0.041468,0.105883,0.256626,0.428689,2.085020
1990-09-12,0.000000,Training,-0.332060,-0.080703,-0.045514,-0.058266,-0.014377,-0.012602,0.042225,0.108449,0.263758,0.440169,2.120302
1990-09-13,0.000000,Training,-0.333685,-0.083066,-0.044811,-0.058384,-0.015077,-0.011380,0.042653,0.110129,0.267620,0.442519,2.125009
1990-09-14,0.000000,Training,-0.334524,-0.084381,-0.046271,-0.059483,-0.015559,-0.011433,0.043238,0.111913,0.272118,0.447818,2.139464
1990-09-15,0.000000,Training,-0.347794,-0.090998,-0.057063,-0.064745,-0.019822,-0.015965,0.040526,0.108516,0.273251,0.450907,2.163044
1990-09-16,0.000000,Training,-0.346475,-0.091371,-0.053179,-0.063391,-0.019478,-0.013890,0.041247,0.109755,0.274147,0.448495,2.152396
1990-09-17,0.000000,Training,-0.338811,-0.088379,-0.050856,-0.062795,-0.017688,-0.012580,0.043359,0.114157,0.280663,0.458372,2.173880
1990-09-18,0.000000,Training,-0.422379,-0.162458,-0.104339,-0.053968,0.028215,0.038141,0.133188,0.191123,0.412988,0.776797,3.430827
1990-09-19,0.000000,Training,-0.527577,-0.221595,-0.185040,-0.106394,-0.003490,0.037941,0.125991,0.236922,0.653979,1.077884,4.740547
1990-09-20,0.000000,Training,-0.451370,-0.169307,-0.090073,-0.048098,0.050603,0.098796,0.185023,0.314921,0.722475,1.119447,4.406718
1990-09-21,0.000000,Training,-0.408192,-0.151728,-0.090427,-0.075325,-0.004300,0.024359,0.092726,0.192048,0.477164,0.765033,3.171312
1990-09-22,0.000000,Training,-0.381941,-0.132467,-0.080458,-0.072784,-0.006954,0.015950,0.083371,0.182910,0.444304,0.706778,2.936806
1990-09-23,0.000000,Training,-0.352293,-0.109211,-0.070725,-0.068691,-0.006055,0.008844,0.076317,0.174734,0.413085,0.656007,2.750045
1990-09-24,0.000000,Training,-0.343529,-0.101512,-0.064290,-0.066769,-0.009487,0.004240,0.069977,0.165677,0.388972,0.612132,2.605605
1990-09-25,0.000000,Training,-0.333754,-0.095284,-0.060857,-0.065701,-0.009756,0.002585,0.068121,0.163571,0.380623,0.597027,2.550492
1990-09-26,0.000000,Training,-0.339377,-0.097046,-0.068595,-0.070596,-0.015738,-0.004928,0.061312,0.154776,0.369485,0.582967,2.521666
1990-09-27,0.000000,Training,-0.350559,-0.102488,-0.070019,-0.072136,-0.021896,-0.008319,0.055525,0.145590,0.355199,0.555149,2.444685
1990-09-28,0.000000,Training,-0.364444,-0.108467,-0.079332,-0.076453,-0.027231,-0.012688,0.051332,0.139231,0.351451,0.547465,2.436756
1990-09-29,0.000000,Training,-0.376348,-0.119488,-0.107471,-0.093676,-0.040612,-0.030037,0.038272,0.126813,0.346191,0.566271,2.536975
1990-09-30,0.000000,Training,-0.352576,-0.106303,-0.079242,-0.077059,-0.022901,-0.008466,0.055674,0.150581,0.375235,0.594678,2.576203
1990-10-01,0.000000,Training,-0.359846,-0.111415,-0.086993,-0.081086,-0.025428,-0.011023,0.055775,0.151821,0.381429,0.603900,2.604692
1990-10-02,0.000000,Training,-0.357661,-0.114476,-0.081865,-0.079448,-0.024888,-0.006256,0.057560,0.156629,0.391387,0.612543,2.617213
1990-10-03,0.000000,Training,-0.339786,-0.106237,-0.084997,-0.079014,-0.018886,-0.002978,0.063686,0.169460,0.415091,0.657458,2.738836
1990-10-04,0.000000,Training,-0.333661,-0.104679,-0.075087,-0.074583,-0.016381,0.002956,0.067184,0.175322,0.419670,0.652131,2.698105
1990-10-05,0.000000,Training,-0.348667,-0.111710,-0.082989,-0.079310,-0.026098,-0.004115,0.059704,0.165547,0.410348,0.634569,2.652313
1990-10-06,0.000000,Training,-0.355895,-0.117925,-0.094955,-0.083417,-0.032410,-0.006315,0.056077,0.165190,0.431349,0.675686,2.777588
1990-10-07,0.000000,Training,-0.334830,-0.105197,-0.081952,-0.076840,-0.024338,-0.000043,0.060451,0.171031,0.426186,0.664176,2.717068
1990-10-08,0.000000,Training,-0.307119,-0.087553,-0.055054,-0.065110,-0.006355,0.008927,0.074083,0.180480,0.401483,0.611047,2.527088
1990-10-09,0.000000,Training,-0.310737,-0.089315,-0.057188,-0.066805,-0.009645,0.006652,0.071749,0.178266,0.399155,0.605421,2.512614
1990-10-10,0.000000,Training,-0.313129,-0.090950,-0.059087,-0.068216,-0.011845,0.005373,0.070524,0.177554,0.399383,0.604366,2.508209
1990-10-11,0.000000,Training,-0.316008,-0.093041,-0.061917,-0.070356,-0.015100,0.003028,0.067752,0.174987,0.398060,0.602760,2.505165
1990-10-12,0.000000,Training,-0.322575,-0.119293,-0.108062,-0.101623,-0.033796,-0.017609,0.057044,0.167148,0.410034,0.685737,2.840539
1990-10-13,0.000000,Training,-0.412965,-0.190591,-0.173822,-0.137613,-0.052270,-0.016041,0.064025,0.190748,0.548024,0.963314,4.025993
1990-10-14,0.000000,Training,-0.544017,-0.278902,-0.241334,-0.142201,0.015012,0.117068,0.248264,0.536126,1.441418,2.322853,9.686007
1990-10-15,0.000000,Training,-0.553148,-0.254452,-0.220345,-0.087736,0.088930,0.207683,0.346124,0.706403,1.850089,2.768308,10.413284
1990-10-16,0.000000,Training,-0.597503,-0.305973,-0.226368,-0.045289,0.312300,0.486472,0.756854,1.607123,4.378362,6.781774,25.605639
1990-10-17,0.000000,Training,-0.570269,-0.247757,-0.140991,0.083292,0.384103,0.604033,0.865089,1.583724,3.991841,5.721289,19.099085
1990-10-18,0.000000,Training,-0.624870,-0.290151,-0.145286,0.168635,0.855966,1.137307,1.697390,3.635182,10.452548,16.386524,56.302883
1990-10-19,0.000000,Training,-0.569935,-0.207509,-0.006083,0.369362,0.913774,1.297892,1.820148,3.279753,8.219820,11.584525,35.624695
1990-10-20,0.000000,Training,-0.655807,-0.371141,-0.267491,-0.014085,0.403669,0.663233,1.051903,2.236626,6.259333,9.733214,31.361410
1990-10-21,0.000000,Training,-0.664276,-0.322053,-0.088576,0.470167,1.756185,2.290290,3.498631,7.896273,23.997931,38.312984,114.324623
1990-10-22,0.000000,Training,-0.586806,-0.148050,0.091791,0.737780,1.775752,2.350228,3.430217,6.454523,16.915825,24.795618,72.660522
1990-10-23,0.000000,Training,-0.568794,-0.236626,-0.056395,0.285717,0.735948,1.055082,1.517874,2.779943,6.878861,9.972562,29.694117
1990-10-24,0.000000,Training,-0.531468,-0.236653,-0.113783,0.121329,0.399589,0.624837,0.920748,1.662123,4.022964,5.880525,17.356640
1990-10-25,0.000000,Training,-0.470486,-0.211699,-0.123712,0.060975,0.262397,0.431353,0.665238,1.170764,2.650835,3.837242,10.847189
1990-10-26,0.000000,Training,-0.701409,-0.513073,-0.396896,-0.175247,0.182628,0.390129,0.807193,1.831288,5.375177,8.859692,27.557245
1990-10-27,0.000000,Training,-0.633350,-0.380867,-0.223156,0.118578,0.492619,0.791529,1.243103,2.303564,5.818069,8.562167,24.619936
1990-10-28,0.000000,Training,-0.590729,-0.356341,-0.227062,0.038041,0.299672,0.527313,0.844209,1.574180,3.872942,5.752365,16.324677
1990-10-29,0.000000,Training,-0.612621,-0.392436,-0.248622,0.041418,0.310178,0.540104,0.872153,1.611501,3.882000,5.822037,15.960507
1990-10-30,0.000000,Training,-0.626723,-0.408995,-0.252199,0.104423,0.411755,0.663331,1.051018,1.868165,4.262309,6.300699,16.200350
1990-10-31,0.000000,Training,-0.717130,-0.545187,-0.420577,-0.123011,0.200525,0.419885,0.840316,1.759894,4.645454,7.515317,21.119171
1990-11-01,0.000000,Training,-0.617145,-0.398215,-0.265359,0.072047,0.361296,0.613051,0.985174,1.782210,4.033455,5.992335,15.397137
1990-11-02,0.000000,Training,-0.557793,-0.346073,-0.240561,0.029263,0.250470,0.459047,0.741094,1.357082,2.919863,4.236460,10.853044
1990-11-03,0.000000,Training,-0.541001,-0.327420,-0.229471,0.042940,0.256509,0.457188,0.729064,1.328460,2.696846,3.827811,9.596442
1990-11-04,0.000000,Training,-0.502756,-0.291774,-0.216523,0.012750,0.189397,0.363106,0.585456,1.092961,2.141915,2.966225,7.525901
1990-11-05,0.000000,Training,-0.533824,-0.322538,-0.243959,0.006397,0.205109,0.382689,0.625668,1.167717,2.357629,3.334309,8.467588
1990-11-06,0.000000,Training,-0.649064,-0.468987,-0.397547,-0.187707,0.020491,0.208923,0.439672,1.037826,2.735843,4.296055,12.567599
1990-11-07,1.771613,Training,-0.795557,-0.509274,-0.134621,1.045372,4.182413,5.251853,9.508572,22.573347,56.452633,98.470238,211.723724
1990-11-08,8.374896,Training,-0.467707,0.233137,1.100406,4.006547,10.519255,13.013731,20.305952,42.849899,95.646713,142.130981,353.903442
1990-11-09,5.959060,Training,-0.592707,-0.191576,0.318343,1.517753,3.427591,4.626627,6.800226,12.606701,29.135138,41.376701,102.975868
1990-11-10,5.959060,Training,-0.634636,-0.374042,-0.107051,0.372796,0.957107,1.434098,2.092338,3.717026,8.716592,12.652057,31.837875
1990-11-11,5.475893,Training,-0.607228,-0.386192,-0.195291,0.149122,0.500161,0.803394,1.216736,2.141662,4.802880,7.002547,17.241659
1990-11-12,5.153782,Training,-0.575337,-0.367025,-0.214420,0.077230,0.345048,0.589486,0.913029,1.631059,3.542332,5.040878,12.478076
1990-11-13,5.153782,Training,-0.555619,-0.350739,-0.214726,0.064536,0.307534,0.535034,0.830994,1.485947,3.127883,4.381887,10.791888
1990-11-14,5.153782,Training,-0.533894,-0.336622,-0.230520,-0.004220,0.184995,0.376473,0.605706,1.141825,2.410190,3.346035,8.563575
1990-11-15,5.153782,Training,-0.531479,-0.339301,-0.239791,-0.039974,0.120106,0.296270,0.490259,0.970971,2.096385,2.909858,7.675260
1990-11-16,5.475893,Training,-0.522390,-0.332637,-0.240026,-0.052903,0.095707,0.262506,0.439326,0.891911,1.924318,2.663874,7.113572
1990-11-17,5.959060,Training,-0.522014,-0.334141,-0.242958,-0.056883,0.088808,0.253216,0.421929,0.868605,1.870052,2.585485,6.907456
1990-11-18,5.959060,Training,-0.522966,-0.334233,-0.239039,-0.035210,0.123718,0.296072,0.474385,0.946670,1.976280,2.702151,7.033907
1990-11-19,5.959060,Training,-0.483504,-0.294164,-0.220278,-0.051678,0.084567,0.234385,0.386492,0.792112,1.611966,2.185108,5.841164
1990-11-20,5.475893,Training,-0.466407,-0.269807,-0.210567,-0.034732,0.094760,0.241455,0.394023,0.796275,1.523526,2.027533,5.326763
1990-11-21,5.153782,Training,-0.494789,-0.297361,-0.257398,-0.057847,0.087942,0.238282,0.408781,0.841064,1.655420,2.281232,6.079444
1990-11-22,5.153782,Training,-0.503975,-0.302784,-0.236921,-0.047476,0.107704,0.279856,0.434619,0.871615,1.737262,2.356983,6.354151
1990-11-23,5.153782,Training,-0.505826,-0.305253,-0.239038,-0.042128,0.109082,0.279831,0.439570,0.886692,1.777284,2.418082,6.413419
1990-11-24,5.153782,Training,-0.598513,-0.417069,-0.344530,-0.139292,0.034898,0.209431,0.382331,0.883587,2.174753,3.335423,9.488928
1990-11-25,5.153782,Training,-0.555156,-0.350632,-0.272394,-0.059002,0.107733,0.294036,0.462697,0.960236,2.125948,3.042740,8.311913
1990-11-26,5.475893,Training,-0.491529,-0.294190,-0.225885,-0.056479,0.085815,0.249674,0.391508,0.815124,1.701969,2.342980,6.402425
1990-11-27,5.959060,Training,-0.453215,-0.261499,-0.199378,-0.058820,0.073350,0.217984,0.345885,0.725097,1.460973,1.977075,5.483372
1990-11-28,5.475893,Training,-0.445200,-0.252787,-0.197247,-0.056653,0.074370,0.215560,0.346522,0.722852,1.427568,1.912402,5.261273
1990-11-29,5.153782,Training,-0.439051,-0.257059,-0.196422,-0.068861,0.068821,0.212738,0.338291,0.703953,1.378674,1.850456,5.128217
1990-11-30,5.153782,Training,-0.436382,-0.252866,-0.194289,-0.067716,0.065346,0.205909,0.329566,0.690393,1.352928,1.810664,5.015781
1990-12-01,5.153782,Training,-0.440418,-0.248474,-0.193347,-0.055310,0.067140,0.203828,0.329824,0.698703,1.376629,1.832533,5.017363
1990-12-02,5.153782,Training,-0.481768,-0.282678,-0.242066,-0.067979,0.078847,0.223022,0.374938,0.793341,1.634154,2.274271,6.195696
1990-12-03,5.153782,Training,-0.546801,-0.333362,-0.269230,-0.074463,0.097746,0.268037,0.419382,0.903189,2.078226,3.020948,8.501200
1990-12-04,23.675186,Training,-0.808144,-0.610910,-0.457614,-0.102599,0.650584,1.173817,1.864410,4.513795,13.454700,20.599916,56.261539
1990-12-05,15.139235,Training,-0.738700,-0.409618,-0.092943,0.803926,2.374902,3.363567,5.098181,10.238407,25.977526,37.455719,95.730606
1990-12-06,8.052784,Training,-0.724262,-0.395314,-0.087920,0.859631,2.437029,3.448270,5.182726,10.341413,24.901009,36.649010,87.538910
1990-12-07,7.569617,Training,-0.643820,-0.331342,0.021885,0.840440,1.792516,2.633981,3.698812,6.561349,14.369454,20.468147,46.598648
1990-12-08,7.569617,Training,-0.639183,-0.217745,0.129842,1.462005,3.344003,4.854534,7.185028,13.271945,29.550526,41.094627,93.388763
1990-12-09,7.569617,Training,-0.503391,-0.070119,0.383751,1.539875,3.113575,4.536958,5.887771,9.484312,18.961288,26.583469,62.863487
1990-12-10,7.247506,Training,-0.547831,-0.210169,0.123733,0.866806,1.806497,2.618913,3.462476,5.634262,11.173873,15.710073,35.770000
1990-12-11,6.764339,Training,-0.524442,-0.209661,0.099050,0.777079,1.519799,2.170863,2.886275,4.635765,8.637825,11.793309,25.854536
1990-12-12,6.764339,Training,-0.501028,-0.201382,0.076475,0.698491,1.342246,1.902638,2.524667,4.014080,7.188030,9.613569,20.750343
1990-12-13,6.764339,Training,-0.529622,-0.261101,-0.037144,0.486094,0.985228,1.433477,1.935692,3.176311,5.749981,7.661070,16.566919
1990-12-14,6.764339,Training,-0.534146,-0.277468,-0.071235,0.416129,0.866957,1.277694,1.730244,2.868879,5.182728,6.873484,14.912540
1990-12-15,6.281172,Training,-0.540399,-0.290081,-0.094814,0.376001,0.795154,1.181535,1.606512,2.691157,4.874570,6.450260,14.055434
1990-12-16,5.959060,Training,-0.660992,-0.379070,-0.210298,0.406504,1.077313,1.712936,2.537933,4.428855,9.762378,14.046140,34.008221
1990-12-17,5.959060,Training,-0.551238,0.098486,0.504278,2.868520,6.946190,9.808084,14.520359,27.610825,60.714756,78.473877,191.522446
1990-12-18,20.615128,Training,1.310877,4.045431,5.433640,17.744955,35.741528,44.160286,63.891609,106.293724,179.149155,215.747498,444.354828
1990-12-19,68.770779,Training,3.926681,8.655863,10.663310,29.320953,49.730728,61.269764,78.530922,114.383575,177.655457,218.033264,440.252350
1990-12-20,34.949084,Training,1.307080,3.420598,5.127039,12.353233,19.511101,26.263218,31.730629,46.410240,74.062569,89.867912,196.694321
1990-12-21,13.206566,Training,-0.105335,0.645122,1.450748,3.518418,5.868996,8.104449,10.080674,15.117171,26.980864,34.963116,77.451942
1990-12-22,6.764339,Training,-0.247894,0.266764,0.843716,2.063261,3.477614,4.757542,5.961471,8.765085,15.286586,20.106190,44.137997
1990-12-23,4.026392,Training,-0.363805,-0.001722,0.401930,1.182017,2.127687,2.950816,3.713809,5.583993,9.645328,12.905069,28.400967
1990-12-24,2.899002,Training,-0.417376,-0.065754,0.276730,1.026761,1.807352,2.493752,3.226977,4.953187,8.618618,11.306170,24.021496
1990-12-25,2.415835,Training,-0.523868,-0.189025,0.051383,0.768123,1.457268,2.024553,2.792814,4.502756,8.425611,11.504415,25.432671
1990-12-26,2.254780,Training,-0.537565,-0.242953,0.071331,0.769266,1.441711,2.013679,2.740844,4.464241,8.679316,12.253189,26.811106
1990-12-27,2.254780,Training,-0.560399,-0.314835,-0.063189,0.463243,0.942911,1.370265,1.887122,3.198502,6.317667,8.922173,19.532751
1990-12-28,1.932668,Training,-0.566132,-0.332882,-0.075479,0.447555,0.935747,1.343325,1.848951,3.135355,6.272738,8.944158,19.939711
1990-12-29,1.771613,Training,-0.546464,-0.313732,-0.086383,0.400104,0.817936,1.196946,1.635698,2.780353,5.294674,7.314604,15.875219
1990-12-30,1.610557,Training,-0.539118,-0.303585,-0.102584,0.362467,0.738279,1.096842,1.490536,2.547282,4.706138,6.323334,13.694505
1990-12-31,1.288446,Training,-0.547262,-0.321021,-0.129864,0.313975,0.671819,1.001455,1.374699,2.371954,4.442799,6.058612,13.282831
1991-01-01,0.966334,Training,-0.545520,-0.323520,-0.138971,0.283248,0.610599,0.933150,1.267762,2.213433,4.112422,5.533414,12.127798
1991-01-02,0.805278,Training,-0.545395,-0.322733,-0.150207,0.254779,0.569105,0.886259,1.195007,2.099387,3.862623,5.109833,11.314893
1991-01-03,0.805278,Training,-0.543608,-0.317715,-0.132210,0.291469,0.629980,0.967768,1.284262,2.229830,4.067844,5.359621,11.849503
1991-01-04,0.805278,Training,-0.551290,-0.340102,-0.188589,0.165421,0.431472,0.711976,0.965528,1.759900,3.299551,4.380264,9.900991
1991-01-05,0.644223,Training,-0.538945,-0.344785,-0.221009,0.053291,0.276042,0.512245,0.705362,1.346259,2.564415,3.426935,8.107342
1991-01-06,0.483167,Training,-0.517200,-0.331822,-0.231239,-0.011355,0.169728,0.369324,0.520143,1.052365,2.040958,2.729930,6.748925
1991-01-07,0.483167,Training,-0.476262,-0.290756,-0.220679,-0.045848,0.085774,0.231247,0.350106,0.772243,1.549341,2.116325,5.540472
1991-01-08,0.483167,Training,-0.481597,-0.298471,-0.217657,-0.047324,0.086840,0.236442,0.350478,0.774781,1.586979,2.191636,5.768121
1991-01-09,0.322111,Training,-0.476369,-0.299749,-0.209358,-0.051147,0.079779,0.229645,0.335210,0.751341,1.559150,2.159526,5.713277
1991-01-10,0.322111,Training,-0.493770,-0.317055,-0.229319,-0.055661,0.086583,0.238496,0.355626,0.794596,1.674042,2.359743,6.236748
1991-01-11,0.322111,Training,-0.528362,-0.348623,-0.263555,-0.052051,0.114495,0.285922,0.432871,0.939750,1.992774,2.870019,7.446676
1991-01-12,0.322111,Training,-0.538398,-0.347127,-0.245014,-0.016237,0.157906,0.363054,0.512396,1.059029,2.174732,2.989254,7.582227
1991-01-13,0.322111,Training,-0.484129,-0.312621,-0.221534,-0.065379,0.096809,0.270652,0.384690,0.816914,1.625238,2.210111,5.870977
1991-01-14,0.161056,Training,-0.485329,-0.323807,-0.229815,-0.070740,0.103320,0.288393,0.404496,0.845197,1.636034,2.235594,6.011130
1991-01-15,0.161056,Training,-0.478297,-0.315011,-0.224762,-0.067392,0.102195,0.283139,0.397996,0.833281,1.595731,2.166762,5.795632
1991-01-16,0.161056,Training,-0.481805,-0.298312,-0.221223,-0.049961,0.106480,0.270795,0.392841,0.834726,1.617722,2.167921,5.616622
1991-01-17,0.161056,Training,-0.480338,-0.291323,-0.210337,-0.026969,0.113180,0.273024,0.394631,0.848463,1.662792,2.237895,5.708247
1991-01-18,0.161056,Training,-0.479043,-0.291508,-0.209208,-0.025895,0.115815,0.278076,0.399509,0.855800,1.669772,2.237675,5.696226
1991-01-19,0.161056,Training,-0.470809,-0.285226,-0.204471,-0.029184,0.106966,0.264005,0.379164,0.821030,1.599777,2.139934,5.487420
1991-01-20,0.161056,Training,-0.469034,-0.284883,-0.201565,-0.024689,0.109738,0.264775,0.380105,0.823375,1.605677,2.162446,5.505794
1991-01-21,0.161056,Training,-0.468160,-0.283550,-0.203273,-0.028103,0.108898,0.266537,0.381810,0.822762,1.586654,2.108727,5.386299
1991-01-22,0.161056,Training,-0.468691,-0.287385,-0.205969,-0.036735,0.106486,0.267120,0.380343,0.816836,1.568133,2.082263,5.343521
1991-01-23,0.161056,Training,-0.492400,-0.322567,-0.245181,-0.070902,0.110594,0.288412,0.414774,0.865561,1.680369,2.321762,6.089944
1991-01-24,0.161056,Training,-0.510916,-0.321516,-0.226402,-0.029515,0.138945,0.326029,0.452990,0.945886,1.890567,2.577860,6.578668
1991-01-25,0.161056,Training,-0.512195,-0.327969,-0.225841,-0.026407,0.153632,0.346184,0.479474,0.988149,1.957336,2.678047,6.723610
1991-01-26,0.161056,Training,-0.505113,-0.324174,-0.225260,-0.034634,0.139912,0.324873,0.450719,0.942948,1.863399,2.548595,6.455260
1991-01-27,0.161056,Training,-0.491822,-0.311365,-0.217843,-0.036940,0.128458,0.304972,0.424536,0.896590,1.756068,2.383992,6.052212
1991-01-28,0.161056,Training,-0.507481,-0.322996,-0.221996,-0.016873,0.160083,0.350365,0.483012,0.999144,1.952247,2.653643,6.568437
1991-01-29,0.161056,Training,-0.504734,-0.317610,-0.224752,-0.020832,0.152571,0.335650,0.467015,0.971681,1.910041,2.599884,6.489526
1991-01-30,0.161056,Training,-0.450849,-0.277372,-0.196872,-0.059659,0.081074,0.230087,0.321051,0.712798,1.402390,1.897814,5.061405
1991-01-31,0.161056,Training,-0.448711,-0.274501,-0.194644,-0.056633,0.082433,0.230131,0.320717,0.712125,1.400398,1.893420,5.040196
1991-02-01,0.161056,Training,-0.503978,-0.313972,-0.242877,-0.034651,0.144879,0.315852,0.456662,0.953390,1.969510,2.783052,7.170448
1991-02-02,0.161056,Training,-0.571225,-0.385165,-0.273969,-0.071870,0.193539,0.428892,0.572443,1.136814,2.516799,3.711250,10.138308
1991-02-03,0.161056,Training,-0.554486,-0.367008,-0.236014,-0.037971,0.205206,0.437846,0.568793,1.152099,2.517141,3.643032,9.468054
1991-02-04,0.161056,Training,-0.532771,-0.343034,-0.226911,-0.022956,0.181187,0.384250,0.518392,1.069214,2.244622,3.170467,8.012930
1991-02-05,0.161056,Training,-0.522615,-0.332977,-0.221090,-0.008681,0.185676,0.384985,0.523468,1.075616,2.201705,3.078365,7.644156
1991-02-06,0.161056,Training,-0.609338,-0.381695,-0.266984,0.083487,0.418391,0.718048,1.003840,1.934278,4.371416,6.499945,16.026051
1991-02-07,0.161056,Training,-0.656170,-0.418230,-0.245352,0.131132,0.505856,0.892076,1.155174,2.267606,5.331456,7.738436,19.769684
1991-02-08,0.161056,Training,-0.594588,-0.373369,-0.218064,0.092936,0.402754,0.702010,0.918082,1.783569,3.914679,5.664213,13.757877
1991-02-09,0.161056,Training,-0.585216,-0.371397,-0.221502,0.105082,0.380542,0.657369,0.882502,1.708941,3.589042,5.152417,12.237042
1991-02-10,0.161056,Training,-0.578285,-0.361714,-0.210447,0.132753,0.420986,0.706007,0.949517,1.800417,3.684310,5.250012,12.280933
1991-02-11,0.161056,Training,-0.524122,-0.344079,-0.220245,-0.010516,0.209931,0.428000,0.571862,1.144756,2.298358,3.242480,8.031154
1991-02-12,99.371359,Training,-0.559645,0.119597,0.513973,2.709144,6.090752,8.819696,12.013764,22.485996,58.205906,81.810562,219.861237
1991-02-13,103.719863,Training,-0.174316,0.931306,1.773682,5.826465,12.320473,16.530436,21.693659,38.041061,74.751274,94.534470,217.296585
1991-02-14,51.537820,Training,-0.527783,-0.108270,0.354650,1.395436,2.944276,4.304825,5.218655,9.228492,19.812384,28.255335,65.636650
1991-02-15,34.949084,Training,-0.403753,0.029426,0.595851,1.661777,3.093328,4.388738,5.339220,8.535449,16.053787,22.552549,50.203938
1991-02-16,28.828968,Training,-0.453021,0.037321,0.467449,1.757712,3.576243,5.105832,6.534880,10.844068,22.119972,32.322601,74.344673
1991-02-17,56.530546,Training,1.056640,3.503690,4.972322,15.144569,30.096321,42.244896,53.556217,90.717773,159.820816,217.639114,547.404663
1991-02-18,73.280338,Training,5.223276,9.912774,12.644599,29.959986,49.880798,62.270851,71.289902,99.127052,144.709930,189.194077,392.302307
1991-02-19,42.518702,Training,3.969305,7.836486,10.367591,23.499996,36.202869,45.314781,51.713516,71.602440,101.543480,127.513977,257.322144
1991-02-20,31.889026,Training,4.851820,7.895496,10.718041,19.616608,26.963654,33.429668,37.739975,47.280006,65.260391,79.068573,158.043671
1991-02-21,25.446799,Training,2.895201,4.901731,6.877451,12.061587,16.582262,20.462179,23.859570,29.316105,41.936108,50.435593,106.021133
1991-02-22,23.030963,Training,2.046788,3.576342,5.108835,8.807674,12.083847,14.854238,17.593433,21.449602,31.132973,36.904888,80.192207
1991-02-23,20.131961,Training,1.452783,2.679294,3.942833,6.839866,9.469043,11.657251,13.957037,17.110451,25.039530,29.591770,65.274712
1991-02-24,18.521404,Training,1.009072,2.025670,3.085316,5.483398,7.719617,9.518258,11.517315,14.287484,21.158960,25.192265,56.141068
1991-02-25,17.716126,Training,0.542032,1.472669,2.299807,4.625056,6.813508,8.369153,10.592136,13.551138,21.132641,26.489508,59.377956
1991-02-26,17.071903,Training,0.393225,1.241137,2.095238,4.208769,6.299077,7.923319,9.807011,12.802225,20.228710,25.457205,57.969643
1991-02-27,16.266624,Training,0.231509,0.997488,1.756362,3.684033,5.602947,7.050205,8.836720,11.692603,18.766186,23.992210,54.810177
1991-02-28,16.266624,Training,0.125658,1.069901,1.916082,5.159404,8.431150,11.130039,14.567425,20.809383,35.713860,47.934486,106.887428
1991-03-01,19.970905,Training,0.562694,1.806536,3.077192,7.199242,11.377183,15.318129,18.632605,26.132357,41.970669,54.190731,120.494522
1991-03-02,19.970905,Training,0.522036,1.509179,2.619466,5.393079,8.086136,10.711233,12.952320,17.327852,27.550985,34.719975,78.173622
1991-03-03,17.716126,Training,0.220548,0.961887,1.784799,3.654680,5.544295,7.132229,8.732151,11.649218,18.638548,23.587708,54.208401
1991-03-04,17.071903,Training,-0.100990,0.441736,1.085209,2.473284,4.050356,5.152653,6.477765,9.007233,15.237628,20.639080,48.557274
1991-03-05,51.698876,Training,0.656295,3.176503,5.620231,19.449226,32.837212,47.956516,56.463982,89.274239,151.899582,192.009109,381.351074
1991-03-06,124.334991,Training,6.760864,13.646250,19.236532,50.530827,84.275024,107.601936,128.009735,178.621262,247.335846,296.341187,489.740601
1991-03-07,73.119282,Training,8.850302,15.125770,19.271637,44.099449,69.897598,84.349792,98.336487,128.795868,173.568787,216.133514,363.968658
1991-03-08,30.278469,Training,2.877140,6.311088,8.606853,21.952988,36.580307,45.449780,53.572250,79.931282,116.526787,148.647903,291.009003
1991-03-09,16.105569,Training,0.061880,0.982436,2.187267,5.528439,10.082187,13.302799,16.378971,27.149994,48.399696,66.577103,145.459290
1991-03-10,12.401288,Training,-0.362552,0.120695,0.879725,2.417827,4.594039,6.103409,7.882565,13.064939,25.327690,36.720085,84.924591
1991-03-11,10.629675,Training,-0.321086,0.105282,0.767900,2.007122,3.521604,4.754056,6.032627,9.327682,17.066027,23.842825,53.563850
1991-03-12,11.112842,Training,-0.499403,-0.120108,0.356752,1.515269,2.857771,3.940280,5.414785,9.054474,17.816477,26.520336,58.344234
1991-03-13,10.146508,Training,-0.439202,0.040944,0.552691,1.995746,3.537443,4.898518,6.369173,10.394321,19.350296,26.929802,60.110806
1991-03-14,8.535951,Training,-0.459233,-0.119488,0.375074,1.363565,2.470821,3.422251,4.439645,7.143776,13.384361,19.277054,43.126671
1991-03-15,7.247506,Training,-0.418992,-0.090052,0.404595,1.351956,2.399165,3.269209,4.179583,6.530988,11.852906,16.784887,37.981556
1991-03-16,6.281172,Training,-0.486922,-0.212603,0.145613,0.855201,1.570369,2.155637,2.816636,4.527951,8.182047,11.647203,25.480343
1991-03-17,5.475893,Training,-0.501793,-0.250026,0.038846,0.623550,1.155853,1.628522,2.129271,3.492028,6.176049,8.616142,18.398802
1991-03-18,5.153782,Training,-0.525331,-0.308574,-0.056922,0.414311,0.840314,1.219076,1.611460,2.725951,4.987266,7.068897,15.355466
1991-03-19,4.831671,Training,-0.561095,-0.379249,-0.142291,0.247428,0.598559,0.919728,1.207132,2.169304,4.262235,6.171898,14.061272
1991-03-20,4.187448,Training,-0.571157,-0.400246,-0.178001,0.168177,0.466736,0.758482,0.989320,1.849440,3.723811,5.424047,12.559049
1991-03-21,3.865337,Training,-0.540328,-0.346182,-0.181757,0.149236,0.397792,0.654488,0.883597,1.632628,3.059254,4.311078,9.726571
1991-03-22,4.026392,Training,-0.578987,-0.354870,-0.236507,0.131452,0.406906,0.707750,0.973606,1.759323,3.686970,5.448287,13.010345
1991-03-23,5.153782,Training,-0.657137,-0.419837,-0.268641,0.108995,0.444774,0.818124,1.049016,2.048177,4.636351,6.773483,17.513493
1991-03-24,4.187448,Training,-0.558138,-0.349621,-0.227105,0.026882,0.234609,0.476608,0.609953,1.235972,2.631660,3.804288,9.568318
1991-03-25,3.543225,Training,-0.549395,-0.341397,-0.219690,0.044172,0.234054,0.457574,0.600272,1.220487,2.538119,3.686457,9.041841
1991-03-26,3.060058,Training,-0.494367,-0.294665,-0.202924,0.009421,0.153506,0.328046,0.441306,0.932337,1.881772,2.687445,6.731875
1991-03-27,2.737947,Training,-0.463673,-0.264594,-0.195533,-0.007168,0.121177,0.267325,0.367878,0.797737,1.596366,2.281637,5.871046
1991-03-28,2.737947,Training,-0.469558,-0.283188,-0.196369,-0.032826,0.089637,0.230866,0.306338,0.712654,1.546030,2.324203,6.265320
1991-03-29,2.737947,Training,-0.461914,-0.278228,-0.202901,-0.043880,0.080134,0.211009,0.276839,0.670360,1.482741,2.283738,6.324757
1991-03-30,2.737947,Training,-0.591449,-0.366705,-0.270704,0.005140,0.217544,0.448935,0.541031,1.204721,2.905719,4.579547,12.256691
1991-03-31,2.415835,Training,-0.680864,-0.429383,-0.315055,0.007300,0.338325,0.664887,0.759304,1.799881,4.633953,7.097441,19.836367
1991-04-01,1.932668,Test,-0.603346,-0.351546,-0.241023,0.059406,0.315088,0.583666,0.688452,1.500258,3.508734,5.223421,13.682055
1991-04-02,1.771613,Test,-0.539576,-0.320259,-0.208029,0.037321,0.216001,0.426363,0.522675,1.122775,2.482675,3.709315,9.515061
1991-04-03,1.771613,Test,-0.546943,-0.324418,-0.225890,0.051303,0.244920,0.454300,0.584274,1.219103,2.643381,4.007691,10.012711
1991-04-04,1.771613,Test,-0.522918,-0.305805,-0.200631,0.054110,0.218133,0.423095,0.539347,1.121408,2.365201,3.464170,8.636024
1991-04-05,1.771613,Test,-0.485534,-0.279822,-0.179163,0.043486,0.185208,0.364360,0.468053,0.980668,2.041575,3.010378,7.537869
1991-04-06,1.771613,Test,-0.475864,-0.274543,-0.178059,0.036882,0.169836,0.339144,0.439934,0.928888,1.916351,2.823721,7.094223
1991-04-07,1.771613,Test,-0.474322,-0.284998,-0.182510,-0.005799,0.105631,0.257867,0.319239,0.751956,1.680636,2.573037,6.935898
1991-04-08,1.771613,Test,-0.499325,-0.312588,-0.194998,0.001300,0.119971,0.286428,0.353336,0.824262,1.849708,2.843080,7.501131
1991-04-09,1.771613,Test,-0.499345,-0.310397,-0.194553,0.015057,0.137290,0.306548,0.380807,0.863285,1.912436,2.928347,7.600715
1991-04-10,1.771613,Test,-0.436541,-0.244761,-0.167256,-0.030921,0.049735,0.172523,0.209416,0.551627,1.240789,1.870303,5.321750
1991-04-11,1.771613,Test,-0.414876,-0.219280,-0.152893,-0.040415,0.027268,0.134632,0.164692,0.462674,1.044411,1.566181,4.636055
1991-04-12,1.771613,Test,-0.404330,-0.207642,-0.149662,-0.043110,0.021380,0.120808,0.150483,0.432135,0.972751,1.460968,4.395394
1991-04-13,1.771613,Test,-0.382995,-0.185039,-0.139030,-0.009178,0.065877,0.174596,0.230950,0.535734,1.052358,1.485812,4.098786
1991-04-14,1.771613,Test,-0.378139,-0.176287,-0.137631,-0.008141,0.062536,0.168833,0.224105,0.519684,1.016955,1.429582,3.971120
1991-04-15,1.610557,Test,-0.393762,-0.180008,-0.126778,0.066854,0.146173,0.267195,0.319555,0.604505,1.177257,1.795028,4.767870
1991-04-16,2.899002,Test,-0.573039,-0.230331,-0.153474,0.248360,0.527178,0.905485,0.864549,1.714403,3.960520,5.724711,15.776164
1991-04-17,9.985453,Test,-0.548473,-0.117004,-0.024881,0.528892,1.039371,1.543379,1.530940,3.031014,6.803172,9.659206,24.585905
1991-04-18,11.273898,Test,-0.560393,-0.167537,-0.059628,0.421508,0.900117,1.301515,1.359289,2.823816,6.463691,9.460892,24.433826
1991-04-19,6.925395,Test,-0.480669,-0.192668,-0.062808,0.202135,0.404516,0.645879,0.674948,1.368183,3.011614,4.391840,11.737982
1991-04-20,5.153782,Test,-0.461296,-0.205422,-0.118662,0.090659,0.239326,0.409135,0.451977,0.949329,2.092770,3.183813,8.557229
1991-04-21,4.187448,Test,-0.490260,-0.214358,-0.151066,0.137708,0.313705,0.512743,0.569914,1.170078,2.584589,4.005208,10.185017
1991-04-22,3.543225,Test,-0.573105,-0.239754,-0.166104,0.216460,0.510120,0.810890,0.859446,1.838272,4.291639,6.440448,16.759790
1991-04-23,2.899002,Test,-0.573603,-0.212565,-0.127558,0.309685,0.664973,1.015032,1.078450,2.259692,5.221488,7.798366,19.745359
1991-04-24,2.415835,Test,-0.512258,-0.218724,-0.093990,0.226465,0.439331,0.701395,0.778818,1.553933,3.366112,4.881052,12.353114
1991-04-25,1.932668,Test,-0.451536,-0.198368,-0.104998,0.133728,0.270038,0.456276,0.532268,1.053964,2.179104,3.165122,7.994195
1991-04-26,1.771613,Test,-0.438499,-0.203835,-0.123915,0.096163,0.207061,0.367474,0.446772,0.898568,1.834996,2.683556,6.803304
1991-04-27,1.610557,Test,-0.433699,-0.206229,-0.129709,0.081776,0.182410,0.332563,0.410400,0.834414,1.715144,2.528557,6.445586
1991-04-28,1.288446,Test,-0.431289,-0.209029,-0.136507,0.050407,0.129287,0.262436,0.309779,0.681763,1.484738,2.261845,6.114332
1991-04-29,1.127390,Test,-0.450610,-0.217443,-0.144011,0.034637,0.082072,0.207295,0.224149,0.549516,1.258188,1.996128,5.640302
1991-04-30,1.127390,Test,-0.474959,-0.228924,-0.154817,0.037800,0.073219,0.202721,0.211930,0.524636,1.221282,1.958573,5.494458
1991-05-01,1.127390,Test,-0.480231,-0.261814,-0.175026,0.033213,0.104490,0.251793,0.286767,0.678402,1.535123,2.374033,6.354849
1991-05-02,0.966334,Test,-0.441361,-0.223825,-0.160081,0.030156,0.100083,0.232966,0.282673,0.637927,1.369190,2.032366,5.388141
1991-05-03,0.644223,Test,-0.431385,-0.212631,-0.155600,0.026126,0.089137,0.216118,0.260364,0.593742,1.279642,1.900875,5.106765
1991-05-04,0.483167,Test,-0.400203,-0.181765,-0.137798,0.005495,0.051250,0.155474,0.178149,0.450719,1.005895,1.510613,4.361132
1991-05-05,0.322111,Test,-0.376478,-0.158729,-0.122594,-0.004864,0.033372,0.122397,0.137429,0.372422,0.839927,1.265185,3.842284
1991-05-06,0.322111,Test,-0.350168,-0.134028,-0.103963,-0.013897,0.019321,0.092372,0.104422,0.303668,0.684735,1.032848,3.328264
1991-05-07,0.322111,Test,-0.327136,-0.110676,-0.083821,-0.023575,0.003985,0.058924,0.070089,0.232439,0.527079,0.802655,2.823008
1991-05-08,0.322111,Test,-0.332695,-0.120941,-0.093172,-0.015476,0.018826,0.085144,0.101519,0.284455,0.620843,0.929877,3.028702
1991-05-09,0.322111,Test,-0.346302,-0.131716,-0.103584,-0.013104,0.020743,0.093821,0.108142,0.301461,0.669673,1.003849,3.196163
1991-05-10,0.322111,Test,-0.323564,-0.108202,-0.085260,-0.017652,0.011444,0.068619,0.081545,0.243073,0.543777,0.828211,2.831601
1991-05-11,0.161056,Test,-0.318194,-0.092082,-0.070105,-0.027085,-0.010468,0.029215,0.036608,0.160494,0.386764,0.616822,2.417751
1991-05-12,0.161056,Test,-0.312539,-0.084033,-0.053313,-0.038939,-0.020769,0.000849,0.016620,0.111548,0.263264,0.434562,1.962949
1991-05-13,0.161056,Test,-0.320045,-0.084917,-0.055147,-0.040024,-0.025560,-0.005631,0.009156,0.097817,0.238768,0.402928,1.887319
1991-05-14,0.161056,Test,-0.324532,-0.082053,-0.053773,-0.039127,-0.028765,-0.011609,0.003302,0.083687,0.208790,0.362100,1.780012
1991-05-15,0.161056,Test,-0.320415,-0.076724,-0.048782,-0.037585,-0.028037,-0.013920,0.002414,0.077781,0.191685,0.338780,1.715685
1991-05-16,0.161056,Test,-0.287003,-0.060945,-0.031253,-0.031602,-0.013123,-0.002900,0.018383,0.098049,0.214807,0.368721,1.775991
1991-05-17,0.000000,Test,-0.286019,-0.055125,-0.025232,-0.029443,-0.013675,-0.008034,0.014288,0.084046,0.182603,0.327303,1.672319
1991-05-18,0.000000,Test,-0.313564,-0.065160,-0.038099,-0.032693,-0.025427,-0.018267,0.000757,0.062782,0.151600,0.286880,1.577200
1991-05-19,0.000000,Test,-0.315030,-0.068297,-0.041225,-0.034110,-0.026929,-0.017436,0.000425,0.066400,0.162772,0.300886,1.612096
1991-05-20,0.000000,Test,-0.308391,-0.067036,-0.039358,-0.033803,-0.023987,-0.013735,0.004961,0.075168,0.178402,0.320817,1.661527
1991-05-21,0.000000,Test,-0.310679,-0.065677,-0.038193,-0.033006,-0.024640,-0.016051,0.002951,0.068761,0.164268,0.302745,1.614735
1991-05-22,0.000000,Test,-0.308228,-0.062432,-0.034715,-0.031733,-0.023363,-0.016931,0.003095,0.065407,0.154407,0.290483,1.581598
1991-05-23,0.000000,Test,-0.317205,-0.063782,-0.036911,-0.031467,-0.026608,-0.021284,-0.002146,0.054062,0.133774,0.264354,1.516600
1991-05-24,0.000000,Test,-0.332239,-0.067287,-0.041812,-0.030437,-0.030998,-0.026319,-0.009333,0.039042,0.107138,0.231328,1.435195
1991-05-25,0.000000,Test,-0.322687,-0.062628,-0.036313,-0.030107,-0.028035,-0.025335,-0.006442,0.042000,0.109847,0.235532,1.446558
1991-05-26,0.000000,Test,-0.328417,-0.064492,-0.038836,-0.029641,-0.029347,-0.026140,-0.008087,0.038784,0.105211,0.230096,1.435060
1991-05-27,0.000000,Test,-0.314412,-0.057735,-0.034218,-0.029264,-0.022495,-0.023272,-0.000521,0.048309,0.117656,0.251178,1.490210
1991-05-28,0.000000,Test,-0.290150,-0.046657,-0.018016,-0.024592,-0.013085,-0.014914,0.009575,0.061502,0.134537,0.270278,1.532232
1991-05-29,0.000000,Test,-0.269267,-0.035309,-0.005503,-0.018700,-0.000605,-0.006282,0.022118,0.074020,0.147075,0.287065,1.559467
1991-05-30,0.000000,Test,-0.280480,-0.038954,-0.015236,-0.021115,-0.003972,-0.012209,0.017228,0.065337,0.133577,0.277437,1.546104
1991-05-31,0.000000,Test,-0.290383,-0.043106,-0.019846,-0.022704,-0.007450,-0.015106,0.013307,0.059569,0.125754,0.269195,1.534796
1991-06-01,0.000000,Test,-0.304031,-0.055557,-0.038194,-0.027188,-0.011007,-0.019262,0.009394,0.053807,0.117327,0.280218,1.577422
1991-06-02,0.000000,Test,-0.334302,-0.073769,-0.031408,0.031665,0.046887,0.053108,0.081778,0.118285,0.211114,0.461844,2.044859
1991-06-03,0.000000,Test,-0.459078,-0.156712,-0.120691,-0.031608,0.004162,0.037182,0.059349,0.123588,0.268598,0.540098,2.501010
1991-06-04,0.000000,Test,-0.384345,-0.116103,-0.058253,-0.016132,0.020004,0.049169,0.073157,0.147799,0.301597,0.545344,2.387624
1991-06-05,0.000000,Test,-0.348901,-0.093784,-0.048648,-0.024499,-0.001646,0.015207,0.036690,0.100135,0.217244,0.416909,1.988941
1991-06-06,0.000000,Test,-0.349214,-0.082021,-0.052045,-0.026403,-0.014097,-0.006490,0.015875,0.068035,0.156742,0.329701,1.742831
1991-06-07,0.000000,Test,-0.314647,-0.058806,-0.029906,-0.019911,-0.007323,-0.004921,0.019922,0.073719,0.157607,0.318016,1.691327
1991-06-08,0.000000,Test,-0.308169,-0.051163,-0.025635,-0.018832,-0.010028,-0.010361,0.015010,0.065615,0.140431,0.290240,1.612530
1991-06-09,0.000000,Test,-0.334596,-0.058982,-0.037143,-0.020798,-0.023721,-0.023617,-0.002596,0.037075,0.093332,0.226286,1.449567
1991-06-10,0.000000,Test,-0.330130,-0.055677,-0.035144,-0.021179,-0.024954,-0.025979,-0.004948,0.033668,0.087675,0.217415,1.427031
1991-06-11,0.000000,Test,-0.314601,-0.049148,-0.028476,-0.021671,-0.021976,-0.024584,-0.001843,0.039693,0.097768,0.229515,1.457317
1991-06-12,0.000000,Test,-0.338021,-0.057160,-0.038390,-0.021118,-0.030156,-0.031330,-0.013146,0.020153,0.064939,0.187354,1.351409
1991-06-13,0.000000,Test,-0.349601,-0.060840,-0.043073,-0.019123,-0.033003,-0.033378,-0.018195,0.010474,0.047369,0.166380,1.300648
1991-06-14,0.000000,Test,-0.345480,-0.058500,-0.041355,-0.020049,-0.033539,-0.035098,-0.019588,0.007701,0.044429,0.163696,1.300768
1991-06-15,0.000000,Test,-0.336627,-0.056608,-0.038233,-0.023194,-0.032788,-0.035324,-0.017933,0.012352,0.054728,0.175695,1.331064
1991-06-16,0.000000,Test,-0.321326,-0.049951,-0.031664,-0.023929,-0.030349,-0.034518,-0.015236,0.017105,0.064014,0.187323,1.361863
1991-06-17,0.000000,Test,-0.305954,-0.041269,-0.024477,-0.022183,-0.027428,-0.033433,-0.013375,0.018175,0.066026,0.191392,1.377542
1991-06-18,0.000000,Test,-0.308320,-0.041842,-0.025545,-0.022196,-0.029230,-0.035031,-0.016133,0.013235,0.058869,0.182104,1.355421
1991-06-19,0.000000,Test,-0.305664,-0.037094,-0.025690,-0.019175,-0.031071,-0.036464,-0.020570,0.004050,0.048569,0.173527,1.347784
1991-06-20,0.000000,Test,-0.311794,-0.039000,-0.029074,-0.020310,-0.034462,-0.040026,-0.025017,-0.004374,0.037272,0.160658,1.325569
1991-06-21,0.000000,Test,-0.327136,-0.047772,-0.031752,-0.018149,-0.033356,-0.037300,-0.024234,-0.004276,0.029054,0.146488,1.267701
1991-06-22,0.000000,Test,-0.331830,-0.058125,-0.033967,-0.026687,-0.033111,-0.037329,-0.020123,0.007958,0.047950,0.164098,1.297513
1991-06-23,0.000000,Test,-0.341738,-0.061643,-0.038086,-0.025219,-0.034977,-0.038100,-0.023089,0.002141,0.037650,0.152050,1.270139
1991-06-24,0.000000,Test,-0.350115,-0.063679,-0.041301,-0.022455,-0.036173,-0.038266,-0.025708,-0.004073,0.026111,0.139384,1.243716
1991-06-25,0.000000,Test,-0.360595,-0.069262,-0.045742,-0.021298,-0.036693,-0.037394,-0.026507,-0.005537,0.022038,0.135258,1.234036
1991-06-26,0.000000,Test,-0.364230,-0.071213,-0.047635,-0.021010,-0.036743,-0.036720,-0.026399,-0.005622,0.022567,0.136985,1.243001
1991-06-27,0.000000,Test,-0.350369,-0.066812,-0.042935,-0.025807,-0.035575,-0.036940,-0.022879,0.002575,0.041824,0.159432,1.302150
1991-06-28,0.000000,Test,-0.336870,-0.061566,-0.036946,-0.027528,-0.033393,-0.036267,-0.019410,0.009236,0.053913,0.173048,1.333808
1991-06-29,0.000000,Test,-0.330510,-0.058514,-0.033664,-0.027579,-0.032516,-0.036094,-0.018252,0.011272,0.056707,0.175056,1.335365
1991-06-30,0.000000,Test,-0.329869,-0.058461,-0.033532,-0.027732,-0.032498,-0.035693,-0.017674,0.012735,0.059536,0.177741,1.341142
1991-07-01,0.000000,Validation,-0.329150,-0.058391,-0.033286,-0.028027,-0.032313,-0.035479,-0.017099,0.013912,0.061739,0.180132,1.347141
1991-07-02,0.000000,Validation,-0.330141,-0.058841,-0.033630,-0.028183,-0.032572,-0.035718,-0.017323,0.013478,0.061017,0.178986,1.344788
1991-07-03,0.000000,Validation,-0.301196,-0.047252,-0.020591,-0.027267,-0.022874,-0.028936,-0.005922,0.031669,0.089715,0.216262,1.436035
1991-07-04,0.000000,Validation,-0.295975,-0.044879,-0.017987,-0.026620,-0.020699,-0.027298,-0.003497,0.035079,0.094633,0.222339,1.449733
1991-07-05,0.000000,Validation,-0.289684,-0.042026,-0.014849,-0.025629,-0.017989,-0.024981,-0.000319,0.039525,0.101328,0.230435,1.467880
1991-07-06,0.000000,Validation,-0.298796,-0.046040,-0.019114,-0.027031,-0.021919,-0.028138,-0.004242,0.033894,0.092820,0.218809,1.440848
1991-07-07,0.000000,Validation,-0.323922,-0.056570,-0.030499,-0.028882,-0.030749,-0.034549,-0.014016,0.018668,0.069536,0.187855,1.366940
1991-07-08,0.000000,Validation,-0.350608,-0.067043,-0.041869,-0.026434,-0.036165,-0.036853,-0.021714,0.004883,0.045128,0.157903,1.295784
1991-07-09,0.000000,Validation,-0.356107,-0.069848,-0.044627,-0.026348,-0.036729,-0.036704,-0.022347,0.003960,0.044022,0.157519,1.299447
1991-07-10,0.000000,Validation,-0.359167,-0.071754,-0.046210,-0.026694,-0.036785,-0.036417,-0.022229,0.004131,0.044991,0.159646,1.309091
1991-07-11,0.000000,Validation,-0.360904,-0.072877,-0.046959,-0.026814,-0.036690,-0.035906,-0.021738,0.004996,0.046685,0.161784,1.315825
1991-07-12,0.000000,Validation,-0.368987,-0.076269,-0.049897,-0.024765,-0.036736,-0.034759,-0.022133,0.003213,0.041717,0.156365,1.303678
1991-07-13,0.000000,Validation,-0.380978,-0.081465,-0.054026,-0.020786,-0.036013,-0.032139,-0.021918,0.001325,0.034763,0.149764,1.290947
1991-07-14,0.000000,Validation,-0.398310,-0.089594,-0.059744,-0.013695,-0.033316,-0.026237,-0.019211,0.001514,0.028922,0.146887,1.293444
1991-07-15,0.000000,Validation,-0.391782,-0.089248,-0.060218,-0.023046,-0.035528,-0.029791,-0.019562,0.004560,0.044449,0.165619,1.348941
1991-07-16,0.000000,Validation,-0.376364,-0.083174,-0.054317,-0.028511,-0.035734,-0.032414,-0.018266,0.009259,0.057297,0.178755,1.378511
1991-07-17,0.000000,Validation,-0.387809,-0.085721,-0.055985,-0.020423,-0.034807,-0.029976,-0.019549,0.003501,0.037837,0.153851,1.308327
1991-07-18,0.000000,Validation,-0.398705,-0.090003,-0.062467,-0.019804,-0.034522,-0.029208,-0.019113,0.002493,0.036966,0.155356,1.318391
1991-07-19,0.000000,Validation,-0.363119,-0.078506,-0.048845,-0.032766,-0.034015,-0.032323,-0.014063,0.017971,0.076448,0.200950,1.438063
1991-07-20,0.000000,Validation,-0.327947,-0.063180,-0.032442,-0.033075,-0.026475,-0.029258,-0.004831,0.033948,0.100338,0.229188,1.493898
1991-07-21,0.000000,Validation,-0.316360,-0.056558,-0.025944,-0.031908,-0.025278,-0.029646,-0.004120,0.034911,0.098874,0.223687,1.468071
1991-07-22,0.000000,Validation,-0.332498,-0.062992,-0.032715,-0.032370,-0.030341,-0.032640,-0.009561,0.025835,0.084819,0.203546,1.419192
1991-07-23,0.000000,Validation,-0.348650,-0.069495,-0.039354,-0.031270,-0.033406,-0.033722,-0.013571,0.018175,0.072018,0.187055,1.382408
1991-07-24,0.000000,Validation,-0.347471,-0.069383,-0.039203,-0.031889,-0.033042,-0.033288,-0.012540,0.020191,0.076733,0.193123,1.401424
1991-07-25,0.000000,Validation,-0.339934,-0.067035,-0.036524,-0.033008,-0.031253,-0.031892,-0.009278,0.026586,0.088927,0.208534,1.441288
1991-07-26,0.000000,Validation,-0.345434,-0.069643,-0.038709,-0.032821,-0.031974,-0.031502,-0.009619,0.025957,0.088020,0.206503,1.436316
1991-07-27,0.000000,Validation,-0.344830,-0.069561,-0.038229,-0.033089,-0.031584,-0.031099,-0.008672,0.027442,0.090606,0.209213,1.443309
1991-07-28,0.000000,Validation,-0.334627,-0.065656,-0.033820,-0.033792,-0.029004,-0.029743,-0.004953,0.033921,0.101515,0.223150,1.477427
1991-07-29,0.000000,Validation,-0.314823,-0.057087,-0.026333,-0.033345,-0.022059,-0.025721,0.003215,0.046882,0.121661,0.251484,1.546137
1991-07-30,0.000000,Validation,-0.303325,-0.052311,-0.019485,-0.031274,-0.017515,-0.021363,0.008397,0.054825,0.132700,0.264566,1.573849
1991-07-31,0.000000,Validation,-0.313384,-0.057029,-0.023626,-0.032672,-0.020985,-0.023706,0.005575,0.050363,0.126217,0.254484,1.549490
1991-08-01,0.000000,Validation,-0.349777,-0.072790,-0.038843,-0.033788,-0.030319,-0.028778,-0.004717,0.032544,0.098918,0.216791,1.462869
1991-08-02,0.000000,Validation,-0.363219,-0.078650,-0.043734,-0.032320,-0.031212,-0.028438,-0.006199,0.028115,0.089985,0.206153,1.442128
1991-08-03,0.000000,Validation,-0.365150,-0.080031,-0.044654,-0.033055,-0.031017,-0.028210,-0.005528,0.028997,0.092391,0.209887,1.456882
1991-08-04,0.000000,Validation,-0.370770,-0.083031,-0.046705,-0.032586,-0.030606,-0.026997,-0.004600,0.029467,0.092964,0.211347,1.464906
1991-08-05,0.000000,Validation,-0.370325,-0.082513,-0.046221,-0.032626,-0.030175,-0.026695,-0.003811,0.029864,0.094283,0.213495,1.474440
1991-08-06,0.000000,Validation,-0.362594,-0.080257,-0.042876,-0.035438,-0.029251,-0.027059,-0.001558,0.034882,0.103770,0.223742,1.496516
1991-08-07,0.000000,Validation,-0.352662,-0.075752,-0.038296,-0.036391,-0.027809,-0.027014,0.000595,0.038678,0.110324,0.231390,1.513014
1991-08-08,0.000000,Validation,-0.347557,-0.073445,-0.035734,-0.036589,-0.026750,-0.026448,0.002336,0.041518,0.114937,0.236462,1.523545
1991-08-09,0.000000,Validation,-0.359200,-0.078899,-0.040053,-0.035876,-0.027650,-0.025661,0.001789,0.039233,0.110938,0.230652,1.512374
1991-08-10,0.000000,Validation,-0.344056,-0.072514,-0.034208,-0.037314,-0.025174,-0.024797,0.005795,0.047265,0.125669,0.249615,1.557801
1991-08-11,0.000000,Validation,-0.346286,-0.073818,-0.034778,-0.037586,-0.024982,-0.024329,0.006570,0.047893,0.126920,0.250904,1.562470
1991-08-12,0.000000,Validation,-0.349384,-0.075224,-0.035548,-0.037685,-0.025097,-0.024107,0.006904,0.047592,0.126408,0.249504,1.560066
1991-08-13,0.000000,Validation,-0.354523,-0.077903,-0.037444,-0.037917,-0.025206,-0.023599,0.007443,0.047627,0.126985,0.250076,1.565093
1991-08-14,0.000000,Validation,-0.331449,-0.067431,-0.028376,-0.038056,-0.019980,-0.021522,0.013807,0.058919,0.145089,0.275731,1.625238
1991-08-15,0.000000,Validation,-0.334113,-0.068868,-0.028543,-0.038190,-0.020232,-0.021192,0.014047,0.058583,0.144586,0.274118,1.621938
1991-08-16,0.000000,Validation,-0.356602,-0.079013,-0.037087,-0.038474,-0.023865,-0.022428,0.010318,0.049578,0.130805,0.255033,1.583939
1991-08-17,0.000000,Validation,-0.353245,-0.078080,-0.036039,-0.039597,-0.023151,-0.022159,0.011970,0.052756,0.137547,0.263930,1.608574
1991-08-18,0.000000,Validation,-0.327288,-0.066214,-0.025610,-0.038451,-0.016851,-0.018747,0.019204,0.065666,0.157870,0.293451,1.678115
1991-08-19,0.000000,Validation,-0.339665,-0.072559,-0.031134,-0.040026,-0.019694,-0.019280,0.017782,0.063419,0.156915,0.289882,1.673048
1991-08-20,0.000000,Validation,-0.365861,-0.085315,-0.041353,-0.040302,-0.022314,-0.019015,0.016021,0.057090,0.147505,0.276469,1.651320
1991-08-21,0.000000,Validation,-0.344856,-0.075569,-0.033639,-0.041500,-0.019930,-0.018877,0.019235,0.065052,0.162235,0.296878,1.699192
1991-08-22,0.000000,Validation,-0.329006,-0.068491,-0.026986,-0.040363,-0.015241,-0.016091,0.024495,0.073724,0.175009,0.316019,1.743720
1991-08-23,0.000000,Validation,-0.332320,-0.070100,-0.028276,-0.041200,-0.016134,-0.016448,0.024415,0.073219,0.175020,0.314670,1.740714
1991-08-24,0.000000,Validation,-0.328842,-0.068579,-0.026799,-0.041187,-0.014789,-0.015549,0.026404,0.076037,0.179725,0.321334,1.758050
1991-08-25,0.000000,Validation,-0.331161,-0.069950,-0.027998,-0.042091,-0.015198,-0.015742,0.026710,0.076229,0.181330,0.323340,1.766640
1991-08-26,0.000000,Validation,-0.329708,-0.069404,-0.028567,-0.042902,-0.014386,-0.015481,0.028288,0.078671,0.186629,0.331688,1.791222
1991-08-27,0.000000,Validation,-0.319994,-0.065232,-0.024228,-0.041667,-0.010937,-0.012639,0.032214,0.085073,0.196333,0.345779,1.825272
1991-08-28,0.000000,Validation,-0.322239,-0.066695,-0.025259,-0.042562,-0.011518,-0.012884,0.032388,0.085112,0.197682,0.347285,1.832113
1991-08-29,0.000000,Validation,-0.324615,-0.068365,-0.026950,-0.043756,-0.012152,-0.013097,0.032724,0.085804,0.200778,0.351303,1.846006
1991-08-30,0.000000,Validation,-0.327140,-0.070069,-0.028737,-0.045024,-0.012918,-0.013462,0.032860,0.086265,0.203451,0.354670,1.858392
1991-08-31,0.000000,Validation,-0.335847,-0.074822,-0.033145,-0.047258,-0.015454,-0.014890,0.031454,0.084089,0.202972,0.352856,1.860408
1991-09-01,0.000000,Validation,-0.351890,-0.083001,-0.040321,-0.049916,-0.018943,-0.016757,0.028934,0.078801,0.198254,0.345095,1.853294
1991-09-02,0.000000,Validation,-0.347546,-0.081590,-0.039512,-0.050641,-0.018284,-0.016405,0.030342,0.082179,0.205105,0.354994,1.879726
1991-09-03,0.000000,Validation,-0.336016,-0.076572,-0.036496,-0.050410,-0.015407,-0.014831,0.033831,0.089207,0.216934,0.373672,1.925738
1991-09-04,0.000000,Validation,-0.341261,-0.079302,-0.044292,-0.054336,-0.016695,-0.017454,0.033708,0.089789,0.222519,0.385740,1.968463
1991-09-05,0.000000,Validation,-0.344638,-0.081823,-0.043012,-0.054043,-0.016912,-0.015820,0.034377,0.090350,0.224527,0.385624,1.970304
1991-09-06,0.000000,Validation,-0.356250,-0.088455,-0.051045,-0.057621,-0.019436,-0.017423,0.033805,0.089755,0.229159,0.392321,1.999467
1991-09-07,0.000000,Validation,-0.361038,-0.092821,-0.050425,-0.057383,-0.019885,-0.015050,0.034621,0.091214,0.233376,0.394557,2.008468
1991-09-08,0.000000,Validation,-0.351112,-0.088347,-0.047257,-0.057300,-0.018535,-0.014943,0.036138,0.094844,0.238813,0.403220,2.026637
1991-09-09,0.000000,Validation,-0.342456,-0.084670,-0.044477,-0.056961,-0.017027,-0.014257,0.037712,0.098471,0.244540,0.412360,2.047523
1991-09-10,0.000000,Validation,-0.341564,-0.084531,-0.044994,-0.057477,-0.017110,-0.014005,0.038541,0.100514,0.248869,0.417217,2.059570
1991-09-11,0.000000,Validation,-0.339848,-0.084031,-0.045860,-0.058282,-0.016968,-0.014073,0.039380,0.102663,0.253669,0.424015,2.078204
1991-09-12,0.000000,Validation,-0.343804,-0.086166,-0.052068,-0.061329,-0.018238,-0.016040,0.039223,0.103560,0.259255,0.434265,2.114057
1991-09-13,0.000000,Validation,-0.348903,-0.089828,-0.051269,-0.061058,-0.019566,-0.014678,0.038839,0.102901,0.259498,0.430092,2.103884
1991-09-14,0.000000,Validation,-0.352694,-0.092623,-0.053607,-0.062528,-0.020538,-0.015128,0.038878,0.103280,0.262021,0.431988,2.111484
1991-09-15,0.000000,Validation,-0.360347,-0.097343,-0.058022,-0.064482,-0.022191,-0.015563,0.038544,0.103149,0.265622,0.435286,2.127735
1991-09-16,0.000000,Validation,-0.368727,-0.101950,-0.062140,-0.065649,-0.022766,-0.015076,0.039414,0.103799,0.269492,0.438794,2.145545
1991-09-17,0.000000,Validation,-0.371224,-0.103778,-0.064008,-0.066373,-0.022864,-0.014583,0.040386,0.105666,0.274556,0.444977,2.165988
1991-09-18,0.000000,Validation,-0.372683,-0.105249,-0.065629,-0.067102,-0.022909,-0.013936,0.041548,0.108250,0.280917,0.452941,2.189632
1991-09-19,0.000000,Validation,-0.380831,-0.110282,-0.069448,-0.067747,-0.022107,-0.012235,0.044236,0.111235,0.288214,0.462000,2.223444
1991-09-20,0.000000,Validation,-0.352254,-0.096105,-0.063657,-0.068493,-0.021627,-0.015092,0.043256,0.116767,0.296355,0.480929,2.253815
1991-09-21,0.000000,Validation,-0.379836,-0.124445,-0.110144,-0.098348,-0.045480,-0.041404,0.024784,0.094086,0.281455,0.504373,2.403250
1991-09-22,0.000000,Validation,-0.367384,-0.109105,-0.070910,-0.069496,-0.017980,-0.005062,0.052628,0.131295,0.338375,0.550799,2.488081
1991-09-23,0.000000,Validation,-0.369142,-0.112379,-0.070216,-0.070244,-0.016839,-0.003664,0.057183,0.137054,0.344657,0.552521,2.473385
1991-09-24,0.000000,Validation,-0.384386,-0.122138,-0.092952,-0.082666,-0.026838,-0.016152,0.047359,0.128551,0.345758,0.566407,2.548883
1991-09-25,0.000000,Validation,-0.351333,-0.105018,-0.065820,-0.069885,-0.014810,-0.003026,0.058225,0.145602,0.354540,0.564887,2.487741
1991-09-26,0.000000,Validation,-0.326108,-0.092072,-0.054175,-0.063545,-0.006219,0.003843,0.065972,0.157785,0.365756,0.578861,2.495871
1991-09-27,0.000000,Validation,-0.318583,-0.089370,-0.052892,-0.062225,-0.003911,0.006623,0.069027,0.163997,0.376089,0.591718,2.520472
1991-09-28,0.000000,Validation,-0.357994,-0.149049,-0.115483,-0.078855,0.017693,0.038234,0.126577,0.238461,0.566891,1.012449,4.082581
1991-09-29,0.000000,Validation,-0.446876,-0.188307,-0.133248,-0.069183,0.051459,0.103547,0.187937,0.354261,0.871089,1.363793,5.329815
1991-09-30,0.000000,Validation,-0.396253,-0.154228,-0.088747,-0.053274,0.049133,0.098711,0.180470,0.337323,0.771868,1.197341,4.483449
1991-10-01,0.000000,Test,-0.391626,-0.154848,-0.096091,-0.073844,0.008226,0.049364,0.124167,0.261794,0.619137,0.959790,3.705796
1991-10-02,0.000000,Test,-0.380263,-0.138128,-0.091208,-0.074799,-0.006034,0.027888,0.101311,0.227186,0.534837,0.818644,3.216794
1991-10-03,0.000000,Test,-0.358022,-0.122087,-0.082848,-0.072665,-0.008065,0.020653,0.093416,0.217774,0.500317,0.758663,2.997972
1991-10-04,0.000000,Test,-0.353220,-0.117001,-0.081700,-0.073558,-0.013355,0.013620,0.085490,0.206821,0.474426,0.714594,2.857066
1991-10-05,0.000000,Test,-0.354510,-0.116360,-0.083054,-0.075347,-0.018295,0.008328,0.079478,0.198117,0.457703,0.686406,2.772129
1991-10-06,0.000000,Test,-0.353474,-0.115772,-0.083925,-0.076954,-0.021513,0.004979,0.075321,0.192867,0.448117,0.670849,2.723370
1991-10-07,0.000000,Test,-0.342035,-0.111496,-0.081475,-0.076458,-0.019890,0.006164,0.075814,0.195936,0.451813,0.677892,2.732069
1991-10-08,0.000000,Test,-0.321370,-0.103571,-0.079238,-0.070513,-0.007432,0.019280,0.089493,0.218191,0.490356,0.736756,2.865591
1991-10-09,0.000000,Test,-0.389544,-0.188143,-0.170469,-0.085753,0.033271,0.093784,0.195223,0.395622,0.950407,1.603691,5.639181
1991-10-10,0.000000,Test,-0.522302,-0.123063,-0.089487,0.261323,0.757191,1.046081,1.376466,2.577643,6.532098,9.280248,32.745220
1991-10-11,0.000000,Test,-0.533609,-0.089579,0.011149,0.420333,0.956387,1.319549,1.748310,3.136201,7.778664,10.938863,35.763119
1991-10-12,0.000000,Test,-0.539061,-0.157535,-0.051510,0.304102,0.918418,1.239525,1.661949,3.397868,9.211894,14.055177,46.293919
1991-10-13,0.000000,Test,-0.411665,0.000801,0.141231,0.464301,0.862402,1.160137,1.490505,2.516915,5.707872,7.923568,23.464289
1991-10-14,0.000000,Test,-0.429333,-0.109307,-0.005758,0.186983,0.424013,0.617596,0.832555,1.427636,3.237622,4.623355,13.726381
1991-10-15,0.000000,Test,-0.396896,-0.122710,-0.034916,0.105777,0.287232,0.434909,0.617353,1.045388,2.261140,3.245364,9.382903
1991-10-16,0.000000,Test,-0.396753,-0.147195,-0.080795,0.042097,0.190274,0.312747,0.484327,0.840824,1.816197,2.605506,7.606416
1991-10-17,0.000000,Test,-0.403203,-0.169654,-0.115744,-0.003945,0.123994,0.235396,0.389968,0.711910,1.531412,2.180482,6.452068
1991-10-18,0.000000,Test,-0.404224,-0.178079,-0.130505,-0.031800,0.080067,0.181217,0.320237,0.612595,1.325866,1.881369,5.704967
1991-10-19,0.000000,Test,-0.403558,-0.185107,-0.142325,-0.046321,0.060004,0.156537,0.286656,0.568867,1.228723,1.739541,5.309192
1991-10-20,0.000000,Test,-0.399667,-0.188576,-0.149169,-0.047356,0.060348,0.156977,0.285761,0.570911,1.196965,1.684055,5.045947
1991-10-21,0.000000,Test,-0.397299,-0.189892,-0.153198,-0.043780,0.063144,0.160963,0.290742,0.580431,1.168113,1.630910,4.771219
1991-10-22,0.000000,Test,-0.412519,-0.203920,-0.171500,-0.049939,0.059921,0.159185,0.291079,0.591256,1.186465,1.659049,4.814093
1991-10-23,0.000000,Test,-0.451161,-0.243259,-0.214531,-0.075135,0.046629,0.150077,0.286721,0.608844,1.288199,1.860458,5.453204
1991-10-24,0.000000,Test,-0.571068,-0.371018,-0.335585,-0.180592,-0.027941,0.106669,0.247157,0.646942,1.763893,2.797362,9.004492
1991-10-25,0.000000,Test,-0.797140,-0.514711,-0.241412,0.665543,2.868935,3.655945,6.487086,14.820546,39.384552,68.507538,152.147034
1991-10-26,0.000000,Test,-0.292916,0.587162,1.724328,5.403396,12.422905,16.063677,23.694786,44.735729,94.107018,131.056870,308.772522
1991-10-27,0.000000,Test,-0.578142,-0.132177,0.392481,1.817366,3.940151,5.365850,7.775487,14.008465,30.997698,44.261261,105.518265
1991-10-28,0.000000,Test,-0.629434,-0.363282,-0.088260,0.403582,0.997352,1.472133,2.123891,3.737059,8.719648,12.822299,32.196777
1991-10-29,0.000000,Test,-0.589191,-0.372050,-0.211824,0.046935,0.312286,0.553593,0.856452,1.572118,3.680042,5.404405,14.165734
1991-10-30,0.000000,Test,-0.546834,-0.336544,-0.209168,0.010572,0.222185,0.422273,0.675452,1.250264,2.811384,4.038314,10.631668
1991-10-31,0.000000,Test,-0.501950,-0.297977,-0.205712,-0.030552,0.135781,0.299095,0.498283,0.957586,2.086629,2.938051,7.946585
1991-11-01,0.000000,Test,-0.479629,-0.278105,-0.202107,-0.029586,0.126254,0.278709,0.469120,0.900926,1.865435,2.593236,6.924585
1991-11-02,0.000000,Test,-0.476559,-0.279779,-0.207626,-0.050477,0.091084,0.233984,0.402939,0.803666,1.685527,2.330271,6.386619
1991-11-03,0.000000,Test,-0.481265,-0.287951,-0.215732,-0.074338,0.052727,0.187841,0.336545,0.710806,1.539832,2.132113,6.030736
1991-11-04,0.000000,Test,-0.483641,-0.292118,-0.221566,-0.082560,0.041352,0.173143,0.314811,0.681480,1.485284,2.060180,5.866428
1991-11-05,0.000000,Test,-0.461516,-0.267142,-0.207045,-0.049626,0.079900,0.213767,0.367421,0.749215,1.479612,2.018395,5.450191
1991-11-06,0.000000,Test,-0.468447,-0.274994,-0.212092,-0.053063,0.076316,0.212301,0.362061,0.745537,1.481856,2.020056,5.451319
1991-11-07,0.000000,Test,-0.477832,-0.286120,-0.217652,-0.055088,0.077236,0.217536,0.366274,0.757107,1.521155,2.077169,5.588790
1991-11-08,0.000000,Test,-0.484524,-0.293556,-0.222659,-0.056433,0.076601,0.219232,0.366508,0.762698,1.539627,2.107433,5.649943
1991-11-09,0.000000,Test,-0.492566,-0.301636,-0.228754,-0.056139,0.077853,0.223968,0.371156,0.775998,1.575734,2.165715,5.770920
1991-11-10,0.000000,Test,-0.498536,-0.307793,-0.233040,-0.056614,0.077788,0.226550,0.372495,0.782625,1.603053,2.212763,5.878564
1991-11-11,0.000000,Test,-0.479650,-0.290839,-0.223049,-0.069867,0.052666,0.188613,0.318759,0.691882,1.428286,1.969127,5.374376
1991-11-12,0.000000,Test,-0.449289,-0.262888,-0.203096,-0.079575,0.030191,0.148580,0.262767,0.590529,1.217271,1.670889,4.729940
1991-11-13,0.000000,Test,-0.429060,-0.244500,-0.205264,-0.103353,0.006231,0.103896,0.207665,0.495697,1.050467,1.491704,4.495108
1991-11-14,0.000000,Test,-0.442243,-0.255878,-0.189983,-0.094036,0.015560,0.128971,0.222100,0.518871,1.131644,1.591712,4.811746
1991-11-15,0.000000,Test,-0.441019,-0.254373,-0.192655,-0.118408,-0.018161,0.082637,0.165663,0.436821,1.031534,1.466435,4.694315
1991-11-16,0.000000,Test,-0.438795,-0.257445,-0.188418,-0.105704,-0.000132,0.108949,0.197116,0.485421,1.106025,1.562642,4.823505
1991-11-17,0.000000,Test,-0.426219,-0.244820,-0.181448,-0.091258,0.014508,0.123039,0.219273,0.514716,1.103596,1.532117,4.562867
1991-11-18,0.000000,Test,-0.426917,-0.245687,-0.183555,-0.088470,0.016605,0.127313,0.225744,0.527926,1.115325,1.533511,4.515797
1991-11-19,0.000000,Test,-0.425961,-0.242862,-0.184537,-0.078156,0.028087,0.141525,0.247039,0.560354,1.139619,1.549416,4.451250
1991-11-20,0.000000,Test,-0.418120,-0.230956,-0.182017,-0.067062,0.036444,0.152168,0.260404,0.579082,1.125403,1.488007,4.241438
1991-11-21,0.000000,Test,-0.412469,-0.229352,-0.181147,-0.074439,0.033133,0.150435,0.255100,0.565211,1.095580,1.444999,4.171450
1991-11-22,0.000000,Test,-0.427837,-0.247146,-0.194120,-0.080392,0.036000,0.162574,0.270336,0.596578,1.164940,1.542729,4.407536
1991-11-23,0.000000,Test,-0.454555,-0.272740,-0.212286,-0.079888,0.047123,0.187149,0.304163,0.665638,1.306382,1.726688,4.809477
1991-11-24,0.000000,Test,-0.457315,-0.268336,-0.207936,-0.067725,0.047867,0.180196,0.298183,0.662176,1.326874,1.781462,4.905092
1991-11-25,0.000000,Test,-0.471292,-0.287008,-0.224308,-0.099065,0.019764,0.143932,0.251944,0.598146,1.314544,1.841202,5.316877
1991-11-26,0.000000,Test,-0.481271,-0.298063,-0.227476,-0.110163,0.005789,0.131758,0.230074,0.571495,1.317289,1.862331,5.511576
1991-11-27,0.000000,Test,-0.487156,-0.299040,-0.235737,-0.085428,0.045810,0.181139,0.306652,0.687584,1.470524,2.070154,5.769538
1991-11-28,0.000000,Test,-0.508798,-0.318847,-0.246818,-0.080972,0.057648,0.206830,0.338584,0.748743,1.629292,2.310462,6.398640
1991-11-29,0.000000,Test,-0.587869,-0.394034,-0.331196,-0.111129,0.080495,0.275930,0.462722,1.026016,2.384744,3.503243,9.603818
1991-11-30,0.000000,Test,-0.824915,-0.633830,-0.497366,-0.128490,0.503200,1.029803,1.638323,3.855733,11.197887,16.806988,47.494499
1991-12-01,0.000000,Test,-0.735669,-0.482983,-0.272708,0.263134,0.904835,1.524335,2.223506,4.325184,10.641850,15.020797,38.383526
1991-12-02,0.000000,Test,-0.676728,-0.438121,-0.291294,0.097789,0.478057,0.842165,1.240991,2.404589,5.616169,8.108631,20.215071
1991-12-03,0.000000,Test,-0.603202,-0.379975,-0.242157,0.087502,0.370142,0.661701,0.970257,1.821450,3.907850,5.520422,13.350748
1991-12-04,0.000000,Test,-0.639867,-0.409315,-0.287720,0.090215,0.431182,0.736373,1.129913,2.138064,4.670584,6.804136,16.408197
1991-12-05,0.000000,Test,-0.787702,-0.544895,-0.322440,0.345414,1.430084,2.255570,3.578477,7.374721,18.707809,28.020689,69.996864
1991-12-06,0.000000,Test,-0.712610,-0.444305,-0.105351,0.669098,1.697687,2.544975,3.763480,7.007786,16.543585,24.096502,60.213055
1991-12-07,0.000000,Test,-0.717335,-0.446069,-0.172013,0.555785,1.480034,2.161187,3.265993,6.004302,13.890492,20.814917,50.521839
1991-12-08,0.000000,Test,-0.611269,-0.109574,0.303014,2.208705,5.096115,7.262294,11.083626,20.756472,44.402081,60.244934,138.776779
1991-12-09,0.000000,Test,-0.486129,0.081329,0.643972,2.556719,4.843791,7.021575,9.671763,16.168772,31.795584,41.792866,94.312500
1991-12-10,0.000000,Test,-0.506974,-0.098078,0.348963,1.499383,2.710369,3.843512,5.209361,8.368753,16.092417,21.940208,48.190163
1991-12-11,0.000000,Test,-0.499401,-0.165593,0.200363,1.045648,1.880251,2.604661,3.517367,5.531867,10.187106,13.981687,30.012245
1991-12-12,0.000000,Test,-0.495371,-0.198429,0.086482,0.761948,1.383784,1.917564,2.585466,4.087823,7.245822,9.712070,20.446251
1991-12-13,0.000000,Test,-0.588191,-0.283873,-0.063482,0.663554,1.357605,1.943517,2.826481,4.694486,9.118507,12.913428,29.109480
1991-12-14,471.571054,Test,-0.272646,0.749248,1.625277,6.550545,15.872071,20.670444,35.016346,67.303474,133.079025,172.359741,406.013275
1991-12-15,89.063795,Test,1.698703,4.567708,6.703663,18.540239,33.990017,42.829971,58.634811,91.223709,155.995972,198.362595,434.761322
1991-12-16,15.461346,Test,1.817088,4.453571,6.204814,17.051001,28.970953,36.712971,49.061176,73.561974,120.327568,151.156860,314.299957
1991-12-17,11.112842,Test,2.338825,5.439639,7.420688,20.331432,34.205894,43.132378,56.929878,85.425133,138.192764,174.044357,363.398010
1991-12-18,8.052784,Test,0.658611,2.156916,3.482016,8.469858,13.214907,18.149343,22.427280,32.874096,54.129894,66.026604,145.907776
1991-12-19,4.831671,Test,-0.230474,0.374997,1.038127,2.730621,4.507576,6.152997,7.926688,11.843448,20.921387,27.282875,59.034607
1991-12-20,3.382169,Test,-0.276758,0.201005,0.722894,1.936705,3.168492,4.229355,5.457731,7.971436,13.578150,17.729052,37.620827
1991-12-21,2.415835,Test,-0.355406,0.034791,0.413721,1.319890,2.187644,2.934804,3.794165,5.646129,9.401204,12.090584,25.112249
1991-12-22,1.771613,Test,-0.366596,-0.008569,0.346270,1.180966,1.963707,2.625067,3.400939,5.066609,8.399454,10.815712,22.278692
1991-12-23,1.610557,Test,-0.445442,-0.155407,0.135577,0.788337,1.395090,1.901949,2.508796,3.869867,6.659354,8.744857,18.089548
1991-12-24,1.288446,Test,-0.502125,-0.253791,-0.021139,0.502494,0.962883,1.361882,1.831074,2.958356,5.251774,6.967209,14.644197
1991-12-25,1.127390,Test,-0.490937,-0.226433,0.002626,0.559020,1.023478,1.442515,1.912230,3.075327,5.298365,6.865999,14.402905
1991-12-26,0.966334,Test,-0.515878,-0.269600,-0.077980,0.398134,0.781126,1.141417,1.530391,2.542042,4.451373,5.766108,12.357970
1991-12-27,0.805278,Test,-0.533895,-0.307553,-0.147520,0.247024,0.569298,0.879421,1.190973,2.055014,3.658965,4.750980,10.498759
1991-12-28,0.805278,Test,-0.535563,-0.316892,-0.157412,0.214890,0.534522,0.838794,1.128127,1.956624,3.491967,4.557227,10.201221
1991-12-29,0.644223,Test,-0.543884,-0.325335,-0.169057,0.201787,0.503369,0.799486,1.081472,1.902834,3.442487,4.500763,10.085241
1991-12-30,0.644223,Test,-0.551737,-0.333967,-0.176645,0.199839,0.484009,0.774838,1.053660,1.881591,3.462970,4.558495,10.185541
1991-12-31,0.644223,Test,-0.551625,-0.335938,-0.171227,0.201229,0.507703,0.811011,1.086181,1.922340,3.521744,4.637558,10.440009
1992-01-01,0.644223,Training,-0.552158,-0.349271,-0.211770,0.098259,0.350368,0.609282,0.834284,1.543664,2.902890,3.856819,8.946774
1992-01-02,0.644223,Training,-0.544326,-0.345687,-0.231677,0.041198,0.237707,0.458782,0.647228,1.269576,2.460958,3.279853,7.788116
1992-01-03,0.483167,Training,-0.523025,-0.330492,-0.233456,-0.002896,0.163307,0.355530,0.512045,1.049558,2.065310,2.752074,6.760178
1992-01-04,0.483167,Training,-0.483106,-0.303177,-0.222458,-0.053757,0.091335,0.254223,0.373791,0.807410,1.593035,2.115976,5.519145
1992-01-05,0.483167,Training,-0.433949,-0.259353,-0.193000,-0.071626,0.047921,0.180165,0.273349,0.624641,1.226481,1.614453,4.465144
1992-01-06,0.483167,Training,-0.432237,-0.252708,-0.188183,-0.060475,0.051830,0.180787,0.274914,0.629904,1.236443,1.624068,4.453747
1992-01-07,0.483167,Training,-0.433118,-0.252426,-0.188069,-0.056405,0.055873,0.179016,0.275136,0.631007,1.251960,1.679815,4.579917
1992-01-08,0.483167,Training,-0.432182,-0.257447,-0.183698,-0.063635,0.048742,0.170527,0.259105,0.606857,1.239897,1.692370,4.670121
1992-01-09,0.483167,Training,-0.440717,-0.257942,-0.199905,-0.056733,0.062947,0.188148,0.290918,0.658072,1.299819,1.752786,4.764786
1992-01-10,0.322111,Training,-0.445202,-0.271167,-0.198304,-0.072308,0.056268,0.196300,0.288710,0.651974,1.293524,1.725935,4.761132
1992-01-11,0.322111,Training,-0.445115,-0.283046,-0.203420,-0.085463,0.054841,0.202793,0.292743,0.655025,1.293326,1.746888,4.863227
1992-01-12,0.322111,Training,-0.465604,-0.292611,-0.219884,-0.078694,0.068994,0.219960,0.322885,0.712475,1.414835,1.914881,5.216184
1992-01-13,0.322111,Training,-0.462789,-0.276831,-0.206264,-0.050706,0.078381,0.223558,0.328073,0.729460,1.454263,1.944520,5.189523
1992-01-14,5.636949,Training,-0.721900,-0.458551,-0.298876,0.213188,0.853305,1.441125,2.093152,4.279304,12.198563,18.155931,50.729267
1992-01-15,138.991059,Training,-0.707728,-0.321492,-0.004473,1.042122,2.707231,3.960716,5.517901,11.025998,27.808136,37.468109,96.227196
1992-01-16,11.757065,Training,-0.646031,-0.363928,-0.125605,0.404047,0.999061,1.583914,2.039531,3.908411,9.067340,12.681233,30.297575
1992-01-17,5.153782,Training,-0.572433,-0.340902,-0.156215,0.179523,0.538639,0.881669,1.163256,2.155700,4.552408,6.403682,14.904624
1992-01-18,3.865337,Training,-0.542020,-0.332935,-0.184765,0.101385,0.382533,0.652818,0.892865,1.663257,3.306423,4.585538,10.638470
1992-01-19,3.060058,Training,-0.518029,-0.313577,-0.186297,0.078663,0.321455,0.558659,0.777391,1.460100,2.808456,3.820967,8.877100
1992-01-20,2.415835,Training,-0.502287,-0.318046,-0.194124,0.033455,0.276426,0.508181,0.696598,1.307766,2.455533,3.359208,8.053634
1992-01-21,2.093724,Training,-0.498769,-0.320709,-0.201167,0.016414,0.250029,0.476643,0.651858,1.233659,2.300637,3.147904,7.683662
1992-01-22,1.610557,Training,-0.501410,-0.322631,-0.205616,0.009229,0.234493,0.454243,0.622891,1.192399,2.231054,3.048179,7.441260
1992-01-23,1.449501,Training,-0.495201,-0.325921,-0.214282,-0.004170,0.215332,0.439516,0.601856,1.148222,2.122632,2.902345,7.439358
1992-01-24,1.288446,Training,-0.495513,-0.327204,-0.218817,-0.012887,0.200260,0.420781,0.577735,1.110288,2.058577,2.816701,7.327929
1992-01-25,1.127390,Training,-0.507897,-0.322522,-0.212487,-0.003359,0.200215,0.401206,0.556044,1.098726,2.099812,2.866699,6.999493
1992-01-26,0.966334,Training,-0.503882,-0.310671,-0.209285,0.006916,0.187521,0.375264,0.528072,1.063085,2.050226,2.774062,6.740792
1992-01-27,0.805278,Training,-0.503879,-0.318278,-0.211475,-0.002955,0.188873,0.382847,0.530709,1.062211,2.046415,2.789306,6.827179
1992-01-28,0.805278,Training,-0.487081,-0.302215,-0.212346,-0.027533,0.145661,0.317808,0.449185,0.923105,1.792663,2.443110,6.166646
1992-01-29,0.805278,Training,-0.637007,-0.373566,-0.255303,0.176785,0.697534,1.132969,1.598365,2.932531,7.245916,10.686357,27.363195
1992-01-30,0.805278,Training,-0.691535,-0.367504,-0.115315,0.566798,1.478368,2.303116,3.000470,5.821219,14.550098,19.938213,51.646935
1992-01-31,0.644223,Training,-0.602810,-0.346996,-0.155529,0.215866,0.648742,1.045345,1.316263,2.516712,5.704012,8.140388,19.713598
1992-02-01,0.644223,Training,-0.581895,-0.350803,-0.164095,0.191587,0.526440,0.841007,1.113284,2.100873,4.475371,6.443833,14.904546
1992-02-02,0.644223,Training,-0.522483,-0.320141,-0.190699,0.056305,0.270039,0.477543,0.653969,1.291867,2.651727,3.754078,8.935721
1992-02-03,0.644223,Training,-0.475225,-0.283312,-0.181667,0.014443,0.183790,0.351006,0.491195,0.999130,1.982695,2.735033,6.720383
1992-02-04,0.483167,Training,-0.462793,-0.274976,-0.182126,0.003280,0.157836,0.314851,0.444972,0.920285,1.801179,2.463764,6.119984
1992-02-05,0.483167,Training,-0.456680,-0.271178,-0.184430,-0.005982,0.139321,0.291496,0.413657,0.868371,1.684947,2.286503,5.739096
1992-02-06,0.483167,Training,-0.453474,-0.269363,-0.187140,-0.014709,0.125048,0.275130,0.390535,0.829993,1.601523,2.156744,5.470156
1992-02-07,0.483167,Training,-0.451711,-0.269183,-0.189303,-0.022714,0.114762,0.264392,0.374064,0.801918,1.543091,2.068756,5.296145
1992-02-08,0.483167,Training,-0.451064,-0.269451,-0.190654,-0.027142,0.107893,0.256516,0.362328,0.782970,1.506106,2.016745,5.189728
1992-02-09,0.483167,Validation,-0.451544,-0.272083,-0.193232,-0.034855,0.101341,0.250286,0.352699,0.766059,1.474168,1.974027,5.112550
1992-02-10,0.322111,Validation,-0.449576,-0.268627,-0.188551,-0.024476,0.103632,0.246789,0.348887,0.764037,1.478213,1.999490,5.141120
1992-02-11,0.322111,Validation,-0.449516,-0.269061,-0.189959,-0.028710,0.098909,0.241945,0.342206,0.752453,1.453821,1.956787,5.054467
1992-02-12,0.322111,Validation,-0.471462,-0.289311,-0.216938,-0.031985,0.113434,0.259014,0.375910,0.815606,1.606697,2.236214,5.751077
1992-02-13,0.322111,Validation,-0.480443,-0.296431,-0.207038,-0.032136,0.110012,0.268427,0.370137,0.807799,1.624611,2.239288,5.830262
1992-02-14,0.322111,Validation,-0.471937,-0.291054,-0.201922,-0.030954,0.109143,0.264317,0.365722,0.798822,1.594859,2.190106,5.660121
1992-02-15,0.322111,Validation,-0.487326,-0.305605,-0.214420,-0.032049,0.115995,0.279875,0.387693,0.842167,1.678662,2.294910,5.868810
1992-02-16,0.322111,Validation,-0.486276,-0.307797,-0.208400,-0.018407,0.126370,0.285943,0.396643,0.862597,1.740762,2.443013,6.139441
1992-02-17,0.322111,Validation,-0.437468,-0.267352,-0.187025,-0.054510,0.070980,0.195237,0.278512,0.648701,1.312323,1.850530,4.993072
1992-02-18,0.322111,Validation,-0.493313,-0.317731,-0.234677,-0.044167,0.131786,0.290387,0.409564,0.886577,1.856868,2.718871,7.107269
1992-02-19,0.322111,Validation,-0.573487,-0.368003,-0.267221,-0.043467,0.184932,0.405549,0.532108,1.123000,2.507342,3.574240,9.628515
1992-02-20,0.161056,Validation,-0.532189,-0.359635,-0.234111,-0.065978,0.154993,0.372870,0.477192,0.995426,2.129135,3.061873,8.119050
1992-02-21,0.161056,Validation,-0.511746,-0.332906,-0.225131,-0.048929,0.135185,0.323930,0.434236,0.921671,1.891544,2.653825,6.840971
1992-02-22,0.161056,Validation,-0.499759,-0.311959,-0.213761,-0.016502,0.144488,0.321350,0.441384,0.939251,1.878628,2.598235,6.518878
1992-02-23,0.161056,Validation,-0.530444,-0.335963,-0.248704,-0.011056,0.186610,0.378500,0.534140,1.104630,2.260139,3.223700,8.027180
1992-02-24,0.161056,Validation,-0.717621,-0.365809,-0.147048,0.659746,1.805344,2.848195,3.645976,7.373646,19.599272,27.940561,73.159714
1992-02-25,0.161056,Validation,-0.665515,-0.278986,0.062069,1.045006,2.462363,3.688626,4.726227,9.272952,21.892488,29.954281,72.833031
1992-02-26,0.322111,Validation,-0.633473,-0.357004,-0.109608,0.410917,0.964463,1.516883,1.904853,3.636047,8.091640,11.629013,27.159283
1992-02-27,0.322111,Validation,-0.581863,-0.343341,-0.137835,0.247756,0.621378,0.988548,1.283544,2.380504,4.918344,7.029974,15.985347
1992-02-28,0.322111,Validation,-0.544398,-0.331982,-0.165887,0.150293,0.424299,0.692008,0.931519,1.758599,3.503440,5.000907,11.349740
1992-02-29,0.322111,Validation,-0.529248,-0.331490,-0.170873,0.119380,0.369283,0.609232,0.832772,1.583735,3.130332,4.499191,10.256883
1992-03-01,0.322111,Validation,-0.525387,-0.329014,-0.171551,0.124295,0.370402,0.609771,0.834947,1.577444,3.064745,4.365499,9.906484
1992-03-02,0.483167,Validation,-0.503801,-0.323087,-0.194219,0.034442,0.227007,0.416225,0.579810,1.165012,2.331352,3.354841,8.065562
1992-03-03,0.322111,Validation,-0.497868,-0.319270,-0.194914,0.025582,0.205750,0.390341,0.542213,1.099962,2.183110,3.116660,7.529702
1992-03-04,0.161056,Validation,-0.505200,-0.315778,-0.211165,0.030612,0.214496,0.397747,0.561200,1.129534,2.195257,3.104773,7.480100
1992-03-05,0.161056,Validation,-0.511731,-0.338258,-0.211869,-0.001038,0.170897,0.353488,0.485684,1.019589,2.096185,3.041487,7.572475
1992-03-06,0.161056,Validation,-0.515621,-0.349499,-0.216692,-0.015519,0.152043,0.332118,0.453341,0.976489,2.064068,3.020252,7.624785
1992-03-07,0.161056,Validation,-0.523109,-0.355584,-0.219632,-0.005661,0.165631,0.350751,0.476807,1.015017,2.131438,3.114847,7.766291
1992-03-08,0.161056,Validation,-0.481098,-0.315427,-0.206360,-0.045495,0.088710,0.238456,0.326789,0.756936,1.611006,2.332230,6.159234
1992-03-09,0.161056,Validation,-0.446469,-0.281493,-0.188302,-0.061631,0.054792,0.183604,0.256087,0.624931,1.322261,1.888770,5.200397
1992-03-10,0.161056,Validation,-0.439755,-0.271540,-0.184114,-0.050957,0.065883,0.195068,0.273980,0.642477,1.309366,1.852412,4.988872
1992-03-11,0.161056,Validation,-0.440174,-0.268154,-0.184929,-0.044330,0.071585,0.202475,0.284531,0.656391,1.311936,1.844453,4.901891
1992-03-12,0.161056,Validation,-0.458356,-0.283856,-0.196622,-0.037669,0.084806,0.224687,0.312378,0.709474,1.435372,2.038745,5.330008
1992-03-13,0.161056,Validation,-0.424846,-0.256345,-0.176453,-0.062623,0.042418,0.160338,0.223857,0.556062,1.162047,1.656883,4.638538
1992-03-14,0.161056,Validation,-0.383195,-0.217044,-0.146390,-0.075219,0.015845,0.110982,0.158829,0.432501,0.906660,1.283266,3.869757
1992-03-15,0.161056,Validation,-0.382299,-0.214965,-0.144773,-0.087611,-0.004449,0.084345,0.125398,0.383320,0.833400,1.183113,3.723927
1992-03-16,0.000000,Validation,-0.380391,-0.210978,-0.141801,-0.091632,-0.013495,0.071796,0.111294,0.359022,0.788548,1.119502,3.585198
1992-03-17,0.000000,Validation,-0.377691,-0.204888,-0.137729,-0.093870,-0.020785,0.060942,0.099686,0.336476,0.742329,1.051592,3.420406
1992-03-18,0.000000,Validation,-0.359045,-0.190058,-0.126744,-0.080674,-0.002206,0.077226,0.119807,0.357378,0.753103,1.061496,3.389440
1992-03-19,0.000000,Validation,-0.349513,-0.178687,-0.118706,-0.077337,-0.002016,0.073286,0.115246,0.343330,0.718507,1.013221,3.274610
1992-03-20,0.000000,Validation,-0.344177,-0.170740,-0.113302,-0.076512,-0.005206,0.066522,0.107343,0.326254,0.686930,0.973326,3.196064
1992-03-21,0.000000,Validation,-0.342032,-0.166233,-0.109649,-0.077860,-0.009774,0.058922,0.098623,0.309381,0.655466,0.930631,3.106872
1992-03-22,0.000000,Validation,-0.359220,-0.174551,-0.119805,-0.084878,-0.024002,0.047446,0.083905,0.291264,0.646403,0.925162,3.112783
1992-03-23,0.000000,Validation,-0.332357,-0.142633,-0.090041,-0.079212,-0.023853,0.030949,0.069084,0.242751,0.520327,0.738228,2.654906
1992-03-24,0.000000,Validation,-0.296486,-0.121523,-0.072293,-0.033191,0.038038,0.099401,0.151838,0.351213,0.620671,0.868960,2.711797
1992-03-25,0.000000,Validation,-0.292754,-0.112848,-0.069975,-0.027101,0.039462,0.101569,0.153923,0.352008,0.610046,0.840388,2.631800
1992-03-26,0.000000,Validation,-0.287499,-0.107393,-0.063119,-0.022832,0.044324,0.103729,0.156414,0.350081,0.606610,0.847686,2.657507
1992-03-27,0.000000,Validation,-0.290711,-0.110234,-0.065000,-0.024480,0.043659,0.102673,0.154473,0.348265,0.609510,0.858061,2.694109
1992-03-28,0.000000,Validation,-0.296210,-0.113502,-0.070006,-0.025162,0.042119,0.103578,0.154497,0.352031,0.618093,0.863600,2.708554
1992-03-29,0.000000,Validation,-0.300389,-0.114815,-0.075938,-0.024469,0.045371,0.105896,0.158548,0.358576,0.630670,0.888452,2.774643
1992-03-30,0.000000,Validation,-0.357474,-0.167658,-0.106797,0.004736,0.105948,0.191911,0.249674,0.485909,0.891506,1.342443,3.842414
1992-03-31,0.000000,Validation,-0.460485,-0.218833,-0.167958,-0.011688,0.154434,0.300248,0.356304,0.739426,1.534566,2.184016,6.488334
1992-04-01,0.000000,Training,-0.416650,-0.180746,-0.119458,0.016007,0.164944,0.288282,0.343478,0.708016,1.407881,2.054832,5.875384
1992-04-02,0.000000,Training,-0.442608,-0.172850,-0.113350,0.094086,0.267263,0.433157,0.441006,0.903891,1.908672,2.860704,7.883931
1992-04-03,0.000000,Training,-0.467725,-0.025007,0.042081,0.541392,1.041809,1.448801,1.481557,2.844880,6.278534,8.774258,22.168993
1992-04-04,0.000000,Training,-0.459780,0.039942,0.107806,0.727168,1.407570,1.926121,2.046395,4.007227,8.927239,12.429233,29.870783
1992-04-05,0.000000,Training,-0.480854,-0.142018,0.015065,0.390398,0.761899,1.101144,1.230166,2.379227,5.181092,7.421722,18.625006
1992-04-06,0.000000,Training,-0.473771,-0.162340,-0.091277,0.234895,0.515999,0.764724,0.888249,1.723041,3.610250,5.261234,12.661044
1992-04-07,0.000000,Training,-0.521161,-0.271840,-0.132789,0.127335,0.343431,0.567777,0.661238,1.373069,3.127503,4.813425,12.702607
1992-04-08,0.000000,Training,-0.451988,-0.214478,-0.102306,0.131297,0.305131,0.494501,0.601800,1.178104,2.470958,3.691008,9.241541
1992-04-09,0.000000,Training,-0.466598,-0.245529,-0.131752,0.108844,0.267150,0.452363,0.563475,1.124810,2.351723,3.539707,8.804060
1992-04-10,0.000000,Training,-0.492606,-0.289065,-0.159248,0.073370,0.222145,0.407578,0.504962,1.058463,2.312967,3.570942,9.126834
1992-04-11,0.000000,Training,-0.531387,-0.335329,-0.179727,0.089223,0.259547,0.474210,0.593091,1.228288,2.674270,4.132309,10.277555
1992-04-12,0.000000,Training,-0.521320,-0.326984,-0.188642,0.048148,0.182358,0.372601,0.456329,1.002378,2.223197,3.458530,8.855904
1992-04-13,0.000000,Training,-0.495328,-0.299432,-0.184875,0.019561,0.127639,0.292763,0.356591,0.820716,1.827662,2.820044,7.425023
1992-04-14,0.000000,Training,-0.468339,-0.271256,-0.177863,0.005809,0.101158,0.247986,0.304165,0.717144,1.585524,2.414729,6.488668
1992-04-15,0.000000,Training,-0.439648,-0.240876,-0.164764,-0.003397,0.078801,0.209391,0.256407,0.620207,1.361906,2.052067,5.649279
1992-04-16,0.000000,Training,-0.422705,-0.222550,-0.156689,-0.008043,0.065633,0.186398,0.227127,0.560704,1.230994,1.849866,5.184325
1992-04-17,0.000000,Training,-0.426965,-0.223578,-0.159136,-0.014160,0.051234,0.168645,0.199960,0.518221,1.164086,1.769067,5.041125
1992-04-18,0.000000,Training,-0.411980,-0.191086,-0.141300,-0.027466,0.012714,0.108737,0.124202,0.371338,0.867265,1.331584,4.075338
1992-04-19,0.000000,Training,-0.399612,-0.170894,-0.130183,-0.033262,-0.002327,0.081172,0.093431,0.305483,0.726726,1.114562,3.570235
1992-04-20,0.000000,Training,-0.399023,-0.169053,-0.129865,-0.034148,-0.005544,0.076171,0.086631,0.292329,0.701716,1.078081,3.473000
1992-04-21,0.000000,Training,-0.368936,-0.133023,-0.103976,-0.034075,-0.013803,0.049911,0.059853,0.224624,0.542111,0.837065,2.916035
1992-04-22,0.000000,Training,-0.342640,-0.104337,-0.079667,-0.035043,-0.018950,0.027966,0.040675,0.172268,0.413040,0.644512,2.459904
1992-04-23,0.000000,Training,-0.311690,-0.084936,-0.054869,-0.039419,-0.018153,0.013144,0.032679,0.144886,0.327301,0.513897,2.132879
1992-04-24,0.000000,Training,-0.301286,-0.078952,-0.052013,-0.033264,-0.011643,0.021087,0.039994,0.156147,0.348896,0.550931,2.226606
1992-04-25,0.000000,Training,-0.283878,-0.066576,-0.032409,-0.035182,-0.009043,0.010207,0.035889,0.134742,0.280839,0.448470,1.957510
1992-04-26,0.000000,Training,-0.308570,-0.073302,-0.039451,-0.039523,-0.020285,-0.003004,0.021271,0.107034,0.233997,0.381441,1.793960
1992-04-27,0.000000,Training,-0.333163,-0.079311,-0.047188,-0.040911,-0.028633,-0.013084,0.008594,0.081291,0.190058,0.321883,1.644522
1992-04-28,0.000000,Training,-0.315705,-0.071021,-0.036934,-0.039144,-0.023132,-0.011345,0.013330,0.086272,0.190048,0.323954,1.645336
1992-04-29,0.000000,Training,-0.298201,-0.062662,-0.026679,-0.035398,-0.015708,-0.006989,0.020249,0.094108,0.194958,0.332986,1.664074
1992-04-30,0.000000,Training,-0.312777,-0.065669,-0.030935,-0.036117,-0.021034,-0.013554,0.012031,0.077179,0.166429,0.295298,1.571409
1992-05-01,0.000000,Training,-0.338998,-0.074065,-0.041605,-0.035745,-0.028379,-0.020505,0.000870,0.056098,0.132818,0.252859,1.469100
1992-05-02,0.000000,Training,-0.277122,-0.050845,-0.014076,-0.028292,-0.005126,-0.000351,0.029467,0.102277,0.199223,0.342693,1.683835
1992-05-03,0.000000,Training,-0.256044,-0.041321,-0.003736,-0.020748,0.008588,0.012609,0.044836,0.122825,0.226446,0.378605,1.755679
1992-05-04,0.000000,Training,-0.271857,-0.045856,-0.009313,-0.024206,-0.000452,0.002880,0.034036,0.104667,0.198061,0.341224,1.675797
1992-05-05,0.000000,Training,-0.277542,-0.045885,-0.009585,-0.024565,-0.003428,-0.002087,0.028979,0.093180,0.176972,0.314419,1.611710
1992-05-06,0.000000,Training,-0.291739,-0.050105,-0.015724,-0.027224,-0.009708,-0.010056,0.019858,0.076899,0.150636,0.281875,1.537474
1992-05-07,0.000000,Training,-0.292185,-0.050374,-0.015252,-0.027321,-0.010845,-0.010845,0.018063,0.074518,0.147140,0.276595,1.524878
1992-05-08,0.000000,Training,-0.287783,-0.048345,-0.013743,-0.026310,-0.008719,-0.009597,0.019922,0.076982,0.150111,0.282004,1.538632
1992-05-09,0.000000,Training,-0.279756,-0.044965,-0.009459,-0.024375,-0.005377,-0.006466,0.023483,0.082170,0.157225,0.291088,1.558609
1992-05-10,0.000000,Training,-0.297505,-0.051805,-0.017917,-0.027435,-0.013526,-0.013754,0.013852,0.067589,0.136555,0.263607,1.494635
1992-05-11,0.000000,Training,-0.311196,-0.056847,-0.024390,-0.029091,-0.019309,-0.019106,0.006391,0.055671,0.119213,0.241218,1.441425
1992-05-12,0.000000,Training,-0.320463,-0.060014,-0.028735,-0.029659,-0.023067,-0.022783,0.000897,0.046670,0.105596,0.224393,1.402117
1992-05-13,0.000000,Training,-0.300968,-0.057581,-0.033864,-0.026694,-0.010672,-0.017312,0.012933,0.062905,0.120864,0.275742,1.541943
1992-05-14,0.000000,Training,-0.290498,-0.049718,-0.015765,-0.024287,-0.004111,-0.004954,0.023128,0.081203,0.160246,0.304304,1.614559
1992-05-15,0.000000,Training,-0.305631,-0.056657,-0.022736,-0.026398,-0.010741,-0.010179,0.016774,0.070750,0.144214,0.282124,1.556107
1992-05-16,0.000000,Training,-0.328252,-0.064609,-0.033463,-0.029844,-0.023426,-0.022818,-0.000239,0.045330,0.106014,0.229824,1.422843
1992-05-17,0.000000,Training,-0.329771,-0.063648,-0.033930,-0.029008,-0.024634,-0.024391,-0.002458,0.040955,0.098011,0.219528,1.397539
1992-05-18,0.000000,Training,-0.341363,-0.067138,-0.038796,-0.027634,-0.027964,-0.027132,-0.007793,0.031515,0.081606,0.199348,1.348252
1992-05-19,0.000000,Training,-0.340853,-0.066479,-0.040891,-0.028701,-0.027627,-0.027892,-0.007263,0.032554,0.084732,0.205535,1.366631
1992-05-20,0.000000,Training,-0.334154,-0.063588,-0.035444,-0.027649,-0.026482,-0.026787,-0.006433,0.033717,0.085635,0.205418,1.365781
1992-05-21,0.000000,Training,-0.297074,-0.048757,-0.019501,-0.024842,-0.012706,-0.016019,0.010403,0.060266,0.126678,0.260304,1.500971
1992-05-22,0.000000,Training,-0.278648,-0.045035,-0.024708,-0.020398,0.002076,-0.005735,0.025927,0.080047,0.152463,0.319430,1.643755
1992-05-23,0.000000,Training,-0.296362,-0.056797,-0.036108,-0.020921,0.006066,0.002008,0.032359,0.089159,0.173418,0.361479,1.775680
1992-05-24,0.000000,Training,-0.318234,-0.065315,-0.034929,-0.022342,0.003834,0.005772,0.033517,0.092138,0.188457,0.367626,1.819432
1992-05-25,0.000000,Training,-0.308461,-0.063024,-0.026565,-0.022474,0.000143,0.003244,0.029522,0.088608,0.182357,0.349084,1.754613
1992-05-26,0.000000,Training,-0.305310,-0.059238,-0.026352,-0.023775,-0.006002,-0.004756,0.020074,0.076680,0.162743,0.319543,1.676420
1992-05-27,0.000000,Training,-0.291174,-0.048840,-0.019801,-0.020504,-0.002684,-0.003665,0.022729,0.079859,0.164359,0.317949,1.660205
1992-05-28,0.000000,Training,-0.293468,-0.050769,-0.034831,-0.021348,-0.001218,-0.005965,0.023171,0.079475,0.161427,0.334957,1.707269
1992-05-29,0.000000,Training,-0.318980,-0.067564,-0.052441,-0.024705,-0.006126,-0.007009,0.019259,0.073628,0.156257,0.347600,1.775357
1992-05-30,0.000000,Training,-0.341440,-0.076138,-0.053627,-0.024684,-0.006886,-0.001651,0.021588,0.078313,0.173368,0.359416,1.830684
1992-05-31,0.000000,Training,-0.299953,-0.053641,-0.029848,-0.011756,0.010167,0.014153,0.038125,0.097723,0.203237,0.397472,1.906041
1992-06-01,0.000000,Training,-0.315634,-0.065487,-0.043104,-0.024029,-0.003396,-0.001760,0.023178,0.083388,0.180569,0.363225,1.814803
1992-06-02,0.000000,Training,-0.306994,-0.058979,-0.037413,-0.020592,0.000574,0.002374,0.028080,0.090170,0.190627,0.371976,1.826285
1992-06-03,0.000000,Training,-0.290007,-0.050664,-0.022809,-0.015580,0.005096,0.009809,0.034346,0.100404,0.205957,0.378666,1.822335
1992-06-04,0.000000,Training,-0.288983,-0.048100,-0.021919,-0.016740,0.000133,0.003424,0.027884,0.091160,0.189621,0.353688,1.756987
1992-06-05,0.000000,Training,-0.290571,-0.047050,-0.022586,-0.018362,-0.004977,-0.002627,0.021340,0.082090,0.174701,0.331739,1.701621
1992-06-06,0.000000,Training,-0.287525,-0.043263,-0.021101,-0.017965,-0.006373,-0.005304,0.018757,0.077487,0.166230,0.319602,1.670202
1992-06-07,0.000000,Training,-0.281791,-0.040575,-0.018556,-0.017616,-0.005329,-0.004410,0.019892,0.079942,0.170101,0.322076,1.669134
1992-06-08,0.000000,Training,-0.284469,-0.039428,-0.026071,-0.018241,-0.005516,-0.007329,0.018312,0.076144,0.165850,0.325376,1.683658
1992-06-09,0.000000,Training,-0.266178,-0.027405,-0.014165,-0.010024,-0.001410,0.000279,0.021331,0.079238,0.176580,0.339041,1.722286
1992-06-10,0.000000,Training,-0.285042,-0.037009,-0.035075,-0.017072,-0.009249,-0.011865,0.010955,0.062084,0.149408,0.322824,1.705097
1992-06-11,0.000000,Training,-0.328431,-0.069921,-0.061496,-0.031440,-0.023636,-0.025695,-0.003219,0.039788,0.108138,0.288652,1.645214
1992-06-12,0.000000,Training,-0.359863,-0.095233,-0.081213,-0.036154,-0.019785,-0.012885,0.007280,0.058955,0.151974,0.364496,1.890262
1992-06-13,0.000000,Training,-0.361367,-0.048246,0.008585,0.158357,0.165053,0.222710,0.222128,0.288417,0.511598,0.889730,3.299846
1992-06-14,0.000000,Training,-0.108030,0.583484,0.684083,1.404328,1.454014,1.716486,1.767348,2.085681,3.296509,4.184834,11.320243
1992-06-15,0.000000,Training,-0.256403,0.418301,0.423399,0.926648,1.146953,1.368021,1.456920,2.006535,3.184921,4.260864,12.383814
1992-06-16,0.000000,Training,-0.289773,0.191689,0.274223,0.510112,0.593345,0.711152,0.740718,1.018837,1.609453,2.199739,6.455391
1992-06-17,0.000000,Training,-0.295031,0.111369,0.186127,0.321349,0.351399,0.435730,0.455830,0.628816,1.016739,1.449895,4.434047
1992-06-18,0.000000,Training,-0.343667,0.012060,0.041204,0.141320,0.144654,0.190698,0.216110,0.310664,0.548126,0.880352,3.095121
1992-06-19,0.000000,Training,-0.329680,0.004320,0.023392,0.095321,0.084557,0.111117,0.142311,0.203845,0.356385,0.598705,2.391187
1992-06-20,0.000000,Training,-0.327918,-0.006606,0.001990,0.064456,0.047651,0.065150,0.096117,0.146505,0.265623,0.473360,2.094299
1992-06-21,0.000000,Training,-0.287556,-0.002449,0.002011,0.041390,0.038746,0.048540,0.083069,0.144704,0.275583,0.486026,2.147012
1992-06-22,0.000000,Training,-0.299540,-0.011604,-0.015686,0.026680,0.020696,0.025892,0.059304,0.113015,0.227447,0.429117,2.019170
1992-06-23,0.000000,Training,-0.286529,-0.011500,-0.012339,0.019424,0.016278,0.020559,0.052126,0.107097,0.221385,0.416752,1.987465
1992-06-24,0.000000,Training,-0.291793,-0.017810,-0.018664,0.010474,0.003968,0.007533,0.036032,0.086627,0.190885,0.376094,1.889326
1992-06-25,0.000000,Training,-0.313213,-0.029799,-0.030688,0.002639,-0.012402,-0.007711,0.015625,0.057636,0.146431,0.316847,1.741609
1992-06-26,0.000000,Training,-0.316732,-0.032618,-0.035046,-0.002403,-0.020009,-0.015911,0.004698,0.042744,0.125061,0.288261,1.672090
1992-06-27,0.000000,Training,-0.320542,-0.036385,-0.039090,-0.007077,-0.025992,-0.021914,-0.003619,0.032645,0.111183,0.268423,1.620859
1992-06-28,0.000000,Training,-0.314171,-0.033111,-0.037417,-0.008397,-0.027896,-0.025031,-0.008533,0.025037,0.100809,0.255715,1.593494
1992-06-29,0.000000,Training,-0.299983,-0.027354,-0.031452,-0.009831,-0.026649,-0.026267,-0.009941,0.022741,0.097086,0.250955,1.583536
1992-06-30,0.000000,Training,-0.296498,-0.028279,-0.032695,-0.013311,-0.028594,-0.028263,-0.013166,0.020313,0.097925,0.253024,1.592577
1992-07-01,0.000000,Training,-0.303505,-0.035717,-0.039243,-0.018236,-0.033237,-0.030187,-0.016767,0.019641,0.104560,0.261462,1.615676
1992-07-02,0.000000,Training,-0.314900,-0.038457,-0.038318,-0.016831,-0.037059,-0.036067,-0.025414,0.000122,0.062262,0.202013,1.459380
1992-07-03,0.000000,Training,-0.331853,-0.049293,-0.040807,-0.017812,-0.037672,-0.035952,-0.026465,-0.001964,0.048673,0.176573,1.368385
1992-07-04,0.000000,Training,-0.338557,-0.061466,-0.037202,-0.028164,-0.034910,-0.038111,-0.020525,0.008189,0.049611,0.164366,1.308018
1992-07-05,0.000000,Training,-0.335932,-0.060966,-0.036143,-0.028881,-0.034017,-0.037366,-0.018865,0.011177,0.055352,0.171459,1.327191
1992-07-06,0.000000,Training,-0.314048,-0.050660,-0.026414,-0.028089,-0.028408,-0.034342,-0.012674,0.020153,0.070627,0.192595,1.384428
1992-07-07,0.000000,Training,-0.309146,-0.051034,-0.024237,-0.029315,-0.025448,-0.031396,-0.007707,0.029721,0.085531,0.209393,1.418493
1992-07-08,0.000000,Training,-0.319073,-0.055299,-0.028265,-0.029996,-0.028862,-0.033603,-0.011152,0.024362,0.077246,0.197294,1.387625
1992-07-09,0.000000,Training,-0.328999,-0.058850,-0.032300,-0.030015,-0.032053,-0.036144,-0.015393,0.016740,0.065070,0.181763,1.351730
1992-07-10,0.000000,Training,-0.324485,-0.056070,-0.030228,-0.029598,-0.031249,-0.036124,-0.014935,0.016553,0.065479,0.183383,1.360972
1992-07-11,0.000000,Training,-0.324656,-0.057418,-0.030240,-0.030551,-0.030766,-0.035578,-0.013756,0.019131,0.069950,0.188247,1.371772
1992-07-12,0.000000,Training,-0.345680,-0.065857,-0.038920,-0.029176,-0.035069,-0.037255,-0.019327,0.008974,0.052470,0.165674,1.317961
1992-07-13,0.000000,Training,-0.355581,-0.070298,-0.043055,-0.027931,-0.035903,-0.036538,-0.020298,0.006755,0.048165,0.160676,1.308594
1992-07-14,0.000000,Training,-0.350995,-0.069164,-0.041677,-0.029769,-0.035178,-0.036295,-0.018488,0.010562,0.056836,0.171581,1.339551
1992-07-15,0.000000,Training,-0.341199,-0.065722,-0.037612,-0.031302,-0.033241,-0.035370,-0.015194,0.016756,0.068444,0.185699,1.374922
1992-07-16,0.000000,Training,-0.354505,-0.070814,-0.042558,-0.029270,-0.035184,-0.035582,-0.018169,0.010605,0.056326,0.170057,1.335753
1992-07-17,0.000000,Training,-0.353210,-0.070394,-0.041909,-0.029811,-0.034905,-0.035502,-0.017463,0.011738,0.058885,0.172979,1.344796
1992-07-18,0.000000,Training,-0.353922,-0.070978,-0.042229,-0.030061,-0.034737,-0.035210,-0.017007,0.012293,0.060541,0.175310,1.353737
1992-07-19,0.000000,Training,-0.355403,-0.071897,-0.042750,-0.030060,-0.034684,-0.034719,-0.016575,0.012962,0.061941,0.176662,1.358167
1992-07-20,0.000000,Training,-0.341952,-0.067009,-0.037495,-0.032201,-0.032384,-0.033664,-0.012377,0.021328,0.078059,0.196151,1.406539
1992-07-21,0.000000,Training,-0.328460,-0.061804,-0.031551,-0.032618,-0.028767,-0.031404,-0.007354,0.030036,0.092269,0.213867,1.447788
1992-07-22,0.000000,Training,-0.333165,-0.063678,-0.033116,-0.032647,-0.030068,-0.031987,-0.008572,0.027829,0.088399,0.207453,1.430491
1992-07-23,0.000000,Training,-0.334397,-0.064226,-0.033332,-0.032775,-0.030186,-0.031982,-0.008419,0.027779,0.088272,0.206662,1.428838
1992-07-24,0.000000,Training,-0.330243,-0.062497,-0.031179,-0.032921,-0.028904,-0.031457,-0.006825,0.029991,0.091713,0.211142,1.440804
1992-07-25,0.000000,Training,-0.339674,-0.066530,-0.035003,-0.032906,-0.030914,-0.032260,-0.009061,0.025853,0.085321,0.202381,1.421630
1992-07-26,0.000000,Training,-0.349322,-0.070879,-0.038964,-0.032424,-0.032221,-0.032124,-0.010368,0.023179,0.081093,0.196667,1.410300
1992-07-27,0.000000,Training,-0.353330,-0.073009,-0.040672,-0.032470,-0.032363,-0.031633,-0.010107,0.023373,0.081927,0.197801,1.416267
1992-07-28,0.000000,Training,-0.352713,-0.073137,-0.040384,-0.033045,-0.031902,-0.031218,-0.009038,0.025094,0.085521,0.202348,1.429910
1992-07-29,0.000000,Training,-0.352901,-0.073376,-0.041317,-0.034109,-0.031637,-0.031272,-0.008024,0.026748,0.089556,0.207818,1.445817
1992-07-30,0.000000,Training,-0.327331,-0.063163,-0.029633,-0.034266,-0.025387,-0.027382,0.000221,0.041427,0.113157,0.237973,1.516019
1992-07-31,0.000000,Training,-0.325846,-0.062545,-0.029468,-0.034677,-0.024393,-0.026836,0.001962,0.043988,0.117365,0.243391,1.528515
1992-08-01,0.000000,Training,-0.350260,-0.073095,-0.038373,-0.034181,-0.029867,-0.028807,-0.004254,0.032519,0.098623,0.216575,1.464946
1992-08-02,0.000000,Training,-0.362557,-0.078606,-0.042795,-0.032846,-0.030581,-0.028219,-0.005246,0.028970,0.091584,0.208112,1.449201
1992-08-03,0.000000,Training,-0.352033,-0.074669,-0.039615,-0.035604,-0.029342,-0.028363,-0.002422,0.035259,0.105225,0.225710,1.495440
1992-08-04,0.000000,Training,-0.370282,-0.083066,-0.045595,-0.032761,-0.029878,-0.026541,-0.003466,0.030488,0.094284,0.212269,1.466762
1992-08-05,0.000000,Training,-0.378276,-0.086928,-0.048086,-0.031264,-0.029125,-0.024881,-0.002349,0.030328,0.092390,0.210588,1.467096
1992-08-06,0.000000,Training,-0.374694,-0.086160,-0.047406,-0.033822,-0.028981,-0.025085,-0.000896,0.033671,0.101399,0.222134,1.500702
1992-08-07,0.000000,Training,-0.336248,-0.069148,-0.032146,-0.036878,-0.023192,-0.024130,0.007009,0.049855,0.130350,0.259596,1.586001
1992-08-08,0.000000,Training,-0.314341,-0.058746,-0.021293,-0.034237,-0.016475,-0.019862,0.013941,0.060289,0.143369,0.276608,1.618070
1992-08-09,0.000000,Training,-0.308704,-0.055871,-0.018280,-0.033449,-0.014703,-0.018384,0.016334,0.063778,0.147915,0.281096,1.624139
1992-08-10,0.000000,Training,-0.321369,-0.061917,-0.023668,-0.035378,-0.018723,-0.020914,0.013141,0.058575,0.141433,0.270788,1.601948
1992-08-11,0.000000,Training,-0.324529,-0.063550,-0.024910,-0.036068,-0.019364,-0.021228,0.013076,0.058152,0.141484,0.270339,1.603096
1992-08-12,0.000000,Training,-0.335483,-0.068932,-0.029697,-0.037490,-0.022040,-0.022448,0.011041,0.054733,0.137787,0.264260,1.592659
1992-08-13,0.000000,Training,-0.337065,-0.069999,-0.030380,-0.038057,-0.021927,-0.022091,0.011901,0.055931,0.140521,0.267716,1.603815
1992-08-14,0.000000,Training,-0.318489,-0.061594,-0.022182,-0.036416,-0.015861,-0.018329,0.018579,0.066465,0.155644,0.289684,1.655151
1992-08-15,0.000000,Training,-0.326447,-0.065498,-0.025439,-0.037686,-0.017861,-0.019324,0.017392,0.064181,0.153353,0.285531,1.647892
1992-08-16,0.000000,Training,-0.341318,-0.072398,-0.031570,-0.039179,-0.021284,-0.020943,0.014591,0.058569,0.146401,0.274964,1.628467
1992-08-17,0.000000,Training,-0.348689,-0.076203,-0.034318,-0.040041,-0.022140,-0.021292,0.014189,0.056871,0.144390,0.271925,1.625830
1992-08-18,0.000000,Training,-0.348874,-0.076282,-0.035448,-0.041081,-0.021929,-0.021486,0.015094,0.058074,0.148277,0.278359,1.647753
1992-08-19,0.000000,Training,-0.329764,-0.068112,-0.027296,-0.039993,-0.016669,-0.017979,0.021463,0.069490,0.165711,0.302878,1.703863
1992-08-20,0.000000,Training,-0.323808,-0.065682,-0.024308,-0.039369,-0.014302,-0.015956,0.024594,0.074253,0.172900,0.312582,1.726401
1992-08-21,0.000000,Training,-0.323516,-0.065598,-0.024103,-0.039692,-0.013975,-0.015670,0.025567,0.075275,0.175139,0.315463,1.734987
1992-08-22,0.000000,Training,-0.329467,-0.068964,-0.026960,-0.041197,-0.015379,-0.016219,0.025316,0.074902,0.176458,0.316126,1.740077
1992-08-23,0.000000,Training,-0.347993,-0.078218,-0.034951,-0.043704,-0.019439,-0.018083,0.022362,0.069151,0.170424,0.306019,1.724467
1992-08-24,0.000000,Training,-0.360624,-0.084722,-0.039935,-0.044653,-0.020522,-0.018101,0.022060,0.066708,0.167773,0.302261,1.724523
1992-08-25,0.000000,Training,-0.341146,-0.075199,-0.032346,-0.044518,-0.017602,-0.017785,0.024938,0.072755,0.177274,0.317253,1.758553
1992-08-26,0.000000,Training,-0.338412,-0.074279,-0.031298,-0.044847,-0.016622,-0.017243,0.026425,0.074870,0.181201,0.323180,1.774858
1992-08-27,0.000000,Training,-0.340336,-0.075418,-0.032442,-0.045617,-0.017009,-0.017177,0.026869,0.075360,0.183604,0.325962,1.784838
1992-08-28,0.000000,Training,-0.346752,-0.101436,-0.075195,-0.072317,-0.030919,-0.032963,0.023625,0.071964,0.192240,0.395867,2.032801
1992-08-29,0.000000,Training,-0.338584,-0.084018,-0.036168,-0.043871,0.002794,0.007697,0.055463,0.119511,0.272534,0.469087,2.219393
1992-08-30,0.000000,Training,-0.341900,-0.087341,-0.036660,-0.045195,0.001241,0.007135,0.057969,0.121697,0.273860,0.467367,2.195446
1992-08-31,0.000000,Training,-0.364799,-0.099757,-0.062110,-0.060460,-0.015471,-0.012930,0.039146,0.100002,0.250973,0.442818,2.158715
1992-09-01,0.000000,Training,-0.335637,-0.081705,-0.037248,-0.048871,-0.006448,-0.003482,0.046337,0.109630,0.254929,0.436007,2.105818
1992-09-02,0.000000,Training,-0.349262,-0.086981,-0.043244,-0.051787,-0.013156,-0.009093,0.040948,0.100872,0.242317,0.412494,2.044027
1992-09-03,0.000000,Training,-0.364384,-0.094898,-0.051194,-0.055287,-0.018369,-0.012195,0.036953,0.095102,0.238357,0.403728,2.031497
1992-09-04,0.000000,Training,-0.372339,-0.097928,-0.054603,-0.056000,-0.019902,-0.013258,0.035832,0.092192,0.234295,0.395520,2.015741
1992-09-05,0.000000,Training,-0.361512,-0.092186,-0.051398,-0.056227,-0.019989,-0.014389,0.035444,0.093769,0.237123,0.399928,2.022665
1992-09-06,0.000000,Training,-0.353492,-0.088579,-0.048789,-0.056414,-0.019310,-0.014651,0.036079,0.096040,0.240271,0.404471,2.029736
1992-09-07,0.000000,Training,-0.342530,-0.083770,-0.045189,-0.055917,-0.017441,-0.013709,0.038025,0.100642,0.246903,0.414356,2.048686
1992-09-08,0.000000,Training,-0.323515,-0.075252,-0.038421,-0.053404,-0.011930,-0.009456,0.043305,0.110545,0.261124,0.436172,2.096352
1992-09-09,0.000000,Training,-0.319492,-0.074274,-0.038162,-0.053432,-0.010649,-0.007751,0.045485,0.115160,0.270039,0.448195,2.126185
1992-09-10,0.000000,Training,-0.326476,-0.078837,-0.042818,-0.056047,-0.013542,-0.009229,0.044286,0.114709,0.273143,0.450649,2.136429
1992-09-11,0.000000,Training,-0.340942,-0.086938,-0.050285,-0.060046,-0.018750,-0.012708,0.040809,0.110036,0.270488,0.444226,2.128013
1992-09-12,0.000000,Training,-0.344795,-0.089686,-0.053191,-0.062092,-0.020654,-0.014139,0.039543,0.108934,0.271373,0.444856,2.133750
1992-09-13,0.000000,Training,-0.348190,-0.092517,-0.056410,-0.064047,-0.022308,-0.014927,0.038900,0.109439,0.275790,0.450556,2.152468
1992-09-14,0.000000,Training,-0.363066,-0.101317,-0.065518,-0.067621,-0.026279,-0.016026,0.037316,0.108459,0.283048,0.458840,2.186157
1992-09-15,0.000000,Training,-0.368333,-0.103880,-0.073543,-0.069522,-0.030124,-0.017917,0.034131,0.105115,0.292456,0.481384,2.268960
1992-09-16,0.000000,Training,-0.343237,-0.091020,-0.053756,-0.065003,-0.020873,-0.015723,0.039773,0.109803,0.275294,0.450098,2.153345
1992-09-17,0.000000,Training,-0.347828,-0.093492,-0.056912,-0.065963,-0.021999,-0.015441,0.040155,0.110746,0.280650,0.456622,2.175579
1992-09-18,0.000000,Training,-0.349816,-0.093276,-0.060861,-0.066394,-0.024314,-0.016411,0.037900,0.107320,0.283449,0.466109,2.217020
1992-09-19,0.000000,Training,-0.333246,-0.087462,-0.050152,-0.063907,-0.017015,-0.012283,0.045050,0.118851,0.288999,0.468054,2.195199
1992-09-20,0.000000,Training,-0.322448,-0.083051,-0.046463,-0.061822,-0.012720,-0.007989,0.049987,0.127724,0.302324,0.486885,2.237833
1992-09-21,0.000000,Training,-0.316463,-0.081164,-0.044900,-0.060658,-0.009776,-0.004626,0.054036,0.135001,0.314177,0.502709,2.274712
1992-09-22,0.000000,Training,-0.312613,-0.080152,-0.044196,-0.060037,-0.007798,-0.002303,0.057018,0.140376,0.323156,0.514370,2.301890
1992-09-23,0.000000,Training,-0.322882,-0.085479,-0.049427,-0.063591,-0.013121,-0.006624,0.052835,0.134973,0.317507,0.504074,2.280498
1992-09-24,0.000000,Training,-0.329743,-0.089368,-0.053105,-0.066005,-0.016336,-0.009046,0.050657,0.132317,0.315403,0.499257,2.270879
1992-09-25,0.000000,Training,-0.315783,-0.083023,-0.050085,-0.064039,-0.010270,-0.004850,0.056430,0.141998,0.329503,0.522986,2.328985
1992-09-26,0.000000,Training,-0.341063,-0.132953,-0.096345,-0.063351,0.036472,0.051486,0.141429,0.247186,0.558399,0.986787,3.928883
1992-09-27,0.000000,Training,-0.428620,-0.175931,-0.105677,-0.057569,0.060446,0.107839,0.191138,0.343836,0.814963,1.258734,4.931639
1992-09-28,0.000000,Training,-0.388083,-0.146782,-0.077591,-0.048828,0.056528,0.100466,0.184247,0.334609,0.746397,1.151142,4.308834
1992-09-29,0.000000,Training,-0.386947,-0.147656,-0.091420,-0.068698,0.019519,0.056071,0.134826,0.272020,0.632527,0.982793,3.787329
1992-09-30,0.000000,Training,-0.373017,-0.129635,-0.081209,-0.070185,-0.000262,0.027541,0.101921,0.220249,0.510483,0.784617,3.126876
1992-10-01,0.000000,Training,-0.360381,-0.118456,-0.076500,-0.070591,-0.006991,0.016458,0.089933,0.203676,0.467494,0.712465,2.884774
1992-10-02,0.000000,Training,-0.360897,-0.116469,-0.078121,-0.073323,-0.014940,0.007450,0.079368,0.189147,0.438266,0.662982,2.734273
1992-10-03,0.000000,Training,-0.343674,-0.107256,-0.071923,-0.071646,-0.013901,0.006066,0.077136,0.187451,0.427196,0.647207,2.671952
1992-10-04,0.000000,Training,-0.310413,-0.091246,-0.059121,-0.062377,0.001074,0.018754,0.090020,0.206361,0.447681,0.676803,2.715349
1992-10-05,0.000000,Training,-0.310171,-0.091300,-0.060191,-0.063872,-0.001894,0.015963,0.086415,0.202052,0.440819,0.665027,2.681602
1992-10-06,0.000000,Training,-0.311390,-0.092526,-0.061602,-0.065703,-0.004704,0.013506,0.083551,0.198583,0.436038,0.657095,2.659751
1992-10-07,0.000000,Training,-0.304876,-0.090757,-0.060422,-0.064024,-0.001039,0.017547,0.087463,0.204795,0.444539,0.668092,2.671979
1992-10-08,0.000000,Training,-0.297785,-0.088912,-0.060659,-0.057794,0.009959,0.030547,0.102788,0.226203,0.473732,0.709084,2.728018
1992-10-09,0.000000,Training,-0.304470,-0.093450,-0.066383,-0.063117,0.004021,0.025049,0.096312,0.220477,0.472149,0.706895,2.748043
1992-10-10,0.000000,Training,-0.310866,-0.099220,-0.072218,-0.066937,0.001215,0.023705,0.095143,0.222097,0.481233,0.720392,2.795152
1992-10-11,0.000000,Training,-0.326711,-0.117489,-0.099833,-0.073252,0.006111,0.032656,0.111354,0.251809,0.540356,0.829923,3.069059
1992-10-12,0.000000,Training,-0.338891,-0.127459,-0.095266,-0.064878,0.018585,0.055358,0.132866,0.285882,0.606249,0.913588,3.276963
1992-10-13,0.000000,Training,-0.342181,-0.136508,-0.096583,-0.069243,0.012486,0.055663,0.131061,0.290504,0.629725,0.938628,3.349948
1992-10-14,0.000000,Training,-0.376931,-0.167930,-0.125569,-0.093367,-0.014474,0.036272,0.109421,0.279797,0.667660,0.999129,3.635063
1992-10-15,0.000000,Training,-0.395560,-0.204206,-0.184728,-0.135077,-0.034254,0.019383,0.104024,0.286017,0.744603,1.228094,4.550424
1992-10-16,0.000000,Training,-0.599136,-0.357258,-0.324817,-0.209237,-0.016617,0.121842,0.247666,0.664795,2.059376,3.251327,13.029793
1992-10-17,0.000000,Training,-0.506859,-0.236692,-0.161971,-0.011842,0.181213,0.341142,0.491735,0.929463,2.220077,3.188227,10.511846
1992-10-18,0.000000,Training,-0.661824,-0.289907,-0.200298,0.264898,1.116659,1.557263,2.283838,4.835992,13.521615,20.047552,60.515301
1992-10-19,0.000000,Training,-0.681662,-0.284966,0.037858,0.862452,2.728200,3.461523,5.248145,11.462575,32.332031,50.330395,149.329834
1992-10-20,0.000000,Training,-0.567050,-0.201225,0.041148,0.539179,1.255250,1.751908,2.426899,4.453434,11.046104,15.827627,43.649742
1992-10-21,0.000000,Training,-0.486464,-0.164394,-0.038773,0.265983,0.609820,0.887072,1.223086,2.129087,4.691336,6.686973,17.552387
1992-10-22,0.000000,Training,-0.497615,-0.241065,-0.139161,0.096451,0.334857,0.536260,0.808120,1.428018,3.039622,4.365621,11.256721
1992-10-23,0.000000,Training,-0.503320,-0.277387,-0.176879,0.014342,0.207962,0.381871,0.609851,1.116027,2.482145,3.592787,9.686992
1992-10-24,0.000000,Training,-0.522743,-0.310564,-0.209649,-0.012739,0.169489,0.342761,0.564281,1.063059,2.375941,3.421696,9.227830
1992-10-25,0.000000,Training,-0.548245,-0.345433,-0.236942,-0.023851,0.157952,0.338170,0.561566,1.077843,2.402604,3.442184,9.155998
1992-10-26,0.000000,Training,-0.546712,-0.346896,-0.240284,-0.008795,0.184037,0.368890,0.602521,1.139013,2.435293,3.439363,8.887230
1992-10-27,0.000000,Training,-0.555640,-0.355469,-0.264331,-0.037282,0.145918,0.316198,0.535887,1.046182,2.273651,3.230622,8.544056
1992-10-28,0.000000,Training,-0.546345,-0.350115,-0.256557,-0.048005,0.117774,0.284575,0.478122,0.956391,2.090346,2.957073,7.906017
1992-10-29,0.000000,Training,-0.583518,-0.390321,-0.299847,-0.068793,0.108584,0.277167,0.483315,0.993498,2.246002,3.258684,8.772663
1992-10-30,0.000000,Training,-0.545344,-0.351501,-0.262772,-0.060411,0.102385,0.265560,0.445449,0.908968,2.001051,2.856664,7.736004
1992-10-31,0.000000,Training,-0.500419,-0.299003,-0.231087,-0.029889,0.120305,0.277272,0.456034,0.904986,1.784652,2.448943,6.399257
1992-11-01,0.000000,Training,-0.501677,-0.300661,-0.232500,-0.031025,0.116553,0.273473,0.447571,0.893625,1.767052,2.428714,6.352332
1992-11-02,0.000000,Training,-0.532671,-0.333005,-0.243128,-0.007005,0.165061,0.345266,0.544593,1.055342,2.102989,2.914865,7.342714
1992-11-03,0.000000,Training,-0.529536,-0.340121,-0.249079,-0.055362,0.095627,0.258556,0.418960,0.866049,1.860668,2.618519,6.964784
1992-11-04,0.000000,Training,-0.517587,-0.331595,-0.246271,-0.087668,0.040723,0.187154,0.317349,0.711907,1.594236,2.249435,6.259301
1992-11-05,0.000000,Training,-0.527232,-0.342335,-0.252890,-0.088943,0.040421,0.190290,0.320398,0.723198,1.634006,2.314161,6.393946
1992-11-06,0.000000,Training,-0.484193,-0.298267,-0.228228,-0.109535,-0.002448,0.122354,0.225328,0.557602,1.269828,1.777980,5.219979
1992-11-07,0.000000,Training,-0.423095,-0.238450,-0.181687,-0.106600,-0.013230,0.084234,0.170198,0.438864,0.970289,1.334694,4.160893
1992-11-08,0.000000,Training,-0.418575,-0.234074,-0.179861,-0.096603,-0.000777,0.099157,0.190408,0.465129,0.995259,1.366236,4.154745
1992-11-09,0.000000,Training,-0.402566,-0.217867,-0.166693,-0.093312,-0.001183,0.092210,0.180183,0.439447,0.929482,1.271912,3.925216
1992-11-10,0.000000,Training,-0.391578,-0.206578,-0.157339,-0.089907,0.000433,0.089333,0.175921,0.425237,0.891025,1.219413,3.793909
1992-11-11,0.000000,Training,-0.389648,-0.204195,-0.155173,-0.094808,-0.007307,0.078426,0.160473,0.401742,0.861822,1.182853,3.759042
1992-11-12,0.000000,Training,-0.393738,-0.206712,-0.156709,-0.104499,-0.022390,0.060577,0.137260,0.370317,0.824213,1.135892,3.714271
1992-11-13,0.000000,Training,-0.409299,-0.225054,-0.171946,-0.101572,-0.010690,0.083480,0.167527,0.425813,0.929333,1.275418,3.989264
1992-11-14,0.000000,Training,-0.417620,-0.233026,-0.180850,-0.098419,-0.004869,0.095121,0.183361,0.454326,0.985015,1.357958,4.144137
1992-11-15,0.000000,Training,-0.421545,-0.247925,-0.215461,-0.115927,-0.007117,0.092313,0.196511,0.479954,1.045253,1.527928,4.652358
1992-11-16,0.000000,Training,-0.475620,-0.281811,-0.218962,-0.084988,0.033239,0.168762,0.274816,0.613051,1.342151,1.915650,5.629599
1992-11-17,0.000000,Training,-0.436162,-0.253591,-0.184462,-0.090858,0.020352,0.138066,0.233180,0.531760,1.169739,1.654513,4.978753
1992-11-18,0.000000,Training,-0.441301,-0.260128,-0.191036,-0.094670,0.016740,0.133837,0.229999,0.536534,1.179755,1.659291,4.984006
1992-11-19,0.000000,Training,-0.420115,-0.236899,-0.176852,-0.078102,0.029262,0.141074,0.243876,0.548202,1.129492,1.554623,4.542228
1992-11-20,0.000000,Training,-0.408068,-0.223600,-0.168993,-0.070792,0.032581,0.140679,0.244669,0.544172,1.088797,1.480754,4.297197
1992-11-21,0.000000,Training,-0.398770,-0.215958,-0.161055,-0.076285,0.023272,0.125459,0.222716,0.505248,1.030774,1.407182,4.171121
1992-11-22,0.000000,Training,-0.389342,-0.206579,-0.154168,-0.071933,0.025130,0.123810,0.220281,0.495866,0.997451,1.359019,4.027495
1992-11-23,0.000000,Training,-0.392108,-0.209999,-0.156889,-0.073730,0.023137,0.122764,0.218229,0.495681,1.000924,1.362719,4.034993
1992-11-24,0.000000,Training,-0.400980,-0.219167,-0.164554,-0.073386,0.025782,0.130318,0.228530,0.518015,1.041459,1.412506,4.124581
1992-11-25,0.000000,Training,-0.416013,-0.233248,-0.177392,-0.071983,0.031723,0.143830,0.247984,0.557987,1.113347,1.501615,4.294820
1992-11-26,0.000000,Training,-0.425841,-0.245414,-0.183562,-0.078062,0.027927,0.143987,0.246538,0.562654,1.147248,1.553001,4.446905
1992-11-27,0.000000,Training,-0.427415,-0.247918,-0.184528,-0.079440,0.026996,0.143596,0.245441,0.562163,1.152247,1.560433,4.470231
1992-11-28,0.000000,Training,-0.427815,-0.246323,-0.185625,-0.071941,0.034949,0.153480,0.259499,0.584193,1.168123,1.570552,4.430981
1992-11-29,0.000000,Training,-0.424063,-0.241453,-0.183221,-0.069038,0.036192,0.153694,0.259057,0.581768,1.153370,1.544892,4.356482
1992-11-30,0.000000,Training,-0.420014,-0.238355,-0.179745,-0.070870,0.032875,0.147856,0.249783,0.564883,1.130937,1.523413,4.326261
1992-12-01,0.000000,Training,-0.450251,-0.270974,-0.204071,-0.088408,0.023801,0.146536,0.248777,0.583156,1.238919,1.692713,4.843316
1992-12-02,0.000000,Training,-0.469096,-0.290329,-0.217088,-0.087956,0.030579,0.162693,0.269963,0.627452,1.344449,1.844438,5.190835
1992-12-03,0.000000,Training,-0.493589,-0.317085,-0.230261,-0.085903,0.038635,0.184409,0.295092,0.683472,1.498198,2.067756,5.723329
1992-12-04,0.000000,Training,-0.457338,-0.285172,-0.228627,-0.124704,-0.014607,0.097234,0.189444,0.506868,1.157133,1.634357,4.954506
1992-12-05,0.000000,Training,-0.457198,-0.279790,-0.204944,-0.094011,0.019737,0.147299,0.241688,0.573853,1.252407,1.731941,5.042164
1992-12-06,0.000000,Training,-0.447645,-0.271072,-0.197968,-0.082314,0.032229,0.160084,0.261912,0.599463,1.260466,1.725421,4.900579
1992-12-07,0.000000,Training,-0.464876,-0.288670,-0.213471,-0.091756,0.026663,0.157952,0.260088,0.610347,1.323595,1.827844,5.238634
1992-12-08,0.000000,Training,-0.450485,-0.266850,-0.202279,-0.060987,0.056571,0.192754,0.308811,0.677891,1.335091,1.771925,4.844471
1992-12-09,0.000000,Training,-0.446025,-0.260774,-0.200775,-0.059732,0.056575,0.192571,0.308205,0.674799,1.313115,1.722496,4.716122
1992-12-10,0.000000,Training,-0.461729,-0.271870,-0.219632,-0.061522,0.063777,0.199784,0.326694,0.710030,1.397244,1.874167,5.094704
1992-12-11,0.000000,Training,-0.461254,-0.273864,-0.207961,-0.057285,0.064509,0.208099,0.326732,0.710765,1.408098,1.877457,5.096841
1992-12-12,0.000000,Training,-0.459033,-0.274713,-0.205975,-0.057738,0.063474,0.205263,0.323758,0.706281,1.404963,1.881489,5.085498
1992-12-13,0.000000,Training,-0.470585,-0.284143,-0.214699,-0.052784,0.073268,0.221859,0.347281,0.751161,1.486497,1.980717,5.289557
1992-12-14,0.000000,Training,-0.464666,-0.277401,-0.211429,-0.052033,0.072330,0.219192,0.343612,0.742569,1.454569,1.919961,5.130221
1992-12-15,0.000000,Training,-0.717728,-0.523041,-0.418729,-0.131330,0.200323,0.559406,0.926427,2.014233,5.630194,8.515519,24.481461
1992-12-16,0.000000,Training,-0.745167,-0.504277,-0.306890,0.168553,0.749152,1.364871,1.961051,3.836822,9.851025,13.500060,36.814770
1992-12-17,0.000000,Training,-0.637972,-0.414488,-0.258282,0.066963,0.401881,0.762272,1.059401,2.042605,4.708133,6.571677,16.622625
1992-12-18,0.000000,Training,-0.588132,-0.371421,-0.227382,0.079574,0.350989,0.630637,0.910662,1.716580,3.666619,5.147811,12.421025
1992-12-19,0.161056,Training,-0.768366,-0.496280,-0.122578,0.753702,3.122087,4.193204,7.414669,16.405369,45.700169,70.993614,174.249527
1992-12-20,8.535951,Training,0.140380,1.656616,3.103816,10.699739,27.122934,33.190399,54.224411,107.497200,220.142914,285.719971,589.665466
1992-12-21,196.326883,Training,3.639539,9.640782,14.027349,45.067039,87.509293,105.267387,161.026871,259.691437,431.899689,566.069824,1120.533936
1992-12-22,1469.472095,Training,11.216572,23.453272,31.087770,88.654198,139.971207,171.210922,232.516068,324.101379,497.483032,661.486755,1278.616577
1992-12-23,399.257050,Training,13.155121,22.920671,28.290943,73.391281,111.819397,133.782608,170.930710,231.585861,340.867798,431.918304,804.652954
1992-12-24,50.893597,Training,10.235516,18.920509,22.667713,60.708565,91.288712,110.946831,139.176010,191.031128,282.087433,351.212952,673.127808
1992-12-25,21.581462,Training,3.217567,6.977015,9.312367,22.715523,33.191666,43.942883,50.972321,72.915543,111.864464,133.308334,293.149323
1992-12-26,3.382169,Training,0.135187,1.114502,2.034495,4.889285,7.801004,10.640842,12.973626,19.370785,33.617168,42.239674,92.081116
1992-12-27,0.805278,Training,-0.206257,0.372607,0.959495,2.379441,3.890657,5.214407,6.527726,9.675379,16.686148,21.599850,45.534611
1992-12-28,0.483167,Training,-0.294889,0.151582,0.593133,1.615886,2.657938,3.516224,4.491215,6.643643,11.122637,14.393507,29.692287
1992-12-29,0.483167,Training,-0.388193,-0.033310,0.280438,1.023407,1.752620,2.357435,3.049724,4.619920,7.699833,9.916616,20.416292
1992-12-30,0.483167,Validation,-0.405625,-0.075639,0.203728,0.881797,1.524212,2.071102,2.677028,4.062956,6.692546,8.533499,17.593168
1992-12-31,0.483167,Validation,-0.421174,-0.110712,0.152202,0.782632,1.376762,1.888569,2.434952,3.712523,6.102007,7.752383,16.085167
1993-01-01,0.483167,Training,-0.430234,-0.142352,0.115392,0.693515,1.268074,1.755937,2.243977,3.432919,5.637577,7.207705,15.249435
1993-01-02,0.161056,Training,-0.435393,-0.165675,0.089516,0.632584,1.191364,1.663060,2.111647,3.242662,5.333180,6.877578,14.968867
1993-01-03,0.161056,Training,-0.488352,-0.241298,-0.022762,0.446466,0.913913,1.311348,1.696734,2.714526,4.607368,5.998200,13.108635
1993-01-04,0.161056,Training,-0.504693,-0.268135,-0.058369,0.382320,0.818729,1.193848,1.550939,2.525234,4.349092,5.699907,12.589314
1993-01-05,0.000000,Training,-0.531554,-0.291794,-0.097134,0.347696,0.729732,1.077400,1.431206,2.404583,4.263839,5.576137,12.143150
1993-01-06,0.000000,Training,-0.536466,-0.299261,-0.104168,0.340286,0.711031,1.055486,1.401927,2.374758,4.241271,5.557437,12.095882
1993-01-07,0.000000,Training,-0.547334,-0.326172,-0.155966,0.226052,0.544160,0.848642,1.139629,1.996350,3.643322,4.816953,10.707384
1993-01-08,0.000000,Training,-0.549735,-0.342924,-0.193563,0.132558,0.408978,0.679936,0.923322,1.673743,3.116725,4.162202,9.495095
1993-01-09,0.000000,Training,-0.540838,-0.345168,-0.223255,0.044715,0.265581,0.493874,0.687329,1.317296,2.526605,3.397872,8.037441
1993-01-10,0.000000,Training,-0.504989,-0.321963,-0.226657,-0.027868,0.145313,0.330423,0.471060,0.967388,1.894876,2.553198,6.408644
1993-01-11,0.000000,Training,-0.481406,-0.291304,-0.215909,-0.029421,0.108164,0.262796,0.387606,0.835051,1.662655,2.236952,5.737164
1993-01-12,0.000000,Training,-0.438773,-0.254470,-0.189819,-0.047825,0.070975,0.197615,0.295979,0.667106,1.326664,1.794667,4.841741
1993-01-13,0.000000,Training,-0.430854,-0.249535,-0.180250,-0.047868,0.067208,0.194187,0.285674,0.648095,1.284513,1.722685,4.682417
1993-01-14,0.000000,Training,-0.430177,-0.250628,-0.181362,-0.049723,0.066039,0.195207,0.286687,0.649808,1.279909,1.703316,4.627640
1993-01-15,0.000000,Training,-0.431997,-0.252748,-0.184072,-0.050160,0.065998,0.196762,0.289088,0.655398,1.285483,1.705801,4.619206
1993-01-16,0.000000,Training,-0.429854,-0.251550,-0.183852,-0.051520,0.064333,0.195328,0.286525,0.650705,1.270082,1.679734,4.551082
1993-01-17,0.000000,Training,-0.427070,-0.247763,-0.181115,-0.047520,0.064940,0.193472,0.283814,0.646671,1.259107,1.667066,4.506253
1993-01-18,0.000000,Training,-0.424733,-0.246567,-0.180129,-0.049899,0.062637,0.191166,0.279549,0.638248,1.238123,1.634487,4.435501
1993-01-19,0.000000,Training,-0.423519,-0.247988,-0.180647,-0.055555,0.059291,0.189160,0.275019,0.629215,1.218011,1.606168,4.383543
1993-01-20,0.000000,Training,-0.423850,-0.248406,-0.180892,-0.055837,0.059088,0.189257,0.274548,0.628739,1.215791,1.603145,4.372862
1993-01-21,0.000000,Training,-0.424224,-0.246396,-0.179191,-0.049283,0.061813,0.189824,0.276020,0.633821,1.225980,1.619567,4.386309
1993-01-22,0.000000,Training,-0.423785,-0.246347,-0.178353,-0.048452,0.062043,0.188990,0.274944,0.632620,1.223195,1.619335,4.377267
1993-01-23,0.000000,Training,-0.424276,-0.247381,-0.179272,-0.050170,0.060833,0.187951,0.273624,0.630788,1.218164,1.610893,4.356205
1993-01-24,0.000000,Training,-0.424356,-0.248255,-0.180181,-0.052960,0.059582,0.187787,0.272785,0.628467,1.211272,1.598140,4.331988
1993-01-25,0.000000,Training,-0.424440,-0.248829,-0.180530,-0.054234,0.059282,0.188111,0.272570,0.627626,1.208625,1.594210,4.324929
1993-01-26,0.000000,Training,-0.423676,-0.246845,-0.178204,-0.049062,0.062074,0.188970,0.273899,0.630877,1.215057,1.608986,4.342684
1993-01-27,0.000000,Training,-0.423846,-0.247333,-0.178328,-0.049373,0.062260,0.189263,0.274206,0.631312,1.214540,1.607857,4.337487
1993-01-28,0.000000,Training,-0.426601,-0.251805,-0.182540,-0.056171,0.060112,0.190125,0.274677,0.631121,1.213715,1.603221,4.342638
1993-01-29,0.000000,Training,-0.569915,-0.355527,-0.252473,0.059784,0.387499,0.665685,0.945542,1.744983,3.994184,5.827822,14.930265
1993-01-30,0.000000,Training,-0.635041,-0.109445,0.207762,1.766120,5.002632,7.336605,9.882965,20.778687,55.203339,70.803146,179.959198
1993-01-31,0.000000,Training,-0.461039,0.245610,0.708375,2.866093,7.234009,10.088566,12.899541,25.512094,60.063046,80.839966,188.588974
1993-02-01,0.000000,Training,-0.483943,0.119231,0.657996,2.432314,5.118625,7.018837,8.956475,16.871094,36.457699,49.953346,110.250732
1993-02-02,0.000000,Training,-0.544086,-0.177461,0.232311,1.074609,2.103474,2.970901,3.762646,6.735439,14.122814,20.201862,43.530441
1993-02-03,0.000000,Training,-0.506025,-0.173553,0.208626,0.951073,1.760633,2.472326,3.181743,5.334514,10.362252,14.596030,31.180399
1993-02-04,0.000000,Training,-0.505144,-0.221623,0.067022,0.631649,1.209190,1.716540,2.234212,3.742158,6.993032,9.649260,20.514408
1993-02-05,0.000000,Training,-0.506761,-0.241119,0.000686,0.503849,0.994014,1.424859,1.873350,3.148488,5.770401,7.878606,16.788736
1993-02-06,0.000000,Training,-0.555667,-0.273413,-0.063390,0.517371,1.074137,1.538296,2.107745,3.607033,6.952382,9.833993,21.755264
1993-02-07,0.000000,Training,-0.570204,-0.310053,-0.057462,0.486277,0.995850,1.461257,1.945902,3.380727,6.649007,9.470530,20.936634
1993-02-08,0.000000,Training,-0.557246,-0.311422,-0.085513,0.398039,0.841299,1.250111,1.664751,2.901703,5.585498,7.831078,17.241810
1993-02-09,0.000000,Training,-0.649197,-0.356091,-0.100859,0.642483,1.462761,2.162712,3.072130,5.624021,12.473895,18.674803,43.822823
1993-02-10,0.322111,Training,-0.662851,-0.255446,0.154905,1.522444,3.695757,5.203516,7.296477,14.399169,32.688232,46.669716,113.677132
1993-02-11,0.322111,Training,-0.584816,-0.118092,0.337748,1.833075,3.949502,5.505241,7.406722,13.912153,29.841419,42.315052,97.292633
1993-02-12,0.805278,Training,-0.551529,-0.134113,0.268097,1.378160,2.648703,3.764243,4.878094,8.475055,17.267473,24.185530,54.695210
1993-02-13,0.805278,Training,-0.523786,-0.192241,0.195423,1.018358,1.869982,2.651650,3.437328,5.780795,11.175323,15.845958,34.542049
1993-02-14,0.161056,Training,-0.487482,-0.184203,0.174956,0.902950,1.622872,2.265283,2.943885,4.813469,8.829059,12.372066,26.511129
1993-02-15,0.000000,Training,-0.471179,-0.188357,0.153063,0.827272,1.483359,2.057291,2.671509,4.325246,7.721797,10.720016,22.706718
1993-02-16,0.000000,Training,-0.462571,-0.180422,0.130710,0.773230,1.368321,1.909333,2.458982,3.960913,6.864580,9.245411,19.463051
1993-02-17,0.000000,Training,-0.505661,-0.259729,-0.015591,0.494382,0.939979,1.363662,1.772017,2.975075,5.247579,7.059457,14.986155
1993-02-18,0.000000,Training,-0.532079,-0.317066,-0.127046,0.270169,0.593527,0.914600,1.213178,2.156548,3.923650,5.348134,11.589082
1993-02-19,0.000000,Training,-0.530780,-0.334080,-0.187993,0.119637,0.356273,0.602736,0.819055,1.549167,2.890192,3.965130,8.934968
1993-02-20,0.000000,Training,-0.527363,-0.338059,-0.198975,0.082686,0.298879,0.525807,0.719202,1.391206,2.628652,3.635528,8.328184
1993-02-21,0.000000,Training,-0.528509,-0.341592,-0.202426,0.073784,0.285148,0.508111,0.694177,1.351484,2.567223,3.561947,8.200883
1993-02-22,0.000000,Training,-0.529719,-0.347675,-0.206407,0.060130,0.266459,0.484041,0.660475,1.299048,2.500761,3.499893,8.125256
1993-02-23,0.000000,Training,-0.528723,-0.334874,-0.209032,0.062778,0.265284,0.486534,0.659311,1.288932,2.424247,3.286891,7.664297
1993-02-24,0.000000,Training,-0.534635,-0.337879,-0.212223,0.067766,0.276016,0.500779,0.677490,1.316982,2.487113,3.382270,7.895009
1993-02-25,0.000000,Training,-0.510346,-0.321678,-0.215298,0.013192,0.179602,0.368377,0.505739,1.039569,1.996246,2.725037,6.592358
1993-02-26,0.000000,Training,-0.513534,-0.324653,-0.217263,0.012174,0.179196,0.370219,0.505874,1.041502,2.009363,2.740374,6.632896
1993-02-27,0.000000,Training,-0.529605,-0.337070,-0.219409,0.033958,0.217958,0.425678,0.575439,1.157204,2.235234,3.057019,7.281762
1993-02-28,0.000000,Training,-0.499056,-0.325710,-0.223233,-0.042630,0.130396,0.315849,0.422907,0.888625,1.722650,2.367925,6.021255
1993-03-01,0.000000,Training,-0.474190,-0.317496,-0.233211,-0.081086,0.074800,0.253696,0.345868,0.745704,1.433899,1.975639,5.572354
1993-03-02,0.000000,Training,-0.441967,-0.284091,-0.202432,-0.091452,0.045501,0.193634,0.261203,0.606259,1.193376,1.652314,4.635910
1993-03-03,0.000000,Training,-0.432143,-0.269757,-0.202696,-0.098449,0.042311,0.174267,0.244419,0.567971,1.121740,1.575221,4.466764
1993-03-04,0.000000,Training,-0.494969,-0.293460,-0.219592,-0.039747,0.130479,0.280745,0.376661,0.814375,1.725118,2.494673,6.705593
1993-03-05,1.771613,Training,-0.682758,-0.327954,-0.159674,0.435989,1.288676,2.007152,2.302261,4.708160,12.318942,17.564743,45.932678
1993-03-06,37.203864,Training,-0.553462,0.081323,0.499605,2.303380,5.686412,7.550199,9.637880,20.345678,47.637566,65.065422,152.099579
1993-03-07,14.172901,Training,-0.592869,-0.185062,0.143969,1.050129,2.237205,3.181887,3.879974,7.562507,17.060072,24.124844,55.737095
1993-03-08,2.254780,Training,-0.579506,-0.296600,-0.054062,0.419327,0.910033,1.364399,1.684666,3.184435,6.888556,10.095890,23.044285
1993-03-09,0.644223,Training,-0.585214,-0.316946,-0.116494,0.344584,0.780604,1.168457,1.527949,2.805340,5.826997,8.558824,19.434917
1993-03-10,0.161056,Training,-0.609035,-0.314919,-0.133340,0.403344,0.939222,1.396300,1.847700,3.432156,7.406372,10.998417,25.414257
1993-03-11,0.483167,Training,-0.639910,-0.201020,0.140779,1.345661,3.136630,4.481245,5.856583,11.779857,27.252525,39.349949,92.798462
1993-03-12,1.449501,Training,-0.550387,0.001319,0.476392,2.169470,4.869997,6.575513,8.637878,17.055080,36.760990,52.304161,120.349869
1993-03-13,87.453238,Training,-0.226049,0.735867,1.596111,5.317275,11.264857,14.708577,19.379181,36.894379,72.232132,98.454201,206.504059
1993-03-14,15.783457,Training,-0.187510,0.792630,1.541738,4.937277,9.858477,12.900548,16.494547,29.972111,56.538921,75.544395,164.417587
1993-03-15,3.382169,Training,-0.405702,0.089734,0.705784,2.169764,3.973804,5.506949,6.904387,12.032682,23.442848,33.438297,74.263939
1993-03-16,0.805278,Training,-0.513032,-0.213685,0.268374,1.061797,2.034324,2.834920,3.604864,6.230867,12.624100,19.134123,44.787018
1993-03-17,0.161056,Training,-0.505335,-0.242944,0.162403,0.829216,1.575324,2.199576,2.820348,4.737554,9.249530,13.777282,31.528135
1993-03-18,0.000000,Training,-0.519498,-0.284494,0.042410,0.600869,1.177538,1.659099,2.161742,3.654201,7.038424,10.389415,23.310074
1993-03-19,0.000000,Training,-0.547699,-0.344147,-0.071246,0.386357,0.833280,1.213940,1.598277,2.799548,5.505667,8.166762,18.606390
1993-03-20,0.000000,Training,-0.548133,-0.357375,-0.119525,0.276252,0.635087,0.967117,1.276266,2.279680,4.467539,6.535892,14.805268
1993-03-21,0.000000,Training,-0.559659,-0.382167,-0.152589,0.209612,0.527723,0.836666,1.092566,2.014204,4.029787,5.909933,13.653967
1993-03-22,0.000000,Training,-0.552224,-0.375599,-0.183118,0.135611,0.399427,0.664174,0.885057,1.668703,3.324625,4.831333,11.259225
1993-03-23,0.000000,Training,-0.554702,-0.386311,-0.219506,0.041774,0.244729,0.465359,0.623627,1.273260,2.654080,3.912266,9.567756
1993-03-24,0.000000,Training,-0.523558,-0.352721,-0.221749,-0.026788,0.116121,0.293229,0.396451,0.892589,1.916262,2.819293,7.280948
1993-03-25,0.000000,Training,-0.472882,-0.296434,-0.198714,-0.024747,0.105570,0.259007,0.357728,0.791283,1.617462,2.328084,6.057195
1993-03-26,0.000000,Training,-0.454506,-0.268086,-0.187845,-0.010438,0.111000,0.258631,0.359375,0.774975,1.504022,2.119736,5.427666
1993-03-27,0.000000,Training,-0.452520,-0.268799,-0.186598,-0.019538,0.096531,0.239995,0.328991,0.727113,1.457161,2.086699,5.446885
1993-03-28,0.000000,Training,-0.448612,-0.266475,-0.185548,-0.029421,0.080799,0.218465,0.297220,0.676245,1.383525,1.994788,5.304734
1993-03-29,0.000000,Training,-0.427328,-0.241347,-0.173880,-0.030090,0.069933,0.195788,0.269122,0.616729,1.232740,1.758755,4.732530
1993-03-30,0.000000,Training,-0.404292,-0.220553,-0.158897,-0.042708,0.047017,0.157889,0.216284,0.522903,1.065675,1.531940,4.307906
1993-03-31,0.000000,Training,-0.382976,-0.200993,-0.143275,-0.050216,0.031916,0.129495,0.177738,0.451201,0.936043,1.353951,3.972280
1993-04-01,0.000000,Training,-0.352535,-0.169521,-0.119399,-0.040918,0.035152,0.120864,0.168755,0.415393,0.815838,1.166489,3.467578
1993-04-02,0.000000,Training,-0.318618,-0.137070,-0.090170,-0.035098,0.034859,0.104167,0.151091,0.365136,0.678618,0.961956,2.971147
1993-04-03,0.000000,Training,-0.312774,-0.132762,-0.083015,-0.041538,0.027642,0.090833,0.132550,0.333042,0.644011,0.930980,2.979626
1993-04-04,0.000000,Training,-0.316807,-0.133909,-0.084676,-0.054586,0.009321,0.066862,0.100892,0.289441,0.599889,0.878138,2.980344
1993-04-05,0.000000,Training,-0.318410,-0.135948,-0.087152,-0.053329,0.010586,0.069951,0.103589,0.294728,0.612655,0.898475,3.015318
1993-04-06,0.000000,Training,-0.319555,-0.130895,-0.084787,-0.060269,-0.004744,0.048254,0.077352,0.253293,0.549372,0.816451,2.881914
1993-04-07,0.000000,Training,-0.311516,-0.119806,-0.073161,-0.059658,-0.008230,0.037319,0.066985,0.227636,0.489926,0.728653,2.669720
1993-04-08,0.000000,Training,-0.297437,-0.108369,-0.063324,-0.053269,-0.001535,0.040209,0.070738,0.226637,0.475135,0.707498,2.598073
1993-04-09,0.000000,Training,-0.301785,-0.106366,-0.063223,-0.055415,-0.009124,0.030491,0.059722,0.207839,0.443990,0.664398,2.504509
1993-04-10,0.000000,Training,-0.272800,-0.087196,-0.045757,-0.037805,0.014465,0.051126,0.084292,0.232343,0.460085,0.687825,2.496985
1993-04-11,0.000000,Training,-0.264411,-0.082535,-0.045158,-0.023509,0.034629,0.071557,0.111249,0.265535,0.486822,0.734297,2.519715
1993-04-12,0.000000,Training,-0.283770,-0.097331,-0.058216,-0.021697,0.037792,0.087029,0.127393,0.300347,0.548993,0.805719,2.645679
1993-04-13,0.000000,Training,-0.292013,-0.103853,-0.071227,-0.016374,0.047137,0.099178,0.143523,0.326434,0.582381,0.861620,2.752139
1993-04-14,0.000000,Training,-0.348418,-0.153158,-0.106479,0.003537,0.088388,0.169393,0.211540,0.427826,0.790182,1.209985,3.595788
1993-04-15,0.000000,Training,-0.403310,-0.189329,-0.114666,-0.016273,0.088752,0.189829,0.219080,0.476701,0.982835,1.480059,4.662623
1993-04-16,0.000000,Training,-0.362171,-0.162250,-0.090187,-0.026218,0.056502,0.138390,0.161217,0.378007,0.795633,1.223400,3.984365
1993-04-17,0.000000,Training,-0.350118,-0.151608,-0.091756,-0.040063,0.022104,0.091206,0.107960,0.299942,0.659477,1.021376,3.513327
1993-04-18,0.000000,Training,-0.328145,-0.129523,-0.078667,-0.035645,0.019639,0.078980,0.100350,0.279987,0.599733,0.918796,3.186691
1993-04-19,0.000000,Training,-0.312559,-0.113540,-0.069067,-0.031883,0.019315,0.071669,0.096338,0.268226,0.562424,0.852618,2.977810
1993-04-20,0.000000,Training,-0.296083,-0.098394,-0.060185,-0.024750,0.026554,0.073248,0.103378,0.270282,0.543702,0.819483,2.840335
1993-04-21,0.000000,Training,-0.284136,-0.087658,-0.052570,-0.017606,0.033918,0.077589,0.112245,0.275186,0.530042,0.796807,2.726920
1993-04-22,0.000000,Training,-0.273814,-0.078341,-0.042065,-0.013653,0.034742,0.076138,0.111002,0.266129,0.501212,0.751145,2.590444
1993-04-23,0.000000,Training,-0.277549,-0.083963,-0.060356,-0.003738,0.050108,0.092472,0.136148,0.302655,0.535521,0.821266,2.675293
1993-04-24,0.000000,Training,-0.322769,-0.120898,-0.089807,0.012229,0.081987,0.150363,0.191045,0.383920,0.688936,1.071407,3.278567
1993-04-25,0.000000,Training,-0.371937,-0.148321,-0.093289,0.004048,0.088869,0.177256,0.210191,0.438881,0.845287,1.257590,3.939044
1993-04-26,0.000000,Training,-0.350905,-0.137616,-0.094837,0.004402,0.080576,0.157033,0.191549,0.409716,0.782158,1.204225,3.687491
1993-04-27,0.000000,Training,-0.379652,-0.164933,-0.128304,0.012376,0.092161,0.189093,0.210882,0.458056,0.906683,1.438057,4.269747
1993-04-28,0.000000,Training,-0.507839,-0.179595,-0.123268,0.214695,0.382138,0.663474,0.610810,1.170265,2.484624,3.604438,9.574588
1993-04-29,0.000000,Training,-0.560492,-0.022784,0.117464,0.951241,1.733635,2.500069,2.524332,4.719733,10.271045,14.505095,33.929264
1993-04-30,0.000000,Training,-0.532317,0.110865,0.406766,1.721927,3.189431,4.282770,4.431637,8.614779,18.625702,27.407053,60.811317
1993-05-01,0.000000,Training,-0.550642,-0.156476,0.081743,0.685493,1.200236,1.672545,1.782781,3.440495,7.525604,11.194933,27.515049
1993-05-02,0.000000,Training,-0.503101,-0.202912,-0.044509,0.288243,0.482212,0.752786,0.790766,1.533383,3.359950,5.071764,12.767656
1993-05-03,0.000000,Training,-0.486112,-0.224195,-0.114550,0.138447,0.270577,0.461854,0.514564,1.030487,2.257175,3.444561,8.845904
1993-05-04,0.000000,Training,-0.491791,-0.197083,-0.139222,0.197793,0.336032,0.545167,0.606142,1.160309,2.535211,3.977595,9.810102
1993-05-05,0.000000,Training,-0.603494,-0.287982,-0.204009,0.160973,0.363226,0.620783,0.641576,1.412278,3.364585,5.273780,14.469663
1993-05-06,0.000000,Training,-0.520750,-0.239211,-0.139125,0.138475,0.251596,0.447831,0.453447,0.986741,2.264435,3.540610,9.792011
1993-05-07,0.000000,Training,-0.505181,-0.256074,-0.146825,0.104691,0.191461,0.374290,0.386949,0.856801,1.971629,3.115251,8.463096
1993-05-08,0.000000,Training,-0.500260,-0.259041,-0.156918,0.086819,0.152066,0.319834,0.332241,0.757350,1.752979,2.823874,7.687491
1993-05-09,0.000000,Training,-0.495023,-0.246423,-0.174813,0.073724,0.131936,0.277810,0.299930,0.689776,1.602484,2.629634,7.235721
1993-05-10,0.000000,Training,-0.492409,-0.242301,-0.188161,0.062063,0.124755,0.268141,0.295110,0.674034,1.570491,2.576671,7.129010
1993-05-11,0.000000,Training,-0.536954,-0.239094,-0.172138,0.178802,0.227892,0.466818,0.430369,0.879639,2.056829,3.433524,9.558019
1993-05-12,0.000000,Training,-0.661359,-0.308265,-0.190737,0.294804,0.588296,0.969388,0.920443,1.992632,4.603357,7.265971,20.182091
1993-05-13,0.000000,Training,-0.624924,-0.279053,-0.196210,0.194715,0.413315,0.697366,0.669702,1.475730,3.429537,5.384262,15.109885
1993-05-14,0.000000,Training,-0.570301,-0.261668,-0.164192,0.165637,0.305757,0.533566,0.531538,1.135725,2.620428,4.106119,11.254387
1993-05-15,0.000000,Training,-0.502943,-0.234339,-0.133763,0.114901,0.187951,0.365602,0.359607,0.787795,1.820524,2.883237,8.016302
1993-05-16,0.000000,Training,-0.458562,-0.203587,-0.127529,0.076325,0.121619,0.261686,0.261726,0.596938,1.382563,2.193855,6.261523
1993-05-17,0.000000,Training,-0.432518,-0.170120,-0.145626,0.059225,0.084147,0.196900,0.191528,0.462214,1.072615,1.811451,5.453767
1993-05-18,0.000000,Training,-0.410533,-0.157902,-0.107996,0.046543,0.087899,0.192246,0.197947,0.457528,1.030553,1.607809,4.891412
1993-05-19,0.000000,Training,-0.356477,-0.117707,-0.077244,0.035783,0.075395,0.159987,0.182085,0.398879,0.833477,1.259989,3.863909
1993-05-20,0.000000,Training,-0.354460,-0.119179,-0.085669,0.018697,0.050203,0.126417,0.143288,0.344350,0.742438,1.133575,3.603822
1993-05-21,0.000000,Training,-0.353253,-0.109142,-0.084273,0.011227,0.027583,0.092700,0.101606,0.276850,0.628132,0.984091,3.330135
1993-05-22,0.000000,Training,-0.358072,-0.115363,-0.093418,0.010804,0.027040,0.095807,0.103550,0.285092,0.660502,1.036048,3.440413
1993-05-23,0.000000,Training,-0.342120,-0.098823,-0.087380,0.001791,0.018304,0.071964,0.084176,0.240037,0.551391,0.878729,3.062063
1993-05-24,0.000000,Training,-0.341089,-0.099451,-0.096006,0.003228,0.006370,0.051882,0.055055,0.174288,0.407044,0.750756,2.837678
1993-05-25,0.000000,Training,-0.409894,-0.153190,-0.132346,0.016697,0.042182,0.130860,0.112487,0.276537,0.639234,1.133953,3.938102
1993-05-26,0.000000,Training,-0.487328,-0.179778,-0.152998,0.046034,0.093152,0.229542,0.177481,0.424213,0.971348,1.589253,5.511480
1993-05-27,0.000000,Training,-0.452220,-0.165223,-0.098944,0.049824,0.086196,0.188779,0.161752,0.369535,0.825930,1.342299,4.693781
1993-05-28,0.000000,Training,-0.413314,-0.153482,-0.096209,0.035043,0.061512,0.157809,0.136224,0.336149,0.787963,1.289623,4.324229
1993-05-29,0.000000,Training,-0.399745,-0.142282,-0.099254,0.025168,0.036566,0.121875,0.105279,0.286152,0.691512,1.148683,3.889894
1993-05-30,0.000000,Training,-0.357815,-0.096103,-0.070742,0.020072,0.021430,0.078890,0.075732,0.211684,0.495915,0.830328,3.033662
1993-05-31,0.000000,Training,-0.345331,-0.076554,-0.058573,0.011207,0.006463,0.046554,0.052224,0.158370,0.365398,0.624809,2.488878
1993-06-01,0.000000,Training,-0.321287,-0.063776,-0.046128,-0.002195,0.000442,0.027051,0.042053,0.136943,0.305263,0.521353,2.210714
1993-06-02,0.000000,Training,-0.318708,-0.059441,-0.042275,-0.008095,-0.007065,0.012067,0.030059,0.113123,0.250744,0.439561,1.992577
1993-06-03,0.000000,Training,-0.328664,-0.058797,-0.045660,-0.008283,-0.015255,0.001612,0.017460,0.088719,0.207247,0.382058,1.846846
1993-06-04,0.000000,Training,-0.306330,-0.046463,-0.040351,-0.003734,-0.010079,0.007571,0.021450,0.096827,0.232856,0.425193,1.972120
1993-06-05,0.000000,Training,-0.297131,-0.047585,-0.033106,-0.015430,-0.012577,-0.002556,0.017447,0.088933,0.203107,0.369608,1.814970
1993-06-06,0.000000,Training,-0.306551,-0.049452,-0.041604,-0.017933,-0.016869,-0.009985,0.010554,0.075455,0.181297,0.348622,1.771361
1993-06-07,0.000000,Training,-0.337017,-0.069689,-0.064040,0.000709,-0.016448,-0.005185,0.008644,0.049067,0.118890,0.327617,1.738081
1993-06-08,0.000000,Training,-0.378271,-0.094885,-0.081735,-0.025078,-0.020559,-0.003776,0.007477,0.065035,0.182551,0.397324,2.013426
1993-06-09,0.000000,Training,-0.340299,-0.079525,-0.053290,-0.018893,-0.011596,0.007160,0.019536,0.085280,0.211746,0.415370,2.010963
1993-06-10,0.000000,Training,-0.303562,-0.057953,-0.040141,-0.019077,-0.011711,0.000056,0.013247,0.078231,0.201348,0.390028,1.909597
1993-06-11,0.000000,Training,-0.297905,-0.047094,-0.040106,-0.012791,-0.015710,-0.002985,0.005440,0.065491,0.188542,0.378687,1.888359
1993-06-12,0.000000,Training,-0.321012,-0.053511,-0.048780,-0.014417,-0.026616,-0.013338,-0.005724,0.046999,0.154283,0.327464,1.749922
1993-06-13,0.000000,Training,-0.332639,-0.054334,-0.046470,-0.016402,-0.032610,-0.025649,-0.016411,0.021610,0.093830,0.239278,1.512989
1993-06-14,0.000000,Training,-0.337417,-0.061650,-0.040432,-0.026175,-0.033451,-0.034871,-0.018946,0.014491,0.061290,0.183579,1.344484
1993-06-15,0.000000,Training,-0.336844,-0.061746,-0.040151,-0.026726,-0.033564,-0.035046,-0.018805,0.015364,0.062809,0.184626,1.346705
1993-06-16,0.000000,Training,-0.330518,-0.057775,-0.035613,-0.026224,-0.031845,-0.035172,-0.017539,0.015154,0.059963,0.180719,1.336761
1993-06-17,0.000000,Training,-0.338406,-0.059679,-0.037920,-0.024595,-0.033522,-0.036483,-0.020496,0.008439,0.046751,0.163941,1.294708
1993-06-18,0.000000,Training,-0.337442,-0.059044,-0.037321,-0.024615,-0.033439,-0.036470,-0.020296,0.008465,0.047009,0.163971,1.295951
1993-06-19,0.000000,Training,-0.312341,-0.049367,-0.026365,-0.025608,-0.026807,-0.032281,-0.011792,0.022910,0.071808,0.195379,1.375445
1993-06-20,0.000000,Training,-0.289880,-0.039590,-0.016974,-0.023453,-0.017626,-0.025151,-0.001365,0.038528,0.096477,0.227964,1.454207
1993-06-21,0.000000,Training,-0.291244,-0.039733,-0.022313,-0.024531,-0.016479,-0.025404,0.000092,0.040481,0.101171,0.238866,1.484246
1993-06-22,0.000000,Training,-0.292883,-0.040320,-0.018484,-0.023429,-0.018024,-0.025126,-0.001620,0.037725,0.096127,0.228375,1.458518
1993-06-23,0.000000,Training,-0.291839,-0.039860,-0.016781,-0.022763,-0.018755,-0.025410,-0.002613,0.035631,0.092676,0.222943,1.444954
1993-06-24,0.000000,Training,-0.297023,-0.039578,-0.019381,-0.022419,-0.023504,-0.030399,-0.009754,0.022798,0.073867,0.200796,1.398854
1993-06-25,0.000000,Training,-0.298560,-0.032589,-0.019713,-0.017131,-0.027093,-0.034733,-0.017581,0.004332,0.045807,0.170648,1.342188
1993-06-26,0.000000,Training,-0.305636,-0.044414,-0.023475,-0.024616,-0.026926,-0.033496,-0.013354,0.017679,0.065995,0.189975,1.373571
1993-06-27,0.000000,Training,-0.304107,-0.048261,-0.022477,-0.027629,-0.024676,-0.031072,-0.008640,0.028246,0.081852,0.206388,1.403246
1993-06-28,0.000000,Training,-0.294037,-0.043681,-0.019899,-0.026984,-0.019803,-0.027717,-0.003166,0.036485,0.095976,0.226744,1.455407
1993-06-29,0.000000,Training,-0.308562,-0.049594,-0.024108,-0.027584,-0.026031,-0.032060,-0.010092,0.025400,0.077472,0.200628,1.391748
1993-06-30,0.000000,Training,-0.306943,-0.049084,-0.023247,-0.027346,-0.025106,-0.030937,-0.008450,0.027782,0.081247,0.204882,1.402494
1993-07-01,0.000000,Training,-0.307550,-0.049800,-0.023903,-0.027905,-0.025564,-0.031091,-0.008593,0.028332,0.082871,0.206469,1.406838
1993-07-02,0.000000,Training,-0.324592,-0.056727,-0.031482,-0.028715,-0.031186,-0.034996,-0.014954,0.018283,0.067170,0.185590,1.356354
1993-07-03,0.000000,Training,-0.326755,-0.057678,-0.032436,-0.028996,-0.031768,-0.035453,-0.015508,0.017403,0.065845,0.183784,1.352970
1993-07-04,0.000000,Training,-0.331523,-0.059693,-0.034473,-0.029127,-0.032982,-0.036239,-0.016994,0.014982,0.061935,0.178786,1.342004
1993-07-05,0.000000,Training,-0.347816,-0.066065,-0.041251,-0.027415,-0.035935,-0.037234,-0.021228,0.007214,0.047828,0.161504,1.300541
1993-07-06,0.000000,Training,-0.358453,-0.070305,-0.045435,-0.025477,-0.036825,-0.036919,-0.022990,0.003146,0.039333,0.152159,1.280243
1993-07-07,0.000000,Training,-0.335472,-0.061951,-0.036191,-0.030069,-0.033054,-0.036266,-0.016669,0.015188,0.063437,0.181837,1.357288
1993-07-08,0.000000,Training,-0.331121,-0.059588,-0.033830,-0.029807,-0.032207,-0.036176,-0.015996,0.015591,0.063891,0.182543,1.359256
1993-07-09,0.000000,Training,-0.315252,-0.051160,-0.026589,-0.028647,-0.028715,-0.034807,-0.012728,0.019547,0.070406,0.191908,1.384863
1993-07-10,0.000000,Training,-0.306442,-0.049532,-0.021860,-0.029009,-0.024340,-0.030950,-0.006562,0.030203,0.086245,0.210077,1.422881
1993-07-11,0.000000,Training,-0.312001,-0.052378,-0.024225,-0.029744,-0.026058,-0.031868,-0.007838,0.028497,0.083971,0.205853,1.411680
1993-07-12,0.000000,Training,-0.331517,-0.060508,-0.032903,-0.030388,-0.031964,-0.035408,-0.014404,0.017942,0.067988,0.184219,1.360809
1993-07-13,0.000000,Training,-0.337673,-0.063205,-0.035710,-0.030423,-0.033300,-0.035932,-0.015851,0.015552,0.064557,0.179738,1.352241
1993-07-14,0.000000,Training,-0.337166,-0.063237,-0.035536,-0.030839,-0.033065,-0.035838,-0.015387,0.016359,0.066431,0.182286,1.361022
1993-07-15,0.000000,Training,-0.337180,-0.063468,-0.035423,-0.031098,-0.032852,-0.035622,-0.014912,0.017067,0.067894,0.184046,1.366684
1993-07-16,0.000000,Training,-0.339311,-0.063845,-0.036064,-0.030674,-0.033349,-0.035994,-0.015820,0.014833,0.064432,0.179969,1.359623
1993-07-17,0.000000,Training,-0.351098,-0.069439,-0.040928,-0.029878,-0.034753,-0.035541,-0.017239,0.012248,0.059593,0.173287,1.343683
1993-07-18,0.000000,Training,-0.343759,-0.066897,-0.038048,-0.031362,-0.033401,-0.035023,-0.014754,0.016987,0.069069,0.184991,1.374763
1993-07-19,0.000000,Training,-0.339081,-0.065357,-0.036048,-0.031960,-0.032183,-0.034196,-0.012729,0.020578,0.075683,0.193165,1.395962
1993-07-20,0.000000,Training,-0.337890,-0.065096,-0.035469,-0.032136,-0.031765,-0.033518,-0.011615,0.022673,0.079455,0.197074,1.405020
1993-07-21,0.000000,Training,-0.335275,-0.064217,-0.034166,-0.032398,-0.030953,-0.032877,-0.010185,0.025077,0.083595,0.201821,1.416745
1993-07-22,0.000000,Training,-0.346423,-0.068942,-0.038692,-0.031851,-0.032911,-0.033336,-0.012479,0.020725,0.076327,0.192063,1.394403
1993-07-23,0.000000,Training,-0.336546,-0.065399,-0.034661,-0.033005,-0.030645,-0.032087,-0.008794,0.027522,0.088497,0.207261,1.432231
1993-07-24,0.000000,Training,-0.323166,-0.060042,-0.028999,-0.033130,-0.026347,-0.029567,-0.003342,0.036391,0.102564,0.226026,1.477593
1993-07-25,0.000000,Training,-0.336867,-0.065706,-0.033961,-0.033212,-0.030091,-0.031538,-0.007616,0.028801,0.090112,0.208191,1.434227
1993-07-26,0.000000,Training,-0.354882,-0.073201,-0.040960,-0.031687,-0.032710,-0.032011,-0.011136,0.021343,0.076739,0.191041,1.395272
1993-07-27,0.000000,Training,-0.349049,-0.071072,-0.038692,-0.033124,-0.031791,-0.032037,-0.009430,0.024540,0.083580,0.199842,1.420241
1993-07-28,0.000000,Training,-0.353520,-0.073377,-0.040327,-0.033020,-0.031936,-0.031631,-0.009416,0.023977,0.082717,0.198883,1.420621
1993-07-29,0.000000,Training,-0.356325,-0.074750,-0.041284,-0.032793,-0.031900,-0.030991,-0.008958,0.024351,0.083492,0.199493,1.423753
1993-07-30,0.000000,Training,-0.333950,-0.065839,-0.032259,-0.034552,-0.027352,-0.028838,-0.002198,0.037103,0.106092,0.228375,1.493407
1993-07-31,0.000000,Training,-0.333438,-0.065821,-0.031660,-0.034608,-0.026855,-0.028185,-0.001112,0.038695,0.108519,0.230671,1.497806
1993-08-01,0.000000,Training,-0.323016,-0.061090,-0.027378,-0.034406,-0.023499,-0.026375,0.003106,0.045228,0.118411,0.243882,1.528223
1993-08-02,0.000000,Training,-0.322245,-0.061022,-0.026279,-0.034249,-0.022845,-0.025491,0.004284,0.046912,0.120930,0.246384,1.534169
1993-08-03,0.000000,Training,-0.335331,-0.067061,-0.031506,-0.035104,-0.026204,-0.026974,0.001227,0.041661,0.113558,0.235077,1.508858
1993-08-04,0.000000,Training,-0.356163,-0.076371,-0.039817,-0.034500,-0.029307,-0.027598,-0.002286,0.034187,0.101309,0.218834,1.474601
1993-08-05,0.000000,Training,-0.344663,-0.071621,-0.035620,-0.036234,-0.027363,-0.027349,0.000879,0.040293,0.112968,0.234270,1.514328
1993-08-06,0.000000,Training,-0.336926,-0.068606,-0.031862,-0.036304,-0.025031,-0.025861,0.004038,0.045404,0.121049,0.245000,1.540581
1993-08-07,0.000000,Training,-0.335592,-0.068064,-0.030725,-0.036273,-0.024361,-0.025183,0.005319,0.047116,0.123523,0.247359,1.545187
1993-08-08,0.000000,Training,-0.326267,-0.063986,-0.026363,-0.035793,-0.021318,-0.023280,0.009126,0.052981,0.132296,0.259167,1.572777
1993-08-09,0.000000,Training,-0.330766,-0.066255,-0.028115,-0.036385,-0.022092,-0.023339,0.009063,0.052622,0.132474,0.258508,1.572735
1993-08-10,0.000000,Training,-0.336477,-0.068887,-0.030197,-0.036946,-0.023129,-0.023749,0.008462,0.050946,0.130355,0.255015,1.566757
1993-08-11,0.000000,Training,-0.343747,-0.072223,-0.032963,-0.037400,-0.024265,-0.024159,0.007582,0.048559,0.127254,0.250666,1.560547
1993-08-12,0.000000,Training,-0.344533,-0.073123,-0.033410,-0.037969,-0.023850,-0.023421,0.008973,0.050869,0.132021,0.256659,1.577756
1993-08-13,0.000000,Training,-0.334287,-0.068811,-0.029116,-0.037938,-0.020968,-0.021670,0.012879,0.057522,0.142780,0.271423,1.613318
1993-08-14,0.000000,Training,-0.319649,-0.062111,-0.022389,-0.036494,-0.015976,-0.018490,0.018425,0.065935,0.154589,0.288352,1.652128
1993-08-15,0.000000,Training,-0.333176,-0.068632,-0.028080,-0.038353,-0.019598,-0.020333,0.015714,0.061198,0.149059,0.279006,1.632998
1993-08-16,0.000000,Training,-0.319908,-0.062525,-0.022088,-0.037051,-0.015051,-0.017451,0.020840,0.068962,0.160117,0.295011,1.670440
1993-08-17,0.000000,Training,-0.309839,-0.057673,-0.017349,-0.035669,-0.011051,-0.014797,0.024975,0.074680,0.167990,0.306732,1.698633
1993-08-18,0.000000,Training,-0.385851,-0.121424,-0.074072,-0.038983,-0.008051,-0.001720,0.053909,0.084785,0.176907,0.395600,2.018482
1993-08-19,0.000000,Training,-0.505771,-0.195923,-0.154837,-0.085268,-0.034261,-0.001567,0.047974,0.100123,0.288347,0.547006,2.704555
1993-08-20,0.000000,Training,-0.447557,-0.152680,-0.083209,-0.043684,0.014965,0.048765,0.101366,0.177709,0.392355,0.655087,2.875936
1993-08-21,0.000000,Training,-0.385878,-0.119769,-0.056377,-0.048117,-0.003746,0.013649,0.058327,0.124241,0.285563,0.492928,2.299232
1993-08-22,0.000000,Training,-0.371619,-0.106277,-0.050645,-0.047065,-0.008516,0.004553,0.048679,0.112190,0.261136,0.450961,2.154683
1993-08-23,0.000000,Training,-0.356103,-0.090063,-0.041951,-0.043800,-0.009596,-0.002274,0.042993,0.102705,0.236892,0.410276,2.024293
1993-08-24,0.000000,Training,-0.339391,-0.076765,-0.037948,-0.042772,-0.007224,-0.005469,0.043178,0.103497,0.234648,0.407933,2.009816
1993-08-25,0.000000,Training,-0.304558,-0.058395,-0.018579,-0.033512,0.005024,0.004841,0.053794,0.119193,0.252038,0.428707,2.040018
1993-08-26,0.000000,Training,-0.302935,-0.056159,-0.023304,-0.034867,0.005880,0.003680,0.055222,0.121299,0.257851,0.439942,2.073136
1993-08-27,0.000000,Training,-0.309268,-0.060220,-0.022503,-0.036734,0.000055,0.000367,0.049617,0.113862,0.247022,0.419952,2.024010
1993-08-28,0.000000,Training,-0.327720,-0.069484,-0.031477,-0.042330,-0.009264,-0.007409,0.041359,0.101619,0.231043,0.394699,1.966273
1993-08-29,0.000000,Training,-0.341939,-0.077383,-0.039060,-0.046885,-0.015609,-0.012243,0.035427,0.093326,0.222424,0.381035,1.940070
1993-08-30,0.000000,Training,-0.337297,-0.075323,-0.038063,-0.047627,-0.015694,-0.012889,0.035216,0.093980,0.223973,0.383359,1.945512
1993-08-31,0.000000,Training,-0.346873,-0.080318,-0.042917,-0.050104,-0.018998,-0.015136,0.032517,0.089650,0.220081,0.376623,1.934979
1993-09-01,0.000000,Training,-0.347128,-0.080956,-0.044024,-0.051327,-0.019777,-0.015803,0.032149,0.089522,0.221916,0.379435,1.945432
1993-09-02,0.000000,Training,-0.329416,-0.073113,-0.039287,-0.050416,-0.015409,-0.013153,0.036671,0.098819,0.237362,0.404629,2.006529
1993-09-03,0.000000,Training,-0.329397,-0.073859,-0.040923,-0.051595,-0.015982,-0.013332,0.036660,0.099658,0.241873,0.412002,2.029851
1993-09-04,0.000000,Training,-0.331054,-0.075860,-0.043366,-0.052745,-0.017579,-0.013218,0.036052,0.100311,0.248408,0.421842,2.060195
1993-09-05,0.000000,Training,-0.334488,-0.076222,-0.051075,-0.053513,-0.021092,-0.014431,0.033171,0.096935,0.258907,0.447464,2.154464
1993-09-06,0.000000,Training,-0.317594,-0.068929,-0.041817,-0.049925,-0.013818,-0.008425,0.039174,0.106134,0.267032,0.457407,2.164438
1993-09-07,0.000000,Training,-0.322853,-0.073050,-0.040826,-0.054732,-0.013350,-0.013522,0.039185,0.102683,0.248665,0.423936,2.070096
1993-09-08,0.000000,Training,-0.358395,-0.098725,-0.076989,-0.075428,-0.029754,-0.031314,0.026961,0.088484,0.239587,0.430287,2.134728
1993-09-09,0.000000,Training,-0.332657,-0.083426,-0.043684,-0.056399,-0.009809,-0.005965,0.047179,0.117043,0.278236,0.465135,2.193891
1993-09-10,0.000000,Training,-0.329989,-0.084113,-0.043868,-0.057129,-0.009312,-0.005247,0.049507,0.121149,0.286040,0.474909,2.213148
1993-09-11,0.000000,Training,-0.333374,-0.087990,-0.048940,-0.060676,-0.013173,-0.008191,0.045731,0.118483,0.289028,0.481560,2.242636
1993-09-12,0.000000,Training,-0.332330,-0.086714,-0.050343,-0.061901,-0.013789,-0.009974,0.045847,0.119852,0.289902,0.479584,2.229915
1993-09-13,0.000000,Training,-0.310485,-0.075746,-0.041344,-0.055691,-0.005931,-0.002078,0.053051,0.131175,0.306754,0.505101,2.284400
1993-09-14,0.000000,Training,-0.304475,-0.071983,-0.036957,-0.053138,-0.001286,0.001179,0.058348,0.137287,0.310237,0.505234,2.272409
1993-09-15,0.000000,Training,-0.356854,-0.100398,-0.079232,-0.076596,-0.026594,-0.024713,0.036806,0.109215,0.285066,0.485161,2.287390
1993-09-16,0.000000,Training,-0.334248,-0.089157,-0.053188,-0.062483,-0.011748,-0.004991,0.052342,0.131838,0.314402,0.511646,2.324844
1993-09-17,0.000000,Training,-0.366178,-0.131586,-0.112351,-0.101260,-0.040117,-0.033501,0.035587,0.110580,0.307297,0.571240,2.617444
1993-09-18,0.000000,Training,-0.394301,-0.138720,-0.100482,-0.080720,-0.011137,0.007269,0.070484,0.165998,0.426346,0.707041,3.031405
1993-09-19,0.000000,Training,-0.369386,-0.125370,-0.074927,-0.068144,-0.001306,0.020347,0.084074,0.183193,0.435020,0.699159,2.915083
1993-09-20,0.000000,Training,-0.373335,-0.127337,-0.080030,-0.075344,-0.015047,0.004966,0.066385,0.161782,0.398839,0.639238,2.732191
1993-09-21,0.000000,Training,-0.357246,-0.114085,-0.073213,-0.072638,-0.015482,0.001276,0.063023,0.158343,0.383241,0.609327,2.613899
1993-09-22,0.000000,Training,-0.317390,-0.091828,-0.056987,-0.060077,0.002132,0.016113,0.079307,0.183253,0.409297,0.639871,2.633584
1993-09-23,0.000000,Training,-0.314141,-0.089019,-0.056907,-0.059981,0.000351,0.014394,0.077680,0.182307,0.406424,0.631433,2.602458
1993-09-24,0.000000,Training,-0.319617,-0.091682,-0.061908,-0.063929,-0.005454,0.008908,0.072698,0.176821,0.401571,0.623966,2.592941
1993-09-25,0.000000,Training,-0.331952,-0.099449,-0.070329,-0.070639,-0.016421,0.000570,0.062434,0.165454,0.392837,0.613125,2.581106
1993-09-26,0.000000,Training,-0.337950,-0.104205,-0.080207,-0.074718,-0.023139,-0.002596,0.056791,0.161769,0.403763,0.637413,2.663623
1993-09-27,0.000000,Training,-0.313318,-0.091360,-0.059463,-0.065904,-0.007064,0.006957,0.070044,0.174811,0.393579,0.607198,2.534151
1993-09-28,0.000000,Training,-0.309729,-0.090191,-0.062362,-0.063722,-0.001426,0.013524,0.078464,0.188129,0.416122,0.638654,2.600883
1993-09-29,0.000000,Training,-0.336217,-0.106089,-0.089132,-0.081381,-0.019488,-0.006290,0.061255,0.169197,0.402503,0.636749,2.667094
1993-09-30,0.000000,Training,-0.315112,-0.098112,-0.066961,-0.062430,0.003997,0.025268,0.090569,0.209686,0.459142,0.700528,2.755421
1993-10-01,,,-0.375825,0.071317,0.168686,0.400339,0.698845,0.867613,1.061651,1.731574,3.647009,5.235693,15.843770
1993-10-02,,,-0.394888,0.046394,0.148606,0.389033,0.694788,0.870842,1.066346,1.764362,3.785439,5.469656,16.580362
1994-10-17,0.000000,Training,,,,,,,,,,,
1994-10-18,0.000000,Training,,,,,,,,,,,
1994-10-19,0.000000,Training,-0.544594,-0.306492,-0.284881,-0.149835,-0.022048,0.077340,0.216819,0.541864,1.531553,2.431685,8.321094
1994-10-20,0.000000,Training,-0.485744,-0.254234,-0.199664,-0.076795,0.047994,0.159325,0.295377,0.615878,1.548334,2.335732,7.539453
1994-10-21,0.000000,Training,-0.471748,-0.250435,-0.193972,-0.079834,0.034092,0.144242,0.274776,0.580265,1.434296,2.151571,6.814388
1994-10-22,0.000000,Training,-0.540191,-0.319710,-0.277490,-0.134711,-0.020748,0.091508,0.231051,0.557236,1.495936,2.331351,7.393005
1994-10-23,0.000000,Training,-0.532691,-0.318256,-0.258540,-0.106081,0.011558,0.137333,0.282780,0.629883,1.600251,2.432324,7.358836
1994-10-24,0.000000,Training,-0.463943,-0.255800,-0.208615,-0.088173,0.018326,0.128756,0.256932,0.560019,1.322760,1.941120,5.905236
1994-10-25,0.000000,Training,-0.428570,-0.218297,-0.177029,-0.094855,-0.005242,0.086625,0.193486,0.445770,1.036869,1.498845,4.804729
1994-10-26,0.000000,Training,-0.409735,-0.198297,-0.161278,-0.095014,-0.014114,0.068355,0.167262,0.396259,0.909658,1.304437,4.281247
1994-10-27,0.000000,Training,-0.387268,-0.175925,-0.157473,-0.094626,-0.009101,0.058113,0.155619,0.369432,0.825631,1.191597,4.002321
1994-10-28,0.000000,Training,-0.380818,-0.176154,-0.144612,-0.080731,0.004754,0.081997,0.176632,0.399877,0.867169,1.234176,4.003261
1994-10-29,0.000000,Training,-0.378778,-0.174923,-0.143316,-0.083929,-0.001701,0.073767,0.167133,0.386076,0.844154,1.194182,3.920939
1994-10-30,0.000000,Training,-0.370076,-0.166158,-0.130503,-0.086383,-0.007759,0.060164,0.145577,0.348565,0.762636,1.078239,3.654573
1994-10-31,0.000000,Training,-0.383219,-0.179081,-0.143172,-0.095238,-0.018836,0.053382,0.137884,0.345932,0.774838,1.096365,3.703763
1994-11-01,0.000000,Training,-0.390537,-0.189598,-0.154835,-0.097719,-0.018996,0.058812,0.143828,0.363115,0.818769,1.159688,3.840586
1994-11-02,0.000000,Training,-0.410210,-0.231338,-0.214940,-0.139271,-0.043470,0.037987,0.134297,0.372931,0.902235,1.384147,4.618467
1994-11-03,0.000000,Training,-0.653232,-0.466444,-0.418185,-0.284458,-0.106248,0.063311,0.194325,0.666593,2.213219,3.613027,13.071718
1994-11-04,0.000000,Training,-0.631455,-0.393277,-0.328431,-0.106177,0.110629,0.335248,0.530867,1.149454,2.963873,4.343462,13.399983
1994-11-05,0.000000,Training,-0.546334,-0.325568,-0.251261,-0.067409,0.109040,0.288080,0.458130,0.948098,2.245667,3.293035,9.533561
1994-11-06,0.000000,Training,-0.633843,-0.429679,-0.378773,-0.220302,-0.025058,0.146256,0.313870,0.849988,2.472811,3.911875,12.477431
1994-11-07,0.000000,Training,-0.559793,-0.333494,-0.254060,-0.096882,0.073680,0.247878,0.403964,0.874546,2.259106,3.327584,10.351016
1994-11-08,0.000000,Training,-0.556605,-0.333209,-0.281583,-0.140612,0.012306,0.159581,0.309266,0.741640,1.974020,2.985897,9.415229
1994-11-09,0.000000,Training,-0.720614,-0.554290,-0.443792,-0.280897,0.011483,0.213589,0.485764,1.377384,4.249766,7.033218,23.120712
1994-11-10,0.000000,Training,-0.611124,-0.384340,-0.263553,-0.048641,0.183366,0.424486,0.662379,1.354657,3.526804,5.116306,15.439920
1994-11-11,0.000000,Training,-0.559312,-0.344981,-0.231921,-0.061010,0.111567,0.312784,0.500358,1.032654,2.568679,3.722753,10.945737
1994-11-12,0.000000,Training,-0.545936,-0.337340,-0.250683,-0.089689,0.071725,0.239662,0.415547,0.877487,2.147394,3.140666,9.197019
1994-11-13,0.000000,Training,-0.472763,-0.270963,-0.197134,-0.041968,0.105611,0.257422,0.428716,0.843265,1.814711,2.559922,7.049885
1994-11-14,0.000000,Training,-0.474315,-0.276041,-0.204381,-0.046152,0.095265,0.245092,0.413174,0.820941,1.750104,2.440114,6.692517
1994-11-15,0.000000,Training,-0.459429,-0.264012,-0.197170,-0.060259,0.066013,0.204344,0.352892,0.724574,1.541508,2.121536,5.979138
1994-11-16,0.000000,Training,-0.449420,-0.255288,-0.193295,-0.053322,0.073416,0.209470,0.357778,0.725651,1.495724,2.047585,5.684894
1994-11-17,0.000000,Training,-0.442185,-0.247654,-0.190465,-0.045998,0.078872,0.213113,0.360853,0.726725,1.449021,1.974482,5.396418
1994-11-18,0.000000,Training,-0.444956,-0.250745,-0.194025,-0.045367,0.078376,0.213614,0.359300,0.727717,1.437489,1.952200,5.299956
1994-11-19,0.000000,Training,-0.471520,-0.281044,-0.213079,-0.055723,0.074418,0.218571,0.363777,0.751960,1.538396,2.100097,5.700645
1994-11-20,0.000000,Training,-0.504857,-0.315965,-0.232180,-0.043309,0.104207,0.267161,0.428237,0.869428,1.792931,2.462431,6.464943
1994-11-21,0.000000,Training,-0.488002,-0.300972,-0.225996,-0.062907,0.068453,0.216891,0.357092,0.755008,1.575683,2.163247,5.854182
1994-11-22,0.000000,Training,-0.456477,-0.268476,-0.207334,-0.067132,0.049295,0.181590,0.307151,0.662594,1.343464,1.829304,5.044923
1994-11-23,0.000000,Training,-0.445110,-0.260056,-0.200110,-0.083262,0.024390,0.146481,0.255685,0.580198,1.216038,1.658923,4.760612
1994-11-24,0.000000,Training,-0.457111,-0.272521,-0.209287,-0.086030,0.023576,0.150209,0.259392,0.593468,1.269449,1.742707,4.978149
1994-11-25,0.000000,Training,-0.424005,-0.241060,-0.185386,-0.096656,-0.001047,0.105922,0.197016,0.481843,1.043857,1.428497,4.309766
1994-11-26,0.000000,Training,-0.439992,-0.256233,-0.199122,-0.089767,0.011999,0.129348,0.228864,0.537825,1.149071,1.580462,4.587883
1994-11-27,0.000000,Training,-0.404521,-0.220995,-0.170380,-0.076394,0.018820,0.122807,0.218999,0.501443,1.014581,1.377606,4.036652
1994-11-28,0.000000,Training,-0.375014,-0.190952,-0.146315,-0.064786,0.023965,0.116953,0.207125,0.468786,0.905493,1.209057,3.605426
1994-11-29,0.000000,Training,-0.601559,-0.402343,-0.337039,-0.176775,0.021327,0.239111,0.401437,0.956913,2.834613,4.374778,14.696161
1994-11-30,0.000000,Training,-0.753821,-0.519272,-0.361144,-0.027857,0.498556,0.926465,1.414583,2.987833,8.675281,12.588443,40.297337
1994-12-01,0.000000,Training,-0.650699,-0.434608,-0.277565,-0.021620,0.284490,0.603482,0.866226,1.785872,4.616888,6.593647,18.842632
1994-12-02,25.929966,Training,-0.769667,-0.537125,-0.258479,0.280770,1.752172,2.486886,4.072613,9.592333,29.618992,46.073490,118.614723
1994-12-03,36.237530,Training,-0.670318,-0.357073,0.009936,0.752176,1.981977,2.855776,4.225325,8.055441,20.411837,28.751818,74.754478
1994-12-04,9.985453,Training,-0.630658,-0.365706,-0.126839,0.340320,0.893149,1.397699,1.995613,3.636966,8.374709,11.790662,28.525087
1994-12-05,4.509559,Training,-0.576035,-0.334278,-0.141889,0.202862,0.581024,0.918335,1.322396,2.344713,5.100935,7.258991,17.439323
1994-12-06,2.899002,Training,-0.537036,-0.329020,-0.186895,0.059700,0.307826,0.540300,0.813977,1.484926,3.201971,4.516564,11.293924
1994-12-07,2.254780,Training,-0.548077,-0.345674,-0.233957,0.006086,0.235957,0.438494,0.698450,1.320069,2.875906,4.086254,10.490954
1994-12-08,3.704281,Training,-0.496500,-0.285416,-0.187516,0.065864,0.275313,0.484007,0.733997,1.334681,2.567974,3.469454,8.354641
1994-12-09,2.899002,Training,-0.491600,-0.287018,-0.192788,0.049663,0.245175,0.444073,0.676801,1.242204,2.371632,3.194336,7.726830
1994-12-10,2.254780,Training,-0.508879,-0.315777,-0.206993,0.027853,0.224851,0.423009,0.644866,1.203587,2.394824,3.275002,8.074841
1994-12-11,2.254780,Training,-0.500612,-0.308848,-0.206668,0.019568,0.205995,0.396114,0.605092,1.137840,2.233773,3.030459,7.479903
1994-12-12,1.127390,Training,-0.497305,-0.306274,-0.208642,0.012640,0.190824,0.375326,0.573505,1.089898,2.121433,2.864958,7.084041
1994-12-13,1.127390,Training,-0.494677,-0.304156,-0.209548,0.008121,0.180012,0.360592,0.549830,1.054224,2.037321,2.741023,6.784902
1994-12-14,0.644223,Training,-0.495012,-0.302551,-0.211147,0.010685,0.179353,0.359554,0.545395,1.050333,2.001717,2.675823,6.587307
1994-12-15,0.322111,Training,-0.496408,-0.303820,-0.214225,0.006485,0.170732,0.349181,0.528346,1.027797,1.958967,2.614605,6.451920
1994-12-16,0.322111,Training,-0.504631,-0.307597,-0.227282,0.001578,0.167217,0.343245,0.524279,1.027745,1.963985,2.628424,6.527920
1994-12-17,7.569617,Training,-0.522491,-0.323672,-0.242261,-0.000090,0.174437,0.356843,0.545162,1.070459,2.083417,2.830289,7.047556
1994-12-18,6.442228,Training,-0.495484,-0.302377,-0.226308,-0.028832,0.117767,0.288109,0.436917,0.895791,1.746374,2.322787,5.989172
1994-12-19,3.704281,Training,-0.477589,-0.287810,-0.218623,-0.042655,0.092151,0.245274,0.381069,0.801711,1.574130,2.101214,5.535116
1994-12-20,2.254780,Training,-0.491956,-0.304469,-0.226016,-0.040674,0.112969,0.282424,0.427339,0.875865,1.706221,2.262926,5.884150
1994-12-21,1.610557,Training,-0.462114,-0.279041,-0.212245,-0.062804,0.068049,0.216423,0.333888,0.722873,1.413795,1.860383,5.024717
1994-12-22,1.127390,Training,-0.469934,-0.282804,-0.214780,-0.052202,0.075896,0.226333,0.348898,0.755230,1.479847,1.946535,5.170561
1994-12-23,0.644223,Training,-0.470916,-0.290119,-0.218674,-0.063640,0.075283,0.230540,0.350861,0.754275,1.473380,1.944270,5.194691
1994-12-24,0.322111,Training,-0.469752,-0.304812,-0.226375,-0.082125,0.071300,0.238055,0.352123,0.748362,1.453192,1.951881,5.379322
1994-12-25,0.322111,Training,-0.487578,-0.322671,-0.240267,-0.073955,0.092495,0.277627,0.404410,0.834500,1.611307,2.173635,5.997149
1994-12-26,0.322111,Training,-0.464049,-0.307277,-0.234250,-0.092863,0.055054,0.226525,0.338834,0.721954,1.395234,1.869751,5.486050
1994-12-27,0.322111,Training,-0.462620,-0.300905,-0.221812,-0.092686,0.057919,0.220355,0.324839,0.703785,1.385331,1.874742,5.294777
1994-12-28,0.322111,Training,-0.459111,-0.285259,-0.209837,-0.080042,0.062359,0.212829,0.317316,0.695746,1.383868,1.859472,5.099637
1994-12-29,0.322111,Training,-0.457768,-0.268471,-0.199283,-0.048304,0.074223,0.212224,0.323071,0.714697,1.437688,1.934584,5.165514
1994-12-30,0.322111,Training,-0.463867,-0.287750,-0.205216,-0.085729,0.033355,0.160051,0.247732,0.610354,1.371794,1.933165,5.510628
1994-12-31,0.322111,Training,-0.462481,-0.288128,-0.202620,-0.080372,0.040665,0.169634,0.260216,0.627494,1.395148,1.959693,5.524548
1995-01-01,0.161056,Test,-0.462201,-0.281738,-0.202936,-0.055104,0.071734,0.207682,0.316733,0.708109,1.471990,2.035458,5.464062
1995-01-02,0.161056,Test,-0.462834,-0.286731,-0.209686,-0.062762,0.077893,0.231281,0.341439,0.740810,1.465550,1.958378,5.255027
1995-01-03,0.161056,Test,-0.475024,-0.302110,-0.220019,-0.062746,0.090229,0.256708,0.371221,0.792027,1.559114,2.100039,5.586441
1995-01-04,0.161056,Test,-0.475735,-0.293498,-0.216827,-0.049845,0.093177,0.254413,0.371632,0.798288,1.575444,2.102257,5.517045
1995-01-05,0.161056,Test,-0.434349,-0.250358,-0.186219,-0.046836,0.065396,0.196546,0.295684,0.663210,1.302935,1.725046,4.668874
1995-01-06,0.000000,Test,-0.434259,-0.251112,-0.185852,-0.045825,0.065750,0.196403,0.294593,0.662948,1.302861,1.730022,4.671365
1995-01-07,0.000000,Test,-0.425253,-0.245480,-0.182299,-0.054473,0.058102,0.187600,0.280420,0.633670,1.234177,1.623164,4.457747
1995-01-08,0.000000,Test,-0.426370,-0.256342,-0.187840,-0.070861,0.052237,0.187698,0.276186,0.623447,1.212480,1.608224,4.468581
1995-01-09,0.000000,Test,-0.426811,-0.245986,-0.183105,-0.053391,0.058819,0.189344,0.281535,0.636523,1.236540,1.626077,4.449525
1995-01-10,0.000000,Test,-0.425497,-0.244479,-0.181525,-0.051611,0.059670,0.189405,0.280989,0.635512,1.232738,1.621324,4.432337
1995-01-11,0.000000,Test,-0.422932,-0.242756,-0.179787,-0.052695,0.058866,0.187997,0.278051,0.629242,1.216746,1.599666,4.386602
1995-01-12,0.000000,Test,-0.421868,-0.241255,-0.175542,-0.046270,0.061595,0.186459,0.276552,0.628762,1.222127,1.627698,4.423295
1995-01-13,0.000000,Test,-0.422883,-0.243717,-0.179634,-0.052881,0.059022,0.187782,0.278115,0.629591,1.212117,1.592206,4.350907
1995-01-14,0.000000,Test,-0.425581,-0.253946,-0.185737,-0.067446,0.053144,0.186425,0.273805,0.621499,1.197707,1.582164,4.359314
1995-01-15,0.000000,Test,-0.428391,-0.252047,-0.185787,-0.060655,0.056701,0.188994,0.279131,0.633090,1.219898,1.605743,4.381921
1995-01-16,0.000000,Test,-0.430037,-0.250270,-0.185340,-0.054179,0.060350,0.191365,0.283938,0.642953,1.238027,1.629653,4.408855
1995-01-17,0.161056,Test,-0.486518,-0.316849,-0.242856,-0.065402,0.098279,0.250971,0.381690,0.838456,1.793329,2.634748,7.020660
1995-01-18,75.696173,Test,-0.643450,-0.424609,-0.328097,-0.061754,0.206700,0.461468,0.635695,1.399156,3.471321,5.081595,14.186662
1995-01-19,25.929966,Test,-0.577421,-0.368783,-0.244312,-0.002035,0.237403,0.486233,0.643732,1.329114,2.985389,4.190289,10.865299
1995-01-20,17.071903,Test,-0.567705,-0.365710,-0.260267,-0.014040,0.204297,0.411945,0.575251,1.216594,2.685212,3.898335,9.937996
1995-01-21,15.622402,Test,-0.535717,-0.350363,-0.234121,-0.023256,0.183499,0.399783,0.547674,1.120409,2.317449,3.231194,8.150855
1995-01-22,9.985453,Test,-0.506245,-0.325462,-0.219578,-0.027470,0.162135,0.359112,0.498197,1.022089,2.039334,2.801504,7.038262
1995-01-23,7.569617,Test,-0.507815,-0.317385,-0.214965,0.006931,0.180006,0.370453,0.522823,1.075180,2.117697,2.890306,7.057672
1995-01-24,5.475893,Test,-0.495909,-0.315401,-0.207792,-0.003336,0.159778,0.336733,0.477210,0.998972,1.988135,2.759556,6.768985
1995-01-25,4.509559,Test,-0.489970,-0.304513,-0.207315,0.000964,0.158672,0.334325,0.474222,0.989452,1.918750,2.602378,6.372653
1995-01-26,3.704281,Test,-0.497795,-0.318709,-0.216960,-0.011056,0.152808,0.323493,0.463551,0.977149,1.952348,2.732545,6.767350
1995-01-27,3.704281,Test,-0.493649,-0.307908,-0.210559,-0.000128,0.158016,0.336141,0.474156,0.988373,1.910012,2.586308,6.345376
1995-01-28,2.254780,Test,-0.493124,-0.310546,-0.209455,-0.000370,0.157076,0.333430,0.470276,0.982204,1.904222,2.597344,6.353254
1995-01-29,2.254780,Test,-0.500582,-0.329728,-0.212947,-0.016214,0.145949,0.320963,0.449832,0.957353,1.935376,2.707319,6.728938
1995-01-30,1.610557,Test,-0.506938,-0.336987,-0.225841,-0.026586,0.139943,0.310246,0.442998,0.950820,1.943767,2.746090,6.911874
1995-01-31,1.610557,Test,-0.503056,-0.321243,-0.214408,0.002784,0.166118,0.347828,0.487501,1.010737,1.958262,2.680842,6.523726
1995-02-01,1.610557,Test,-0.499152,-0.317203,-0.212320,0.002643,0.163271,0.343069,0.480274,0.996242,1.920225,2.618634,6.373678
1995-02-02,1.127390,Test,-0.502940,-0.326460,-0.213043,-0.001669,0.162496,0.342352,0.477619,0.994351,1.946093,2.689058,6.556602
1995-02-03,1.127390,Test,-0.503676,-0.325138,-0.213332,0.002697,0.167030,0.348451,0.485586,1.006393,1.953011,2.683253,6.499924
1995-02-04,1.127390,Test,-0.519761,-0.338942,-0.214563,0.027598,0.208691,0.407187,0.559438,1.130189,2.191109,3.022627,7.154820
1995-02-05,1.127390,Test,-0.486751,-0.305331,-0.209525,-0.011093,0.135161,0.302489,0.422958,0.898427,1.731607,2.351682,5.813564
1995-02-06,0.644223,Test,-0.444707,-0.267120,-0.190162,-0.039577,0.081174,0.219413,0.313219,0.702833,1.344807,1.804905,4.713371
1995-02-07,0.644223,Test,-0.459584,-0.286699,-0.197410,-0.039951,0.089321,0.233821,0.330519,0.739836,1.461137,2.013154,5.204004
1995-02-08,0.322111,Test,-0.418823,-0.251905,-0.176386,-0.063827,0.051849,0.168273,0.245912,0.584526,1.162985,1.608306,4.452995
1995-02-09,0.322111,Test,-0.483363,-0.322966,-0.232197,-0.061040,0.109708,0.264130,0.379742,0.834143,1.768385,2.622668,7.015279
1995-02-10,14.011845,Test,-0.727406,-0.481317,-0.358956,0.029223,0.563453,1.090743,1.380787,3.020408,8.119930,11.424647,31.662985
1995-02-11,14.011845,Test,-0.669247,-0.415374,-0.228250,0.184930,0.664217,1.161120,1.461444,2.972716,7.103719,9.814247,25.105497
1995-02-12,8.697007,Test,-0.746765,-0.509668,-0.282316,0.228136,1.035428,1.672663,2.244179,4.978536,12.987792,19.862152,49.430801
1995-02-13,53.148377,Test,-0.715227,-0.422343,0.046547,1.038340,3.354971,4.506953,6.377837,14.958951,38.507259,58.831886,148.499985
1995-02-14,31.889026,Test,-0.655528,-0.376798,0.009066,0.692729,1.770058,2.549009,3.402004,6.859312,16.527456,24.327253,60.622940
1995-02-15,17.071903,Test,-0.616379,-0.388147,-0.106186,0.323845,0.846052,1.304831,1.729523,3.283108,7.383043,10.942864,26.084431
1995-02-16,11.273898,Test,-0.585845,-0.387434,-0.154013,0.184081,0.555805,0.886309,1.203087,2.255792,4.832301,7.138950,16.826952
1995-02-17,7.569617,Test,-0.524542,-0.334375,-0.164013,0.112236,0.385896,0.632118,0.878164,1.643168,3.287328,4.717039,10.998878
1995-02-18,6.442228,Test,-0.480765,-0.278543,-0.158869,0.104877,0.329971,0.548695,0.764422,1.417507,2.597373,3.534903,8.116134
1995-02-19,5.475893,Test,-0.474786,-0.283079,-0.167585,0.074125,0.280078,0.481116,0.677538,1.275307,2.341488,3.206960,7.460862
1995-02-20,3.704281,Test,-0.474703,-0.290539,-0.176581,0.048760,0.242326,0.432670,0.612127,1.174177,2.178106,2.995261,7.086995
1995-02-21,3.704281,Test,-0.476511,-0.291017,-0.184541,0.039972,0.223989,0.409023,0.579429,1.126132,2.074668,2.836051,6.746440
1995-02-22,2.254780,Test,-0.474590,-0.282575,-0.189235,0.029979,0.204897,0.389533,0.545721,1.068446,1.933992,2.570048,6.191847
1995-02-23,2.254780,Test,-0.477488,-0.286545,-0.193260,0.022572,0.190759,0.371245,0.520338,1.032276,1.882596,2.510196,6.074759
1995-02-24,2.254780,Test,-0.483570,-0.303305,-0.197250,0.010057,0.175979,0.350069,0.493162,0.998075,1.881656,2.592894,6.299427
1995-02-25,1.610557,Test,-0.488816,-0.315699,-0.203990,-0.009103,0.153579,0.323340,0.454812,0.944642,1.842619,2.578308,6.387778
1995-02-26,1.127390,Test,-0.490103,-0.302331,-0.207698,0.001299,0.160863,0.337269,0.470353,0.963168,1.809681,2.438365,5.994059
1995-02-27,1.127390,Test,-0.493168,-0.308919,-0.211404,-0.011839,0.155224,0.336304,0.462669,0.945777,1.787533,2.411973,5.975864
1995-02-28,1.127390,Test,-0.472444,-0.287620,-0.203340,-0.024161,0.118199,0.278707,0.388899,0.825609,1.573258,2.118194,5.366701
1995-03-01,0.644223,Test,-0.436988,-0.256859,-0.183654,-0.039206,0.078549,0.210686,0.300956,0.675505,1.289008,1.749235,4.602955
1995-03-02,0.322111,Test,-0.454024,-0.271872,-0.193910,-0.034231,0.089631,0.230621,0.326110,0.724124,1.399795,1.911149,4.955404
1995-03-03,0.322111,Test,-0.425624,-0.244650,-0.179513,-0.044569,0.069506,0.190804,0.274520,0.626213,1.204911,1.652892,4.445817
1995-03-04,0.322111,Test,-0.389425,-0.212505,-0.149891,-0.049843,0.050182,0.156411,0.222662,0.525054,0.997253,1.354497,3.809842
1995-03-05,0.322111,Test,-0.390042,-0.224328,-0.149112,-0.069202,0.033662,0.132665,0.188118,0.478437,0.985671,1.400667,4.099609
1995-03-06,0.322111,Test,-0.400773,-0.232539,-0.163135,-0.060748,0.051538,0.154184,0.220993,0.532267,1.067011,1.528963,4.326793
1995-03-07,0.322111,Test,-0.408906,-0.233895,-0.162409,-0.051903,0.054707,0.167934,0.233539,0.553782,1.089390,1.516315,4.231902
1995-03-08,0.322111,Test,-0.407299,-0.230595,-0.162636,-0.049680,0.055658,0.171575,0.238943,0.561734,1.090943,1.491111,4.140502
1995-03-09,0.161056,Test,-0.410716,-0.233988,-0.165304,-0.048267,0.056689,0.171936,0.241180,0.569534,1.109569,1.528600,4.213057
1995-03-10,0.322111,Test,-0.499093,-0.305801,-0.207993,0.013358,0.207100,0.379409,0.499644,0.980875,2.090265,3.122153,8.061317
1995-03-11,7.569617,Test,-0.632225,-0.397931,-0.279543,-0.002638,0.276489,0.563509,0.684859,1.480351,3.584365,5.121768,14.202570
1995-03-12,5.475893,Test,-0.560061,-0.365606,-0.232742,-0.056630,0.133001,0.334236,0.393444,0.957092,2.358639,3.591827,10.229906
1995-03-13,3.704281,Test,-0.536765,-0.360286,-0.228263,-0.064495,0.097566,0.277018,0.346673,0.848697,2.035476,3.098125,8.616874
1995-03-14,2.254780,Test,-0.495156,-0.321535,-0.212294,-0.051681,0.094549,0.252963,0.336015,0.787461,1.755477,2.622835,7.066630
1995-03-15,1.610557,Test,-0.459586,-0.290704,-0.192516,-0.065039,0.055298,0.192016,0.257370,0.643198,1.432105,2.110523,5.914454
1995-03-16,1.127390,Test,-0.434147,-0.255892,-0.176255,-0.028070,0.091646,0.226297,0.314440,0.703700,1.396938,1.974195,5.191320
1995-03-17,0.644223,Test,-0.426488,-0.249688,-0.173206,-0.035599,0.077281,0.204977,0.286338,0.655548,1.307747,1.853148,4.956547
1995-03-18,0.644223,Test,-0.416921,-0.243104,-0.167398,-0.045043,0.062704,0.183497,0.256998,0.604557,1.223808,1.741953,4.773084
1995-03-19,0.644223,Test,-0.414450,-0.241391,-0.166952,-0.050316,0.054270,0.171844,0.241331,0.578514,1.179779,1.681930,4.665922
1995-03-20,0.322111,Test,-0.415539,-0.244188,-0.169091,-0.067129,0.030117,0.141684,0.198615,0.517783,1.107345,1.594031,4.611515
1995-03-21,0.322111,Test,-0.416093,-0.244530,-0.169922,-0.069224,0.025736,0.136072,0.191099,0.506023,1.091118,1.574938,4.579272
1995-03-22,0.322111,Test,-0.402703,-0.230644,-0.160834,-0.069627,0.021524,0.125219,0.177905,0.475276,1.014191,1.456479,4.291518
1995-03-23,0.322111,Test,-0.397750,-0.224535,-0.157548,-0.064159,0.027060,0.130252,0.185231,0.480336,1.005751,1.440607,4.202110
1995-03-24,0.322111,Test,-0.408666,-0.233866,-0.165049,-0.075132,0.010047,0.112824,0.159889,0.451106,0.988376,1.429922,4.273177
1995-03-25,0.000000,Test,-0.378876,-0.203752,-0.141410,-0.078545,-0.002744,0.083899,0.124520,0.376704,0.823439,1.185275,3.726537
1995-03-26,0.000000,Test,-0.376500,-0.200241,-0.139363,-0.079507,-0.006296,0.078133,0.116916,0.362821,0.797273,1.149013,3.643574
1995-03-27,0.000000,Test,-0.383208,-0.198802,-0.139632,-0.086402,-0.022541,0.058915,0.093653,0.324084,0.736372,1.065443,3.464672
1995-03-28,0.000000,Test,-0.411707,-0.204154,-0.150807,-0.088795,-0.036493,0.049596,0.080307,0.298655,0.718998,1.028939,3.352301
1995-03-29,0.000000,Test,-0.380899,-0.161658,-0.119361,-0.086552,-0.044616,0.021609,0.049194,0.221126,0.536666,0.756953,2.710146
1995-03-30,0.000000,Test,-0.318273,-0.127508,-0.078500,-0.070388,-0.018386,0.030414,0.065036,0.229201,0.489831,0.710336,2.590681
1995-03-31,0.000000,Test,-0.286896,-0.110257,-0.060828,-0.045569,0.018029,0.067379,0.107824,0.281844,0.544245,0.784182,2.669302
1995-04-01,0.000000,Validation,-0.286347,-0.107615,-0.060859,-0.042088,0.020290,0.070566,0.110714,0.285159,0.551126,0.796357,2.700427
1995-04-02,0.000000,Validation,-0.276279,-0.096048,-0.049147,-0.038525,0.022298,0.066119,0.106601,0.269673,0.514580,0.746669,2.597969
1995-04-03,0.000000,Validation,-0.278432,-0.098575,-0.052588,-0.034409,0.029438,0.075238,0.117444,0.285505,0.536072,0.781201,2.652591
1995-04-04,0.000000,Validation,-0.290038,-0.101404,-0.055388,-0.049452,0.005621,0.045978,0.081612,0.235862,0.474876,0.700070,2.566902
1995-04-05,0.000000,Validation,-0.308479,-0.105656,-0.060461,-0.058714,-0.011985,0.025614,0.060031,0.199767,0.421658,0.626264,2.409820
1995-04-06,0.000000,Validation,-0.297221,-0.098934,-0.053452,-0.054876,-0.006827,0.027886,0.062565,0.200913,0.415561,0.620328,2.386047
1995-04-07,0.000000,Validation,-0.307176,-0.095744,-0.053275,-0.057683,-0.016689,0.014596,0.048364,0.172956,0.367573,0.550029,2.212057
1995-04-08,0.000000,Validation,-0.331354,-0.098449,-0.061287,-0.061958,-0.029598,0.001314,0.031918,0.142126,0.323779,0.481520,2.041810
1995-04-09,0.000000,Validation,-0.326960,-0.093168,-0.056300,-0.059469,-0.028578,-0.000407,0.030048,0.135289,0.306473,0.459622,1.984311
1995-04-10,0.000000,Validation,-0.312247,-0.084664,-0.046394,-0.054454,-0.022464,0.002125,0.033944,0.137351,0.299442,0.454896,1.969581
1995-04-11,0.000000,Validation,-0.249573,-0.057067,-0.019065,-0.029496,0.020264,0.035409,0.075570,0.191927,0.352484,0.552109,2.182425
1995-04-12,0.000000,Validation,-0.269647,-0.061753,-0.019934,-0.036629,0.003459,0.020356,0.056807,0.161835,0.312359,0.485875,2.039261
1995-04-13,0.000000,Validation,-0.282614,-0.064950,-0.024083,-0.039001,-0.002823,0.013624,0.049692,0.147372,0.290935,0.456031,1.971456
1995-04-14,0.000000,Validation,-0.254947,-0.052076,-0.009445,-0.029254,0.012138,0.025099,0.062518,0.163436,0.304604,0.478364,2.009245
1995-04-15,0.000000,Validation,-0.250151,-0.048783,-0.006874,-0.025994,0.015494,0.028687,0.065999,0.167685,0.308513,0.482102,2.010825
1995-04-16,0.000000,Validation,-0.274582,-0.058510,-0.018130,-0.034448,-0.000094,0.014100,0.049293,0.143967,0.278025,0.438013,1.918897
1995-04-17,0.000000,Validation,-0.289282,-0.064353,-0.025294,-0.038727,-0.008552,0.006177,0.039347,0.129434,0.259544,0.411608,1.855768
1995-04-18,0.000000,Validation,-0.270794,-0.059850,-0.020032,-0.033560,0.001520,0.017522,0.051279,0.151491,0.293602,0.460713,1.968960
1995-04-19,0.000000,Validation,-0.245087,-0.047123,-0.006717,-0.020959,0.021011,0.036121,0.072418,0.177907,0.324086,0.502523,2.035713
1995-04-20,0.000000,Validation,-0.225722,-0.036718,0.004114,0.000364,0.046701,0.066401,0.110310,0.223852,0.363625,0.553669,2.025311
1995-04-21,0.000000,Validation,-0.223055,-0.030683,-0.000991,0.004626,0.046983,0.070116,0.116142,0.233660,0.367874,0.541605,1.971871
1995-04-22,0.000000,Validation,-0.220184,-0.027002,0.002643,0.005457,0.047835,0.067725,0.114019,0.225727,0.351245,0.522740,1.932185
1995-04-23,0.000000,Validation,-0.228265,-0.033231,-0.008035,0.004567,0.050328,0.069070,0.116581,0.229862,0.357392,0.546368,1.992491
1995-04-24,0.000000,Validation,-0.238140,-0.039287,-0.001540,0.004168,0.049885,0.070002,0.112834,0.225558,0.362032,0.557144,2.040640
1995-04-25,0.000000,Validation,-0.239148,-0.042029,-0.003387,0.003125,0.048888,0.069085,0.111990,0.225116,0.364713,0.562546,2.054727
1995-04-26,0.000000,Validation,-0.251498,-0.051645,-0.020309,-0.000578,0.049368,0.067410,0.111528,0.227752,0.376652,0.601142,2.166008
1995-04-27,0.000000,Validation,-0.324455,-0.111456,-0.055371,0.024058,0.086355,0.130473,0.163709,0.289077,0.516142,0.884022,2.942971
1995-04-28,0.000000,Validation,-0.406028,-0.148331,-0.086594,-0.013397,0.073187,0.134642,0.163045,0.330292,0.691187,1.094768,4.075995
1995-04-29,0.000000,Validation,-0.366776,-0.126300,-0.058498,-0.010892,0.050528,0.105847,0.128213,0.275362,0.567463,0.913367,3.384563
1995-04-30,0.000000,Validation,-0.382324,-0.128354,-0.070663,-0.029049,0.003087,0.047333,0.065065,0.173841,0.382326,0.639156,2.596577
1995-05-01,0.000000,Validation,-0.366887,-0.109149,-0.065969,-0.030913,-0.011870,0.021680,0.038635,0.132011,0.298733,0.509035,2.204772
1995-05-02,0.000000,Validation,-0.351871,-0.091179,-0.058017,-0.029313,-0.016967,0.007541,0.025951,0.110449,0.251843,0.433801,1.982669
1995-05-03,0.000000,Validation,-0.323537,-0.074657,-0.046637,-0.026507,-0.011333,0.006825,0.029415,0.116098,0.251981,0.432932,1.971444
1995-05-04,0.000000,Validation,-0.327030,-0.071609,-0.045989,-0.025797,-0.016940,0.000402,0.020982,0.100476,0.224180,0.388935,1.851970
1995-05-05,0.000000,Validation,-0.294395,-0.067345,-0.047135,-0.010534,0.004555,0.016141,0.039360,0.123320,0.234894,0.458947,2.046877
1995-05-06,0.000000,Validation,-0.329482,-0.101816,-0.068609,0.005264,0.038215,0.073614,0.087748,0.196787,0.386237,0.711993,2.769423
1995-05-07,0.000000,Validation,-0.381958,-0.133738,-0.079126,-0.017493,0.021354,0.074370,0.085674,0.215120,0.466735,0.778818,3.073353
1995-05-08,0.000000,Validation,-0.352927,-0.113500,-0.067276,-0.021475,0.006379,0.049000,0.062980,0.178576,0.389995,0.655722,2.622954
1995-05-09,0.000000,Validation,-0.353685,-0.105251,-0.072662,-0.024964,-0.007455,0.026882,0.039684,0.141857,0.324137,0.563539,2.371046
1995-05-10,0.000000,Validation,-0.330325,-0.083380,-0.054926,-0.020140,-0.006233,0.021806,0.037972,0.134774,0.299159,0.510060,2.195612
1995-05-11,0.000000,Validation,-0.284928,-0.057568,-0.033520,-0.009650,0.013468,0.037109,0.060208,0.165224,0.336563,0.549519,2.243502
1995-05-12,0.000000,Validation,-0.282880,-0.052980,-0.027972,-0.015293,0.005807,0.021707,0.047877,0.141276,0.282352,0.466355,2.025218
1995-05-13,0.000000,Validation,-0.288258,-0.051006,-0.028856,-0.016058,-0.000908,0.013244,0.038824,0.124493,0.253425,0.427685,1.933594
1995-05-14,0.000000,Validation,-0.318424,-0.057795,-0.043172,-0.017297,-0.017399,-0.001539,0.017132,0.088328,0.203212,0.367703,1.799952
1995-05-15,0.000000,Validation,-0.313670,-0.050832,-0.037780,-0.016993,-0.019373,-0.008758,0.010701,0.072037,0.169116,0.324029,1.693464
1995-05-16,0.000000,Validation,-0.302117,-0.051077,-0.026899,-0.023925,-0.016515,-0.013183,0.010437,0.068985,0.148267,0.286444,1.573108
1995-05-17,0.000000,Validation,-0.319215,-0.057848,-0.032064,-0.026412,-0.022413,-0.020372,0.002059,0.053069,0.118859,0.245434,1.464877
1995-05-18,0.000000,Validation,-0.310946,-0.053785,-0.027479,-0.025407,-0.019762,-0.018774,0.004809,0.056108,0.122156,0.249794,1.475335
1995-05-19,0.000000,Validation,-0.315882,-0.055375,-0.029775,-0.025695,-0.022149,-0.020963,0.001439,0.050616,0.114084,0.239548,1.450491
1995-05-20,0.000000,Validation,-0.316845,-0.055435,-0.030236,-0.025565,-0.022875,-0.021711,0.000215,0.048427,0.111019,0.236023,1.442121
1995-05-21,0.000000,Validation,-0.320342,-0.055693,-0.031673,-0.024976,-0.024633,-0.023671,-0.002932,0.042451,0.101886,0.225556,1.418299
1995-05-22,0.000000,Validation,-0.316382,-0.054037,-0.030756,-0.024509,-0.024042,-0.022784,-0.002431,0.043891,0.106509,0.232721,1.437801
1995-05-23,0.000000,Validation,-0.297602,-0.039616,-0.023492,-0.017569,-0.021296,-0.021238,-0.003372,0.038671,0.103047,0.237974,1.470655
1995-05-24,0.000000,Validation,-0.288279,-0.037495,-0.024121,-0.017410,-0.019167,-0.016525,0.000065,0.047993,0.128225,0.275705,1.575281
1995-05-25,0.000000,Validation,-0.284539,-0.042448,-0.012233,-0.022727,-0.010435,-0.014459,0.011754,0.061009,0.127146,0.259060,1.495293
1995-05-26,0.000000,Validation,-0.297264,-0.046813,-0.017731,-0.024234,-0.016264,-0.019958,0.004608,0.049266,0.109055,0.235849,1.441270
1995-05-27,0.000000,Validation,-0.311242,-0.051196,-0.024018,-0.025018,-0.022235,-0.025538,-0.003325,0.035652,0.088258,0.210031,1.381831
1995-05-28,0.000000,Validation,-0.332603,-0.060613,-0.034125,-0.026110,-0.028799,-0.030558,-0.011793,0.022764,0.068182,0.184636,1.318910
1995-05-29,0.000000,Validation,-0.327528,-0.059076,-0.032890,-0.026909,-0.028192,-0.030207,-0.010917,0.025484,0.074873,0.194005,1.346051
1995-05-30,0.000000,Validation,-0.324486,-0.056882,-0.030332,-0.026321,-0.027048,-0.030383,-0.010457,0.024348,0.071346,0.190324,1.338591
1995-05-31,0.000000,Validation,-0.336168,-0.060303,-0.034545,-0.024653,-0.029673,-0.032595,-0.014914,0.015022,0.054133,0.169578,1.288287
1995-06-01,0.000000,Validation,-0.343147,-0.062641,-0.037396,-0.023340,-0.030806,-0.033119,-0.016925,0.010769,0.046238,0.160735,1.268664
1995-06-02,0.000000,Validation,-0.326766,-0.056732,-0.030685,-0.025570,-0.027524,-0.031359,-0.011929,0.020108,0.064264,0.183007,1.327309
1995-06-03,0.000000,Validation,-0.306928,-0.048873,-0.021517,-0.024846,-0.021253,-0.026702,-0.004383,0.032239,0.083403,0.207624,1.388319
1995-06-04,0.000000,Validation,-0.320787,-0.053921,-0.027737,-0.025146,-0.026416,-0.030600,-0.010662,0.022124,0.067433,0.186483,1.335007
1995-06-05,0.000000,Validation,-0.326577,-0.055871,-0.030272,-0.024899,-0.028362,-0.032232,-0.013405,0.017298,0.059570,0.176826,1.312129
1995-06-06,0.000000,Validation,-0.332508,-0.061512,-0.047031,-0.031024,-0.029973,-0.038119,-0.015270,0.015107,0.058171,0.193540,1.367674
1995-06-07,0.000000,Validation,-0.328799,-0.061251,-0.045477,-0.030893,-0.024408,-0.032172,-0.008429,0.026328,0.078986,0.224666,1.459074
1995-06-08,0.000000,Validation,-0.310023,-0.053113,-0.024612,-0.024868,-0.015488,-0.019458,0.003093,0.044025,0.107545,0.247662,1.509642
1995-06-09,0.000000,Validation,-0.313432,-0.054868,-0.026428,-0.025895,-0.019694,-0.023899,-0.001886,0.036764,0.095830,0.230494,1.459616
1995-06-10,0.000000,Validation,-0.295079,-0.046189,-0.017866,-0.023814,-0.014685,-0.020513,0.003058,0.044783,0.107725,0.244119,1.488251
1995-06-11,0.000000,Validation,-0.295106,-0.044221,-0.017442,-0.023083,-0.016278,-0.022384,0.000894,0.040979,0.099962,0.232594,1.458202
1995-06-12,0.000000,Validation,-0.288703,-0.040501,-0.014331,-0.021796,-0.014459,-0.021048,0.002798,0.043530,0.103183,0.235810,1.464612
1995-06-13,0.000000,Validation,-0.281278,-0.036819,-0.011028,-0.020435,-0.011765,-0.018592,0.005854,0.048033,0.110080,0.243797,1.482657
1995-06-14,0.000000,Validation,-0.299730,-0.044305,-0.019735,-0.023093,-0.020607,-0.026065,-0.003977,0.033852,0.088141,0.214877,1.414742
1995-06-15,0.000000,Validation,-0.308125,-0.047832,-0.023906,-0.024055,-0.024169,-0.028809,-0.007885,0.028173,0.079671,0.203588,1.387592
1995-06-16,0.000000,Validation,-0.303375,-0.045992,-0.021900,-0.024135,-0.022976,-0.028168,-0.006729,0.030310,0.083023,0.208032,1.399344
1995-06-17,0.000000,Validation,-0.313999,-0.050074,-0.027839,-0.025339,-0.026629,-0.031540,-0.011068,0.023525,0.072912,0.196046,1.371855
1995-06-18,0.000000,Validation,-0.315012,-0.050855,-0.027398,-0.025154,-0.027263,-0.031388,-0.011628,0.023052,0.072090,0.193954,1.366274
1995-06-19,0.000000,Validation,-0.319857,-0.052735,-0.030343,-0.025779,-0.028635,-0.032789,-0.013199,0.020487,0.068365,0.189886,1.357358
1995-06-20,0.000000,Validation,-0.311012,-0.049353,-0.025425,-0.025351,-0.026112,-0.030893,-0.010362,0.025043,0.075134,0.198075,1.377397
1995-06-21,0.000000,Validation,-0.335275,-0.058287,-0.035800,-0.024357,-0.032981,-0.035629,-0.019477,0.009220,0.048480,0.164569,1.295252
1995-06-22,0.000000,Validation,-0.338448,-0.059475,-0.037402,-0.024059,-0.033675,-0.035802,-0.020267,0.007858,0.046783,0.162875,1.293343
1995-06-23,0.000000,Validation,-0.311198,-0.048579,-0.025744,-0.024899,-0.026401,-0.031239,-0.010993,0.023425,0.073957,0.198055,1.383892
1995-06-24,0.000000,Validation,-0.297218,-0.037736,-0.027258,-0.023070,-0.021894,-0.031911,-0.009234,0.021710,0.073528,0.212250,1.440781
1995-06-25,0.000000,Validation,-0.307240,-0.043517,-0.030402,-0.025405,-0.024223,-0.033405,-0.011277,0.019337,0.070407,0.206921,1.429284
1995-06-26,0.000000,Validation,-0.308655,-0.046613,-0.010159,0.049749,0.062150,0.063398,0.094757,0.122843,0.206812,0.459637,2.032462
1995-06-27,0.000000,Validation,-0.444625,-0.141810,-0.099982,-0.032595,0.001557,0.027370,0.051733,0.107423,0.250551,0.488025,2.370966
1995-06-28,0.000000,Validation,-0.396268,-0.116075,-0.061726,-0.021382,0.001520,0.027010,0.048773,0.106047,0.226347,0.438788,2.108894
1995-06-29,0.000000,Validation,-0.372626,-0.101627,-0.057410,-0.027187,-0.012772,0.004697,0.024340,0.078062,0.183034,0.371480,1.900148
1995-06-30,0.000000,Validation,-0.343542,-0.077278,-0.043113,-0.024882,-0.014443,-0.007374,0.015310,0.064844,0.152160,0.318368,1.733862
1995-07-01,0.000000,Training,-0.325884,-0.061564,-0.033451,-0.022374,-0.014569,-0.013425,0.011580,0.058512,0.135456,0.288654,1.643998
1995-07-02,0.000000,Training,-0.334355,-0.062170,-0.048626,-0.028301,-0.020961,-0.025105,0.003040,0.046326,0.117436,0.274579,1.618106
1995-07-03,0.000000,Training,-0.331956,-0.059460,-0.042309,-0.026315,-0.020157,-0.023386,0.003452,0.046801,0.117942,0.268913,1.603754
1995-07-04,0.000000,Training,-0.319126,-0.053881,-0.030217,-0.023038,-0.018052,-0.020178,0.005529,0.049473,0.118835,0.262393,1.577236
1995-07-05,0.000000,Training,-0.324064,-0.055741,-0.032775,-0.025053,-0.023710,-0.026126,-0.001788,0.038376,0.101781,0.238050,1.513574
1995-07-06,0.000000,Training,-0.328691,-0.056899,-0.034847,-0.026265,-0.027849,-0.030328,-0.007185,0.030127,0.088629,0.218599,1.462449
1995-07-07,0.000000,Training,-0.328875,-0.055447,-0.036364,-0.027327,-0.029349,-0.033104,-0.009496,0.026176,0.082753,0.211251,1.446227
1995-07-08,0.000000,Training,-0.352441,-0.067103,-0.059008,-0.035248,-0.038705,-0.044018,-0.020053,0.010960,0.063207,0.198143,1.427713
1995-07-09,0.000000,Training,-0.336507,-0.059978,-0.039328,-0.028759,-0.031185,-0.033280,-0.011630,0.023409,0.080755,0.209836,1.453009
1995-07-10,0.000000,Training,-0.333185,-0.058740,-0.040656,-0.030605,-0.030727,-0.034730,-0.010810,0.024266,0.083318,0.215350,1.467800
1995-07-11,0.000000,Training,-0.320947,-0.054126,-0.032139,-0.029501,-0.029315,-0.033535,-0.010469,0.025048,0.084368,0.214264,1.461566
1995-07-12,0.000000,Training,-0.316853,-0.048866,-0.030045,-0.027308,-0.030415,-0.035414,-0.013493,0.017782,0.072973,0.200733,1.434257
1995-07-13,0.000000,Training,-0.310255,-0.046715,-0.028503,-0.028282,-0.030312,-0.035460,-0.013582,0.019122,0.078063,0.207177,1.452246
1995-07-14,0.000000,Training,-0.313681,-0.044784,-0.031674,-0.026694,-0.033981,-0.038431,-0.018757,0.009434,0.067195,0.197082,1.444155
1995-07-15,0.000000,Training,-0.336518,-0.058636,-0.035343,-0.026652,-0.032783,-0.034943,-0.015806,0.013407,0.061203,0.178417,1.358089
1995-07-16,0.000000,Training,-0.357990,-0.070608,-0.043926,-0.026438,-0.034748,-0.034203,-0.017581,0.011132,0.054188,0.167615,1.325782
1995-07-17,0.000000,Training,-0.361179,-0.072337,-0.045509,-0.026494,-0.034810,-0.033737,-0.017390,0.011275,0.055179,0.169609,1.335953
1995-07-18,0.000000,Training,-0.364723,-0.074151,-0.047040,-0.026139,-0.034688,-0.032980,-0.017056,0.011282,0.055498,0.170796,1.343214
1995-07-19,0.000000,Training,-0.360621,-0.072222,-0.045442,-0.027005,-0.034341,-0.032938,-0.016104,0.012960,0.060133,0.176359,1.359697
1995-07-20,0.000000,Training,-0.354557,-0.066757,-0.042700,-0.025469,-0.034433,-0.033841,-0.017414,0.008536,0.054892,0.171948,1.359465
1995-07-21,0.000000,Training,-0.359574,-0.071294,-0.044138,-0.026946,-0.034386,-0.033384,-0.016523,0.010873,0.057382,0.172660,1.355809
1995-07-22,0.000000,Training,-0.380871,-0.082248,-0.051442,-0.022143,-0.033367,-0.029293,-0.015694,0.009709,0.048881,0.162987,1.330544
1995-07-23,0.000000,Training,-0.385071,-0.085100,-0.053897,-0.022801,-0.033083,-0.028007,-0.014402,0.011608,0.054203,0.170970,1.358778
1995-07-24,0.000000,Training,-0.349515,-0.071483,-0.041518,-0.032655,-0.030839,-0.030102,-0.008233,0.027352,0.091488,0.215974,1.472758
1995-07-25,0.000000,Training,-0.327250,-0.060453,-0.031383,-0.031714,-0.026156,-0.028392,-0.003132,0.035324,0.102964,0.230237,1.500272
1995-07-26,0.000000,Training,-0.321213,-0.053826,-0.027425,-0.028599,-0.027080,-0.029812,-0.006092,0.028024,0.091021,0.215067,1.465768
1995-07-27,0.000000,Training,-0.354314,-0.072800,-0.040531,-0.031561,-0.032329,-0.031378,-0.010309,0.022358,0.079035,0.193834,1.404052
1995-07-28,0.000000,Training,-0.354330,-0.072540,-0.040549,-0.031769,-0.032333,-0.031661,-0.010311,0.021662,0.079026,0.194700,1.412346
1995-07-29,0.000000,Training,-0.360565,-0.076781,-0.043089,-0.032400,-0.032281,-0.030858,-0.009555,0.022966,0.081164,0.197110,1.419840
1995-07-30,0.000000,Training,-0.343260,-0.069836,-0.036199,-0.034658,-0.029585,-0.030082,-0.005058,0.031931,0.098134,0.218180,1.471103
1995-07-31,0.000000,Training,-0.332116,-0.065194,-0.031070,-0.034639,-0.026588,-0.028349,-0.001134,0.038359,0.108204,0.231064,1.500668
1995-08-01,0.000000,Training,-0.329447,-0.064056,-0.029612,-0.034508,-0.025745,-0.027455,0.000410,0.040859,0.112140,0.235081,1.508660
1995-08-02,0.000000,Training,-0.334630,-0.066670,-0.031849,-0.034916,-0.026702,-0.027337,0.000186,0.040580,0.112600,0.234574,1.508523
1995-08-03,0.000000,Training,-0.319480,-0.060351,-0.025176,-0.034195,-0.021718,-0.024061,0.006246,0.050415,0.127603,0.254898,1.556699
1995-08-04,0.000000,Training,-0.317828,-0.059790,-0.024156,-0.034173,-0.020655,-0.023153,0.007885,0.052753,0.131177,0.259282,1.567419
1995-08-05,0.000000,Training,-0.332279,-0.066361,-0.030147,-0.035547,-0.024644,-0.025332,0.004313,0.046659,0.122779,0.246487,1.538768
1995-08-06,0.000000,Training,-0.338933,-0.069454,-0.032697,-0.036069,-0.025855,-0.025824,0.003423,0.044646,0.120057,0.242288,1.531244
1995-08-07,0.000000,Training,-0.329094,-0.065326,-0.028297,-0.035994,-0.022884,-0.024218,0.007137,0.050629,0.129294,0.255002,1.562309
1995-08-08,0.000000,Training,-0.323440,-0.063037,-0.025594,-0.035722,-0.020563,-0.022546,0.010170,0.055248,0.136299,0.264476,1.585253
1995-08-09,0.000000,Training,-0.322332,-0.062758,-0.024807,-0.035789,-0.019633,-0.021597,0.011894,0.057750,0.140286,0.269231,1.596646
1995-08-10,0.000000,Training,-0.345065,-0.072683,-0.039507,-0.040607,-0.025286,-0.026976,0.006979,0.049408,0.131708,0.260536,1.587313
1995-08-11,0.000000,Training,-0.356352,-0.078417,-0.038243,-0.037464,-0.025560,-0.023816,0.006417,0.046031,0.123410,0.245878,1.552977
1995-08-12,0.000000,Training,-0.363326,-0.082025,-0.040703,-0.037352,-0.025588,-0.023361,0.006776,0.044859,0.121519,0.244080,1.554567
1995-08-13,0.000000,Training,-0.372859,-0.087402,-0.044612,-0.037256,-0.025593,-0.022265,0.007502,0.044636,0.121869,0.245575,1.565953
1995-08-14,0.000000,Training,-0.364987,-0.084037,-0.042076,-0.038929,-0.024855,-0.021925,0.009715,0.049758,0.132961,0.259336,1.601007
1995-08-15,0.000000,Training,-0.348509,-0.076444,-0.035390,-0.039778,-0.022367,-0.021276,0.013275,0.056937,0.145256,0.275284,1.636239
1995-08-16,0.000000,Training,-0.336636,-0.070519,-0.031012,-0.039795,-0.019419,-0.020353,0.016935,0.062922,0.154201,0.287895,1.663476
1995-08-17,0.000000,Training,-0.337393,-0.070962,-0.029682,-0.039447,-0.019368,-0.019704,0.017390,0.062906,0.153493,0.285238,1.655610
1995-08-18,0.000000,Training,-0.323578,-0.064488,-0.023439,-0.038124,-0.015038,-0.017164,0.022157,0.070094,0.163554,0.299973,1.689358
1995-08-19,0.000000,Training,-0.329914,-0.067767,-0.026293,-0.039411,-0.016643,-0.017932,0.021372,0.068564,0.162896,0.298264,1.689020
1995-08-20,0.000000,Training,-0.327851,-0.066961,-0.025477,-0.039535,-0.015632,-0.017066,0.023158,0.071145,0.167542,0.304571,1.706034
1995-08-21,0.000000,Training,-0.312467,-0.059565,-0.018687,-0.037465,-0.010220,-0.013547,0.028570,0.079152,0.178633,0.321539,1.746217
1995-08-22,0.000000,Training,-0.314235,-0.060669,-0.019741,-0.038171,-0.010501,-0.013446,0.029127,0.079927,0.181264,0.324933,1.757738
1995-08-23,0.000000,Training,-0.333464,-0.070431,-0.028638,-0.041660,-0.016161,-0.016515,0.025147,0.073648,0.175726,0.314967,1.741806
1995-08-24,0.000000,Training,-0.337619,-0.072826,-0.030814,-0.042874,-0.017036,-0.016822,0.025141,0.073530,0.177409,0.316900,1.751439
1995-08-25,0.000000,Training,-0.352618,-0.080492,-0.037230,-0.044722,-0.019624,-0.017813,0.023378,0.069362,0.173374,0.310601,1.746136
1995-08-26,0.000000,Training,-0.358212,-0.083626,-0.039920,-0.045630,-0.020011,-0.017625,0.023840,0.069270,0.175225,0.313536,1.761442
1995-08-27,0.000000,Training,-0.362872,-0.086310,-0.042421,-0.046380,-0.020162,-0.017149,0.024640,0.069815,0.178503,0.318778,1.783261
1995-08-28,0.000000,Training,-0.343954,-0.076278,-0.036224,-0.045833,-0.018422,-0.017088,0.026075,0.073974,0.187554,0.334914,1.825165
1995-08-29,0.000000,Training,-0.334075,-0.073637,-0.032286,-0.046359,-0.014772,-0.014672,0.031241,0.083841,0.201624,0.352591,1.859890
1995-08-30,0.000000,Training,-0.338751,-0.076414,-0.034535,-0.047674,-0.016046,-0.014987,0.031072,0.083625,0.203247,0.353306,1.864236
1995-08-31,0.000000,Training,-0.336109,-0.075653,-0.034092,-0.048152,-0.015282,-0.014399,0.032619,0.086430,0.208824,0.361237,1.885628
1995-09-01,0.000000,Training,-0.341969,-0.079002,-0.037372,-0.049976,-0.016795,-0.015324,0.032046,0.085463,0.209806,0.361969,1.893389
1995-09-02,0.000000,Training,-0.335914,-0.076481,-0.035304,-0.049907,-0.015344,-0.014562,0.033802,0.088632,0.215151,0.370390,1.915063
1995-09-03,0.000000,Training,-0.330627,-0.074180,-0.033819,-0.049846,-0.014112,-0.013943,0.035180,0.091062,0.219794,0.378268,1.937039
1995-09-04,0.000000,Training,-0.330410,-0.074501,-0.039328,-0.052831,-0.013274,-0.014926,0.037171,0.095395,0.230276,0.397015,1.993430
1995-09-05,0.000000,Training,-0.328558,-0.077418,-0.051726,-0.059094,-0.012910,-0.017413,0.038554,0.100320,0.243897,0.433145,2.111668
1995-09-06,0.000000,Training,-0.338602,-0.081595,-0.046064,-0.055476,-0.010909,-0.010500,0.043049,0.105898,0.256271,0.438824,2.127337
1995-09-07,0.000000,Training,-0.341992,-0.085755,-0.044799,-0.055651,-0.011558,-0.008816,0.044537,0.107871,0.260792,0.441085,2.129957
1995-09-08,0.000000,Training,-0.334368,-0.084374,-0.042403,-0.055925,-0.010581,-0.007679,0.045413,0.111671,0.268393,0.451990,2.157102
1995-09-09,0.000000,Training,-0.336160,-0.084597,-0.044275,-0.056998,-0.013007,-0.009574,0.043852,0.110210,0.267091,0.447383,2.143792
1995-09-10,0.000000,Training,-0.350339,-0.091723,-0.064462,-0.066511,-0.019471,-0.018543,0.039236,0.106154,0.269746,0.461676,2.208308
1995-09-11,0.000000,Training,-0.331874,-0.083048,-0.045086,-0.057092,-0.011114,-0.006547,0.047807,0.119081,0.284255,0.471082,2.208045
1995-09-12,0.000000,Training,-0.317643,-0.077244,-0.039860,-0.054223,-0.005491,-0.001354,0.054323,0.129816,0.299409,0.491387,2.248394
1995-09-13,0.000000,Training,-0.323414,-0.081925,-0.044761,-0.057595,-0.009240,-0.003853,0.051764,0.128496,0.301967,0.493763,2.259783
1995-09-14,0.000000,Training,-0.334595,-0.087037,-0.050440,-0.060995,-0.015014,-0.008490,0.047431,0.122519,0.294598,0.479377,2.224617
1995-09-15,0.000000,Training,-0.325551,-0.082902,-0.047487,-0.060141,-0.012981,-0.007141,0.049271,0.126430,0.299237,0.485602,2.234179
1995-09-16,0.000000,Training,-0.322359,-0.081859,-0.047228,-0.060413,-0.012827,-0.006966,0.049661,0.128163,0.302233,0.489170,2.241259
1995-09-17,0.000000,Training,-0.316735,-0.080121,-0.046295,-0.059657,-0.010284,-0.004153,0.053190,0.134767,0.313181,0.503873,2.275542
1995-09-18,0.000000,Training,-0.317217,-0.081906,-0.058831,-0.063450,-0.007609,-0.003685,0.057718,0.143886,0.334307,0.544502,2.398113
1995-09-19,0.000000,Training,-0.311198,-0.080366,-0.047244,-0.057853,-0.003503,0.004876,0.063113,0.152352,0.346107,0.551098,2.399715
1995-09-20,0.000000,Training,-0.318389,-0.085230,-0.051750,-0.061591,-0.008258,0.000889,0.060073,0.149115,0.344087,0.546716,2.393414
1995-09-21,0.000000,Training,-0.329276,-0.093270,-0.059677,-0.067238,-0.014906,-0.003895,0.054911,0.145083,0.345133,0.548067,2.408162
1995-09-22,0.000000,Training,-0.329216,-0.093494,-0.063430,-0.069001,-0.018076,-0.005775,0.052397,0.143612,0.348894,0.555852,2.433389
1995-09-23,0.000000,Training,-0.338187,-0.097991,-0.072197,-0.072925,-0.025528,-0.010843,0.045630,0.136119,0.349149,0.561578,2.463886
1995-09-24,0.000000,Training,-0.326173,-0.090516,-0.058864,-0.068744,-0.018454,-0.008664,0.050318,0.138073,0.332469,0.528334,2.353295
1995-09-25,0.000000,Training,-0.334055,-0.094981,-0.061176,-0.070796,-0.021009,-0.010667,0.049111,0.136591,0.328721,0.517084,2.319157
1995-09-26,0.000000,Training,-0.331893,-0.094768,-0.060875,-0.070878,-0.020309,-0.009646,0.050642,0.139953,0.334048,0.523309,2.331011
1995-09-27,0.000000,Training,-0.326668,-0.093185,-0.060495,-0.070391,-0.018786,-0.007350,0.053108,0.145415,0.344554,0.538695,2.368359
1995-09-28,0.000000,Training,-0.340142,-0.098818,-0.070339,-0.074613,-0.027404,-0.013608,0.045020,0.134094,0.339251,0.536526,2.385495
1995-09-29,0.000000,Training,-0.345733,-0.102295,-0.067003,-0.074755,-0.025410,-0.012943,0.047982,0.136353,0.332245,0.513896,2.308713
1995-09-30,0.000000,Training,-0.338832,-0.099823,-0.064737,-0.074109,-0.023764,-0.011690,0.049639,0.140140,0.337165,0.522099,2.324162
1995-10-01,0.000000,Training,-0.327452,-0.094705,-0.060162,-0.071668,-0.019435,-0.007923,0.053896,0.147205,0.346176,0.536141,2.353638
1995-10-02,0.000000,Training,-0.321721,-0.092401,-0.058218,-0.070211,-0.016512,-0.004716,0.057697,0.153476,0.355869,0.549329,2.383526
1995-10-03,0.000000,Training,-0.320489,-0.092531,-0.058311,-0.070176,-0.015990,-0.003551,0.059255,0.156621,0.361930,0.556966,2.400445
1995-10-04,0.000000,Training,-0.324946,-0.095428,-0.061352,-0.071929,-0.018294,-0.004643,0.058435,0.156617,0.364812,0.559469,2.407310
1995-10-05,0.000000,Training,-0.316075,-0.093132,-0.060048,-0.070232,-0.013865,0.000795,0.064372,0.167585,0.384421,0.588425,2.475621
1995-10-06,0.000000,Training,-0.316769,-0.095916,-0.067091,-0.072387,-0.016236,0.001696,0.064119,0.171771,0.404276,0.622586,2.571901
1995-10-07,0.000000,Training,-0.317960,-0.092393,-0.057566,-0.070081,-0.015162,-0.001704,0.062332,0.162421,0.371836,0.567089,2.415851
1995-10-08,0.000000,Training,-0.318684,-0.091679,-0.056817,-0.070000,-0.015931,-0.002606,0.061493,0.159940,0.366653,0.559021,2.395216
1995-10-09,0.000000,Training,-0.331256,-0.102377,-0.086312,-0.087093,-0.027387,-0.018873,0.050881,0.149821,0.363412,0.582444,2.514577
1995-10-10,0.000000,Training,-0.349827,-0.143571,-0.122776,-0.111873,-0.035288,-0.018611,0.062490,0.166741,0.431006,0.760963,3.196149
1995-10-11,0.000000,Training,-0.452882,-0.198318,-0.175984,-0.128036,-0.034763,0.002581,0.085998,0.219586,0.619270,1.031760,4.280636
1995-10-12,0.000000,Training,-0.415667,-0.171866,-0.105138,-0.076269,0.018529,0.069265,0.154980,0.307924,0.734488,1.122320,4.261796
1995-10-13,0.000000,Training,-0.385253,-0.154302,-0.099486,-0.081235,0.005442,0.046818,0.127925,0.272859,0.644045,0.986121,3.737024
1995-10-14,0.000000,Training,-0.382609,-0.147999,-0.114742,-0.091729,-0.010783,0.023958,0.105012,0.246461,0.592456,0.919446,3.529350
1995-10-15,0.000000,Training,-0.343886,-0.120194,-0.076881,-0.070229,0.002964,0.035923,0.112367,0.249569,0.556540,0.835558,3.178010
1995-10-16,0.000000,Training,-0.332120,-0.110106,-0.071272,-0.068255,-0.000228,0.030160,0.106530,0.240222,0.526346,0.781583,2.992971
1995-10-17,0.000000,Training,-0.335177,-0.111909,-0.074781,-0.072001,-0.007969,0.022971,0.097835,0.229834,0.507838,0.750399,2.899608
1995-10-18,0.000000,Training,-0.333531,-0.108516,-0.074166,-0.072846,-0.013054,0.016923,0.090835,0.219181,0.484082,0.711313,2.780137
1995-10-19,0.000000,Training,-0.329601,-0.105827,-0.073066,-0.073050,-0.014982,0.014410,0.087523,0.214550,0.472634,0.692890,2.720389
1995-10-20,0.000000,Training,-0.332292,-0.106846,-0.082703,-0.077822,-0.017990,0.009375,0.084325,0.212332,0.473753,0.700626,2.753406
1995-10-21,0.000000,Training,-0.317370,-0.101079,-0.069948,-0.070602,-0.010238,0.019288,0.091735,0.222406,0.482644,0.707104,2.743370
1995-10-22,0.000000,Training,-0.314993,-0.100737,-0.070054,-0.070326,-0.009826,0.020452,0.092938,0.224853,0.486624,0.710711,2.745598
1995-10-23,0.000000,Training,-0.332265,-0.115264,-0.101559,-0.087320,-0.021877,0.006579,0.083216,0.219897,0.499226,0.752308,2.909809
1995-10-24,0.000000,Training,-0.356445,-0.138721,-0.131066,-0.109903,-0.043769,-0.012369,0.064733,0.202103,0.497691,0.782496,3.077483
1995-10-25,0.000000,Training,-0.352374,-0.130144,-0.096321,-0.081757,-0.014333,0.027051,0.099721,0.245106,0.562080,0.836131,3.154469
1995-10-26,0.000000,Training,-0.361130,-0.141834,-0.105104,-0.087772,-0.021950,0.024952,0.097854,0.249135,0.580549,0.858504,3.196032
1995-10-27,0.000000,Training,-0.380366,-0.163529,-0.132655,-0.099902,-0.033740,0.022791,0.093139,0.260020,0.642808,0.964612,3.494963
1995-10-28,0.000000,Training,-0.368857,-0.153593,-0.124452,-0.096585,-0.034633,0.019458,0.088817,0.251772,0.613280,0.909746,3.310063
1995-10-29,0.000000,Training,-0.335693,-0.126186,-0.099638,-0.082608,-0.020051,0.025487,0.093788,0.246887,0.572092,0.843081,3.101808
1995-10-30,0.000000,Training,-0.325323,-0.109442,-0.090587,-0.083781,-0.020454,0.007483,0.081035,0.214450,0.481704,0.719439,2.800417
1995-10-31,0.000000,Training,-0.339867,-0.119734,-0.104578,-0.092275,-0.029596,0.000967,0.074126,0.209145,0.487626,0.739346,2.885895
1995-11-01,0.000000,Training,-0.345945,-0.123772,-0.105781,-0.090527,-0.027712,0.007733,0.078942,0.217989,0.516359,0.783074,3.011151
1995-11-02,0.000000,Training,-0.342869,-0.122241,-0.094970,-0.085780,-0.019575,0.014186,0.087374,0.225873,0.514879,0.768987,2.954556
1995-11-03,0.000000,Training,-0.333482,-0.120539,-0.080522,-0.077475,-0.012434,0.026984,0.097552,0.240067,0.532481,0.779459,2.943141
1995-11-04,0.000000,Training,-0.334804,-0.120401,-0.081863,-0.078739,-0.017289,0.023006,0.093502,0.235277,0.522469,0.759327,2.875605
1995-11-05,0.000000,Training,-0.325883,-0.116195,-0.079652,-0.076147,-0.013733,0.026823,0.097643,0.242903,0.531454,0.767858,2.878502
1995-11-06,0.000000,Training,-0.322398,-0.112838,-0.083711,-0.076126,-0.012597,0.026762,0.099439,0.246893,0.537472,0.775799,2.892608
1995-11-07,0.000000,Training,-0.316055,-0.110042,-0.079045,-0.073000,-0.011632,0.030009,0.100500,0.248749,0.539770,0.776172,2.877587
1995-11-08,0.000000,Training,-0.316449,-0.110313,-0.079084,-0.072847,-0.010980,0.030506,0.102155,0.251496,0.539781,0.770260,2.850412
1995-11-09,0.000000,Training,-0.329891,-0.124111,-0.107518,-0.084536,-0.016245,0.026804,0.102389,0.262535,0.578543,0.843218,3.072515
1995-11-10,0.000000,Training,-0.528528,-0.288876,-0.241518,-0.111194,0.069393,0.220765,0.381033,0.763633,2.226306,3.675847,13.978464
1995-11-11,0.000000,Training,-0.591980,-0.247741,-0.179555,0.172826,0.720828,1.156402,1.573283,3.275517,9.332666,13.305779,44.707729
1995-11-12,0.000000,Training,-0.547696,-0.165827,-0.104280,0.258220,0.716179,1.085768,1.468645,2.804650,6.957160,9.745624,29.392881
1995-11-13,0.000000,Training,-0.509329,-0.211528,-0.126906,0.110886,0.383017,0.629092,0.868334,1.617494,3.804773,5.396909,15.577101
1995-11-14,0.000000,Training,-0.463168,-0.208324,-0.125026,0.019778,0.198714,0.371227,0.536473,1.004565,2.355330,3.377375,9.985881
1995-11-15,0.000000,Training,-0.463528,-0.236021,-0.152971,-0.028284,0.113818,0.266515,0.415507,0.813094,1.914387,2.758427,8.134981
1995-11-16,11.273898,Training,-0.689322,-0.482522,-0.315982,-0.098527,0.365284,0.615704,1.129424,2.536335,7.765561,12.950794,42.313641
1995-11-17,2.899002,Training,-0.692579,-0.405690,-0.210415,0.190080,0.796406,1.179331,1.834710,3.708114,9.903441,14.841621,45.798920
1995-11-18,0.644223,Training,-0.566869,-0.312434,-0.147300,0.092255,0.351637,0.632782,0.908905,1.734756,4.266312,6.087801,17.883039
1995-11-19,0.322111,Training,-0.555295,-0.335271,-0.203969,-0.027857,0.141827,0.352368,0.546020,1.082531,2.666159,3.877355,11.226320
1995-11-20,0.161056,Training,-0.498303,-0.287744,-0.195510,-0.055672,0.075448,0.235794,0.395593,0.800151,1.903149,2.747423,7.975810
1995-11-21,0.000000,Training,-0.436705,-0.229635,-0.167969,-0.044760,0.076209,0.208963,0.357436,0.707281,1.562660,2.192654,6.345434
1995-11-22,0.000000,Training,-0.407979,-0.203697,-0.156363,-0.034198,0.081248,0.204566,0.349840,0.678939,1.408673,1.946029,5.527072
1995-11-23,0.000000,Training,-0.394250,-0.190371,-0.151947,-0.023691,0.087069,0.206889,0.352022,0.675721,1.320917,1.799712,4.994282
1995-11-24,0.000000,Training,-0.404329,-0.201031,-0.164161,-0.027104,0.083308,0.204759,0.348626,0.680171,1.314767,1.782287,4.906054
1995-11-25,0.000000,Training,-0.446709,-0.252702,-0.232174,-0.060939,0.081340,0.214785,0.385626,0.784365,1.609466,2.318979,6.410415
1995-11-26,0.000000,Training,-0.503256,-0.287911,-0.221272,-0.022127,0.137222,0.315068,0.482073,0.947941,2.010056,2.812560,7.811424
1995-11-27,0.000000,Training,-0.522571,-0.306127,-0.258022,-0.040081,0.131852,0.302921,0.490291,0.987942,2.122509,3.040972,8.231192
1995-11-28,0.000000,Training,-0.678651,-0.459406,-0.395400,-0.120816,0.157387,0.418256,0.689936,1.532542,3.952757,5.924848,16.573822
1995-11-29,134.964666,Training,-0.687281,-0.233993,0.200838,1.833097,6.365721,8.260996,14.463009,32.693199,83.076050,120.778412,259.026001
1995-11-30,38.492309,Training,-0.527361,0.035319,0.631024,2.434452,5.654607,7.498875,11.193648,21.455864,50.485523,70.002937,164.564774
1995-12-01,9.985453,Training,-0.585319,-0.252642,-0.012039,0.549731,1.221314,1.790666,2.479127,4.503453,10.386874,14.462765,35.273453
1995-12-02,3.704281,Training,-0.490715,-0.211730,-0.061819,0.251650,0.573723,0.877773,1.207452,2.100224,4.431901,6.180685,15.038327
1995-12-03,1.610557,Training,-0.464253,-0.227771,-0.121060,0.115550,0.336833,0.549617,0.805565,1.417022,2.873686,4.010341,9.809562
1995-12-04,0.644223,Training,-0.467277,-0.238883,-0.138767,0.110473,0.325288,0.534439,0.798663,1.400467,2.762892,3.823532,9.201363
1995-12-05,0.322111,Training,-0.455171,-0.235567,-0.161045,0.065071,0.249957,0.442293,0.667447,1.200865,2.295229,3.082133,7.552172
1995-12-06,11.273898,Training,-0.763161,-0.501899,-0.379198,0.111412,0.944805,1.684952,2.725199,5.768343,16.655821,23.336340,62.382729
1995-12-07,23.997297,Training,-0.628769,-0.199821,0.175548,1.349169,3.105547,4.535611,6.572779,12.065995,28.621969,38.061718,92.476570
1995-12-08,11.273898,Training,-0.639430,-0.196618,0.115067,1.370220,3.372441,4.895674,6.969434,13.214098,31.174137,42.986397,100.234795
1995-12-09,25.929966,Training,-0.420062,0.336314,0.869377,3.313020,6.873319,9.470998,12.981767,22.561882,47.387115,63.394215,145.519501
1995-12-10,222.901072,Training,5.167815,12.711313,16.256554,50.859009,86.852432,106.999878,153.765778,229.281342,358.100006,438.375519,903.475220
1995-12-11,,,-0.035714,1.124727,2.623783,6.693503,13.999410,17.143269,22.181713,36.260345,63.706768,95.092934,222.482208
1995-12-12,159.445131,Training,21.376116,33.885994,39.658813,88.847366,123.593636,146.161163,181.206696,222.672592,329.500885,404.590332,727.873230
1995-12-13,78.756231,Training,11.878428,19.573643,23.615339,48.581062,65.929642,80.636780,92.238068,115.671768,165.363480,201.283142,403.093597
1995-12-14,29.795302,Training,4.163273,8.073547,10.033982,22.604475,31.684689,40.008137,47.077854,62.368851,93.833755,114.265999,247.169739
1995-12-15,18.843515,Training,3.236746,6.506731,8.124576,18.980810,27.233040,34.450977,41.675594,55.660191,86.438820,106.319199,228.383270
1995-12-16,11.273898,Training,2.784921,5.768281,7.418704,16.391571,23.139835,29.435238,35.156174,46.429115,71.386238,86.344963,191.209366
1995-12-17,7.569617,Training,1.356852,3.015268,4.348950,8.956708,12.698266,16.421854,19.901976,26.026068,40.583561,48.867779,109.288307
1995-12-18,6.442228,Training,0.313161,1.328183,2.238676,5.208245,8.102134,10.367491,13.657100,18.667273,32.104309,41.337898,95.932991
1995-12-19,58.463215,Training,2.065087,5.137194,7.970793,23.988039,43.881847,54.929165,83.047211,132.279526,228.386230,287.152710,662.283142
1995-12-20,27.862634,Training,5.847381,10.078373,13.695743,27.826569,39.844856,51.575737,61.503986,79.887711,121.690018,143.915497,306.677948
1995-12-21,15.622402,Training,3.012589,5.419523,7.698120,15.046655,21.281332,27.785219,33.192402,42.756916,66.644035,78.737343,182.875000
1995-12-22,53.148377,Training,2.523638,4.430058,7.032467,15.245195,24.005621,30.566544,40.697300,56.152084,94.983665,117.936882,279.256653
1995-12-23,53.148377,Training,2.377663,4.563982,6.739182,13.762236,20.634762,26.397697,33.308136,43.874580,74.040977,89.440285,222.034607
1995-12-24,31.889026,Training,2.308873,4.034879,5.929441,10.830367,15.453201,19.777145,23.950800,30.002081,48.815235,57.319275,140.911407
1995-12-25,43.162924,Training,0.964719,2.096383,3.892483,8.999303,14.925775,19.280643,26.961430,38.784882,68.932343,88.245537,217.299866
1995-12-26,138.991059,Training,1.833762,3.485713,5.265380,10.299737,15.102810,19.663073,24.083109,31.153107,51.768284,62.098297,152.773254
1995-12-27,108.873645,Training,0.442625,1.363425,2.738505,6.812769,11.583808,15.162282,21.464420,31.794674,58.287941,75.909805,187.839523
1995-12-28,47.994595,Training,1.308599,2.860731,4.386323,9.321866,13.851145,18.209381,22.709200,30.170033,50.667477,61.945217,149.335526
1995-12-29,105.330420,Training,,,,,,,,,,,
1995-12-30,131.099330,Training,4.262440,7.918838,12.508224,31.615068,57.455196,71.006844,98.169685,153.892166,250.275696,319.823700,670.201660
1995-12-31,63.939108,Training,1.653062,3.975419,6.417729,15.500756,27.303654,34.862537,45.718266,71.543518,122.118538,155.092178,368.810944
1996-01-01,108.873645,Test,0.424681,1.576170,3.124259,8.096813,14.892923,19.347244,26.305889,43.533848,79.729095,105.673050,259.897980
1996-01-02,50.571486,Test,0.663780,2.234382,3.815345,11.388349,21.010748,27.376320,39.102467,64.816368,117.042183,152.079666,334.007416
1996-01-03,112.416870,Test,1.048114,2.940344,4.888770,12.940103,23.570663,30.300974,40.981098,67.122414,119.580078,154.503342,369.572876
1996-01-04,66.838110,Test,0.560909,1.795039,3.540083,9.655078,18.460735,23.737297,33.608002,57.508469,105.082375,139.454636,328.871948
1996-01-05,101.787195,Test,3.954225,8.207241,12.106669,34.099983,57.873951,73.907822,100.712135,156.814499,256.938324,322.015656,666.122925
1996-01-06,155.257683,Test,5.464866,9.661815,14.380906,35.349964,59.894238,74.320656,97.902916,149.468124,237.865051,300.771179,640.609375
1996-01-07,81.977345,Test,1.449694,3.358152,5.311926,12.185596,18.771236,25.754175,31.178265,46.110909,75.130157,90.210052,211.625183
1996-01-08,40.747089,Test,0.794025,2.124733,4.047374,10.724631,19.055748,24.989473,34.817333,56.607330,102.239578,133.832703,310.513031
1996-01-09,72.797171,Test,1.332669,3.523352,4.866477,12.962931,20.150080,26.594793,33.674629,49.894474,82.772629,102.379547,227.713226
1996-01-10,38.492309,Test,0.906364,2.730747,3.912556,10.878829,17.568823,23.272787,30.240461,46.286263,78.539558,98.022041,213.927612
1996-01-11,36.237530,Test,1.638433,3.843842,5.774147,14.607877,23.792685,31.002110,39.730328,60.122463,100.592644,127.008934,291.267456
1996-01-12,38.492309,Test,1.065872,2.657305,3.852442,8.464710,12.336633,16.323330,19.742123,27.094736,42.822361,51.919884,117.645905
1996-01-13,31.889026,Test,0.298900,1.185278,2.009863,4.322718,6.459493,8.483883,10.435145,14.300611,22.747135,28.196514,62.340199
1996-01-14,66.838110,Test,2.909802,7.519463,11.016209,35.239117,58.781422,76.743050,106.199677,167.907806,270.938446,332.892792,710.279419
1996-01-15,116.121151,Test,9.674612,16.644651,20.322042,49.427876,74.017159,91.394775,111.737442,149.566345,214.212875,265.126343,484.908173
1996-01-16,43.162924,Test,5.921760,9.842661,12.992163,25.799467,35.391174,45.747780,52.485363,67.978935,97.188454,115.031387,236.881226
1996-01-17,25.929966,Test,2.077707,3.911045,5.727898,11.307012,15.830859,20.990702,24.447554,32.346416,48.515488,58.108154,129.666504
1996-01-18,15.622402,Test,0.489394,1.517873,2.414899,5.124333,7.586715,9.752338,12.147322,16.328062,25.895927,32.472706,71.887917
1996-01-19,11.273898,Test,-0.017009,0.680297,1.269862,2.980205,4.665735,6.025434,7.661118,10.729413,17.478718,22.487110,49.288288
1996-01-20,40.747089,Test,0.932170,3.437871,4.877044,16.199709,29.556971,39.135319,55.391415,93.470352,164.027008,200.758026,449.646851
1996-01-21,155.257683,Test,10.636357,19.224558,23.511389,60.190025,91.591782,113.659241,138.212326,187.143143,266.051422,326.043060,587.970947
1996-01-22,105.330420,Test,14.791574,24.374977,29.430925,68.085823,98.347687,119.892029,142.232208,182.842972,258.781525,321.402802,561.940735
1996-01-23,151.070235,Test,15.255365,24.523302,29.041998,66.715576,94.004784,114.636314,133.663757,171.619141,239.012756,298.289520,529.055908
1996-01-24,58.463215,Test,8.935277,15.288616,18.081669,39.318619,54.409740,67.382141,75.801292,98.562485,138.307373,169.524323,341.436523
1996-01-25,31.889026,Test,4.012465,7.155014,9.244043,18.702707,26.287632,33.433960,37.730179,49.290581,71.652435,87.673492,190.383972
1996-01-26,40.747089,Test,4.164569,7.523850,9.499818,21.352079,30.321218,38.038239,45.153446,59.968029,87.979126,109.499901,219.189270
1996-01-27,257.689100,Test,14.129290,29.447971,40.402351,111.391708,152.774689,205.625839,220.110825,301.141296,435.119232,545.237366,957.349731
1996-01-28,134.964666,Test,20.909988,34.705502,42.198009,97.237328,135.351898,166.112228,191.366440,242.870850,344.879578,432.077179,742.388855
1996-01-29,88.419573,Test,17.231413,26.619806,30.950251,67.145493,92.270523,110.907150,127.839806,159.551880,222.038773,276.254822,493.559235
1996-01-30,43.162924,Test,11.934048,19.088713,22.159592,46.193817,62.098217,75.120903,84.526062,106.373611,148.607101,182.697998,352.146149
1996-01-31,194.555271,Test,17.278816,31.803564,41.941650,103.288635,143.868179,185.243927,204.194870,268.933838,387.917847,502.672272,865.448242
1996-02-01,98.405025,Test,19.212406,29.177458,33.800995,72.341263,98.117653,117.648582,135.316208,167.161819,233.592834,291.099365,511.903534
1996-02-02,40.747089,Test,9.810232,15.114102,18.619406,35.396408,46.416519,57.201611,63.734241,78.942490,109.692162,130.349258,256.779266
1996-02-03,22.225685,Test,5.087871,7.809539,10.081389,17.681309,23.199465,28.788248,32.089317,39.141987,54.717022,63.963036,134.568710
1996-02-04,14.011845,Test,3.391171,5.158009,6.824014,11.038708,14.544168,17.530476,20.134148,23.642052,33.292099,38.468300,82.293716
1996-02-05,9.985453,Test,2.200882,3.618468,4.874323,8.068154,10.784645,12.876667,15.218379,17.996897,25.528919,29.471684,63.643414
1996-02-06,7.569617,Test,1.289109,2.332801,3.443454,5.970880,8.496133,10.205256,12.417473,15.067366,22.524855,26.951887,60.255424
1996-02-07,5.475893,Test,0.883936,1.779629,2.691057,4.815424,6.807513,8.286221,10.016500,12.395427,18.234234,21.621559,47.232487
1996-02-08,5.475893,Test,0.306339,0.987718,1.668890,3.271237,4.754631,5.953430,7.214140,9.411101,14.017258,16.731672,36.313560
1996-02-09,3.704281,Test,-0.030916,0.485951,1.032965,2.271588,3.444716,4.391802,5.386631,7.388187,11.320829,13.888270,29.860617
1996-02-10,2.899002,Test,-0.232425,0.176495,0.614465,1.568399,2.477555,3.240405,3.982327,5.727566,8.967451,11.117503,23.804251
1996-02-11,2.254780,Test,-0.347520,-0.006718,0.364301,1.144386,1.887155,2.522791,3.114391,4.662815,7.480579,9.416512,20.134195
1996-02-12,2.254780,Test,-0.430824,-0.136394,0.179720,0.841445,1.443043,1.977218,2.470539,3.856531,6.384925,8.188380,17.463940
1996-02-13,2.254780,Test,-0.550821,-0.299256,-0.048372,0.554091,1.084650,1.542727,2.077933,3.459452,6.391845,9.100706,20.334845
1996-02-14,2.254780,Test,-0.701560,-0.354907,-0.086349,0.900990,2.159151,3.425646,4.763993,8.841077,21.361443,30.414801,79.073608
1996-02-15,4.509559,Test,-0.327018,0.540219,1.166566,4.466325,10.897447,15.596328,20.449680,38.516781,83.549492,110.045792,268.342102
1996-02-16,3.704281,Test,-0.195216,0.812113,1.634769,5.210602,10.732102,14.517653,18.428682,32.628113,63.269196,81.977654,182.554855
1996-02-17,2.254780,Test,-0.517560,-0.084792,0.399846,1.537081,2.952593,4.238353,5.288605,9.303998,18.939217,26.387184,57.953049
1996-02-18,2.254780,Test,-0.460055,-0.061397,0.420594,1.402764,2.502409,3.513209,4.425688,7.251128,13.810443,19.331730,41.765892
1996-02-19,1.127390,Test,-0.511151,-0.215937,0.101477,0.717308,1.348810,1.919633,2.469775,4.133835,7.818266,10.954058,23.583994
1996-02-20,1.127390,Test,-0.514985,-0.284962,-0.051206,0.342477,0.803327,1.206904,1.541737,2.622195,4.872742,6.837006,15.183154
1996-02-21,1.127390,Test,-0.496705,-0.291880,-0.088068,0.254894,0.663094,1.034616,1.318330,2.228156,4.021063,5.630758,13.187588
1996-02-22,1.127390,Test,-0.502709,-0.303766,-0.111654,0.214182,0.590382,0.938294,1.201326,2.051720,3.699226,5.162676,12.147475
1996-02-23,0.644223,Test,-0.519579,-0.321312,-0.135930,0.173874,0.524628,0.844068,1.087262,1.901021,3.490561,4.886193,11.298835
1996-02-24,0.644223,Test,-0.535419,-0.329763,-0.161099,0.148240,0.454852,0.740142,0.972212,1.758118,3.314946,4.616977,10.503782
1996-02-25,0.644223,Test,-0.563377,-0.343276,-0.195995,0.145624,0.462259,0.743842,1.005139,1.831740,3.583105,5.086999,11.810094
1996-02-26,0.322111,Test,-0.582898,-0.364186,-0.210123,0.118392,0.453921,0.748844,0.997366,1.825472,3.718020,5.403271,12.920698
1996-02-27,0.322111,Test,-0.588987,-0.364942,-0.204815,0.132568,0.451662,0.748486,0.990589,1.843381,3.840533,5.582673,13.278184
1996-02-28,0.322111,Test,-0.610517,-0.370183,-0.213795,0.173513,0.542841,0.871092,1.161310,2.141602,4.561858,6.718295,16.136740
1996-02-29,0.322111,Test,-0.652090,-0.218626,0.028383,1.056997,2.643241,4.014720,5.142923,9.522875,23.515036,33.806805,86.347504
1996-03-01,0.644223,Test,-0.127667,1.087593,1.734748,5.969068,13.603734,17.841606,22.947369,42.705734,84.953079,109.089500,243.740631
1996-03-02,0.322111,Test,-0.172475,0.740791,1.594389,4.648764,9.107648,12.192016,15.056588,26.808380,50.913830,67.953659,146.676086
1996-03-03,0.322111,Test,-0.423881,0.073164,0.622109,1.920515,3.456541,4.830382,5.870874,10.112890,19.961418,28.074461,61.897373
1996-03-04,0.322111,Test,-0.478450,-0.113753,0.330564,1.211811,2.151385,3.002105,3.769080,6.329965,12.338840,18.006678,39.629932
1996-03-05,0.322111,Test,-0.557340,-0.283730,-0.053718,0.455640,0.929586,1.340218,1.761295,3.115041,6.266146,9.169525,20.400036
1996-03-06,0.322111,Test,-0.604933,-0.292218,-0.079048,0.555865,1.191068,1.727594,2.305153,4.167972,8.959704,13.345214,30.832447
1996-03-07,0.644223,Test,-0.547995,0.059786,0.468539,2.348825,5.194991,7.252305,9.487376,18.573309,40.976822,55.994667,130.533539
1996-03-08,5.475893,Test,0.446860,2.297248,3.512526,11.165481,23.805017,29.503510,38.561150,70.860580,125.835052,160.195419,315.579010
1996-03-09,95.022856,Test,2.356871,5.880525,8.579099,24.788366,49.134064,58.841763,74.160027,123.569221,188.234970,241.041794,429.536987
1996-03-10,203.896501,Test,5.340218,11.655220,15.942426,44.385117,78.536285,95.942162,113.867043,172.774826,241.442307,302.215637,510.378540
1996-03-11,72.797171,Test,2.630516,5.568021,8.204525,19.545191,32.975773,41.751785,48.692665,74.196754,109.018456,138.372665,275.959808
1996-03-12,29.795302,Test,0.444515,1.596758,2.826066,6.491097,10.415374,14.076369,16.615456,25.349663,41.517536,53.528908,116.540001
1996-03-13,23.997297,Test,0.469733,1.780893,2.843596,7.478322,12.353559,16.594351,20.431271,31.326984,52.275078,68.050095,142.314270
1996-03-14,18.843515,Test,0.189377,1.222679,2.187435,5.209886,8.597961,11.679149,13.984537,20.912033,35.484631,46.228138,103.633850
1996-03-15,12.723399,Test,-0.172508,0.445862,1.120913,2.723095,4.441875,6.104679,7.468421,11.306426,19.560003,25.937544,57.399960
1996-03-16,9.985453,Test,-0.281715,0.175770,0.707799,1.777779,2.952998,4.074993,4.973690,7.498406,12.753659,16.952816,37.515461
1996-03-17,7.569617,Test,-0.338308,0.060286,0.511258,1.458950,2.384767,3.258502,4.085159,6.242447,10.549261,14.099995,30.448637
1996-03-18,5.475893,Test,-0.414724,-0.079906,0.271542,1.013479,1.713179,2.376280,3.005961,4.708610,8.051649,10.768199,23.177988
1996-03-19,5.475893,Test,-0.534551,-0.295176,-0.031555,0.483552,0.967253,1.373516,1.833466,3.121818,5.934310,8.730193,19.343885
1996-03-20,3.704281,Test,-0.551602,-0.335326,-0.128592,0.275675,0.612043,0.932002,1.246575,2.233444,4.323747,6.297851,14.081883
1996-03-21,3.704281,Test,-0.552055,-0.343923,-0.148641,0.231897,0.532135,0.833366,1.110797,2.022838,3.928394,5.708218,12.837925
1996-03-22,2.254780,Test,-0.559494,-0.369081,-0.167282,0.184343,0.468953,0.752752,0.997360,1.851707,3.698752,5.480809,12.589055
1996-03-23,2.254780,Test,-0.569156,-0.395527,-0.192511,0.122835,0.378968,0.641567,0.833790,1.617899,3.377244,5.085518,12.075249
1996-03-24,2.254780,Test,-0.632425,-0.411548,-0.198615,0.277547,0.563834,0.942673,1.201583,2.253478,5.483776,9.280909,23.077749
1996-03-25,1.610557,Test,-0.769441,-0.564730,-0.348538,0.105503,0.677570,1.129961,1.501183,3.302526,8.534370,13.951817,39.640526
1996-03-26,1.127390,Test,-0.662034,-0.432872,-0.269532,0.089249,0.422885,0.751138,0.935939,1.997104,4.836475,7.631440,19.825480
1996-03-27,1.127390,Test,-0.616337,-0.416393,-0.236523,0.067826,0.317295,0.594869,0.748809,1.575395,3.679053,5.767010,14.716261
1996-03-28,1.127390,Test,-0.563714,-0.379297,-0.228115,0.005967,0.181818,0.392489,0.496358,1.102050,2.576352,4.033766,10.575549
1996-03-29,0.644223,Test,-0.507565,-0.327523,-0.211709,-0.044522,0.077244,0.239006,0.301288,0.748783,1.752882,2.692931,7.469073
1996-03-30,0.322111,Test,-0.485918,-0.303002,-0.204862,-0.031791,0.092356,0.242766,0.320133,0.759085,1.699508,2.572296,6.987769
1996-03-31,0.000000,Test,-0.475242,-0.287632,-0.199210,-0.016447,0.107254,0.253961,0.338464,0.774723,1.686255,2.542126,6.795818
1996-04-01,0.322111,Training,-0.422659,-0.234677,-0.172668,-0.030890,0.072523,0.191170,0.255484,0.607613,1.282071,1.911172,5.351519
1996-04-02,0.322111,Training,-0.408280,-0.221111,-0.154358,-0.032049,0.062510,0.179588,0.235473,0.561749,1.171124,1.717458,4.871271
1996-04-03,0.322111,Training,-0.399181,-0.212722,-0.149167,-0.030763,0.060295,0.173186,0.230195,0.546503,1.123405,1.637655,4.637714
1996-04-04,0.322111,Training,-0.403657,-0.217392,-0.154078,-0.040369,0.046954,0.157034,0.209111,0.517891,1.090031,1.596829,4.599380
1996-04-05,0.161056,Training,-0.404838,-0.215726,-0.164775,-0.032604,0.060202,0.167364,0.229191,0.547861,1.122258,1.662001,4.693210
1996-04-06,0.161056,Training,-0.419305,-0.224116,-0.170100,-0.029428,0.064921,0.179466,0.238900,0.565640,1.169410,1.736639,4.887232
1996-04-07,0.161056,Training,-0.404619,-0.214319,-0.152566,-0.048011,0.032485,0.138020,0.174178,0.459479,1.010792,1.517465,4.572179
1996-04-08,0.000000,Training,-0.399821,-0.211277,-0.149483,-0.049595,0.027683,0.130048,0.165388,0.443149,0.975546,1.457949,4.399188
1996-04-09,0.161056,Training,-0.399247,-0.206834,-0.149035,-0.059701,0.006944,0.101651,0.129438,0.387997,0.885017,1.331617,4.163262
1996-04-10,0.000000,Training,-0.399325,-0.196132,-0.143234,-0.064295,-0.010841,0.075775,0.099224,0.331723,0.778370,1.177343,3.795520
1996-04-11,0.000000,Training,-0.407046,-0.210470,-0.154647,-0.055514,0.007155,0.104406,0.132827,0.397494,0.910996,1.369179,4.184164
1996-04-12,0.000000,Training,-0.358303,-0.164896,-0.119966,-0.042486,0.018000,0.100205,0.129436,0.362778,0.784093,1.156777,3.599002
1996-04-13,0.000000,Training,-0.333788,-0.132389,-0.094621,-0.047123,-0.002163,0.059808,0.081818,0.268443,0.596101,0.892253,3.057093
1996-04-14,0.000000,Training,-0.332679,-0.109966,-0.074370,-0.052075,-0.020872,0.022088,0.045555,0.182876,0.414062,0.623742,2.412246
1996-04-15,0.000000,Training,-0.329381,-0.104074,-0.069642,-0.051248,-0.022275,0.016770,0.039893,0.168703,0.383036,0.582129,2.305772
1996-04-16,0.000000,Training,-0.287988,-0.086550,-0.050413,-0.039812,-0.000905,0.034572,0.061239,0.199016,0.413812,0.627876,2.392384
1996-04-17,0.000000,Training,-0.282737,-0.087395,-0.053379,-0.031153,0.012170,0.055026,0.082265,0.234258,0.476370,0.713587,2.556457
1996-04-18,0.000000,Training,-0.294235,-0.088458,-0.057683,-0.035420,-0.000305,0.040833,0.064070,0.207133,0.441802,0.672127,2.507202
1996-04-19,0.000000,Training,-0.285889,-0.083247,-0.052625,-0.031076,0.005952,0.046050,0.070521,0.212536,0.444227,0.674466,2.497788
1996-04-20,0.000000,Training,-0.268013,-0.072062,-0.041222,-0.025581,0.019827,0.048496,0.080335,0.213005,0.410114,0.632598,2.361636
1996-04-21,0.000000,Training,-0.313625,-0.107752,-0.050637,0.034209,0.081384,0.132031,0.156083,0.293135,0.532837,0.874093,2.848704
1996-04-22,0.000000,Training,-0.418767,-0.158740,-0.118162,0.035959,0.148584,0.268961,0.274092,0.550534,1.115164,1.712727,5.488403
1996-04-23,0.000000,Training,-0.403428,-0.144395,-0.089024,0.041149,0.158670,0.271646,0.299878,0.597571,1.179403,1.758482,5.432504
1996-04-24,0.000000,Training,-0.363697,-0.126933,-0.057250,0.017531,0.096730,0.180361,0.199702,0.422704,0.861636,1.309086,4.333525
1996-04-25,0.000000,Training,-0.327564,-0.108364,-0.049304,0.003892,0.069757,0.134204,0.161902,0.348767,0.692790,1.055158,3.518378
1996-04-26,0.000000,Training,-0.309305,-0.088456,-0.041258,0.001199,0.052498,0.102797,0.133099,0.298418,0.586332,0.894294,3.106778
1996-04-27,0.000000,Training,-0.288149,-0.077283,-0.048967,0.022739,0.077012,0.119137,0.151961,0.317057,0.580199,0.953414,3.185677
1996-04-28,0.000000,Training,-0.363956,-0.099394,-0.062894,0.110283,0.187090,0.286244,0.296896,0.549286,1.027312,1.606441,4.759035
1996-04-29,0.000000,Training,-0.403978,-0.104029,-0.051887,0.091684,0.197832,0.308663,0.334738,0.643672,1.298482,1.906363,6.121767
1996-04-30,0.000000,Training,-0.360373,-0.104335,-0.057365,0.054762,0.140768,0.227147,0.257554,0.511927,1.001498,1.527891,4.697978
1996-05-01,0.000000,Training,-0.359061,-0.096545,-0.067828,0.096180,0.173870,0.276207,0.285035,0.558513,1.077824,1.698287,4.957268
1996-05-02,0.000000,Training,-0.424035,-0.110749,-0.085859,0.100976,0.205485,0.327724,0.328618,0.682938,1.424502,2.165094,6.725809
1996-05-03,0.000000,Training,-0.425863,-0.092981,-0.059894,0.149662,0.223447,0.354277,0.327152,0.683748,1.393421,2.158292,6.891541
1996-05-04,0.000000,Training,-0.432081,-0.138355,-0.080014,0.105157,0.196908,0.329106,0.332517,0.698129,1.502417,2.263354,6.793245
1996-05-05,0.000000,Training,-0.397936,0.015828,0.149830,0.685812,0.734597,1.050873,0.910859,1.530183,3.007698,4.396799,11.056889
1996-05-06,0.161056,Training,-0.372765,0.388173,0.660811,2.009876,3.076353,3.978377,3.950569,6.888200,14.120576,19.785532,44.122105
1996-05-07,0.644223,Training,-0.540486,-0.003619,0.160834,0.952036,1.689066,2.220297,2.304196,4.569848,10.177045,15.465848,38.893494
1996-05-08,0.322111,Training,-0.531498,-0.125957,0.049671,0.588950,0.966179,1.345097,1.430474,2.696488,5.903140,8.882692,21.928261
1996-05-09,0.161056,Training,-0.585227,-0.187921,-0.032818,0.556718,0.927622,1.345706,1.394056,2.742115,6.281650,9.995302,24.239950
1996-05-10,0.322111,Training,-0.524777,-0.210686,-0.071373,0.291946,0.475385,0.732118,0.788756,1.516729,3.341301,5.047722,12.766986
1996-05-11,0.161056,Training,-0.466171,-0.176837,-0.097122,0.180667,0.304376,0.486530,0.561383,1.061133,2.236130,3.314959,8.352316
1996-05-12,0.000000,Training,-0.450377,-0.193780,-0.115857,0.112339,0.196041,0.351213,0.403714,0.808814,1.734869,2.608478,6.834117
1996-05-13,0.000000,Training,-0.448066,-0.197453,-0.130247,0.076809,0.131334,0.265820,0.296206,0.643186,1.449527,2.242227,6.198958
1996-05-14,0.000000,Training,-0.465340,-0.214357,-0.153603,0.066238,0.115872,0.247527,0.277964,0.622253,1.430160,2.252097,6.243637
1996-05-15,0.000000,Training,-0.516606,-0.243371,-0.194539,0.127029,0.173768,0.350386,0.381562,0.788888,1.858068,3.151524,8.492587
1996-05-16,0.000000,Training,-0.606772,-0.312417,-0.251591,0.069791,0.148127,0.343087,0.306854,0.780975,1.930114,3.374377,10.236016
1996-05-17,0.000000,Training,-0.597171,-0.284323,-0.204760,0.141226,0.225639,0.462026,0.388537,0.915199,2.113318,3.523973,10.464754
1996-05-18,0.000000,Training,-0.692668,-0.357289,-0.246358,0.220362,0.495418,0.851824,0.817032,1.818144,4.296744,6.974737,19.109829
1996-05-19,0.000000,Training,-0.576112,-0.259744,-0.164988,0.187921,0.336596,0.581149,0.602907,1.221745,2.770749,4.231936,11.203307
1996-05-20,0.000000,Training,-0.501696,-0.212594,-0.153513,0.090715,0.154549,0.307524,0.297600,0.664498,1.557688,2.519480,7.260529
1996-05-21,0.000000,Training,-0.449270,-0.183262,-0.117407,0.073246,0.101145,0.224840,0.208525,0.492087,1.158403,1.885530,5.656438
1996-05-22,0.000000,Training,-0.448915,-0.176228,-0.120740,0.062939,0.068623,0.179627,0.167068,0.411015,0.975693,1.613774,4.913689
1996-05-23,0.000000,Training,-0.456061,-0.177408,-0.129897,0.059646,0.055640,0.163299,0.152554,0.383286,0.919626,1.533510,4.654344
1996-05-24,0.000000,Training,-0.399456,-0.120718,-0.097340,0.037051,0.026418,0.099934,0.095565,0.260345,0.621492,1.030540,3.461188
1996-05-25,0.000000,Training,-0.371527,-0.083924,-0.073071,0.025810,0.007346,0.056285,0.058318,0.170921,0.402956,0.684275,2.601975
1996-05-26,0.000000,Training,-0.363666,-0.074204,-0.066362,0.012828,-0.006575,0.029505,0.036042,0.125601,0.300548,0.525951,2.207165
1996-05-27,0.000000,Training,-0.376954,-0.070632,-0.069870,0.022673,-0.010955,0.023186,0.023793,0.093772,0.238018,0.449569,2.017126
1996-05-28,0.000000,Training,-0.374773,-0.071110,-0.065611,0.007719,-0.021433,0.002339,0.006455,0.063087,0.165593,0.338029,1.738982
1996-05-29,0.000000,Training,-0.362920,-0.068474,-0.063627,-0.001039,-0.024864,-0.003295,0.002640,0.061070,0.170740,0.343545,1.764957
1996-05-30,0.000000,Training,-0.352463,-0.065227,-0.059499,-0.007344,-0.027246,-0.008916,-0.001186,0.056172,0.161340,0.327037,1.722171
1996-05-31,0.000000,Training,-0.344829,-0.060776,-0.055888,-0.009247,-0.028662,-0.012631,-0.004668,0.049457,0.148609,0.308920,1.674700
1996-06-01,0.000000,Training,-0.309003,-0.050139,-0.044269,-0.013699,-0.021229,-0.006306,0.004991,0.071300,0.192684,0.367376,1.829260
1996-06-02,0.000000,Training,-0.295624,-0.044977,-0.045307,-0.008050,-0.014520,0.005965,0.013138,0.088203,0.239225,0.439290,2.017988
1996-06-03,0.000000,Training,-0.316541,-0.046999,-0.046600,-0.008810,-0.026023,-0.010828,-0.005060,0.048620,0.157066,0.326244,1.727284
1996-06-04,0.000000,Training,-0.325941,-0.050653,-0.051914,-0.009103,-0.029993,-0.013750,-0.010443,0.038971,0.145365,0.314077,1.701709
1996-06-05,0.000000,Training,-0.317982,-0.049330,-0.043595,-0.013920,-0.027987,-0.016458,-0.008435,0.039810,0.133840,0.289935,1.632378
1996-06-06,0.000000,Training,-0.302751,-0.049066,-0.029743,-0.024010,-0.023911,-0.021754,-0.004402,0.043213,0.120058,0.258753,1.534593
1996-06-07,0.000000,Training,-0.296706,-0.043485,-0.026275,-0.022371,-0.021925,-0.022485,-0.004194,0.039635,0.112025,0.251785,1.519987
1996-06-08,0.000000,Training,-0.315073,-0.052570,-0.027269,-0.026303,-0.026834,-0.031021,-0.011200,0.024034,0.074096,0.195904,1.363451
1996-06-09,0.000000,Training,-0.314804,-0.051224,-0.025602,-0.025539,-0.026394,-0.031782,-0.011473,0.021044,0.066794,0.186852,1.341749
1996-06-10,0.000000,Training,-0.317987,-0.052461,-0.027215,-0.025779,-0.027819,-0.033018,-0.013391,0.018095,0.062506,0.181593,1.330860
1996-06-11,0.000000,Training,-0.329647,-0.056835,-0.032521,-0.025346,-0.031236,-0.035323,-0.017968,0.010443,0.050079,0.166350,1.295093
1996-06-12,0.000000,Training,-0.337010,-0.059710,-0.035954,-0.024668,-0.032956,-0.036119,-0.020355,0.006445,0.043502,0.158706,1.278411
1996-06-13,0.000000,Training,-0.337645,-0.060254,-0.036599,-0.024997,-0.033216,-0.036211,-0.020546,0.006517,0.044456,0.160321,1.285014
1996-06-14,0.000000,Training,-0.338426,-0.060934,-0.037252,-0.025281,-0.033419,-0.036091,-0.020512,0.007047,0.045984,0.162366,1.291366
1996-06-15,0.000000,Training,-0.331122,-0.058366,-0.034145,-0.026327,-0.031955,-0.035354,-0.018201,0.011426,0.054075,0.172096,1.316046
1996-06-16,0.000000,Training,-0.329130,-0.057514,-0.033057,-0.026483,-0.031630,-0.035370,-0.017833,0.011997,0.054884,0.172858,1.317730
1996-06-17,0.000000,Training,-0.332251,-0.058566,-0.034231,-0.026252,-0.032569,-0.036084,-0.019134,0.009676,0.050715,0.167414,1.303945
1996-06-18,0.000000,Training,-0.335820,-0.059897,-0.035717,-0.026044,-0.033438,-0.036725,-0.020382,0.007419,0.046791,0.162638,1.292750
1996-06-19,0.000000,Training,-0.335026,-0.059427,-0.035143,-0.026216,-0.033439,-0.037263,-0.020736,0.006487,0.045288,0.161108,1.290547
1996-06-20,0.000000,Training,-0.314899,-0.051673,-0.026400,-0.026968,-0.028099,-0.033977,-0.013954,0.017968,0.065155,0.186496,1.355382
1996-06-21,0.000000,Training,-0.297299,-0.044522,-0.018245,-0.025410,-0.021377,-0.028253,-0.005813,0.030686,0.084998,0.211472,1.415666
1996-06-22,0.000000,Training,-0.312376,-0.050599,-0.025060,-0.026600,-0.027257,-0.032673,-0.012176,0.020926,0.069854,0.190882,1.364375
1996-06-23,0.000000,Training,-0.331535,-0.057944,-0.033481,-0.026361,-0.032883,-0.036533,-0.019216,0.008992,0.050300,0.165955,1.303727
1996-06-24,0.000000,Training,-0.331926,-0.058100,-0.033770,-0.026672,-0.033231,-0.037155,-0.019844,0.007935,0.048982,0.164731,1.303407
1996-06-25,0.000000,Training,-0.329073,-0.056986,-0.032708,-0.026977,-0.032691,-0.036990,-0.019246,0.008970,0.051518,0.168484,1.316141
1996-06-26,0.000000,Training,-0.329475,-0.057815,-0.033168,-0.027439,-0.032605,-0.036439,-0.018519,0.010817,0.055173,0.172563,1.326310
1996-06-27,0.000000,Training,-0.335191,-0.060061,-0.035595,-0.027060,-0.033932,-0.037015,-0.020168,0.007977,0.050385,0.166398,1.311703
1996-06-28,0.000000,Training,-0.343759,-0.063404,-0.039277,-0.026070,-0.035455,-0.037458,-0.022314,0.004016,0.043340,0.157927,1.292127
1996-06-29,0.000000,Training,-0.352465,-0.067004,-0.043019,-0.024701,-0.036464,-0.037241,-0.023858,0.000942,0.037442,0.151414,1.278220
1996-06-30,0.000000,Training,-0.346137,-0.065215,-0.040855,-0.026869,-0.035574,-0.037072,-0.021780,0.005378,0.047166,0.163266,1.310472
1996-07-01,0.000000,Test,-0.328703,-0.058876,-0.033460,-0.028888,-0.031669,-0.035165,-0.016033,0.015775,0.065765,0.186187,1.367529
1996-07-02,0.000000,Test,-0.319459,-0.055071,-0.028961,-0.028791,-0.029143,-0.033510,-0.012782,0.021141,0.073810,0.195499,1.387607
1996-07-03,0.000000,Test,-0.322151,-0.055953,-0.029835,-0.028829,-0.030191,-0.034281,-0.013866,0.019228,0.070388,0.190151,1.372997
1996-07-04,0.000000,Test,-0.324401,-0.056922,-0.030780,-0.029019,-0.030854,-0.034710,-0.014446,0.018258,0.068967,0.187927,1.367983
1996-07-05,0.000000,Test,-0.317612,-0.054433,-0.027811,-0.029173,-0.028662,-0.033212,-0.011570,0.023075,0.076864,0.197983,1.393224
1996-07-06,0.000000,Test,-0.304411,-0.049149,-0.021857,-0.028409,-0.023775,-0.029515,-0.005819,0.032188,0.090987,0.216313,1.437676
1996-07-07,0.000000,Test,-0.314394,-0.052979,-0.030530,-0.031147,-0.026199,-0.033035,-0.008148,0.028485,0.086989,0.214942,1.439636
1996-07-08,0.000000,Test,-0.327095,-0.058520,-0.031551,-0.029805,-0.030622,-0.034286,-0.013343,0.019844,0.071845,0.191043,1.378733
1996-07-09,0.000000,Test,-0.335910,-0.062177,-0.035317,-0.029687,-0.032869,-0.035711,-0.016138,0.014734,0.063450,0.180256,1.353775
1996-07-10,0.000000,Test,-0.337046,-0.063163,-0.036274,-0.030271,-0.033420,-0.035951,-0.016463,0.014873,0.064974,0.182059,1.360594
1996-07-11,0.000000,Test,-0.328237,-0.059936,-0.032612,-0.030760,-0.030869,-0.034095,-0.012674,0.021609,0.076485,0.196468,1.396720
1996-07-12,0.000000,Test,-0.340581,-0.064753,-0.037624,-0.030144,-0.033702,-0.035370,-0.016172,0.015415,0.065834,0.182204,1.362018
1996-07-13,0.000000,Test,-0.343112,-0.065780,-0.038530,-0.030057,-0.034039,-0.035398,-0.016423,0.014776,0.064726,0.180495,1.358969
1996-07-14,0.000000,Test,-0.336130,-0.063348,-0.035606,-0.031017,-0.032394,-0.034574,-0.013829,0.019477,0.073279,0.191193,1.386846
1996-07-15,0.000000,Test,-0.334230,-0.062807,-0.034889,-0.031440,-0.031700,-0.034049,-0.012523,0.021775,0.077349,0.196045,1.398957
1996-07-16,0.000000,Test,-0.341468,-0.065840,-0.037545,-0.030997,-0.033126,-0.034330,-0.014104,0.018905,0.072317,0.188771,1.381029
1996-07-17,0.000000,Test,-0.334432,-0.063324,-0.034487,-0.031770,-0.031345,-0.033350,-0.011313,0.023813,0.080838,0.199261,1.407184
1996-07-18,0.000000,Test,-0.353681,-0.071042,-0.042028,-0.029853,-0.034476,-0.034237,-0.015862,0.014762,0.064315,0.178402,1.357964
1996-07-19,0.000000,Test,-0.368562,-0.077135,-0.047325,-0.026513,-0.034959,-0.033009,-0.017437,0.009695,0.052600,0.165274,1.329540
1996-07-20,0.000000,Test,-0.376862,-0.081386,-0.050746,-0.025358,-0.034610,-0.031567,-0.016980,0.009179,0.051190,0.165319,1.336697
1996-07-21,0.000000,Test,-0.353522,-0.072861,-0.042705,-0.032492,-0.033097,-0.032884,-0.012462,0.020404,0.077735,0.197091,1.418419
1996-07-22,0.000000,Test,-0.343622,-0.068717,-0.037940,-0.033025,-0.031289,-0.032139,-0.009754,0.025243,0.085344,0.205286,1.433909
1996-07-23,0.000000,Test,-0.331888,-0.063093,-0.032352,-0.033037,-0.029012,-0.031434,-0.006832,0.030062,0.092158,0.212437,1.445792
1996-07-24,0.000000,Test,-0.338180,-0.065379,-0.040796,-0.036571,-0.030532,-0.034982,-0.008023,0.028120,0.092139,0.217583,1.466392
1996-07-25,0.000000,Test,-0.322709,-0.058234,-0.027580,-0.031922,-0.025737,-0.029123,-0.003250,0.034463,0.099766,0.224137,1.481280
1996-07-26,0.000000,Test,-0.317168,-0.058039,-0.025436,-0.032718,-0.022610,-0.026187,0.001915,0.043829,0.114599,0.241769,1.518939
1996-07-27,0.000000,Test,-0.336180,-0.066624,-0.033602,-0.034077,-0.028648,-0.029617,-0.004299,0.034140,0.100976,0.221897,1.472254
1996-07-28,0.000000,Test,-0.349438,-0.071994,-0.038775,-0.033377,-0.030886,-0.030191,-0.006881,0.028752,0.091734,0.209275,1.444194
1996-07-29,0.000000,Test,-0.346095,-0.070688,-0.037322,-0.034019,-0.030129,-0.029991,-0.005557,0.031029,0.096028,0.214676,1.459728
1996-07-30,0.000000,Test,-0.356153,-0.075292,-0.041224,-0.033302,-0.031009,-0.029457,-0.006394,0.028722,0.091893,0.209325,1.449813
1996-07-31,0.000000,Test,-0.341144,-0.069158,-0.035046,-0.034800,-0.028276,-0.028449,-0.002112,0.036847,0.106398,0.227541,1.493750
1996-08-01,0.000000,Test,-0.329729,-0.064363,-0.029747,-0.034627,-0.024918,-0.026517,0.002120,0.043599,0.116665,0.241073,1.525238
1996-08-02,0.000000,Test,-0.334100,-0.066189,-0.031186,-0.034833,-0.025923,-0.026827,0.001467,0.042130,0.114385,0.236791,1.514383
1996-08-03,0.000000,Test,-0.339885,-0.068965,-0.033399,-0.035152,-0.026838,-0.026859,0.001051,0.041092,0.113205,0.234321,1.509819
1996-08-04,0.000000,Test,-0.331016,-0.065265,-0.029434,-0.035210,-0.024258,-0.025458,0.004422,0.046519,0.121843,0.245953,1.538438
1996-08-05,0.000000,Test,-0.325582,-0.063245,-0.026985,-0.035080,-0.022100,-0.023716,0.007501,0.051532,0.129870,0.256456,1.563769
1996-08-06,0.000000,Test,-0.322407,-0.061950,-0.025671,-0.035120,-0.020507,-0.022531,0.009905,0.055139,0.135614,0.263991,1.582027
1996-08-07,0.000000,Test,-0.324979,-0.063181,-0.026794,-0.035724,-0.020682,-0.022578,0.010389,0.055507,0.136659,0.265035,1.585985
1996-08-08,0.000000,Test,-0.332828,-0.066853,-0.029061,-0.036200,-0.022532,-0.023308,0.008809,0.052210,0.131670,0.257064,1.568537
1996-08-09,0.000000,Test,-0.341276,-0.070793,-0.032350,-0.036822,-0.024079,-0.023907,0.007614,0.049441,0.128044,0.251692,1.559233
1996-08-10,0.000000,Test,-0.334028,-0.067359,-0.029154,-0.036718,-0.022131,-0.023016,0.010049,0.053012,0.133971,0.260419,1.582356
1996-08-11,0.000000,Test,-0.330468,-0.064454,-0.027388,-0.035863,-0.021459,-0.023016,0.010249,0.051741,0.132661,0.260884,1.590410
1996-08-12,0.000000,Test,-0.333287,-0.068036,-0.028060,-0.037769,-0.020786,-0.022095,0.012649,0.056462,0.139727,0.267230,1.600608
1996-08-13,0.000000,Test,-0.330157,-0.066645,-0.026528,-0.037712,-0.019501,-0.021228,0.014502,0.058982,0.143977,0.273186,1.616765
1996-08-14,0.000000,Test,-0.317380,-0.061067,-0.021032,-0.036405,-0.014807,-0.017710,0.020093,0.067953,0.157562,0.292271,1.662048
1996-08-15,0.000000,Test,-0.313208,-0.059350,-0.019242,-0.036035,-0.012705,-0.015858,0.023010,0.072370,0.164697,0.301931,1.685964
1996-08-16,0.000000,Test,-0.317308,-0.061477,-0.020851,-0.036949,-0.013664,-0.016318,0.022882,0.071811,0.164782,0.301335,1.686759
1996-08-17,0.000000,Test,-0.326501,-0.066145,-0.024908,-0.038729,-0.016205,-0.017758,0.021312,0.069118,0.162434,0.296959,1.680147
1996-08-18,0.000000,Test,-0.312108,-0.059311,-0.018441,-0.036903,-0.010997,-0.014400,0.026625,0.076920,0.173159,0.313154,1.718475
1996-08-19,0.000000,Test,-0.316030,-0.061396,-0.020132,-0.037987,-0.012051,-0.015107,0.026238,0.076024,0.172878,0.312453,1.720060
1996-08-20,0.000000,Test,-0.309717,-0.058596,-0.017572,-0.037239,-0.009198,-0.012714,0.029786,0.081353,0.181492,0.324703,1.750805
1996-08-21,0.000000,Test,-0.308726,-0.058399,-0.017359,-0.037528,-0.008413,-0.011931,0.031317,0.083674,0.185975,0.330767,1.767595
1996-08-22,0.000000,Test,-0.315345,-0.061904,-0.020384,-0.039278,-0.010575,-0.013475,0.030033,0.081468,0.184172,0.327786,1.764721
1996-08-23,0.000000,Test,-0.324305,-0.066505,-0.024980,-0.041638,-0.013335,-0.015497,0.028245,0.078522,0.182129,0.324527,1.763035
1996-08-24,0.000000,Test,-0.312343,-0.060939,-0.019782,-0.039974,-0.009134,-0.012387,0.032506,0.085100,0.191828,0.339317,1.799303
1996-08-25,0.000000,Test,-0.327781,-0.068958,-0.027046,-0.043377,-0.014207,-0.015649,0.028772,0.079348,0.186603,0.330557,1.786105
1996-08-26,0.000000,Test,-0.335328,-0.073397,-0.030932,-0.045373,-0.015997,-0.016308,0.028335,0.078852,0.188621,0.332158,1.795575
1996-08-27,0.000000,Test,-0.328391,-0.070494,-0.028562,-0.045201,-0.013941,-0.014992,0.030898,0.083378,0.196145,0.343518,1.824541
1996-08-28,0.000000,Test,-0.322648,-0.068096,-0.026604,-0.044973,-0.011945,-0.013614,0.033323,0.087320,0.202754,0.353628,1.850906
1996-08-29,0.000000,Test,-0.321563,-0.068066,-0.026716,-0.045503,-0.011404,-0.013006,0.034655,0.089594,0.207661,0.360495,1.870397
1996-08-30,0.000000,Test,-0.322576,-0.069118,-0.027866,-0.046507,-0.011644,-0.012984,0.035302,0.090886,0.211466,0.365610,1.886460
1996-08-31,0.000000,Test,-0.337061,-0.076666,-0.035756,-0.050350,-0.016023,-0.016156,0.032367,0.086343,0.208894,0.360965,1.885203
1996-09-01,0.000000,Test,-0.333407,-0.075590,-0.033985,-0.050333,-0.015176,-0.015395,0.033489,0.088422,0.212602,0.366371,1.899946
1996-09-02,0.000000,Test,-0.330952,-0.074988,-0.033827,-0.050862,-0.014599,-0.015006,0.034583,0.090644,0.217469,0.373753,1.921126
1996-09-03,0.000000,Test,-0.325759,-0.072876,-0.034034,-0.051329,-0.012661,-0.013849,0.037238,0.095630,0.227292,0.389453,1.964318
1996-09-04,0.000000,Test,-0.350210,-0.090773,-0.066945,-0.068870,-0.025210,-0.028904,0.027718,0.085443,0.225060,0.408779,2.061049
1996-09-05,0.000000,Test,-0.331245,-0.078881,-0.037765,-0.052668,-0.009371,-0.007964,0.043729,0.106985,0.253483,0.430504,2.093000
1996-09-06,0.000000,Test,-0.345816,-0.087716,-0.044766,-0.056478,-0.014194,-0.011107,0.041638,0.103131,0.251108,0.423706,2.078876
1996-09-07,0.000000,Test,-0.359344,-0.096746,-0.053158,-0.061311,-0.019438,-0.014498,0.037460,0.098764,0.251527,0.423048,2.091451
1996-09-08,0.000000,Test,-0.325593,-0.078833,-0.039165,-0.055295,-0.010338,-0.008736,0.044960,0.112120,0.265974,0.445941,2.130668
1996-09-09,0.000000,Test,-0.353855,-0.103907,-0.084136,-0.081255,-0.030273,-0.031468,0.030004,0.095297,0.257362,0.470574,2.267163
1996-09-10,0.000000,Test,-0.411303,-0.167631,-0.122797,-0.078666,0.006622,0.028601,0.109463,0.189282,0.458340,0.859025,3.716109
1996-09-11,0.000000,Test,-0.534699,-0.216735,-0.187235,-0.077211,0.064244,0.144170,0.246479,0.444746,1.096808,1.731923,7.287972
1996-09-12,0.000000,Test,-0.468941,-0.152851,-0.070500,0.010166,0.142341,0.209942,0.317554,0.509855,1.095017,1.625124,6.124413
1996-09-13,0.000000,Test,-0.418606,-0.149641,-0.075130,-0.036715,0.060812,0.108736,0.191466,0.337568,0.756480,1.174305,4.445835
1996-09-14,0.000000,Test,-0.387301,-0.131734,-0.070302,-0.048382,0.033056,0.069253,0.146335,0.273756,0.615359,0.962105,3.682695
1996-09-15,0.000000,Test,-0.352044,-0.104799,-0.058345,-0.046619,0.023516,0.047562,0.122967,0.239336,0.522958,0.813196,3.174281
1996-09-16,0.000000,Test,-0.353568,-0.105674,-0.086328,-0.061801,0.009852,0.025945,0.105326,0.222362,0.501099,0.800364,3.159969
1996-09-17,0.000000,Test,-0.410175,-0.158644,-0.147608,-0.106990,-0.034636,-0.012694,0.069138,0.180229,0.480747,0.841447,3.495221
1996-09-18,0.000000,Test,-0.465561,-0.190019,-0.171248,-0.108253,-0.025843,0.009568,0.092208,0.222853,0.607307,1.032834,4.223423
1996-09-19,0.000000,Test,-0.411136,-0.155976,-0.097849,-0.058425,0.027411,0.072477,0.154212,0.302484,0.705634,1.105850,4.194291
1996-09-20,0.000000,Test,-0.504143,-0.252087,-0.219606,-0.140652,-0.037856,0.019913,0.116801,0.285033,0.797504,1.428355,5.870092
1996-09-21,0.000000,Test,-0.489708,-0.212701,-0.151432,-0.064497,0.049980,0.122947,0.222317,0.433416,1.085143,1.686184,6.287426
1996-09-22,0.000000,Test,-0.421984,-0.162446,-0.104699,-0.038961,0.062197,0.128532,0.223450,0.422473,0.995981,1.538516,5.470494
1996-09-23,0.000000,Test,-0.400480,-0.154022,-0.101390,-0.064396,0.020107,0.067282,0.154376,0.313052,0.732865,1.129397,4.157123
1996-09-24,0.000000,Test,-0.383367,-0.137406,-0.096382,-0.067348,0.004407,0.042479,0.127584,0.271619,0.629068,0.959422,3.593743
1996-09-25,0.000000,Test,-0.363522,-0.127243,-0.093964,-0.068145,0.001236,0.036194,0.120050,0.264724,0.602266,0.909035,3.399863
1996-09-26,0.000000,Test,-0.380497,-0.135329,-0.105070,-0.078399,-0.018373,0.016433,0.096911,0.232499,0.550201,0.829375,3.183343
1996-09-27,0.000000,Test,-0.401020,-0.149782,-0.124211,-0.086485,-0.031568,0.009157,0.086217,0.223744,0.562013,0.852892,3.254041
1996-09-28,0.000000,Test,-0.391005,-0.143779,-0.118140,-0.088829,-0.035058,0.000998,0.076009,0.206849,0.516582,0.781194,3.050849
1996-09-29,0.000000,Test,-0.383537,-0.135751,-0.110146,-0.087615,-0.036121,-0.003879,0.066747,0.188472,0.472583,0.716415,2.871932
1996-09-30,0.000000,Test,-0.353445,-0.114375,-0.084579,-0.079604,-0.026667,-0.004527,0.064099,0.174667,0.414261,0.628703,2.613399
1996-10-01,0.000000,Validation,-0.332781,-0.106926,-0.077669,-0.075559,-0.017784,0.003820,0.072713,0.189923,0.435076,0.658884,2.674078
1996-10-02,0.000000,Validation,-0.338107,-0.110886,-0.082056,-0.078307,-0.021743,0.001521,0.069663,0.187597,0.436235,0.659356,2.676435
1996-10-03,0.000000,Validation,-0.352652,-0.120853,-0.092628,-0.083927,-0.029538,-0.002355,0.064801,0.184604,0.443389,0.668693,2.705571
1996-10-04,0.000000,Validation,-0.364649,-0.134213,-0.110709,-0.090748,-0.036971,-0.001786,0.062923,0.193016,0.487630,0.743261,2.911183
1996-10-05,0.000000,Validation,-0.358983,-0.127469,-0.104279,-0.088889,-0.036971,-0.005004,0.058037,0.180863,0.461038,0.705910,2.817605
1996-10-06,0.000000,Validation,-0.332544,-0.109524,-0.085403,-0.080438,-0.025868,-0.000439,0.062049,0.179001,0.438051,0.673250,2.720748
1996-10-07,0.000000,Validation,-0.305950,-0.092711,-0.061668,-0.067933,-0.006798,0.011289,0.076709,0.190219,0.423977,0.640490,2.589384
1996-10-08,0.000000,Validation,-0.317333,-0.099675,-0.071538,-0.074308,-0.016480,0.003918,0.068968,0.182494,0.425740,0.647809,2.635199
1996-10-09,0.000000,Validation,-0.311786,-0.092550,-0.059234,-0.069976,-0.012801,0.003650,0.068482,0.175673,0.397344,0.601756,2.497716
1996-10-10,0.000000,Validation,-0.307518,-0.092400,-0.057331,-0.068643,-0.008788,0.008076,0.073679,0.184394,0.409014,0.615253,2.520883
1996-10-11,0.000000,Validation,-0.296228,-0.085271,-0.050959,-0.063087,-0.001144,0.014784,0.080813,0.191986,0.415731,0.624449,2.531930
1996-10-12,0.000000,Validation,-0.291457,-0.082610,-0.048728,-0.060096,0.003015,0.019521,0.086030,0.198872,0.424646,0.635427,2.549089
1996-10-13,0.000000,Validation,-0.443341,-0.114691,-0.079093,0.086285,0.288745,0.383914,0.574011,0.831997,1.951221,3.141822,12.557674
1996-10-14,0.000000,Validation,-0.504525,-0.134048,-0.045735,0.168473,0.471522,0.689867,0.941444,1.550787,3.687087,5.029707,17.868765
1996-10-15,0.000000,Validation,-0.449424,-0.148873,-0.062709,0.065202,0.260749,0.411749,0.561221,0.985655,2.246566,3.160043,10.583926
1996-10-16,0.000000,Validation,-0.455698,-0.183629,-0.138093,-0.044249,0.098459,0.198192,0.320906,0.623923,1.507369,2.249095,7.627416
1996-10-17,0.000000,Validation,-0.403723,-0.160115,-0.109492,-0.053989,0.055138,0.126315,0.234235,0.458242,1.063228,1.578469,5.374770
1996-10-18,0.000000,Validation,-0.384873,-0.147409,-0.096298,-0.059998,0.027284,0.089656,0.191657,0.385043,0.873434,1.277152,4.406564
1996-10-19,0.000000,Validation,-0.382190,-0.151807,-0.105297,-0.070480,0.009715,0.071396,0.170261,0.359940,0.817380,1.189772,4.125117
1996-10-20,0.000000,Validation,-0.381501,-0.151380,-0.111145,-0.079233,-0.008357,0.049880,0.144297,0.322305,0.734492,1.061983,3.744943
1996-10-21,0.000000,Validation,-0.367980,-0.144859,-0.109430,-0.081467,-0.013308,0.041008,0.131999,0.305444,0.688458,0.992383,3.530504
1996-10-22,0.000000,Validation,-0.352844,-0.138542,-0.106524,-0.080922,-0.012080,0.039476,0.127980,0.300866,0.667863,0.960063,3.419328
1996-10-23,0.000000,Validation,-0.348214,-0.137382,-0.106974,-0.082094,-0.014139,0.036391,0.122302,0.293739,0.649975,0.931884,3.328956
1996-10-24,0.000000,Validation,-0.352821,-0.141177,-0.110503,-0.086365,-0.021390,0.029138,0.112265,0.280913,0.627794,0.899032,3.235090
1996-10-25,0.000000,Validation,-0.355878,-0.145138,-0.113690,-0.089132,-0.025025,0.026409,0.107519,0.276529,0.620628,0.886940,3.190956
1996-10-26,0.000000,Validation,-0.347512,-0.140037,-0.109041,-0.086849,-0.022090,0.027453,0.106542,0.273193,0.608362,0.869866,3.136940
1996-10-27,0.000000,Validation,-0.342578,-0.138223,-0.107257,-0.084616,-0.018214,0.031474,0.109344,0.277533,0.612504,0.873607,3.131051
1996-10-28,0.000000,Validation,-0.346539,-0.141766,-0.109725,-0.086765,-0.021413,0.029455,0.105696,0.274429,0.609740,0.868505,3.112153
1996-10-29,0.000000,Validation,-0.345341,-0.143608,-0.111504,-0.085220,-0.016928,0.035960,0.112070,0.286141,0.630904,0.895671,3.163770
1996-10-30,0.000000,Validation,-0.346319,-0.146787,-0.114169,-0.085183,-0.015544,0.039767,0.114644,0.292825,0.646236,0.916179,3.203283
1996-10-31,0.000000,Validation,-0.364565,-0.159560,-0.125692,-0.095630,-0.031310,0.026879,0.099511,0.276764,0.639119,0.912389,3.221085
1996-11-01,0.000000,Validation,-0.335758,-0.131637,-0.095604,-0.085740,-0.023595,0.022087,0.090545,0.246122,0.548492,0.780770,2.881701
1996-11-02,0.000000,Validation,-0.323203,-0.121870,-0.086700,-0.080066,-0.016064,0.026355,0.095044,0.247038,0.540543,0.770590,2.850175
1996-11-03,0.000000,Validation,-0.326460,-0.123600,-0.094254,-0.083059,-0.021873,0.022934,0.089710,0.241974,0.548309,0.792910,2.923597
1996-11-04,0.000000,Validation,-0.290959,-0.093784,-0.060239,-0.063591,0.000729,0.033270,0.101600,0.238819,0.500788,0.720404,2.700791
1996-11-05,0.000000,Validation,-0.282927,-0.086006,-0.050849,-0.059862,0.003584,0.032450,0.100337,0.231871,0.479054,0.688638,2.620477
1996-11-06,0.000000,Validation,-0.281188,-0.086135,-0.050593,-0.057429,0.007658,0.038022,0.106668,0.241080,0.492349,0.705298,2.646806
1996-11-07,0.000000,Validation,-0.283655,-0.089461,-0.053421,-0.058262,0.007758,0.039964,0.108685,0.246345,0.502990,0.718848,2.677406
1996-11-08,0.000000,Validation,-0.286069,-0.092831,-0.056302,-0.058674,0.008440,0.042632,0.111871,0.253193,0.515855,0.735328,2.710838
1996-11-09,0.000000,Validation,-0.292435,-0.098669,-0.061630,-0.063198,0.003568,0.039352,0.108107,0.252281,0.521073,0.741094,2.739229
1996-11-10,0.000000,Validation,-0.300554,-0.107503,-0.081057,-0.059782,0.017648,0.056608,0.135262,0.293655,0.582163,0.842946,2.932150
1996-11-11,0.000000,Validation,-0.398613,-0.209443,-0.175893,-0.101900,0.033127,0.122521,0.229415,0.482267,1.184477,1.883278,6.511281
1996-11-12,0.000000,Validation,-0.606868,-0.309349,-0.260553,-0.007699,0.386815,0.732966,1.002678,2.156167,6.077928,8.617723,29.128454
1996-11-13,0.000000,Validation,-0.586353,-0.221753,-0.152616,0.241002,0.862565,1.330171,1.780856,3.772602,10.221375,14.439688,43.354965
1996-11-14,0.000000,Validation,-0.577890,-0.189645,-0.097404,0.362115,1.004479,1.481209,2.023746,4.029036,10.210956,14.460685,40.189480
1996-11-15,0.000000,Validation,-0.541930,-0.202831,-0.109608,0.243107,0.659659,0.989970,1.369436,2.563535,5.968184,8.427681,22.417604
1996-11-16,0.000000,Validation,-0.438891,-0.161174,-0.068699,0.169964,0.421417,0.654874,0.906634,1.589405,3.262062,4.448598,11.293259
1996-11-17,0.000000,Validation,-0.424359,-0.178639,-0.103040,0.102453,0.304655,0.497691,0.724148,1.269210,2.500938,3.402682,8.599201
1996-11-18,0.000000,Validation,-0.435988,-0.203179,-0.134123,0.074556,0.258096,0.439304,0.663398,1.181118,2.304662,3.152554,7.919768
1996-11-19,0.000000,Validation,-0.451606,-0.226676,-0.160769,0.056965,0.236542,0.418431,0.644143,1.160156,2.233946,3.030126,7.550832
1996-11-20,0.000000,Validation,-0.502399,-0.299260,-0.199854,0.012630,0.199109,0.386304,0.604096,1.128934,2.372565,3.333778,8.511167
1996-11-21,0.000000,Validation,-0.510894,-0.311487,-0.208742,0.021026,0.213388,0.407729,0.634046,1.182376,2.425524,3.381540,8.435448
1996-11-22,0.000000,Validation,-0.526717,-0.325753,-0.216629,0.044842,0.252230,0.460415,0.705633,1.304230,2.593581,3.581364,8.657845
1996-11-23,0.000000,Validation,-0.539371,-0.341757,-0.228983,0.036573,0.248272,0.455642,0.697221,1.299272,2.627557,3.646465,8.893667
1996-11-24,0.000000,Validation,-0.554425,-0.360380,-0.237596,0.038242,0.258218,0.472579,0.714260,1.337892,2.743642,3.817620,9.324153
1996-11-25,0.000000,Validation,-0.553525,-0.360921,-0.229845,0.053203,0.275493,0.499113,0.739370,1.378073,2.780575,3.846626,9.232541
1996-11-26,0.000000,Validation,-0.564949,-0.373892,-0.238274,0.053052,0.281671,0.507888,0.748003,1.400437,2.864720,3.977612,9.598958
1996-11-27,0.000000,Validation,-0.559894,-0.363941,-0.223683,0.086761,0.323294,0.562732,0.814131,1.497615,2.951985,4.060368,9.517097
1996-11-28,0.000000,Validation,-0.563372,-0.356879,-0.201882,0.158513,0.427503,0.697290,0.981575,1.757267,3.346459,4.539411,10.297327
1996-11-29,0.000000,Validation,-0.560784,-0.351967,-0.209387,0.138885,0.389630,0.650378,0.918659,1.663571,3.142867,4.219068,9.632729
1996-11-30,0.000000,Validation,-0.557795,-0.357710,-0.229125,0.076693,0.293365,0.528135,0.758698,1.424088,2.756701,3.732898,8.722595
1996-12-01,0.000000,Validation,-0.551341,-0.367321,-0.244528,0.000990,0.184711,0.388763,0.568531,1.133312,2.346065,3.245551,7.983756
1996-12-02,0.000000,Validation,-0.525119,-0.343774,-0.241478,-0.040131,0.112592,0.288587,0.436447,0.916546,1.916941,2.643693,6.759964
1996-12-03,0.000000,Validation,-0.485742,-0.303245,-0.224340,-0.061099,0.065098,0.214433,0.338275,0.743694,1.525866,2.073750,5.509113
1996-12-04,0.000000,Validation,-0.480824,-0.302872,-0.257883,-0.091716,0.051964,0.202679,0.343406,0.749349,1.544071,2.133789,5.893685
1996-12-05,0.000000,Validation,-0.530576,-0.343531,-0.256294,-0.091007,0.087358,0.278335,0.408798,0.851076,1.845116,2.558565,7.285591
1996-12-06,0.000000,Validation,-0.501655,-0.330277,-0.236316,-0.089390,0.091302,0.279927,0.408757,0.837519,1.749907,2.429578,6.764227
1996-12-07,0.000000,Validation,-0.510622,-0.336944,-0.248745,-0.084667,0.102079,0.290077,0.432114,0.880272,1.797708,2.492796,6.812287
1996-12-08,0.000000,Validation,-0.490394,-0.305505,-0.227505,-0.066528,0.093094,0.262310,0.400384,0.832537,1.678572,2.271057,6.073128
1996-12-09,0.000000,Validation,-0.482551,-0.290222,-0.217591,-0.048554,0.092866,0.252135,0.391057,0.823797,1.654650,2.215670,5.849144
1996-12-10,0.000000,Validation,-0.794544,-0.497490,-0.250757,0.628881,2.605859,3.933560,7.126333,14.771075,40.878822,60.203762,149.184509
1996-12-11,0.000000,Validation,0.511629,2.564810,4.852406,16.072952,39.751423,47.930035,80.858566,153.419556,281.402893,385.993927,784.231262
1996-12-12,0.161056,Validation,3.907960,9.020041,14.626143,42.784321,85.115662,101.198647,154.423019,253.776276,423.166351,596.101135,1178.968384
1996-12-13,23.675186,Validation,5.656659,10.557644,15.545816,41.914261,78.376534,90.650986,125.658569,197.418839,314.705658,430.282257,848.857849
1996-12-14,7.086450,Validation,1.423480,3.751841,5.897723,14.946201,24.893902,32.572083,40.221088,62.522747,105.503639,132.808273,296.349823
1996-12-15,27.701578,Validation,0.413408,1.953873,3.246160,10.228825,20.305290,25.748671,36.963696,64.558670,124.284225,163.624283,346.625580
1996-12-16,81.172067,Validation,2.449477,5.612295,8.242746,24.161835,44.830387,54.522751,76.121284,123.510933,210.878204,274.007843,574.772949
1996-12-17,171.524307,Validation,7.274545,16.590881,23.740284,69.248924,115.065674,142.517715,202.983688,294.824738,479.223724,640.253601,1328.406616
1996-12-18,142.373228,Validation,14.686329,26.512014,34.921185,88.875847,132.675034,163.424576,212.771530,286.543549,448.357513,574.439087,1137.731934
1996-12-19,39.136532,Validation,13.930115,23.013697,27.520651,66.145325,95.137939,114.907112,141.021118,183.545334,267.231232,334.017822,629.490906
1996-12-20,131.582497,Validation,12.858538,22.365356,27.571562,69.642616,101.329857,123.847328,154.918579,205.588989,306.614349,384.176910,731.292603
1996-12-21,81.172067,Validation,13.168605,21.592840,25.639231,60.588470,85.344559,104.379532,125.804688,162.934082,237.527802,294.846344,559.767456
1996-12-22,111.611592,Validation,15.098332,25.573837,30.815886,74.262199,104.254120,127.397591,156.633423,200.547104,300.199402,373.320953,696.942627
1996-12-23,56.369491,Validation,13.195560,21.570795,25.140930,57.812401,80.249969,98.092255,116.705124,149.715469,217.709946,268.604126,514.582458
1996-12-24,53.148377,Validation,7.101480,12.490058,14.740321,32.064999,43.387196,53.778442,62.573685,80.406273,118.470634,142.597397,299.361176
1996-12-25,23.675186,Validation,4.187761,7.032728,9.169691,17.488441,23.151348,29.417749,33.615211,42.099762,61.467033,71.873489,156.474762
1996-12-26,11.273898,Validation,2.322114,4.025243,5.458565,9.726213,13.015384,16.268099,18.989429,23.169857,33.943821,39.314022,86.499435
1996-12-27,7.086450,Validation,1.891955,3.254473,4.415243,7.562712,10.120650,12.278826,14.562609,17.402603,25.171963,28.932266,63.037868
1996-12-28,93.573355,Validation,0.690679,2.240724,3.239014,9.136591,14.468841,19.221655,27.018763,38.813545,65.786217,82.018303,182.072006
1996-12-29,197.132162,Validation,3.907597,7.982815,9.937034,24.081640,35.593510,45.352062,55.875744,75.539352,115.987740,140.931854,297.941162
1996-12-30,66.354943,Validation,6.252219,11.443195,14.130356,35.262886,52.925304,65.886848,83.489868,111.921043,166.372711,202.602066,380.281036
1996-12-31,93.573355,Validation,6.132660,11.123931,13.699521,29.460434,41.041828,51.943489,60.340748,78.621910,114.241898,136.617096,282.871887
1997-01-01,29.795302,Validation,2.580406,4.797721,6.609600,12.898842,18.025635,23.522202,27.221073,35.198750,52.504383,62.384945,139.461700
1997-01-02,29.795302,Validation,2.977042,5.762771,7.546429,17.919512,27.552673,35.619244,44.440029,60.092739,94.418083,119.721001,253.681213
1997-01-03,27.701578,Validation,3.992026,7.111132,9.261406,18.683483,27.425655,35.126343,40.239529,52.174179,78.480591,98.668587,224.265564
1997-01-04,77.306730,Validation,6.406422,11.029279,13.757902,31.305143,47.416306,59.156410,71.933472,94.217110,141.133850,180.408279,359.103668
1997-01-05,102.270362,Validation,9.829275,16.228531,19.046421,40.597855,58.284729,71.394272,81.832237,104.260529,150.059570,188.622482,379.185425
1997-01-06,39.136532,Validation,6.310380,10.113786,12.534933,25.264626,36.902531,46.576385,52.532661,67.574677,99.534439,128.956039,287.649445
1997-01-07,53.148377,Validation,18.007652,31.891457,38.306301,92.185646,129.971619,158.295120,186.289780,237.530273,341.174469,431.511230,760.317871
1997-01-08,102.270362,Validation,14.706163,23.670237,27.912966,57.996456,79.314812,95.250671,109.322556,136.001495,190.120697,234.918503,441.394623
1997-01-09,32.050082,Validation,7.848983,12.596405,16.406710,31.790417,43.913391,54.365574,62.799847,79.063835,115.146164,139.642654,291.143280
1997-01-10,16.749792,Validation,4.132521,6.767560,9.253864,17.109705,23.281313,29.488043,34.069679,42.643902,62.533401,74.663025,164.913895
1997-01-11,11.273898,Validation,2.113019,3.679532,5.321071,9.542168,13.158927,16.607738,19.731916,24.519472,36.868347,43.790321,99.308800
1997-01-12,9.019119,Validation,1.116112,2.209875,3.364365,6.164324,8.732327,10.953680,13.292456,16.759859,25.505402,30.528772,69.205658
1997-01-13,7.086450,Validation,0.724931,1.637687,2.507489,4.705504,6.641889,8.303798,10.099842,12.842984,19.162382,22.706331,50.219280
1997-01-14,5.314838,Validation,0.390926,1.142284,1.835475,3.595536,5.172145,6.483385,7.933832,10.280980,15.394388,18.321692,40.125889
1997-01-15,5.314838,Validation,0.028256,0.664363,1.175222,2.715138,4.113034,5.166442,6.649717,8.972574,14.174772,17.750164,39.326218
1997-01-16,47.350372,Validation,-0.399487,0.173627,0.795188,3.073198,5.872601,8.135593,12.005141,19.861216,39.481625,54.728603,130.747101
1997-01-17,36.720697,Validation,0.235789,1.332951,2.420120,6.315729,10.135912,14.209359,17.842827,26.748350,45.296299,57.306381,130.703812
1997-01-18,136.897335,Validation,0.222953,1.290035,2.439578,7.144925,12.733903,16.967649,23.327040,37.042465,65.309418,86.188622,188.211334
1997-01-19,89.224851,Validation,4.402138,9.800970,12.886760,37.451820,63.601631,81.264313,104.634552,157.762909,235.825714,281.013092,536.339478
1997-01-20,47.350372,Validation,5.575857,10.131664,13.088348,28.346684,41.957912,53.999180,61.826069,82.533051,118.185944,143.522598,293.926666
1997-01-21,39.136532,Validation,2.264554,4.589759,6.336467,14.311377,22.446674,29.481106,34.702660,48.273949,75.224678,96.219810,208.227356
1997-01-22,32.050082,Validation,1.766178,3.658143,5.418310,11.050418,15.964156,21.126211,24.638826,33.248341,50.029514,60.845367,132.351669
1997-01-23,20.131961,Validation,0.281631,1.210863,2.171211,4.610088,7.118796,9.485534,11.627072,16.292833,26.725376,33.911263,74.952805
1997-01-24,13.850789,Validation,0.066731,0.748290,1.492735,3.178986,4.886888,6.468047,7.971515,11.130690,17.957859,22.636906,49.526127
1997-01-25,10.146508,Validation,-0.236935,0.221052,0.718103,1.803022,2.893276,3.859154,4.844877,7.105245,11.663101,15.027292,31.702963
1997-01-26,8.052784,Validation,-0.429256,-0.119236,0.199601,0.881210,1.533945,2.110715,2.719756,4.286267,7.308125,9.666615,20.044678
1997-01-27,6.120116,Validation,-0.479451,-0.216867,0.045501,0.598083,1.102955,1.552053,2.034792,3.322004,5.804996,7.797386,16.208309
1997-01-28,5.314838,Validation,-0.500609,-0.257552,-0.029614,0.456805,0.882106,1.271044,1.678454,2.806331,4.956498,6.654017,13.987888
1997-01-29,3.865337,Validation,-0.535170,-0.296681,-0.097575,0.384815,0.798507,1.153762,1.571475,2.685440,4.898143,6.777116,14.710348
1997-01-30,3.865337,Validation,-0.549817,-0.343745,-0.115445,0.311767,0.693318,1.038440,1.389888,2.428024,4.652365,6.620623,14.538087
1997-01-31,2.737947,Validation,-0.542754,-0.333982,-0.122659,0.293608,0.644373,0.976708,1.304596,2.292695,4.295544,5.992196,13.044302
1997-02-01,2.737947,Validation,-0.550534,-0.355766,-0.134731,0.265469,0.611478,0.932889,1.238248,2.200016,4.221623,5.981269,13.203444
1997-02-02,2.737947,Validation,-0.544041,-0.348804,-0.138807,0.247705,0.572008,0.880199,1.165554,2.078929,3.939855,5.519619,12.121762
1997-02-03,2.737947,Validation,-0.544865,-0.358725,-0.177767,0.153952,0.421714,0.685201,0.918054,1.698966,3.286537,4.622384,10.375133
1997-02-04,1.771613,Validation,-0.532647,-0.340324,-0.197875,0.099297,0.316429,0.549214,0.743103,1.421241,2.708756,3.719157,8.485484
1997-02-05,1.771613,Validation,-0.535219,-0.338066,-0.197322,0.106043,0.326784,0.567323,0.759633,1.445737,2.738752,3.714913,8.485160
1997-02-06,1.771613,Validation,-0.525400,-0.335542,-0.208074,0.062824,0.252958,0.466300,0.629792,1.245415,2.413898,3.321646,7.735047
1997-02-07,1.449501,Validation,-0.501794,-0.319513,-0.235663,-0.016633,0.144998,0.314019,0.449682,0.951708,1.891191,2.660942,6.648255
1997-02-08,2.737947,Validation,-0.543607,-0.354321,-0.245692,-0.002128,0.182012,0.379752,0.520368,1.082423,2.272941,3.290741,8.301203
1997-02-09,1.771613,Validation,-0.470606,-0.290783,-0.202748,-0.043924,0.096937,0.248963,0.343380,0.758694,1.528729,2.126291,5.639693
1997-02-10,1.771613,Validation,-0.474825,-0.298190,-0.206057,-0.041756,0.096704,0.249988,0.347295,0.773619,1.555436,2.163485,5.664900
1997-02-11,1.449501,Validation,-0.463760,-0.289856,-0.199158,-0.042637,0.092059,0.238696,0.335665,0.750578,1.492205,2.072766,5.412142
1997-02-12,1.449501,Validation,-0.454924,-0.280943,-0.193989,-0.041147,0.089622,0.231963,0.328916,0.735338,1.440415,1.984174,5.167283
1997-02-13,1.449501,Validation,-0.448986,-0.274403,-0.190600,-0.040076,0.087518,0.227228,0.323350,0.723182,1.401524,1.917760,4.992929
1997-02-14,1.449501,Validation,-0.447201,-0.274668,-0.189563,-0.042973,0.084335,0.222117,0.316412,0.711457,1.387249,1.909012,4.989057
1997-02-15,1.127390,Validation,-0.451696,-0.276414,-0.192332,-0.037588,0.090097,0.231676,0.328738,0.732714,1.415982,1.935686,5.010016
1997-02-16,1.127390,Validation,-0.464497,-0.284983,-0.199837,-0.028002,0.104199,0.254650,0.358511,0.785865,1.514597,2.063014,5.253113
1997-02-17,1.127390,Validation,-0.426308,-0.249189,-0.178194,-0.044491,0.070089,0.198674,0.283927,0.646035,1.222261,1.635703,4.363325
1997-02-18,1.127390,Validation,-0.427758,-0.251309,-0.178600,-0.044101,0.070689,0.199084,0.284161,0.647826,1.231600,1.658377,4.412937
1997-02-19,1.127390,Validation,-0.426430,-0.254803,-0.176429,-0.049012,0.067011,0.192547,0.274740,0.633065,1.226737,1.682807,4.502771
1997-02-20,1.127390,Validation,-0.429084,-0.261553,-0.178009,-0.056901,0.060069,0.184936,0.262888,0.618259,1.230041,1.706425,4.621387
1997-02-21,1.127390,Validation,-0.431336,-0.263046,-0.179787,-0.054686,0.062844,0.188987,0.268676,0.627923,1.243400,1.723513,4.639616
1997-02-22,1.127390,Validation,-0.435221,-0.266916,-0.183540,-0.056061,0.062993,0.189695,0.269844,0.632405,1.260260,1.753425,4.724830
1997-02-23,1.449501,Validation,-0.438766,-0.270635,-0.186027,-0.057010,0.063319,0.191310,0.271318,0.636816,1.278033,1.785124,4.814627
1997-02-24,1.449501,Validation,-0.444604,-0.270848,-0.188874,-0.044776,0.076198,0.210797,0.297570,0.678519,1.324474,1.824765,4.804332
1997-02-25,1.449501,Validation,-0.466994,-0.290415,-0.201432,-0.033152,0.096954,0.244901,0.341847,0.760319,1.496395,2.076615,5.324983
1997-02-26,1.127390,Validation,-0.430549,-0.261211,-0.180006,-0.055525,0.058567,0.182903,0.258456,0.610525,1.220767,1.704567,4.617785
1997-02-27,1.127390,Validation,-0.400502,-0.238785,-0.159647,-0.083082,0.015518,0.117773,0.170124,0.464612,0.983433,1.378067,4.099894
1997-02-28,1.127390,Validation,-0.390843,-0.229792,-0.152305,-0.077487,0.022183,0.122134,0.177724,0.466937,0.961045,1.339240,3.949370
1997-03-01,1.127390,Validation,-0.387090,-0.224012,-0.149663,-0.069066,0.031161,0.131745,0.191636,0.482515,0.961465,1.334391,3.859670
1997-03-02,1.127390,Validation,-0.382468,-0.219474,-0.146273,-0.071360,0.026487,0.124197,0.181091,0.464448,0.933620,1.297995,3.809843
1997-03-03,1.127390,Validation,-0.381641,-0.219178,-0.145472,-0.084709,0.006145,0.098440,0.146629,0.416273,0.875757,1.221956,3.751450
1997-03-04,1.127390,Validation,-0.379273,-0.216888,-0.143767,-0.085823,0.003604,0.094187,0.141839,0.407259,0.858184,1.197471,3.697157
1997-03-05,0.805278,Validation,-0.375383,-0.212617,-0.140961,-0.085952,0.001821,0.090234,0.137037,0.397361,0.835658,1.165078,3.621021
1997-03-06,0.805278,Validation,-0.371651,-0.206949,-0.136646,-0.090215,-0.008510,0.075522,0.119314,0.367715,0.783170,1.093116,3.481026
1997-03-07,0.805278,Validation,-0.362501,-0.198172,-0.130177,-0.084660,-0.002066,0.079873,0.125096,0.369698,0.773283,1.077101,3.419322
1997-03-08,0.805278,Validation,-0.352832,-0.188417,-0.123036,-0.069553,0.017854,0.101180,0.152712,0.400261,0.793923,1.102538,3.375838
1997-03-09,0.644223,Validation,-0.344886,-0.178833,-0.115937,-0.063881,0.022166,0.103111,0.155405,0.397082,0.774138,1.075729,3.293627
1997-03-10,0.483167,Validation,-0.340042,-0.172236,-0.111241,-0.055777,0.030335,0.111021,0.166070,0.406885,0.772241,1.072831,3.240879
1997-03-11,0.483167,Validation,-0.341173,-0.172925,-0.111859,-0.057342,0.028590,0.108849,0.162603,0.402258,0.770137,1.073928,3.263092
1997-03-12,0.322111,Validation,-0.343729,-0.175574,-0.113947,-0.062540,0.022721,0.102069,0.152939,0.390454,0.766230,1.074664,3.313513
1997-03-13,0.322111,Validation,-0.345650,-0.176548,-0.114796,-0.075551,0.003903,0.077991,0.121999,0.348424,0.719144,1.014624,3.281784
1997-03-14,0.322111,Validation,-0.350557,-0.175435,-0.112921,-0.086970,-0.017498,0.051121,0.091399,0.300376,0.643050,0.909353,3.081777
1997-03-15,0.161056,Validation,-0.346548,-0.170234,-0.108873,-0.086521,-0.018873,0.047005,0.087428,0.290465,0.620394,0.877084,2.997312
1997-03-16,0.000000,Validation,-0.325452,-0.155647,-0.096813,-0.070448,0.004729,0.068873,0.113037,0.320049,0.645811,0.910585,3.014936
1997-03-17,0.000000,Validation,-0.312155,-0.140545,-0.084834,-0.063895,0.008437,0.067125,0.111371,0.307610,0.611226,0.864582,2.900048
1997-03-18,0.000000,Validation,-0.314653,-0.138286,-0.083406,-0.069536,-0.003629,0.051653,0.093884,0.280235,0.570435,0.810049,2.812061
1997-03-19,0.000000,Validation,-0.316826,-0.137362,-0.082743,-0.072126,-0.009330,0.044260,0.085859,0.266190,0.547612,0.779096,2.746523
1997-03-20,0.000000,Test,-0.307371,-0.129439,-0.075896,-0.067176,-0.003390,0.047306,0.089399,0.266474,0.539167,0.769432,2.713519
1997-03-21,0.000000,Test,-0.290516,-0.115219,-0.063337,-0.055203,0.011222,0.058533,0.102391,0.275847,0.537083,0.768005,2.674779
1997-03-22,0.000000,Test,-0.296570,-0.113342,-0.062919,-0.062323,-0.003695,0.039679,0.081585,0.242938,0.487100,0.700668,2.552106
1997-03-23,0.000000,Test,-0.298672,-0.110945,-0.061275,-0.063523,-0.008117,0.033333,0.074930,0.229399,0.464040,0.668987,2.479153
1997-03-24,0.000000,Test,-0.293421,-0.105523,-0.056274,-0.061497,-0.006889,0.031768,0.072967,0.222714,0.448037,0.649246,2.430426
1997-03-25,0.000000,Test,-0.280133,-0.100806,-0.051253,-0.051190,0.009838,0.050122,0.092473,0.251062,0.486647,0.703170,2.528990
1997-03-26,0.000000,Test,-0.283219,-0.102713,-0.053820,-0.051637,0.008673,0.050419,0.092100,0.252447,0.492384,0.710308,2.550380
1997-03-27,0.000000,Test,-0.276457,-0.096571,-0.048301,-0.045341,0.016136,0.056899,0.099587,0.258443,0.495031,0.715353,2.546890
1997-03-28,0.000000,Test,-0.277670,-0.094803,-0.047220,-0.047502,0.011417,0.049687,0.091469,0.244927,0.473882,0.688524,2.503284
1997-03-29,0.000000,Test,-0.279413,-0.092548,-0.045427,-0.049576,0.006344,0.041648,0.083037,0.229475,0.447833,0.654939,2.437878
1997-03-30,0.000000,Test,-0.269748,-0.085203,-0.038291,-0.043114,0.014795,0.047833,0.090122,0.234662,0.447340,0.656545,2.424406
1997-03-31,0.000000,Test,-0.259443,-0.075432,-0.029105,-0.036504,0.021662,0.051065,0.094121,0.233116,0.434041,0.641118,2.371630
1997-04-01,0.000000,Training,-0.249642,-0.066001,-0.019980,-0.029902,0.028002,0.054045,0.097717,0.230812,0.420066,0.624852,2.318956
1997-04-02,0.000000,Training,-0.250944,-0.067271,-0.021322,-0.029069,0.029178,0.056322,0.099808,0.234665,0.426642,0.634201,2.335115
1997-04-03,0.000000,Training,-0.266910,-0.077380,-0.032175,-0.040121,0.014182,0.042393,0.083367,0.218276,0.415148,0.617793,2.341697
1997-04-04,0.000000,Training,-0.312211,-0.092151,-0.051334,-0.059290,-0.019855,0.008668,0.044931,0.160009,0.341052,0.507605,2.106009
1997-04-05,0.000000,Training,-0.318531,-0.090270,-0.054566,-0.061427,-0.023213,-0.000183,0.036839,0.142556,0.310213,0.472139,2.027954
1997-04-06,0.000000,Training,-0.250435,-0.066039,-0.027334,-0.034059,0.022270,0.038372,0.079830,0.205253,0.374066,0.593884,2.301054
1997-04-07,0.000000,Training,-0.262507,-0.069554,-0.028512,-0.032744,0.024540,0.045973,0.086024,0.214723,0.400201,0.619200,2.363500
1997-04-08,0.000000,Training,-0.265154,-0.074969,-0.034835,-0.027741,0.035086,0.059756,0.101678,0.238890,0.440707,0.687735,2.527547
1997-04-09,0.000000,Training,-0.274895,-0.078179,-0.033687,-0.032294,0.027073,0.051383,0.090785,0.221602,0.419953,0.653558,2.473243
1997-04-10,0.000000,Training,-0.277417,-0.078851,-0.036823,-0.033833,0.023483,0.046756,0.086504,0.215655,0.410662,0.644235,2.462605
1997-04-11,0.000000,Training,-0.285436,-0.085805,-0.046947,-0.038086,0.018191,0.040978,0.078987,0.209690,0.405459,0.649629,2.503613
1997-04-12,0.000000,Training,-0.301877,-0.092928,-0.047427,-0.043506,0.004929,0.035139,0.069118,0.197312,0.398950,0.618197,2.417160
1997-04-13,0.000000,Training,-0.299923,-0.087983,-0.044282,-0.043115,0.000940,0.028800,0.063105,0.185371,0.374015,0.578779,2.301400
1997-04-14,0.000000,Training,-0.290466,-0.081364,-0.039545,-0.040500,0.002570,0.028354,0.062495,0.184525,0.367323,0.566381,2.253314
1997-04-15,0.000000,Training,-0.278269,-0.070145,-0.030114,-0.035010,0.006301,0.028401,0.063546,0.180475,0.349572,0.539404,2.171674
1997-04-16,0.000000,Training,-0.277907,-0.067281,-0.035538,-0.033418,0.007819,0.022792,0.060127,0.171641,0.325299,0.526198,2.158640
1997-04-17,0.000000,Training,-0.266737,-0.062754,-0.030304,-0.025579,0.021601,0.040322,0.077574,0.198634,0.369406,0.582966,2.277380
1997-04-18,0.000000,Training,-0.275783,-0.083436,-0.041517,0.001039,0.055522,0.087855,0.121311,0.254547,0.450982,0.749367,2.624378
1997-04-19,0.000000,Training,-0.367983,-0.057531,0.058830,0.351333,0.400669,0.561442,0.504339,0.759692,1.322445,1.950317,5.558419
1997-04-20,5.314838,Training,-0.408159,-0.058868,-0.021634,0.188679,0.377535,0.547090,0.602819,1.067555,2.128686,2.983558,9.240542
1997-04-21,2.254780,Training,-0.383107,-0.095772,-0.062352,0.073318,0.196222,0.305919,0.331565,0.652954,1.287971,1.931800,6.076050
1997-04-22,1.127390,Training,-0.349313,-0.060113,-0.025584,0.120033,0.239612,0.351103,0.382275,0.725458,1.399696,2.094396,6.178306
1997-04-23,1.127390,Training,-0.331994,-0.081392,-0.016889,0.085832,0.177551,0.276475,0.316035,0.595176,1.146243,1.687406,4.989403
1997-04-24,0.644223,Training,-0.326260,-0.079231,-0.050137,0.069317,0.152124,0.233694,0.274190,0.541766,1.049825,1.620948,4.822841
1997-04-25,0.644223,Training,-0.364665,-0.105719,-0.063328,0.038871,0.093047,0.168086,0.192731,0.419853,0.865950,1.353320,4.431130
1997-04-26,0.644223,Training,-0.342573,-0.091019,-0.042515,0.039826,0.080597,0.153459,0.179849,0.383332,0.782058,1.201869,3.945968
1997-04-27,0.483167,Training,-0.357644,-0.094912,-0.055312,0.020697,0.042092,0.103964,0.126757,0.290642,0.603543,0.945342,3.278461
1997-04-28,0.322111,Training,-0.376306,-0.086219,-0.061329,0.016977,0.018981,0.069686,0.090501,0.212391,0.448256,0.715167,2.662643
1997-04-29,0.322111,Training,-0.372933,-0.076973,-0.060680,0.013716,0.007845,0.049915,0.069503,0.171843,0.366195,0.599656,2.367558
1997-04-30,0.322111,Training,-0.359673,-0.073847,-0.059374,0.004082,0.000500,0.038242,0.058707,0.160002,0.344659,0.565148,2.280683
1997-05-01,0.161056,Training,-0.325389,-0.066312,-0.050349,-0.002258,0.004172,0.039712,0.063071,0.177262,0.375021,0.607975,2.393160
1997-05-02,0.000000,Training,-0.307830,-0.063083,-0.056621,-0.002964,0.010742,0.040233,0.066330,0.184703,0.381791,0.643052,2.499793
1997-05-03,0.000000,Training,-0.315030,-0.067711,-0.052359,-0.006608,0.004602,0.040566,0.061133,0.179658,0.386654,0.629902,2.458169
1997-05-04,0.000000,Training,-0.326456,-0.067497,-0.056332,-0.006803,-0.004310,0.030082,0.047593,0.151832,0.339558,0.565885,2.296009
1997-05-05,0.000000,Training,-0.308819,-0.068310,-0.056298,-0.011345,-0.001358,0.034269,0.051442,0.167927,0.375478,0.614365,2.409035
1997-05-06,0.000000,Training,-0.297290,-0.072435,-0.060905,-0.006861,0.012768,0.058017,0.075807,0.215034,0.469276,0.737703,2.663615
1997-05-07,0.000000,Training,-0.275775,-0.056990,-0.047857,-0.001479,0.024869,0.061085,0.089780,0.217840,0.432936,0.680264,2.454121
1997-05-08,0.000000,Training,-0.263737,-0.048046,-0.027375,-0.004515,0.022061,0.050561,0.077126,0.189913,0.367692,0.575674,2.204150
1997-05-09,0.000000,Training,-0.272774,-0.049816,-0.031295,-0.010427,0.010114,0.035069,0.056567,0.159662,0.328944,0.529859,2.153450
1997-05-10,0.000000,Training,-0.278651,-0.052050,-0.031718,-0.015819,0.002679,0.022756,0.043126,0.136684,0.289292,0.479562,2.051124
1997-05-11,0.000000,Training,-0.283179,-0.068590,-0.038903,0.007693,0.032373,0.049340,0.074689,0.155588,0.286685,0.534248,2.139602
1997-05-12,0.000000,Training,-0.354024,-0.104115,-0.065081,-0.023276,0.006242,0.038344,0.051236,0.142257,0.324196,0.572824,2.472916
1997-05-13,0.000000,Training,-0.319685,-0.082127,-0.037067,-0.020924,0.012717,0.031850,0.056855,0.137820,0.276684,0.486409,2.131902
1997-05-14,0.000000,Training,-0.316699,-0.081452,-0.040130,-0.028055,0.001038,0.015487,0.038739,0.118454,0.245287,0.435682,1.994946
1997-05-15,0.000000,Training,-0.294834,-0.071030,-0.048127,-0.018365,0.016666,0.024392,0.053439,0.134788,0.256003,0.483896,2.078127
1997-05-16,0.000000,Training,-0.321854,-0.086031,-0.060322,-0.019572,0.021546,0.036656,0.063585,0.154422,0.304266,0.554337,2.307302
1997-05-17,0.000000,Training,-0.317281,-0.082013,-0.043042,-0.013239,0.026827,0.049272,0.076014,0.173128,0.337924,0.572854,2.334864
1997-05-18,0.000000,Training,-0.323288,-0.087338,-0.060236,-0.019941,0.015693,0.033300,0.058766,0.151478,0.302794,0.547273,2.284681
1997-05-19,0.000000,Training,-0.327204,-0.087397,-0.051721,-0.020584,0.008255,0.030268,0.050953,0.143494,0.299439,0.521700,2.241454
1997-05-20,0.000000,Training,-0.315916,-0.072376,-0.039796,-0.015030,0.004036,0.022684,0.042920,0.125010,0.261662,0.465465,2.085259
1997-05-21,0.000000,Training,-0.315519,-0.073672,-0.042401,-0.021176,-0.003226,0.013808,0.034027,0.117525,0.250882,0.441575,2.008320
1997-05-22,0.000000,Training,-0.315949,-0.067671,-0.041477,-0.021799,-0.010217,0.003703,0.023807,0.100992,0.220369,0.394981,1.879238
1997-05-23,0.000000,Training,-0.304004,-0.070312,-0.057509,-0.012519,0.001703,0.013579,0.034981,0.110250,0.225286,0.456396,2.038204
1997-05-24,0.000000,Training,-0.375649,-0.118795,-0.096633,-0.012714,0.005094,0.040610,0.047458,0.135171,0.297813,0.603008,2.577535
1997-05-25,0.000000,Training,-0.411860,-0.113405,-0.072247,0.085903,0.100582,0.184913,0.173319,0.300118,0.594162,1.011528,3.756379
1997-05-26,0.000000,Training,-0.470633,-0.142184,-0.114787,0.036542,0.090041,0.176537,0.177990,0.347085,0.700266,1.140976,4.305496
1997-05-27,0.000000,Training,-0.436375,-0.127020,-0.090431,0.022617,0.061281,0.124562,0.134935,0.269633,0.539735,0.915596,3.477349
1997-05-28,0.000000,Training,-0.390052,-0.102514,-0.061177,0.021841,0.049838,0.101511,0.114118,0.234214,0.482020,0.814585,3.095510
1997-05-29,0.000000,Training,-0.363838,-0.076716,-0.044832,0.027292,0.037294,0.078029,0.093338,0.191438,0.394488,0.687851,2.709293
1997-05-30,0.000000,Training,-0.343124,-0.068589,-0.033666,0.010922,0.021588,0.048809,0.072617,0.157848,0.308750,0.534950,2.249086
1997-05-31,0.000000,Training,-0.328333,-0.059666,-0.049372,0.006466,0.022482,0.038697,0.068731,0.151925,0.294390,0.547704,2.282648
1997-06-01,0.000000,Training,-0.328895,-0.057430,-0.033997,0.008602,0.022469,0.041574,0.069422,0.153269,0.302853,0.533973,2.256590
1997-06-02,0.000000,Training,-0.322234,-0.047562,-0.028443,0.014449,0.015604,0.035988,0.059758,0.134946,0.276315,0.497017,2.163410
1997-06-03,0.000000,Training,-0.320101,-0.049923,-0.029605,0.002940,0.003860,0.018758,0.042963,0.110780,0.230617,0.428131,1.983334
1997-06-04,0.000000,Training,-0.320031,-0.052870,-0.046038,-0.009415,-0.000400,0.003349,0.034166,0.096600,0.199199,0.403136,1.920480
1997-06-05,0.000000,Training,-0.353602,-0.071489,-0.045956,0.047038,0.035200,0.058986,0.080795,0.126340,0.226374,0.507853,2.213111
1997-06-06,0.000000,Training,-0.444130,-0.129919,-0.104681,-0.007816,0.013808,0.051720,0.074237,0.152061,0.312649,0.607302,2.655518
1997-06-07,0.000000,Training,-0.398394,-0.102521,-0.059708,0.002533,0.022185,0.054718,0.080206,0.154900,0.306612,0.565486,2.439576
1997-06-08,0.000000,Training,-0.353865,-0.084303,-0.044045,-0.010144,0.001141,0.022303,0.043862,0.106710,0.228090,0.442097,2.069543
1997-06-09,0.000000,Training,-0.345518,-0.071924,-0.045119,-0.013499,-0.010949,0.002102,0.023100,0.075527,0.175152,0.364670,1.854630
1997-06-10,0.000000,Training,-0.320642,-0.048723,-0.038874,-0.007016,-0.010773,-0.003208,0.015929,0.062424,0.160207,0.351209,1.832443
1997-06-11,0.000000,Training,-0.314168,-0.042422,-0.031512,-0.008033,-0.016873,-0.012021,0.005740,0.046797,0.129221,0.297513,1.682808
1997-06-12,0.000000,Training,-0.319024,-0.043026,-0.035183,-0.010988,-0.023650,-0.019975,-0.002756,0.034482,0.109415,0.267450,1.603652
1997-06-13,0.000000,Training,-0.312439,-0.040289,-0.028776,-0.012328,-0.022236,-0.022399,-0.004006,0.032041,0.093573,0.237111,1.499403
1997-06-14,0.000000,Training,-0.319332,-0.045229,-0.030472,-0.017433,-0.026393,-0.028882,-0.009889,0.022986,0.073704,0.204708,1.408998
1997-06-15,0.000000,Training,-0.324810,-0.050234,-0.032753,-0.021087,-0.028777,-0.031646,-0.012436,0.020752,0.068731,0.194322,1.375882
1997-06-16,0.000000,Training,-0.303119,-0.042076,-0.022897,-0.021286,-0.022174,-0.027177,-0.004717,0.033620,0.089080,0.219536,1.436923
1997-06-17,0.000000,Training,-0.287045,-0.036257,-0.016354,-0.020153,-0.016036,-0.021424,0.002550,0.045909,0.110006,0.245508,1.496981
1997-06-18,0.000000,Training,-0.298911,-0.034949,-0.022643,-0.017726,-0.025478,-0.030092,-0.011113,0.021469,0.074887,0.205947,1.418814
1997-06-19,0.000000,Training,-0.302895,-0.041923,-0.022305,-0.023069,-0.025001,-0.031168,-0.009322,0.025340,0.075757,0.200721,1.390868
1997-06-20,0.000000,Training,-0.301743,-0.042223,-0.021717,-0.023763,-0.024656,-0.030978,-0.008851,0.026407,0.077432,0.202119,1.393131
1997-06-21,0.000000,Training,-0.296607,-0.039581,-0.019826,-0.023178,-0.023594,-0.030149,-0.008091,0.027354,0.080174,0.206467,1.406904
1997-06-22,0.000000,Training,-0.280878,-0.027624,-0.013818,-0.018367,-0.021310,-0.029227,-0.008893,0.022454,0.075877,0.207034,1.426072
1997-06-23,0.000000,Training,-0.291404,-0.029087,-0.018507,-0.018256,-0.027040,-0.035029,-0.016582,0.007515,0.053368,0.180561,1.371857
1997-06-24,0.000000,Training,-0.305915,-0.039741,-0.023012,-0.020165,-0.028452,-0.034608,-0.017025,0.008902,0.051705,0.174041,1.338044
1997-06-25,0.000000,Training,-0.324139,-0.053707,-0.030446,-0.026549,-0.032047,-0.037157,-0.018570,0.009967,0.051156,0.167541,1.309638
1997-06-26,0.000000,Training,-0.308049,-0.049080,-0.023382,-0.027544,-0.026215,-0.032796,-0.010746,0.023757,0.073440,0.195314,1.375652
1997-06-27,0.000000,Training,-0.284342,-0.038446,-0.012396,-0.024204,-0.016451,-0.024833,-0.000212,0.038878,0.097071,0.226589,1.452145
1997-06-28,0.000000,Training,-0.269023,-0.030786,-0.005481,-0.020414,-0.008612,-0.017817,0.008079,0.049430,0.113924,0.248405,1.500244
1997-06-29,0.000000,Training,-0.275894,-0.034909,-0.010480,-0.022701,-0.009579,-0.018690,0.008528,0.051307,0.117873,0.253395,1.512026
1997-06-30,0.000000,Training,-0.282965,-0.038347,-0.013593,-0.024381,-0.013056,-0.021534,0.005177,0.047102,0.111773,0.245421,1.497464
1997-07-01,0.000000,Training,-0.309990,-0.061428,-0.049803,-0.037951,-0.026564,-0.035317,-0.006583,0.030366,0.090225,0.250368,1.532219
1997-07-02,0.000000,Training,-0.312118,-0.056596,-0.028641,-0.028667,-0.014730,-0.018132,0.005788,0.050647,0.126522,0.274639,1.608096
1997-07-03,0.000000,Training,-0.298688,-0.051725,-0.021628,-0.026044,-0.009918,-0.013783,0.012250,0.059426,0.137416,0.285947,1.618482
1997-07-04,0.000000,Training,-0.309871,-0.056433,-0.027410,-0.030585,-0.020985,-0.025656,-0.001827,0.041358,0.108692,0.245651,1.517490
1997-07-05,0.000000,Training,-0.329733,-0.062424,-0.035531,-0.031086,-0.029634,-0.032774,-0.011509,0.025380,0.081631,0.207419,1.419943
1997-07-06,0.000000,Training,-0.334793,-0.063436,-0.037465,-0.030731,-0.031816,-0.034351,-0.014006,0.021464,0.074646,0.196647,1.392219
1997-07-07,0.000000,Training,-0.329013,-0.060723,-0.034654,-0.030752,-0.030602,-0.033837,-0.012427,0.024327,0.078902,0.201368,1.403433
1997-07-08,0.000000,Training,-0.326268,-0.059373,-0.033127,-0.030650,-0.029942,-0.033434,-0.011462,0.025934,0.081149,0.203553,1.408101
1997-07-09,0.000000,Training,-0.310296,-0.052576,-0.025686,-0.029684,-0.024616,-0.029650,-0.005184,0.035819,0.096120,0.222653,1.453202
1997-07-10,0.000000,Training,-0.318057,-0.055613,-0.028840,-0.030218,-0.027581,-0.031832,-0.008365,0.030688,0.088185,0.211314,1.425265
1997-07-11,0.000000,Training,-0.323904,-0.058099,-0.031409,-0.030568,-0.029483,-0.032803,-0.010091,0.028031,0.084571,0.205628,1.411802
1997-07-12,0.000000,Training,-0.331375,-0.061370,-0.034763,-0.030930,-0.031651,-0.033936,-0.012360,0.024570,0.079641,0.198603,1.395744
1997-07-13,0.000000,Training,-0.316836,-0.055837,-0.028528,-0.031019,-0.026990,-0.030783,-0.006419,0.034506,0.095696,0.219507,1.446655
1997-07-14,0.000000,Training,-0.316885,-0.056770,-0.039617,-0.036130,-0.025990,-0.033919,-0.005111,0.037296,0.103456,0.242157,1.514826
1997-07-15,0.000000,Training,-0.331881,-0.074662,-0.045580,0.002508,0.014746,0.016305,0.052246,0.083753,0.154491,0.380818,1.882585
1997-07-16,0.000000,Training,-0.414118,-0.126010,-0.083497,-0.038083,-0.007974,0.012917,0.037746,0.096078,0.232629,0.447196,2.224937
1997-07-17,0.000000,Training,-0.393049,-0.113714,-0.064060,-0.031315,-0.012697,0.008514,0.031761,0.085961,0.198599,0.389071,1.977959
1997-07-18,0.000000,Training,-0.378821,-0.098276,-0.061054,-0.035900,-0.030255,-0.019168,-0.000511,0.042191,0.125173,0.277426,1.651751
1997-07-19,0.000000,Training,-0.351743,-0.072491,-0.047177,-0.026990,-0.028347,-0.023192,-0.004611,0.031046,0.105568,0.252992,1.594380
1997-07-20,0.000000,Training,-0.347337,-0.073199,-0.041923,-0.033100,-0.027460,-0.026779,-0.001839,0.038994,0.108454,0.241481,1.532271
1997-07-21,0.000000,Training,-0.340650,-0.067991,-0.037967,-0.032124,-0.027076,-0.027769,-0.001909,0.038815,0.106332,0.235747,1.513072
1997-07-22,0.000000,Training,-0.323788,-0.059365,-0.029877,-0.030803,-0.022743,-0.025505,0.002874,0.046288,0.116720,0.247923,1.539478
1997-07-23,0.000000,Training,-0.314170,-0.054469,-0.026519,-0.030381,-0.019837,-0.023775,0.006292,0.051931,0.125743,0.259360,1.566373
1997-07-24,0.000000,Training,-0.331017,-0.061668,-0.032629,-0.031539,-0.026425,-0.027987,-0.000762,0.040728,0.108346,0.233246,1.501372
1997-07-25,0.000000,Training,-0.356663,-0.072070,-0.042939,-0.030367,-0.031975,-0.030673,-0.008163,0.026775,0.084719,0.201987,1.428019
1997-07-26,0.000000,Training,-0.346710,-0.068351,-0.039154,-0.032537,-0.031044,-0.031151,-0.006467,0.030655,0.093214,0.212627,1.456693
1997-07-27,0.000000,Training,-0.320490,-0.057393,-0.027692,-0.032460,-0.024086,-0.027507,0.001603,0.044000,0.114143,0.241130,1.525380
1997-07-28,0.000000,Training,-0.324664,-0.059192,-0.029243,-0.033035,-0.025836,-0.028488,0.000062,0.041513,0.110588,0.234801,1.508235
1997-07-29,0.000000,Training,-0.338090,-0.064993,-0.034774,-0.033688,-0.029621,-0.030433,-0.003895,0.034658,0.100551,0.220101,1.473741
1997-07-30,0.000000,Training,-0.342036,-0.066821,-0.036418,-0.034044,-0.030525,-0.030875,-0.004785,0.032836,0.098426,0.217233,1.469662
1997-07-31,0.000000,Training,-0.346101,-0.068249,-0.038058,-0.033924,-0.031494,-0.031456,-0.006211,0.029566,0.094112,0.212466,1.463111
1997-08-01,0.000000,Training,-0.344506,-0.064719,-0.037913,-0.032150,-0.032677,-0.032788,-0.009187,0.022305,0.085685,0.205809,1.461292
1997-08-02,0.000000,Training,-0.322433,-0.054552,-0.029969,-0.033042,-0.028778,-0.032143,-0.004724,0.029773,0.101915,0.231513,1.534873
1997-08-03,0.000000,Training,-0.310677,-0.054298,-0.019886,-0.032429,-0.018863,-0.023711,0.007881,0.050158,0.124003,0.252583,1.552858
1997-08-04,0.000000,Training,-0.318530,-0.059611,-0.023410,-0.034473,-0.020289,-0.023826,0.008264,0.051951,0.127771,0.254390,1.553392
1997-08-05,0.000000,Training,-0.320806,-0.061046,-0.024055,-0.034795,-0.020542,-0.023362,0.008859,0.052933,0.129984,0.256254,1.558713
1997-08-06,0.000000,Training,-0.305050,-0.053865,-0.016766,-0.032810,-0.014411,-0.019030,0.015402,0.062587,0.143707,0.275489,1.603883
1997-08-07,0.000000,Training,-0.306161,-0.054532,-0.017075,-0.033157,-0.014332,-0.018813,0.016079,0.063431,0.145361,0.277292,1.609257
1997-08-08,0.000000,Training,-0.309008,-0.056000,-0.018009,-0.033716,-0.014878,-0.019018,0.016225,0.063325,0.145589,0.276976,1.609669
1997-08-09,0.000000,Training,-0.308216,-0.055622,-0.017322,-0.033800,-0.014248,-0.018678,0.017212,0.064316,0.147090,0.278935,1.615517
1997-08-10,0.000000,Training,-0.315416,-0.058436,-0.026998,-0.037858,-0.015620,-0.022170,0.016409,0.063081,0.149142,0.288144,1.651395
1997-08-11,0.000000,Training,-0.318298,-0.061220,-0.021935,-0.035843,-0.015787,-0.018680,0.017440,0.064951,0.151082,0.284245,1.637233
1997-08-12,0.000000,Training,-0.340056,-0.072076,-0.031520,-0.038607,-0.021616,-0.021608,0.012836,0.057270,0.141875,0.269371,1.606313
1997-08-13,0.000000,Training,-0.352254,-0.078140,-0.036577,-0.039763,-0.024000,-0.022833,0.010564,0.052741,0.136111,0.261363,1.592915
1997-08-14,0.000000,Training,-0.356690,-0.080062,-0.037945,-0.039854,-0.024056,-0.022726,0.010796,0.051825,0.134595,0.259543,1.593423
1997-08-15,0.000000,Training,-0.350990,-0.077586,-0.035804,-0.040401,-0.022848,-0.021993,0.013010,0.055857,0.142220,0.269729,1.620179
1997-08-16,0.000000,Training,-0.343403,-0.074300,-0.032718,-0.040546,-0.020959,-0.020751,0.015948,0.061022,0.150946,0.281359,1.648070
1997-08-17,0.000000,Training,-0.342595,-0.074063,-0.032196,-0.040822,-0.020369,-0.020155,0.017334,0.062931,0.154377,0.285433,1.658564
1997-08-18,0.000000,Training,-0.343591,-0.074752,-0.032513,-0.041302,-0.020146,-0.019746,0.018371,0.064203,0.157116,0.288626,1.668204
1997-08-19,0.000000,Training,-0.346580,-0.076422,-0.033714,-0.041981,-0.020272,-0.019580,0.018999,0.064609,0.158709,0.290463,1.676075
1997-08-20,0.000000,Training,-0.349860,-0.078141,-0.034842,-0.042604,-0.020436,-0.019643,0.019314,0.064124,0.158686,0.290471,1.680360
1997-08-21,0.000000,Training,-0.341170,-0.074050,-0.031830,-0.042878,-0.018534,-0.019090,0.021763,0.068290,0.165989,0.301649,1.708915
1997-08-22,0.000000,Training,-0.352470,-0.079353,-0.043558,-0.048048,-0.021235,-0.023078,0.020403,0.066424,0.169106,0.311210,1.748250
1997-08-23,0.000000,Training,-0.375465,-0.092578,-0.060926,-0.055245,-0.026853,-0.027843,0.016763,0.060819,0.167826,0.316182,1.783814
1997-08-24,0.000000,Training,-0.396787,-0.118790,-0.092890,-0.076104,-0.041490,-0.040477,0.010098,0.052314,0.168199,0.349246,1.922669
1997-08-25,0.000000,Training,-0.465417,-0.179976,-0.138310,-0.089756,-0.040495,-0.017904,0.040446,0.083355,0.244813,0.504807,2.504848
1997-08-26,0.000000,Training,-0.432265,-0.150337,-0.077565,-0.050499,0.010224,0.039665,0.094001,0.170123,0.395457,0.658317,2.900457
1997-08-27,0.000000,Training,-0.392438,-0.128182,-0.061138,-0.047364,0.011288,0.035381,0.089603,0.169225,0.381013,0.639599,2.762710
1997-08-28,0.000000,Training,-0.370458,-0.109443,-0.053473,-0.048814,-0.001750,0.014708,0.064301,0.134368,0.315824,0.539036,2.439165
1997-08-29,0.000000,Training,-0.360995,-0.095813,-0.047298,-0.047992,-0.007056,0.002838,0.053527,0.118730,0.277252,0.469459,2.210687
1997-08-30,0.000000,Training,-0.354719,-0.088109,-0.044899,-0.047694,-0.010335,-0.003050,0.047754,0.110936,0.260960,0.440504,2.119939
1997-08-31,0.000000,Training,-0.349631,-0.083740,-0.043544,-0.047927,-0.012132,-0.006056,0.044849,0.107617,0.254190,0.427981,2.080436
1997-09-01,0.000000,Training,-0.327612,-0.072511,-0.035468,-0.045490,-0.007510,-0.003705,0.048211,0.114869,0.262911,0.441085,2.102736
1997-09-02,0.000000,Training,-0.342818,-0.079915,-0.042928,-0.049328,-0.013941,-0.008668,0.042581,0.106096,0.252441,0.423225,2.063307
1997-09-03,0.000000,Training,-0.351252,-0.084425,-0.047613,-0.051764,-0.017097,-0.010751,0.040062,0.102204,0.249408,0.417198,2.053832
1997-09-04,0.000000,Training,-0.353391,-0.086227,-0.049943,-0.053575,-0.018724,-0.011962,0.038747,0.101116,0.250171,0.417860,2.059303
1997-09-05,0.000000,Training,-0.356472,-0.088671,-0.052761,-0.055364,-0.020120,-0.012672,0.038047,0.100904,0.252907,0.421401,2.073229
1997-09-06,0.000000,Training,-0.352798,-0.087947,-0.052990,-0.056458,-0.020276,-0.012732,0.038484,0.103333,0.259041,0.430664,2.097473
1997-09-07,0.000000,Training,-0.349655,-0.087550,-0.053515,-0.057508,-0.020364,-0.012617,0.039094,0.105938,0.265704,0.440817,2.124477
1997-09-08,0.000000,Training,-0.351409,-0.089207,-0.056329,-0.059043,-0.021726,-0.013187,0.038518,0.106114,0.270349,0.448330,2.149573
1997-09-09,0.000000,Training,-0.350996,-0.088919,-0.059561,-0.059848,-0.023511,-0.013985,0.036717,0.104451,0.275486,0.461022,2.195441
1997-09-10,0.000000,Training,-0.354190,-0.091078,-0.064650,-0.061105,-0.025669,-0.014304,0.035059,0.103687,0.284254,0.478206,2.252748
1997-09-11,0.000000,Training,-0.348264,-0.090348,-0.065316,-0.062204,-0.025294,-0.013672,0.035927,0.108215,0.297150,0.499812,2.309168
1997-09-12,0.000000,Training,-0.338115,-0.085875,-0.056182,-0.062201,-0.021894,-0.015026,0.037338,0.107118,0.282057,0.472835,2.227569
1997-09-13,0.000000,Training,-0.366129,-0.126223,-0.103941,-0.097091,-0.042103,-0.040020,0.028238,0.089045,0.256952,0.494324,2.381931
1997-09-14,0.000000,Training,-0.415822,-0.145552,-0.118746,-0.094016,-0.028715,-0.018851,0.046446,0.120625,0.347061,0.614076,2.812745
1997-09-15,0.000000,Training,-0.408190,-0.140071,-0.091697,-0.074611,-0.005911,0.011538,0.078308,0.162792,0.410195,0.678572,2.934395
1997-09-16,0.000000,Training,-0.397717,-0.136760,-0.083087,-0.074481,-0.012866,0.005140,0.067790,0.151287,0.383052,0.623107,2.729388
1997-09-17,0.000000,Training,-0.390636,-0.130272,-0.079787,-0.073522,-0.015724,0.001959,0.063972,0.147607,0.372320,0.599470,2.636239
1997-09-18,0.000000,Training,-0.374356,-0.116524,-0.072984,-0.071183,-0.017226,-0.003234,0.058502,0.141279,0.351823,0.563836,2.506604
1997-09-19,0.000000,Training,-0.370158,-0.110418,-0.075045,-0.072448,-0.020034,-0.009173,0.053779,0.135362,0.339548,0.544973,2.447927
1997-09-20,0.000000,Training,-0.364472,-0.106922,-0.069879,-0.069997,-0.019897,-0.007681,0.053692,0.136124,0.336840,0.534268,2.403503
1997-09-21,0.000000,Training,-0.350721,-0.100531,-0.064062,-0.067945,-0.018003,-0.006312,0.054931,0.140050,0.338749,0.535673,2.390286
1997-09-22,0.000000,Training,-0.350857,-0.101067,-0.065501,-0.069027,-0.019726,-0.007424,0.053607,0.139377,0.338821,0.533507,2.381395
1997-09-23,0.000000,Training,-0.348853,-0.100280,-0.065680,-0.069399,-0.020393,-0.007726,0.053297,0.140047,0.339949,0.533252,2.376140
1997-09-24,0.000000,Training,-0.349488,-0.100738,-0.066816,-0.070246,-0.021676,-0.008525,0.052434,0.139537,0.339868,0.531186,2.368659
1997-09-25,0.000000,Training,-0.366967,-0.111349,-0.093998,-0.084486,-0.032142,-0.022378,0.043533,0.130795,0.340141,0.549978,2.462469
1997-09-26,0.000000,Training,-0.369145,-0.151328,-0.129571,-0.107891,-0.034964,-0.018393,0.059812,0.152481,0.406764,0.750717,3.229448
1997-09-27,0.000000,Training,-0.530498,-0.258895,-0.222553,-0.123321,0.023839,0.100455,0.210528,0.427033,1.149870,1.905886,8.192916
1997-09-28,0.000000,Training,-0.492489,-0.186446,-0.106394,-0.001953,0.151827,0.247288,0.372314,0.634490,1.464642,2.144982,8.018954
1997-09-29,0.000000,Training,-0.559921,-0.255808,-0.185858,-0.036949,0.214643,0.319975,0.507560,0.970175,2.357209,3.739876,14.764742
1997-09-30,0.000000,Training,-0.634187,-0.293540,-0.242859,-0.036673,0.237914,0.394555,0.605040,1.212232,3.189585,4.923115,18.348009
1997-10-01,0.000000,Training,-0.597412,-0.244233,-0.187691,0.029538,0.274591,0.425038,0.631984,1.203542,3.039660,4.704726,16.366337
1997-10-02,0.000000,Training,-0.485175,-0.186160,-0.102481,0.008237,0.140462,0.247749,0.376481,0.667214,1.597146,2.385731,8.084150
1997-10-03,0.000000,Training,-0.430661,-0.153110,-0.087979,-0.026040,0.074675,0.148979,0.263621,0.471895,1.093999,1.626597,5.594201
1997-10-04,0.000000,Training,-0.429514,-0.157124,-0.123376,-0.060847,0.030582,0.088974,0.202474,0.392993,0.932687,1.407169,4.936271
1997-10-05,0.000000,Training,-0.550182,-0.276721,-0.219464,-0.092659,0.113089,0.192854,0.396844,0.792321,2.084074,3.494732,13.451456
1997-10-06,0.000000,Training,-0.476701,0.151346,0.383485,1.213071,2.556340,2.933601,4.396301,7.550374,17.913614,27.185282,91.241180
1997-10-07,0.000000,Training,-0.433906,0.159313,0.577398,1.475011,2.755750,3.399214,4.554115,8.045263,18.697777,26.797682,78.219162
1997-10-08,0.000000,Training,-0.506247,-0.097539,0.176588,0.641287,1.228203,1.638634,2.193042,3.817252,8.970135,12.743143,37.730591
1997-10-09,0.000000,Training,-0.521620,-0.223020,-0.080055,0.108439,0.304599,0.506016,0.718927,1.246496,2.991654,4.368515,13.186862
1997-10-10,0.000000,Training,-0.463253,-0.183303,-0.103847,0.001357,0.114865,0.230434,0.384486,0.670652,1.593481,2.336561,7.346321
1997-10-11,0.000000,Training,-0.439593,-0.166070,-0.113001,-0.028248,0.060178,0.151102,0.290256,0.518912,1.216128,1.765564,5.692683
1997-10-12,0.000000,Training,-0.424606,-0.166133,-0.126504,-0.049827,0.029940,0.110311,0.239811,0.453102,1.060115,1.540852,5.043900
1997-10-13,0.000000,Training,-0.409384,-0.169707,-0.138991,-0.062600,0.017752,0.094354,0.217007,0.433703,1.018332,1.491343,4.886274
1997-10-14,0.000000,Training,-0.397849,-0.165729,-0.140655,-0.069614,0.007571,0.078708,0.193882,0.402337,0.940537,1.372066,4.551938
1997-10-15,0.000000,Training,-0.378251,-0.150676,-0.131043,-0.078452,-0.009210,0.048479,0.149293,0.332096,0.781643,1.145272,3.969573
1997-10-16,0.000000,Training,-0.358020,-0.135592,-0.116978,-0.084804,-0.021595,0.023687,0.111505,0.270325,0.637876,0.939844,3.429744
1997-10-17,0.000000,Training,-0.371710,-0.151023,-0.134322,-0.091996,-0.029273,0.022034,0.106747,0.274298,0.670621,0.996016,3.574915
1997-10-18,0.000000,Training,-0.411380,-0.222919,-0.216561,-0.165211,-0.094338,-0.044313,0.042391,0.204882,0.643640,1.150744,4.436059
1997-10-19,0.000000,Training,-0.426944,-0.189925,-0.153187,-0.102523,-0.023417,0.033318,0.111390,0.273938,0.741390,1.168019,4.401804
1997-10-20,0.000000,Training,-0.552268,-0.189919,-0.095737,0.125274,0.501638,0.674558,1.075451,1.739929,4.297747,6.730613,26.614174
1997-10-21,0.000000,Training,-0.666170,-0.330116,-0.120475,0.305327,1.149407,1.523473,2.311218,4.925779,13.296926,20.612022,71.837273
1997-10-22,0.000000,Training,-0.556363,-0.175075,0.034877,0.423270,0.959385,1.297991,1.775432,3.191332,7.766113,11.183861,34.715698
1997-10-23,0.000000,Training,-0.523679,-0.263798,-0.167300,-0.028714,0.133192,0.290059,0.441171,0.862152,2.203583,3.269463,10.567339
1997-10-24,0.000000,Training,-0.442367,-0.201918,-0.134754,-0.060820,0.051847,0.153132,0.269388,0.535651,1.330373,1.980209,6.516185
1997-10-25,0.000000,Training,-0.376542,-0.141110,-0.097122,-0.060481,0.026261,0.092379,0.196726,0.393310,0.892414,1.295556,4.422373
1997-10-26,0.161056,Training,-0.433660,-0.235126,-0.217257,-0.166045,-0.063691,0.003595,0.123023,0.357562,0.998471,1.670639,6.162240
1997-10-27,0.161056,Training,-0.443901,-0.194112,-0.140072,-0.071669,0.032186,0.117638,0.231005,0.467583,1.144185,1.695620,5.924069
1997-10-28,0.000000,Training,-0.386535,-0.156682,-0.107158,-0.058516,0.037063,0.115278,0.224355,0.445071,1.019022,1.487781,5.035491
1997-10-29,0.000000,Training,-0.374805,-0.158965,-0.114478,-0.068070,0.026321,0.097650,0.199979,0.413185,0.931411,1.356440,4.567759
1997-10-30,0.000000,Training,-0.350816,-0.136306,-0.104382,-0.067088,0.015220,0.074740,0.173271,0.365922,0.803956,1.157200,3.959467
1997-10-31,0.000000,Training,-0.334490,-0.125414,-0.098885,-0.061680,0.017964,0.074925,0.172870,0.361373,0.767456,1.093061,3.703694
1997-11-01,0.000000,Training,-0.373931,-0.159946,-0.155137,-0.103625,-0.025464,0.028587,0.125783,0.315448,0.741320,1.099398,3.876758
1997-11-02,2.254780,Training,-0.520168,-0.080106,0.002669,0.518999,0.991128,1.374211,2.169302,3.318278,8.401664,12.917370,44.578266
1997-11-03,66.354943,Training,-0.688143,-0.312807,0.039302,0.915364,2.822779,3.579263,5.721927,12.456242,34.151806,53.326244,158.621674
1997-11-04,16.749792,Training,-0.655996,-0.292565,0.123891,1.037934,3.223722,3.935174,6.243396,13.989185,37.526802,60.724510,171.069519
1997-11-05,73.441394,Training,-0.575391,-0.042982,0.532397,2.514267,6.916835,8.218835,13.286984,27.441439,59.245384,104.885529,176.308807
1997-11-06,34.304861,Training,0.383513,2.081858,3.627800,11.764545,27.341425,32.412540,48.746101,95.066238,188.499573,283.876068,589.953308
1997-11-07,12.562344,Training,0.279586,1.805524,3.460169,9.505647,19.992981,23.794065,33.081730,61.246693,120.581863,176.811111,416.795776
1997-11-08,6.120116,Training,-0.591000,-0.213846,0.256009,1.245266,2.664984,3.456751,4.919045,9.070373,21.166857,31.213934,80.340515
1997-11-09,3.865337,Training,-0.609266,-0.357922,-0.114091,0.280965,0.724626,1.071277,1.580191,2.787433,6.639936,9.766150,25.155947
1997-11-10,2.737947,Training,-0.581822,-0.343260,-0.172069,0.173291,0.513478,0.776024,1.200520,2.065406,4.634369,6.788908,16.853638
1997-11-11,1.771613,Training,-0.658786,-0.431341,-0.282249,0.136969,0.551933,0.828078,1.389254,2.486845,5.687063,8.704796,21.405430
1997-11-12,1.771613,Training,-0.630710,-0.388438,-0.238450,0.184641,0.555201,0.837238,1.333873,2.338099,5.164062,7.636181,18.597145
1997-11-13,1.449501,Training,-0.770569,-0.589102,-0.377042,0.111868,0.781295,1.121855,1.964008,3.996814,10.189082,16.699278,45.004906
1997-11-14,1.771613,Training,-0.695320,-0.478540,-0.241773,0.277922,0.800481,1.209600,1.852801,3.422070,8.225606,12.303095,31.992329
1997-11-15,1.771613,Training,-0.630194,-0.404349,-0.185783,0.302149,0.744877,1.108278,1.669830,2.878618,6.331536,9.326592,22.160086
1997-11-16,1.771613,Training,-0.607106,-0.379451,-0.152670,0.356580,0.811353,1.171407,1.713410,2.876861,6.077586,8.836376,20.618032
1997-11-17,1.771613,Training,-0.590845,-0.374023,-0.174663,0.273140,0.650509,0.960653,1.401360,2.370161,4.952219,7.074577,16.471142
1997-11-18,1.771613,Training,-0.799682,-0.649658,-0.403897,0.108048,0.942211,1.361663,2.494937,5.134624,13.100614,22.417599,58.684067
1997-11-19,2.254780,Training,-0.699551,-0.374609,0.014293,1.181374,2.706388,3.754127,5.507808,10.066511,22.974150,34.338448,91.710953
1997-11-20,2.737947,Training,-0.687676,-0.379788,-0.033814,0.985202,2.232298,3.054500,4.507376,7.970194,18.089563,27.555351,69.878128
1997-11-21,10.146508,Training,-0.706946,-0.342885,0.052090,1.599046,4.430187,6.028834,9.887816,19.927542,44.715427,66.983200,151.851334
1997-11-22,10.146508,Training,-0.551280,-0.024218,0.513920,2.445817,4.793367,6.860529,9.738028,16.805441,34.301121,46.321125,105.467567
1997-11-23,7.086450,Training,-0.575587,-0.193114,0.233273,1.400136,2.616104,3.700755,5.145124,8.495100,17.205328,24.108583,53.837429
1997-11-24,44.451370,Training,-0.768455,-0.530819,-0.217070,0.583914,2.279553,3.224540,5.501568,11.599350,29.512941,45.909027,111.174194
1997-11-25,136.897335,Training,-0.235551,0.849993,2.133582,7.839662,20.428461,26.052332,44.428246,91.909454,186.079834,272.224213,560.588806
1997-11-26,44.451370,Training,0.438882,1.972269,3.654744,9.859569,18.753016,24.895935,33.985096,56.939774,105.004112,136.076721,301.226685
1997-11-27,16.749792,Training,-0.415734,0.173787,0.784370,2.600171,4.954086,6.761517,9.278132,15.505512,31.176855,42.411900,95.205383
1997-11-28,10.146508,Training,-0.581065,-0.191096,0.258824,1.378120,2.915616,3.913895,5.620629,9.662196,21.170677,30.561024,75.286377
1997-11-29,7.086450,Training,-0.536245,-0.224429,0.102541,0.798201,1.565977,2.149054,3.003666,4.823473,9.540854,13.467890,29.294357
1997-11-30,4.670615,Training,-0.535196,-0.270537,-0.036634,0.469526,0.972427,1.374063,1.953806,3.177796,6.107541,8.495158,18.478148
1997-12-01,3.865337,Training,-0.516427,-0.252253,-0.042205,0.456914,0.917599,1.297637,1.827270,2.951853,5.415585,7.371089,15.878194
1997-12-02,2.737947,Training,-0.519232,-0.280767,-0.119984,0.281240,0.626807,0.930186,1.335684,2.217807,4.060656,5.472700,12.021523
1997-12-03,2.737947,Training,-0.612502,-0.374846,-0.230901,0.238589,0.686286,1.047375,1.622653,2.832177,5.736470,8.273126,19.183886
1997-12-04,44.451370,Training,-0.736657,-0.415315,-0.140096,0.921504,2.648320,3.972467,6.254654,12.341153,29.808588,41.903141,104.152428
1997-12-05,11.273898,Training,-0.595499,-0.223492,0.146696,1.161131,2.545243,3.813126,5.184419,8.717213,18.393967,25.336021,60.239998
1997-12-06,6.120116,Training,-0.550186,-0.203998,0.136775,0.976981,1.906981,2.731583,3.698197,5.996565,11.701931,16.044867,35.978416
1997-12-07,3.865337,Training,-0.553389,-0.255124,0.001676,0.641391,1.256802,1.779536,2.461249,4.000310,7.553584,10.377576,22.788792
1997-12-08,3.382169,Training,-0.616044,-0.364629,-0.131951,0.426758,1.013458,1.424684,2.098325,3.535886,7.373497,10.875620,25.342350
1997-12-09,2.737947,Training,-0.634416,-0.385662,-0.171839,0.359472,0.901963,1.303097,1.932704,3.330594,7.107846,10.519581,24.701799
1997-12-10,1.771613,Training,-0.617951,-0.391253,-0.189529,0.258388,0.679312,1.035305,1.516210,2.657571,5.639622,8.203856,19.093204
1997-12-11,1.771613,Training,-0.604563,-0.383922,-0.163911,0.295335,0.725472,1.090839,1.571633,2.721034,5.691920,8.222189,18.945724
1997-12-12,1.771613,Training,-0.593288,-0.371136,-0.136802,0.353441,0.817280,1.194658,1.695507,2.883375,5.944212,8.514243,19.527170
1997-12-13,1.449501,Training,-0.553466,-0.319641,-0.133607,0.314452,0.686275,1.029647,1.450293,2.471567,4.645579,6.334009,13.912022
1997-12-14,1.127390,Training,-0.548580,-0.333279,-0.198800,0.148357,0.419618,0.686103,0.993595,1.784696,3.388491,4.589732,10.457541
1997-12-15,1.127390,Training,-0.630484,-0.430963,-0.291976,0.084966,0.425314,0.725725,1.131224,2.117793,4.520058,6.688715,16.082764
1997-12-16,1.127390,Training,-0.758549,-0.546269,-0.368682,0.115382,0.685160,1.176916,1.844035,3.620867,8.979246,13.702722,35.716343
1997-12-17,184.086651,Training,0.268473,2.115144,4.182527,14.326673,33.134533,39.892494,71.241936,120.371788,227.065720,320.678711,621.691101
1997-12-18,159.445131,Training,8.540464,15.650367,20.023649,53.406822,87.041580,105.506424,141.279800,196.178864,296.799408,366.349823,679.810913
1997-12-19,93.573355,Training,7.716276,13.979909,17.221956,38.071617,55.901173,68.658493,83.535118,108.565887,162.222244,199.582108,396.827118
1997-12-20,23.675186,Training,0.919073,2.550740,4.074594,9.550888,14.564831,19.821728,24.072704,34.602688,56.281029,68.878532,152.727982
1997-12-21,81.172067,Training,1.663864,3.917081,6.385631,17.635406,31.707829,39.863205,57.590481,89.487289,154.877930,200.710144,436.625031
1997-12-22,93.573355,Training,2.555421,5.595613,8.194932,19.257673,31.115175,39.877640,51.078655,73.267365,123.263916,152.712128,353.650604
1997-12-23,29.795302,Training,0.088834,1.021673,1.977419,4.917878,7.815746,10.776235,13.609594,20.052391,34.539082,43.275261,95.166023
1997-12-24,13.850789,Training,-0.195195,0.395043,1.026523,2.606320,4.193753,5.657999,7.186215,10.483995,17.893490,22.999699,49.074749
1997-12-25,8.052784,Training,-0.225830,0.262184,0.737261,1.910563,3.035960,4.026698,5.081237,7.300277,11.837475,14.922155,31.261488
1997-12-26,5.314838,Training,-0.479793,-0.053977,0.369111,1.696261,3.166171,4.340366,6.399620,10.171250,19.713829,27.835251,62.379524
1997-12-27,3.865337,Training,-0.417975,0.076595,0.569296,1.997006,3.477851,4.847339,6.438226,9.967728,18.338419,24.372267,54.270157
1997-12-28,3.382169,Training,-0.515913,-0.001159,0.396838,2.099812,4.053324,5.882852,8.427097,14.275773,29.213539,39.319340,89.875114
1997-12-29,159.445131,Training,0.534930,2.122932,3.575615,11.310526,22.436237,28.583387,41.288345,70.736267,125.125809,161.317688,354.290680
1997-12-30,39.136532,Training,0.353323,1.643707,2.819616,7.352953,11.841904,16.496124,20.747869,31.453802,53.208408,65.346008,144.258408
1997-12-31,15.300290,Training,0.295320,1.577479,2.469566,7.226156,12.094842,16.494596,21.850790,33.546333,59.358776,74.522255,162.353180
1998-01-01,9.019119,Training,0.221589,1.265283,2.270305,5.475936,8.612673,11.866188,14.722509,21.348217,35.879517,44.875004,99.787529
1998-01-02,5.314838,Training,0.013208,0.741931,1.579519,3.667522,5.792634,7.795135,9.875301,14.130980,24.118456,31.176138,68.830688
1998-01-03,3.865337,Training,-0.099066,0.485293,1.201434,2.843564,4.646096,6.049219,7.790546,11.017194,19.446268,25.521048,59.170242
1998-01-04,2.737947,Training,-0.223332,0.267470,0.798438,2.085172,3.397805,4.387347,5.697106,8.141977,13.904550,18.325138,39.835361
1998-01-05,2.254780,Training,-0.477269,-0.184080,0.105807,0.769602,1.403597,1.911633,2.564219,4.059394,7.255925,9.900098,20.911663
1998-01-06,1.771613,Training,-0.498904,-0.234402,-0.011583,0.521432,0.986136,1.407992,1.876767,3.071536,5.379544,7.106218,15.029701
1998-01-07,1.771613,Training,-0.511641,-0.267837,-0.078246,0.380039,0.764041,1.122852,1.511868,2.537330,4.468967,5.887263,12.599095
1998-01-08,1.127390,Training,-0.507412,-0.265611,-0.069488,0.395376,0.780541,1.135203,1.526801,2.549202,4.475945,5.912305,12.578137
1998-01-09,1.127390,Training,-0.528615,-0.319361,-0.148093,0.225004,0.526323,0.815246,1.118167,1.969150,3.610327,4.874488,10.644243
1998-01-10,1.127390,Training,-0.527364,-0.333037,-0.183328,0.128232,0.375960,0.622043,0.867332,1.591986,2.992308,4.066489,9.163733
1998-01-11,3.382169,Training,-0.705416,-0.478158,-0.285982,0.258632,0.851411,1.429717,2.272919,4.358995,11.122603,17.042620,43.749691
1998-01-12,56.369491,Training,-0.067005,1.208895,2.646102,9.460680,23.297987,29.409056,46.725090,96.063705,197.242142,244.557648,531.720886
1998-01-13,53.148377,Training,-0.007788,1.137640,2.214764,6.771369,13.181563,17.818964,23.620111,41.097942,78.239677,99.068710,214.296555
1998-01-14,16.749792,Training,-0.471635,-0.013311,0.478205,1.699946,3.210952,4.591484,5.841406,9.900207,19.772333,26.691160,58.615864
1998-01-15,8.052784,Training,-0.502755,-0.182633,0.144303,0.768913,1.514565,2.159162,2.774439,4.585958,8.812903,12.191881,26.368481
1998-01-16,5.314838,Training,-0.511858,-0.254581,-0.038573,0.394870,0.826272,1.198893,1.618813,2.745234,5.145073,7.050779,15.112870
1998-01-17,3.865337,Training,-0.500356,-0.271001,-0.114327,0.223690,0.532982,0.816662,1.127916,1.970954,3.634698,4.895673,10.745823
1998-01-18,2.737947,Training,-0.496214,-0.272110,-0.125484,0.205002,0.496329,0.769115,1.062045,1.857898,3.373267,4.500999,9.914962
1998-01-19,1.771613,Training,-0.486535,-0.295036,-0.170731,0.070161,0.281371,0.484882,0.696272,1.302321,2.474509,3.387590,7.904634
1998-01-20,1.771613,Training,-0.481468,-0.284465,-0.179722,0.063921,0.259174,0.455369,0.655254,1.237458,2.277201,3.044541,7.119566
1998-01-21,1.127390,Training,-0.486698,-0.296837,-0.189298,0.044840,0.230562,0.419405,0.604878,1.166553,2.180676,2.947052,6.962430
1998-01-22,1.127390,Training,-0.482985,-0.291126,-0.193169,0.035331,0.210530,0.394864,0.567343,1.107732,2.045727,2.717718,6.483943
1998-01-23,1.127390,Training,-0.476239,-0.286337,-0.197300,0.013208,0.175840,0.349207,0.503973,1.005532,1.860207,2.455997,5.987194
1998-01-24,0.644223,Training,-0.510300,-0.324816,-0.248756,-0.018221,0.182835,0.372550,0.556464,1.105837,2.142701,2.953274,7.328419
1998-01-25,0.644223,Training,-0.533248,-0.346706,-0.232952,-0.022132,0.191302,0.405173,0.559609,1.107504,2.233328,3.099042,7.906638
1998-01-26,0.644223,Training,-0.522178,-0.341761,-0.233573,-0.033192,0.187689,0.393941,0.546401,1.079168,2.150411,3.012407,7.649887
1998-01-27,0.644223,Training,-0.539730,-0.345547,-0.240284,-0.004564,0.208454,0.414439,0.584374,1.161493,2.320313,3.223127,7.995747
1998-01-28,3.865337,Training,-0.576787,-0.377619,-0.275366,-0.012133,0.258141,0.498230,0.708277,1.378561,2.897660,4.171517,10.423441
1998-01-29,3.382169,Training,-0.606903,-0.402583,-0.261573,0.014808,0.327144,0.612740,0.826144,1.581413,3.438224,5.011809,12.669877
1998-01-30,27.701578,Training,-0.453752,0.473413,1.069993,4.595477,11.324718,15.319866,21.971279,44.542915,102.704475,128.756119,309.271790
1998-01-31,165.404191,Training,1.379845,4.047342,5.858463,18.527260,39.236076,47.033329,64.285202,113.022453,186.058502,229.430466,442.638458
1998-02-01,85.198459,Training,9.433942,19.729870,27.688940,79.375381,133.217865,165.223679,194.887238,291.588348,399.013428,490.676758,828.474365
1998-02-02,153.647126,Training,11.307031,22.001387,30.921896,85.778542,143.935471,175.189240,208.115585,310.664032,432.774506,569.428040,971.730286
1998-02-03,171.524307,Training,14.791402,28.185387,38.582973,103.667122,161.047440,201.099747,227.067368,323.307373,438.698090,575.651917,972.315796
1998-02-04,69.898168,Training,8.656096,14.991048,19.826046,45.012955,67.143745,83.952194,94.761528,131.354462,181.780182,227.212463,452.184509
1998-02-05,21.903574,Training,1.871567,4.121495,6.099777,13.967476,21.183092,28.036375,32.656178,47.606190,74.008041,91.712608,201.961563
1998-02-06,11.273898,Training,0.359639,1.382442,2.461967,5.437127,8.394589,11.256431,13.521584,19.684370,32.525009,41.237251,90.001862
1998-02-07,7.086450,Training,-0.066675,0.571065,1.276333,2.952362,4.762858,6.210520,7.842286,11.445033,19.332663,25.671200,55.258408
1998-02-08,5.314838,Training,-0.170955,0.508871,1.292853,3.719017,6.589614,8.750684,12.125093,19.291063,36.180519,50.332684,110.780807
1998-02-09,21.903574,Training,0.417777,1.746934,2.991598,8.099221,13.703026,18.168018,23.290791,36.182533,62.299374,80.677223,183.054245
1998-02-10,16.749792,Training,0.326827,1.308612,2.438262,5.668353,8.980824,12.119241,15.124880,21.986166,36.919518,47.577503,108.313637
1998-02-11,10.146508,Training,0.327974,1.117842,2.138154,4.498958,6.915278,9.140635,11.255993,15.511600,25.278107,32.272484,73.488869
1998-02-12,7.086450,Training,-0.087388,0.427003,1.089866,2.512573,4.022468,5.255770,6.591990,9.340294,15.412854,20.194870,44.503616
1998-02-13,4.670615,Training,-0.170235,0.264328,0.824270,1.985225,3.219316,4.176907,5.238473,7.463241,12.201602,15.967335,34.596424
1998-02-14,3.382169,Training,-0.324374,0.011444,0.442609,1.307195,2.202024,2.903657,3.672194,5.452288,9.038292,11.977162,25.326632
1998-02-15,2.737947,Training,-0.406090,-0.125067,0.234849,0.935963,1.641995,2.205404,2.809547,4.319601,7.315691,9.802634,20.646109
1998-02-16,1.771613,Training,-0.475671,-0.236835,0.045931,0.596759,1.115336,1.548319,2.004155,3.228018,5.592956,7.576231,15.931023
1998-02-17,1.771613,Training,-0.496122,-0.269367,-0.008594,0.499635,0.962112,1.358294,1.764217,2.897475,5.068868,6.891628,14.596115
1998-02-18,1.771613,Training,-0.534459,-0.344121,-0.139537,0.230662,0.556774,0.849733,1.131289,1.991616,3.699569,5.132696,11.323231
1998-02-19,1.127390,Training,-0.536147,-0.348633,-0.174324,0.154355,0.425762,0.683675,0.924430,1.680866,3.129825,4.341606,9.701111
1998-02-20,1.127390,Training,-0.530660,-0.358713,-0.212867,0.039236,0.247795,0.455239,0.628669,1.235327,2.433825,3.429421,8.159551
1998-02-21,1.127390,Training,-0.512281,-0.343303,-0.220403,-0.008638,0.166453,0.345355,0.485923,1.008077,2.021915,2.863823,7.084997
1998-02-22,0.644223,Training,-0.465543,-0.282452,-0.200839,-0.022917,0.113210,0.267904,0.378733,0.811494,1.523549,2.050021,5.203585
1998-02-23,0.644223,Training,-0.467633,-0.284321,-0.201637,-0.022005,0.113149,0.268222,0.378017,0.811919,1.532909,2.070597,5.245552
1998-02-24,0.483167,Training,-0.463394,-0.281245,-0.198913,-0.025534,0.106458,0.257474,0.363129,0.786280,1.490517,2.019356,5.143002
1998-02-25,0.322111,Training,-0.470479,-0.288879,-0.202890,-0.024381,0.109748,0.263386,0.370222,0.802257,1.537771,2.101374,5.322650
1998-02-26,0.322111,Training,-0.476138,-0.296658,-0.204730,-0.023597,0.113690,0.269301,0.376741,0.815731,1.586720,2.195968,5.541800
1998-02-27,0.322111,Training,-0.442634,-0.265920,-0.187582,-0.042574,0.076168,0.209658,0.296457,0.672771,1.308002,1.804796,4.752821
1998-02-28,0.322111,Training,-0.404717,-0.233543,-0.162132,-0.054525,0.051117,0.163095,0.234234,0.554280,1.074207,1.484405,4.101556
1998-03-01,0.322111,Training,-0.386797,-0.216151,-0.148414,-0.053386,0.047326,0.151103,0.218640,0.518669,0.984426,1.348649,3.787946
1998-03-02,0.161056,Training,-0.387731,-0.213257,-0.150494,-0.051117,0.047395,0.153312,0.221249,0.523049,0.980724,1.321820,3.710793
1998-03-03,0.161056,Training,-0.384968,-0.216720,-0.146430,-0.057860,0.042482,0.144157,0.208017,0.502411,0.973039,1.348201,3.829093
1998-03-04,0.161056,Training,-0.384686,-0.219657,-0.145996,-0.065995,0.034015,0.133580,0.192703,0.480937,0.959587,1.340445,3.881697
1998-03-05,0.000000,Training,-0.386555,-0.223425,-0.148099,-0.085166,0.007257,0.100689,0.148100,0.421044,0.896558,1.262136,3.865477
1998-03-06,0.000000,Training,-0.388841,-0.224153,-0.147931,-0.095664,-0.011434,0.078049,0.120757,0.381006,0.835296,1.178700,3.717519
1998-03-07,0.000000,Training,-0.391775,-0.221031,-0.146181,-0.101358,-0.026130,0.060530,0.100431,0.346150,0.773265,1.086988,3.496142
1998-03-08,0.000000,Training,-0.370029,-0.205290,-0.134610,-0.090354,-0.009251,0.073017,0.116064,0.361825,0.775042,1.086791,3.463454
1998-03-09,0.000000,Training,-0.355790,-0.191369,-0.125099,-0.078855,0.004067,0.084468,0.130091,0.372899,0.771758,1.077669,3.389114
1998-03-10,0.000000,Training,-0.347622,-0.180369,-0.117376,-0.079261,-0.002423,0.072578,0.115368,0.344701,0.721178,1.011752,3.268216
1998-03-11,0.000000,Training,-0.339800,-0.172673,-0.112222,-0.056242,0.027960,0.108554,0.161510,0.402118,0.776809,1.085042,3.274966
1998-03-12,0.000000,Training,-0.334136,-0.161192,-0.107902,-0.043254,0.036974,0.117920,0.174071,0.415193,0.756915,1.034938,3.078356
1998-03-13,0.000000,Training,-0.332368,-0.156343,-0.106083,-0.040218,0.038312,0.119726,0.175699,0.415059,0.749896,1.017815,3.037711
1998-03-14,0.000000,Training,-0.333700,-0.157036,-0.106251,-0.040080,0.039113,0.120212,0.176065,0.415479,0.753041,1.027238,3.064607
1998-03-15,0.000000,Training,-0.334316,-0.158882,-0.105352,-0.041539,0.039374,0.118738,0.174049,0.411978,0.754908,1.044226,3.119164
1998-03-16,0.000000,Training,-0.334782,-0.163280,-0.103846,-0.051348,0.031940,0.107934,0.158571,0.389224,0.746441,1.055303,3.229674
1998-03-17,0.000000,Training,-0.336481,-0.165939,-0.104806,-0.064295,0.016485,0.088013,0.131777,0.353070,0.716038,1.022002,3.270036
1998-03-18,0.000000,Training,-0.338719,-0.165905,-0.105051,-0.075477,-0.001340,0.065091,0.104059,0.313862,0.664636,0.954310,3.193409
1998-03-19,0.000000,Training,-0.332478,-0.160483,-0.100849,-0.072128,0.002147,0.066965,0.106803,0.314183,0.657294,0.942538,3.144124
1998-03-20,0.000000,Training,-0.322927,-0.151908,-0.094215,-0.062494,0.013463,0.077855,0.120623,0.327710,0.660996,0.944974,3.087330
1998-03-21,0.000000,Training,-0.312771,-0.141052,-0.085531,-0.050342,0.025937,0.089592,0.136813,0.342279,0.657482,0.937406,2.991833
1998-03-22,0.000000,Training,-0.304704,-0.130724,-0.078646,-0.038806,0.035945,0.098630,0.149523,0.353505,0.649339,0.922251,2.890883
1998-03-23,0.000000,Training,-0.298792,-0.123752,-0.071399,-0.051589,0.018569,0.071572,0.114057,0.298483,0.586693,0.847658,2.862194
1998-03-24,0.000000,Training,-0.298340,-0.118507,-0.066798,-0.059963,0.002545,0.048103,0.086946,0.254837,0.520586,0.761424,2.727428
1998-03-25,0.000000,Training,-0.297395,-0.118892,-0.067298,-0.059963,0.002555,0.048371,0.086228,0.254849,0.521164,0.762138,2.723377
1998-03-26,0.000000,Training,-0.300950,-0.126145,-0.074138,-0.055993,0.011414,0.063814,0.103174,0.285870,0.572672,0.828946,2.829136
1998-03-27,0.000000,Training,-0.308854,-0.144713,-0.093630,-0.046470,0.032793,0.091113,0.132078,0.335708,0.655108,0.997165,3.226976
1998-03-28,0.000000,Training,-0.422254,-0.216194,-0.132410,-0.011784,0.088307,0.191330,0.203466,0.452393,1.013556,1.614672,5.262769
1998-03-29,0.000000,Training,-0.354939,0.112448,0.422780,1.185568,1.602903,2.149426,1.932909,3.154869,6.191748,8.174394,21.907854
1998-03-30,0.000000,Training,-0.540465,-0.183408,-0.020448,0.427078,0.948953,1.383298,1.583129,3.106793,7.232265,9.979312,26.882368
1998-03-31,0.000000,Training,-0.565873,-0.303509,-0.189603,0.056001,0.328975,0.581571,0.646470,1.489587,3.622807,5.443771,15.598495
1998-04-01,0.000000,Test,-0.477576,-0.227121,-0.105157,0.103287,0.318067,0.537590,0.633444,1.277227,2.805453,4.086780,10.890698
1998-04-02,0.000000,Test,-0.406633,-0.184988,-0.087760,0.052723,0.197605,0.350906,0.428181,0.866888,1.835545,2.669199,7.326350
1998-04-03,0.000000,Test,-0.409921,-0.199932,-0.114394,0.024380,0.154066,0.292842,0.375777,0.782862,1.648823,2.409980,6.652082
1998-04-04,0.000000,Test,-0.381626,-0.176694,-0.108783,0.027117,0.145247,0.270311,0.360255,0.733089,1.455968,2.097645,5.677882
1998-04-05,0.000000,Test,-0.370558,-0.166299,-0.115085,0.021365,0.131213,0.242865,0.333431,0.683499,1.320936,1.903622,5.165678
1998-04-06,0.000000,Test,-0.375041,-0.174143,-0.119438,0.010510,0.111666,0.223369,0.305630,0.643455,1.252819,1.800782,4.936637
1998-04-07,0.000000,Test,-0.396475,-0.198645,-0.142717,-0.020991,0.071920,0.178230,0.243487,0.567910,1.194436,1.766053,5.111099
1998-04-08,0.000000,Test,-0.388343,-0.188509,-0.136637,0.001207,0.095074,0.208325,0.286292,0.621593,1.205639,1.723907,4.700458
1998-04-09,0.000000,Test,-0.392611,-0.187119,-0.149747,-0.000984,0.091319,0.201433,0.282258,0.616184,1.177111,1.667637,4.539905
1998-04-10,0.000000,Test,-0.393317,-0.185153,-0.150694,-0.009518,0.079587,0.190166,0.265041,0.585622,1.121821,1.568788,4.333035
1998-04-11,0.000000,Test,-0.386573,-0.179803,-0.143695,-0.012640,0.070223,0.178493,0.245506,0.550788,1.063925,1.487799,4.156420
1998-04-12,0.000000,Test,-0.398542,-0.193783,-0.150550,-0.014451,0.066179,0.180494,0.244238,0.558490,1.097914,1.536366,4.250399
1998-04-13,0.000000,Test,-0.418121,-0.213526,-0.163772,-0.011233,0.071508,0.193187,0.259268,0.594196,1.187951,1.676393,4.538016
1998-04-14,0.000000,Test,-0.488868,-0.263350,-0.206307,0.053619,0.172289,0.347997,0.441197,0.858606,1.821112,2.737853,6.952610
1998-04-15,0.000000,Test,-0.583294,-0.341085,-0.250240,0.007119,0.170269,0.385059,0.434669,0.976261,2.329554,3.572592,10.051112
1998-04-16,0.000000,Test,-0.484233,-0.264426,-0.178572,0.008428,0.122464,0.280679,0.314987,0.716760,1.611012,2.465394,6.828755
1998-04-17,0.000000,Test,-0.445720,-0.241873,-0.165140,-0.014336,0.076232,0.207038,0.230759,0.563274,1.265804,1.945472,5.561845
1998-04-18,0.000000,Test,-0.432811,-0.225032,-0.160789,0.003892,0.087750,0.220073,0.264763,0.608107,1.287308,1.892284,5.151661
1998-04-19,0.000000,Test,-0.383327,-0.179870,-0.133915,-0.006496,0.065614,0.163893,0.202901,0.480737,0.999592,1.484232,4.248086
1998-04-20,0.000000,Test,-0.360555,-0.159639,-0.110127,-0.026266,0.029523,0.110214,0.126897,0.354262,0.789472,1.194950,3.788326
1998-04-21,0.000000,Test,-0.358779,-0.152784,-0.106080,-0.031197,0.013757,0.087177,0.097823,0.305532,0.705692,1.082321,3.581654
1998-04-22,0.000000,Test,-0.369593,-0.173329,-0.135338,-0.019102,0.035972,0.117626,0.132809,0.367255,0.821184,1.314375,4.107193
1998-04-23,0.000000,Test,-0.396600,-0.188333,-0.132318,-0.026877,0.026557,0.120198,0.121752,0.358043,0.849522,1.329507,4.285121
1998-04-24,0.000000,Test,-0.385875,-0.150389,-0.104588,-0.030255,-0.006818,0.060962,0.061431,0.222743,0.550118,0.884669,3.194072
1998-04-25,0.000000,Test,-0.384827,-0.142563,-0.105105,-0.030963,-0.014154,0.047506,0.047301,0.197748,0.501508,0.809385,2.962921
1998-04-26,0.000000,Test,-0.340384,-0.137599,-0.098248,-0.025697,0.018881,0.087047,0.101435,0.299255,0.664794,1.003058,3.286354
1998-04-27,0.000000,Test,-0.328666,-0.123875,-0.095149,-0.012414,0.033544,0.099844,0.124975,0.324092,0.677163,1.015875,3.218406
1998-04-28,0.000000,Test,-0.323317,-0.106698,-0.087507,-0.021561,0.008620,0.055798,0.068482,0.224345,0.504621,0.812274,2.936646
1998-04-29,0.000000,Test,-0.317969,-0.108914,-0.076619,-0.020962,0.018637,0.072468,0.088998,0.253286,0.548404,0.841500,2.931572
1998-04-30,0.000000,Test,-0.311323,-0.108471,-0.074409,-0.015845,0.027288,0.084481,0.108969,0.280858,0.570364,0.854628,2.844591
1998-05-01,0.000000,Test,-0.311825,-0.105256,-0.080383,-0.012709,0.030524,0.085675,0.115562,0.288838,0.571444,0.855302,2.804703
1998-05-02,0.000000,Test,-0.321975,-0.110480,-0.092603,-0.013882,0.024498,0.076670,0.095918,0.257968,0.551181,0.886339,3.027373
1998-05-03,0.000000,Test,-0.335348,-0.117344,-0.089746,-0.025803,0.016931,0.062799,0.077196,0.222081,0.484132,0.797564,2.923167
1998-05-04,0.000000,Test,-0.337814,-0.122030,-0.081418,-0.027241,0.018120,0.068117,0.083528,0.231295,0.500145,0.797850,2.903154
1998-05-05,0.000000,Test,-0.341007,-0.118557,-0.077854,-0.033721,-0.003164,0.041713,0.051342,0.183353,0.420851,0.681206,2.652325
1998-05-06,0.000000,Test,-0.334522,-0.109199,-0.073129,-0.032954,-0.006774,0.033623,0.045038,0.171333,0.392639,0.633409,2.502312
1998-05-07,0.000000,Test,-0.326254,-0.095817,-0.066387,-0.029689,-0.009487,0.025750,0.038073,0.155704,0.358244,0.582739,2.358402
1998-05-08,0.000000,Test,-0.305452,-0.079131,-0.053216,-0.027174,-0.003456,0.022688,0.041623,0.152432,0.330965,0.537022,2.212683
1998-05-09,0.000000,Test,-0.290982,-0.068673,-0.043643,-0.022421,0.001079,0.026052,0.045710,0.155022,0.329127,0.528978,2.172006
1998-05-10,0.000000,Test,-0.294907,-0.078293,-0.060038,0.018917,0.029908,0.066087,0.077842,0.182625,0.371046,0.672283,2.528339
1998-05-11,0.000000,Test,-0.330195,0.007350,0.109267,0.446394,0.436342,0.584189,0.517616,0.700899,1.182868,1.738858,5.069455
1998-05-12,0.000000,Test,-0.392473,0.046371,0.060911,0.374409,0.550877,0.752823,0.762481,1.235745,2.305772,3.197821,9.823246
1998-05-13,0.000000,Test,-0.420056,-0.044890,-0.030344,0.216127,0.344179,0.503698,0.481718,0.881879,1.713759,2.509682,7.616547
1998-05-14,0.000000,Test,-0.379950,-0.043282,0.037796,0.231170,0.319543,0.462528,0.457649,0.817450,1.602021,2.290937,6.709502
1998-05-15,0.000000,Test,-0.379015,-0.082880,-0.016954,0.115417,0.149011,0.247737,0.243574,0.468968,0.956324,1.465354,4.613836
1998-05-16,0.000000,Test,-0.398381,-0.084485,-0.060367,0.083823,0.081321,0.150121,0.149237,0.297206,0.609571,1.039718,3.532990
1998-05-17,0.000000,Test,-0.391982,-0.086545,-0.061546,0.061601,0.054665,0.115957,0.120478,0.256883,0.547048,0.907098,3.174498
1998-05-18,0.000000,Test,-0.377249,-0.078197,-0.067754,0.045611,0.037873,0.086685,0.097398,0.219285,0.470671,0.804386,2.935552
1998-05-19,0.000000,Test,-0.339960,-0.070573,-0.052653,0.029737,0.033158,0.080074,0.093637,0.225522,0.488103,0.799377,2.924824
1998-05-20,0.000000,Test,-0.328259,-0.059052,-0.054409,0.026260,0.029043,0.067024,0.084860,0.203626,0.440217,0.740695,2.781126
1998-05-21,0.000000,Test,-0.325494,-0.055930,-0.048033,0.017455,0.015178,0.048635,0.065222,0.168126,0.369669,0.629081,2.494493
1998-05-22,0.000000,Test,-0.330894,-0.064694,-0.065119,0.031685,0.014919,0.045501,0.057201,0.134383,0.276209,0.575193,2.392966
1998-05-23,0.000000,Test,-0.376136,-0.096116,-0.084703,0.002966,0.012093,0.047359,0.058327,0.153490,0.348335,0.663060,2.733078
1998-05-24,0.000000,Test,-0.340264,-0.077574,-0.059224,0.009669,0.028227,0.063760,0.080486,0.185047,0.396917,0.701032,2.751501
1998-05-25,0.000000,Test,-0.339572,-0.080851,-0.072148,-0.004100,0.007421,0.036323,0.050292,0.141616,0.323961,0.609445,2.515005
1998-05-26,0.000000,Test,-0.354029,-0.098440,-0.079254,0.029743,0.026550,0.074875,0.074987,0.159122,0.341401,0.696349,2.779958
1998-05-27,0.000000,Test,-0.379651,-0.116575,-0.072120,0.009066,0.034412,0.090205,0.093737,0.213819,0.480789,0.827499,3.201807
1998-05-28,0.000000,Test,-0.372083,-0.110938,-0.097435,0.004647,0.021566,0.076660,0.078227,0.190222,0.427917,0.809096,3.081036
1998-05-29,0.000000,Test,-0.389454,-0.126766,-0.109061,0.006044,0.030116,0.095920,0.092387,0.213547,0.472917,0.881976,3.291386
1998-05-30,0.000000,Test,-0.365932,-0.103672,-0.054145,0.022958,0.061328,0.119352,0.132300,0.263424,0.538118,0.886262,3.223475
1998-05-31,0.000000,Test,-0.338106,-0.080489,-0.042275,0.017774,0.049485,0.091599,0.111996,0.223340,0.445385,0.748491,2.805515
1998-06-01,0.000000,Test,-0.356170,-0.090261,-0.065518,-0.007694,0.012513,0.039289,0.059020,0.147880,0.306590,0.564238,2.376415
1998-06-02,0.000000,Test,-0.326856,-0.068954,-0.035006,0.000988,0.018489,0.042094,0.064291,0.150561,0.301171,0.526070,2.236884
1998-06-03,0.000000,Test,-0.320388,-0.055153,-0.027788,0.004560,0.011831,0.029593,0.052803,0.125451,0.250808,0.455934,2.052025
1998-06-04,0.000000,Test,-0.318986,-0.055357,-0.036196,-0.004379,0.005173,0.017561,0.043130,0.115451,0.236797,0.436637,1.996528
1998-06-05,0.000000,Test,-0.319573,-0.050747,-0.031594,-0.005105,-0.003453,0.006391,0.030308,0.093300,0.195762,0.373869,1.833099
1998-06-06,0.000000,Test,-0.313413,-0.048830,-0.037192,-0.009925,-0.003562,0.001911,0.028812,0.093327,0.197686,0.380893,1.849786
1998-06-07,0.000000,Test,-0.321733,-0.050858,-0.033880,-0.010760,-0.014002,-0.007047,0.014378,0.069646,0.158366,0.320629,1.699636
1998-06-08,0.000000,Test,-0.339714,-0.056619,-0.042579,-0.011788,-0.023698,-0.016536,0.000956,0.046877,0.120643,0.268618,1.564540
1998-06-09,0.000000,Test,-0.346153,-0.051330,-0.044788,-0.005127,-0.029536,-0.023748,-0.012726,0.017416,0.072179,0.212874,1.442910
1998-06-10,0.000000,Test,-0.325261,-0.049656,-0.039715,-0.015472,-0.028302,-0.024100,-0.009111,0.032928,0.104491,0.249404,1.533243
1998-06-11,0.000000,Test,-0.303098,-0.044770,-0.033305,-0.018974,-0.023395,-0.019495,-0.002568,0.049256,0.136312,0.288820,1.630825
1998-06-12,0.000000,Test,-0.323363,-0.048693,-0.042011,-0.016647,-0.032669,-0.027383,-0.015973,0.024368,0.097265,0.239944,1.511736
1998-06-13,0.000000,Test,-0.334722,-0.050006,-0.049002,-0.012142,-0.037022,-0.029204,-0.023388,0.010248,0.080132,0.224340,1.483617
1998-06-14,0.000000,Test,-0.325979,-0.055741,-0.042705,-0.022027,-0.032723,-0.027428,-0.014820,0.029122,0.102393,0.240259,1.498116
1998-06-15,0.000000,Test,-0.305147,-0.044137,-0.039463,-0.015780,-0.026950,-0.017679,-0.008222,0.042449,0.140110,0.300611,1.670479
1998-06-16,0.000000,Test,-0.311646,-0.046922,-0.039306,-0.018505,-0.030048,-0.023144,-0.012214,0.033276,0.117763,0.266637,1.579492
1998-06-17,0.000000,Test,-0.329502,-0.059518,-0.039076,-0.027229,-0.034065,-0.033375,-0.017719,0.020303,0.076691,0.200253,1.386148
1998-06-18,0.000000,Test,-0.335866,-0.059193,-0.040320,-0.024896,-0.035777,-0.035855,-0.021952,0.009767,0.057061,0.177507,1.334410
1998-06-19,0.000000,Test,-0.321693,-0.049857,-0.031712,-0.023551,-0.032994,-0.037032,-0.021377,0.005816,0.048244,0.168964,1.321792
1998-06-20,0.000000,Test,-0.313905,-0.051522,-0.026931,-0.027265,-0.028183,-0.033673,-0.013503,0.020407,0.068829,0.190705,1.362722
1998-06-21,0.000000,Test,-0.332286,-0.057915,-0.034335,-0.026215,-0.033294,-0.037049,-0.020137,0.008288,0.048152,0.164090,1.296961
1998-06-22,0.000000,Test,-0.351014,-0.063181,-0.041768,-0.021245,-0.036542,-0.038280,-0.026487,-0.005274,0.023086,0.135770,1.233052
1998-06-23,0.000000,Test,-0.342793,-0.061897,-0.039026,-0.025324,-0.035193,-0.038018,-0.023051,0.002195,0.038990,0.154491,1.281775
1998-06-24,0.000000,Test,-0.319727,-0.051586,-0.029166,-0.026000,-0.030489,-0.036087,-0.017744,0.010407,0.055213,0.176826,1.345441
1998-06-25,0.000000,Test,-0.311326,-0.050690,-0.024844,-0.027312,-0.026782,-0.032675,-0.011662,0.021912,0.072279,0.194943,1.379655
1998-06-26,0.000000,Test,-0.314724,-0.052136,-0.026431,-0.027507,-0.028138,-0.033247,-0.012674,0.020707,0.070710,0.191710,1.370258
1998-06-27,0.000000,Test,-0.324847,-0.056292,-0.030982,-0.027800,-0.031247,-0.035231,-0.016102,0.015271,0.062238,0.180317,1.342357
1998-06-28,0.000000,Test,-0.333150,-0.059344,-0.034395,-0.027523,-0.033483,-0.036960,-0.019276,0.009522,0.052412,0.168094,1.313740
1998-06-29,0.000000,Test,-0.321243,-0.054778,-0.029200,-0.028252,-0.030355,-0.035418,-0.015362,0.016034,0.063636,0.182727,1.351918
1998-06-30,0.000000,Test,-0.307045,-0.049477,-0.023106,-0.027766,-0.025310,-0.031240,-0.008979,0.026731,0.081084,0.205077,1.407164
1998-07-01,0.000000,Test,-0.308651,-0.050226,-0.023957,-0.028047,-0.025762,-0.031396,-0.009034,0.026840,0.081409,0.204858,1.405725
1998-07-02,0.000000,Test,-0.303307,-0.047892,-0.021061,-0.027529,-0.023788,-0.029988,-0.006794,0.029968,0.085799,0.210223,1.418269
1998-07-03,0.000000,Test,-0.304326,-0.048167,-0.021316,-0.027693,-0.024277,-0.030663,-0.007426,0.028671,0.083562,0.207223,1.411481
1998-07-04,0.000000,Test,-0.324493,-0.056594,-0.030513,-0.028838,-0.031028,-0.035204,-0.014870,0.017093,0.066107,0.183890,1.356079
1998-07-05,0.000000,Test,-0.327296,-0.058108,-0.032048,-0.029233,-0.031739,-0.035399,-0.015305,0.016788,0.066299,0.183922,1.357819
1998-07-06,0.000000,Test,-0.310483,-0.051686,-0.024700,-0.029111,-0.026183,-0.031569,-0.008524,0.028028,0.084286,0.207429,1.416037
1998-07-07,0.000000,Test,-0.312489,-0.052531,-0.025360,-0.029339,-0.026756,-0.032030,-0.009056,0.027061,0.082605,0.204901,1.409852
1998-07-08,0.000000,Test,-0.332582,-0.060550,-0.033969,-0.029626,-0.032749,-0.035861,-0.016090,0.015343,0.063918,0.180066,1.350011
1998-07-09,0.000000,Test,-0.339900,-0.063824,-0.037346,-0.029536,-0.034189,-0.036250,-0.017588,0.012994,0.060456,0.175583,1.340932
1998-07-10,0.000000,Test,-0.344684,-0.066163,-0.039518,-0.029584,-0.034862,-0.036308,-0.018244,0.011988,0.059029,0.173956,1.339071
1998-07-11,0.000000,Test,-0.355202,-0.070376,-0.043520,-0.028035,-0.036009,-0.036323,-0.020274,0.007490,0.050067,0.163419,1.315292
1998-07-12,0.000000,Test,-0.359161,-0.072136,-0.044945,-0.027678,-0.036136,-0.036179,-0.020576,0.006300,0.047744,0.161067,1.312531
1998-07-13,0.000000,Test,-0.364799,-0.074778,-0.047134,-0.026843,-0.036194,-0.035519,-0.020757,0.005210,0.045386,0.158937,1.310620
1998-07-14,0.000000,Test,-0.347853,-0.068630,-0.040708,-0.030985,-0.034244,-0.035551,-0.016562,0.014208,0.064635,0.181781,1.368798
1998-07-15,0.000000,Test,-0.340612,-0.065956,-0.037418,-0.031679,-0.032747,-0.034658,-0.014060,0.018825,0.072568,0.190777,1.388963
1998-07-16,0.000000,Test,-0.346438,-0.068005,-0.039336,-0.030895,-0.033959,-0.034978,-0.015545,0.015982,0.066890,0.182191,1.365321
1998-07-17,0.000000,Test,-0.353082,-0.070658,-0.041686,-0.030062,-0.034697,-0.035037,-0.016693,0.013195,0.061463,0.175352,1.350012
1998-07-18,0.000000,Test,-0.341556,-0.066362,-0.036951,-0.031994,-0.032655,-0.034551,-0.013365,0.019372,0.073418,0.190252,1.388668
1998-07-19,0.000000,Test,-0.318216,-0.056840,-0.026944,-0.032024,-0.025779,-0.030505,-0.004849,0.033331,0.095850,0.219937,1.460462
1998-07-20,0.000000,Test,-0.323190,-0.059002,-0.028389,-0.032147,-0.027530,-0.031279,-0.006458,0.030736,0.091577,0.212574,1.440474
1998-07-21,0.000000,Test,-0.322889,-0.058953,-0.028192,-0.032220,-0.027288,-0.030864,-0.005684,0.031894,0.093741,0.214682,1.445776
1998-07-22,0.000000,Test,-0.341125,-0.066874,-0.036088,-0.032366,-0.031740,-0.032746,-0.010542,0.023889,0.081705,0.198034,1.407921
1998-07-23,0.000000,Test,-0.359043,-0.074410,-0.043083,-0.030239,-0.033763,-0.032618,-0.013585,0.017093,0.068820,0.182380,1.373510
1998-07-24,0.000000,Test,-0.354172,-0.072838,-0.041379,-0.032012,-0.033124,-0.032792,-0.012128,0.020026,0.075726,0.191265,1.399647
1998-07-25,0.000000,Test,-0.341771,-0.068287,-0.036464,-0.033666,-0.030673,-0.031644,-0.008119,0.027626,0.089998,0.209374,1.445392
1998-07-26,0.000000,Test,-0.345063,-0.069828,-0.037622,-0.033493,-0.031073,-0.031178,-0.008049,0.027711,0.090145,0.208344,1.441723
1998-07-27,0.000000,Test,-0.342845,-0.069042,-0.036447,-0.033782,-0.030403,-0.030602,-0.006666,0.030033,0.094130,0.212660,1.451885
1998-07-28,0.000000,Test,-0.348903,-0.071848,-0.038704,-0.033605,-0.031031,-0.030407,-0.007132,0.028706,0.091981,0.209540,1.446124
1998-07-29,0.000000,Test,-0.348411,-0.071981,-0.038388,-0.034036,-0.030571,-0.029889,-0.005973,0.030603,0.095585,0.213771,1.457753
1998-07-30,0.000000,Test,-0.344815,-0.070791,-0.036745,-0.034644,-0.029522,-0.029247,-0.004107,0.033753,0.101204,0.220705,1.475531
1998-07-31,0.000000,Test,-0.329047,-0.064237,-0.029722,-0.034741,-0.025298,-0.026957,0.001337,0.042850,0.115426,0.239321,1.518857
1998-08-01,0.000000,Test,-0.315025,-0.057971,-0.022964,-0.033484,-0.020400,-0.023776,0.006806,0.050970,0.126721,0.254551,1.553348
1998-08-02,0.000000,Test,-0.329313,-0.064374,-0.028831,-0.034858,-0.024679,-0.026273,0.002855,0.044364,0.117365,0.240299,1.520132
1998-08-03,0.000000,Test,-0.347898,-0.072700,-0.036434,-0.035149,-0.028293,-0.027527,-0.000823,0.037337,0.106796,0.225424,1.488199
1998-08-04,0.000000,Test,-0.345084,-0.071822,-0.035274,-0.035878,-0.027473,-0.027161,0.000731,0.040001,0.111823,0.231947,1.506359
1998-08-05,0.000000,Test,-0.356561,-0.077131,-0.039472,-0.035457,-0.028474,-0.027001,-0.000378,0.036587,0.105851,0.224431,1.492699
1998-08-06,0.000000,Test,-0.356993,-0.077374,-0.039256,-0.035711,-0.028077,-0.026777,0.000383,0.037062,0.106921,0.225998,1.499700
1998-08-07,0.000000,Test,-0.361221,-0.079845,-0.040884,-0.035844,-0.027801,-0.025853,0.001418,0.038118,0.109215,0.229067,1.511045
1998-08-08,0.000000,Test,-0.361285,-0.080187,-0.040791,-0.036250,-0.027298,-0.025213,0.002710,0.039932,0.112990,0.233828,1.525346
1998-08-09,0.000000,Test,-0.350709,-0.075870,-0.036811,-0.037572,-0.025637,-0.024461,0.005795,0.046253,0.125068,0.249060,1.562057
1998-08-10,0.000000,Test,-0.347371,-0.074629,-0.035197,-0.037892,-0.024594,-0.023627,0.007746,0.049439,0.130469,0.255527,1.577074
1998-08-11,0.000000,Test,-0.329643,-0.066499,-0.027291,-0.037209,-0.020062,-0.021383,0.013070,0.058165,0.143165,0.272890,1.615223
1998-08-12,0.000000,Test,-0.320499,-0.062126,-0.023624,-0.036621,-0.016556,-0.019420,0.017126,0.064008,0.151746,0.285571,1.645734
1998-08-13,0.000000,Test,-0.337781,-0.070527,-0.030123,-0.038274,-0.021188,-0.021331,0.013298,0.057397,0.143185,0.271262,1.614549
1998-08-14,0.000000,Test,-0.324650,-0.064604,-0.024389,-0.037392,-0.017061,-0.018944,0.018091,0.064856,0.154206,0.287190,1.652387
1998-08-15,0.000000,Test,-0.320690,-0.063050,-0.022616,-0.037257,-0.015334,-0.017644,0.020429,0.068402,0.159946,0.295185,1.672783
1998-08-16,0.000000,Test,-0.318426,-0.062096,-0.021534,-0.037205,-0.014045,-0.016574,0.022430,0.071149,0.164430,0.301223,1.688362
1998-08-17,0.000000,Test,-0.325595,-0.065671,-0.024469,-0.038546,-0.015954,-0.017657,0.021324,0.068982,0.162398,0.297480,1.682629
1998-08-18,0.000000,Test,-0.337744,-0.071563,-0.029631,-0.040368,-0.018958,-0.019357,0.018991,0.064467,0.157272,0.289483,1.669309
1998-08-19,0.000000,Test,-0.344151,-0.074835,-0.032368,-0.041369,-0.020043,-0.019797,0.018469,0.062911,0.156310,0.288030,1.671731
1998-08-20,0.000000,Test,-0.343936,-0.075164,-0.032774,-0.041982,-0.019603,-0.019109,0.019905,0.065390,0.161934,0.295797,1.694913
1998-08-21,0.000000,Test,-0.355724,-0.081383,-0.037803,-0.042985,-0.020823,-0.018759,0.019821,0.064108,0.161928,0.295200,1.701393
1998-08-22,0.000000,Test,-0.371429,-0.089656,-0.043651,-0.042880,-0.020844,-0.017382,0.020814,0.062536,0.159658,0.292871,1.707402
1998-08-23,0.000000,Test,-0.373879,-0.091512,-0.045241,-0.043887,-0.020585,-0.016793,0.022234,0.064534,0.165158,0.300895,1.735014
1998-08-24,0.000000,Test,-0.366595,-0.088385,-0.043350,-0.045536,-0.020433,-0.017136,0.023304,0.067915,0.173572,0.312313,1.764838
1998-08-25,0.000000,Test,-0.357265,-0.084025,-0.040093,-0.046261,-0.019583,-0.017112,0.024805,0.071647,0.180667,0.321770,1.785529
1998-08-26,0.000000,Test,-0.334480,-0.072778,-0.031991,-0.045310,-0.014847,-0.015532,0.029672,0.080961,0.194269,0.343118,1.831184
1998-08-27,0.000000,Test,-0.325406,-0.068809,-0.027142,-0.043943,-0.012024,-0.013131,0.032774,0.085818,0.200757,0.351910,1.849202
1998-08-28,0.000000,Test,-0.323943,-0.068449,-0.026961,-0.044378,-0.011456,-0.012612,0.034130,0.087902,0.204995,0.357566,1.864275
1998-08-29,0.000000,Test,-0.327042,-0.070354,-0.028786,-0.045721,-0.012590,-0.013471,0.033651,0.087056,0.205579,0.358227,1.870453
1998-08-30,0.000000,Test,-0.343909,-0.078942,-0.036716,-0.049014,-0.017336,-0.016242,0.030115,0.080892,0.200359,0.349194,1.859599
1998-08-31,0.000000,Test,-0.350032,-0.082844,-0.040192,-0.050744,-0.018411,-0.016313,0.030392,0.081674,0.204389,0.353601,1.876699
1998-09-01,0.000000,Test,-0.339088,-0.077854,-0.036470,-0.050429,-0.016305,-0.015629,0.032483,0.086008,0.211207,0.365035,1.904380
1998-09-02,0.000000,Test,-0.336839,-0.077364,-0.036309,-0.050908,-0.015710,-0.015069,0.033740,0.088500,0.216513,0.372806,1.926070
1998-09-03,0.000000,Test,-0.336871,-0.077951,-0.037259,-0.051719,-0.015753,-0.014809,0.034565,0.090276,0.221260,0.379328,1.945548
1998-09-04,0.000000,Test,-0.329664,-0.075167,-0.035196,-0.051278,-0.013627,-0.012968,0.037322,0.095627,0.230468,0.392954,1.979664
1998-09-05,0.000000,Test,-0.338431,-0.080273,-0.040225,-0.053704,-0.016172,-0.014101,0.036351,0.094725,0.232947,0.394736,1.990959
1998-09-06,0.000000,Test,-0.346231,-0.084916,-0.044523,-0.055800,-0.018171,-0.014852,0.035715,0.094086,0.235370,0.396510,2.002173
1998-09-07,0.000000,Test,-0.334208,-0.079730,-0.040810,-0.055046,-0.015273,-0.013219,0.038686,0.100231,0.244698,0.411678,2.037905
1998-09-08,0.000000,Test,-0.342208,-0.084610,-0.045081,-0.057219,-0.017575,-0.014099,0.037839,0.099550,0.247057,0.412893,2.046564
1998-09-09,0.000000,Test,-0.353196,-0.090840,-0.050748,-0.059720,-0.020022,-0.014986,0.037052,0.098368,0.249237,0.413533,2.056555
1998-09-10,0.000000,Test,-0.339877,-0.085106,-0.046182,-0.058801,-0.017329,-0.013606,0.039656,0.104263,0.257407,0.426973,2.085183
1998-09-11,0.000000,Test,-0.322379,-0.077320,-0.039663,-0.056226,-0.011686,-0.009371,0.044991,0.113808,0.270447,0.447380,2.130085
1998-09-12,0.000000,Test,-0.330939,-0.082101,-0.044272,-0.058831,-0.014915,-0.011661,0.043125,0.111370,0.269511,0.444209,2.126833
1998-09-13,0.000000,Test,-0.336690,-0.085238,-0.047440,-0.060671,-0.017210,-0.013434,0.041547,0.108901,0.268173,0.441640,2.125920
1998-09-14,0.000000,Test,-0.344508,-0.089919,-0.051408,-0.062999,-0.019538,-0.014869,0.040372,0.107569,0.268448,0.439304,2.123927
1998-09-15,0.000000,Test,-0.349951,-0.093231,-0.054648,-0.064627,-0.021041,-0.015464,0.039910,0.107356,0.270868,0.441148,2.133820
1998-09-16,0.000000,Test,-0.351145,-0.094516,-0.056071,-0.065480,-0.021391,-0.015258,0.040491,0.109113,0.275434,0.446590,2.149818
1998-09-17,0.000000,Test,-0.340777,-0.090412,-0.052718,-0.064440,-0.018869,-0.013229,0.043412,0.115492,0.284624,0.460644,2.179804
1998-09-18,0.000000,Test,-0.354610,-0.099592,-0.077097,-0.077083,-0.026312,-0.024612,0.037586,0.110570,0.288007,0.483586,2.278729
1998-09-19,0.000000,Test,-0.389649,-0.134744,-0.117798,-0.104167,-0.047280,-0.042536,0.025930,0.094604,0.286606,0.520803,2.474989
1998-09-20,0.000000,Test,-0.461206,-0.202385,-0.168560,-0.121115,-0.037556,-0.011604,0.073116,0.154203,0.445152,0.828956,3.715699
1998-09-21,0.000000,Test,-0.544331,-0.228208,-0.182230,-0.060972,0.110912,0.199213,0.339759,0.583998,1.393091,2.171844,9.166314
1998-09-22,0.000000,Test,-0.551696,-0.180098,-0.150353,0.007013,0.203896,0.303086,0.459000,0.794776,1.845547,2.754466,10.698182
1998-09-23,0.000000,Test,-0.473321,-0.155609,-0.085933,0.013074,0.158400,0.237091,0.360428,0.610902,1.377081,2.040461,7.382397
1998-09-24,0.000000,Test,-0.423614,-0.149450,-0.080010,-0.029282,0.080126,0.139062,0.239256,0.423525,0.967447,1.470062,5.284856
1998-09-25,0.000000,Test,-0.484676,-0.227922,-0.213667,-0.137575,-0.024561,0.037214,0.139914,0.345448,0.966507,1.646080,6.355338
1998-09-26,0.000000,Test,-0.578153,-0.277972,-0.257212,-0.123428,0.046570,0.146020,0.286840,0.635720,1.757069,2.845043,11.052826
1998-09-27,0.000000,Test,-0.589293,-0.244101,-0.218229,-0.046875,0.143240,0.260753,0.432664,0.846053,2.165956,3.391771,12.585618
1998-09-28,0.000000,Test,-0.500044,-0.180120,-0.109377,0.015361,0.156665,0.258226,0.402612,0.702807,1.648114,2.437735,8.424378
1998-09-29,0.000000,Test,-0.466201,-0.173796,-0.117581,-0.031635,0.077319,0.154977,0.277218,0.504674,1.200300,1.809577,6.279875
1998-09-30,0.000000,Test,-0.410297,-0.153358,-0.097913,-0.038937,0.060843,0.127821,0.238963,0.448063,1.029474,1.543594,5.278759
1998-10-01,,,-0.518139,-0.115243,0.031022,0.338714,0.730023,0.953906,1.218073,2.164816,5.089652,7.662170,23.167402
1998-10-02,,,-0.525314,-0.125476,0.025158,0.339322,0.740446,0.965730,1.237307,2.207981,5.219906,7.899649,23.852465
1999-10-17,0.000000,Training,,,,,,,,,,,
1999-10-18,0.000000,Training,,,,,,,,,,,
1999-10-19,0.000000,Training,-0.403798,-0.174616,-0.154779,-0.094069,0.005036,0.065895,0.166777,0.372860,0.883715,1.349928,4.730662
1999-10-20,0.000000,Training,-0.607626,-0.189290,-0.081377,0.446894,1.189554,1.574267,2.519025,4.367900,11.557022,18.247158,61.042480
1999-10-21,0.000000,Training,-0.649351,-0.231321,0.097525,0.955123,2.782354,3.539456,5.440818,11.691125,32.748882,50.766697,155.528946
1999-10-22,0.000000,Training,-0.635750,-0.231440,0.104010,0.863271,2.379697,3.002801,4.538641,9.502818,25.390324,39.861786,118.575859
1999-10-23,0.000000,Training,-0.613396,-0.268683,-0.070013,0.344352,0.950420,1.310732,1.910224,3.646227,9.373957,14.144388,42.522282
1999-10-24,0.000000,Training,-0.728824,-0.418048,-0.042786,0.747745,2.962274,3.541682,6.022475,14.427553,42.975750,74.480812,198.595947
1999-10-25,0.000000,Training,-0.557941,-0.028422,0.521098,2.235654,6.379081,7.748924,12.339324,27.400797,73.746986,117.511398,301.269592
1999-10-26,0.000000,Training,-0.547778,-0.011542,0.642965,2.693073,8.215590,9.741601,16.070210,37.449123,98.074074,157.415543,363.819611
1999-10-27,0.000000,Training,-0.465258,0.180835,0.882958,2.770132,6.317457,7.665041,11.241915,22.721203,54.280197,81.382889,218.293854
1999-10-28,0.000000,Training,-0.601310,-0.202881,0.234712,1.152705,2.505783,3.217440,4.616124,8.833456,21.072193,31.238253,85.426224
1999-10-29,0.000000,Training,-0.671991,-0.372150,-0.016692,0.735454,2.036702,2.570645,4.047907,8.009839,20.330891,32.748646,90.868019
1999-10-30,0.000000,Training,-0.600488,-0.325283,-0.064069,0.439804,1.007398,1.408601,2.073060,3.605341,8.578849,12.722878,33.065296
1999-10-31,0.000000,Training,-0.568934,-0.329500,-0.144145,0.196798,0.533610,0.813002,1.227863,2.119589,4.882588,7.179188,18.537914
1999-11-01,0.000000,Training,-0.574661,-0.345630,-0.159116,0.220219,0.571562,0.858316,1.292780,2.189161,4.786728,6.968478,17.140236
1999-11-02,0.000000,Training,-0.566175,-0.334330,-0.140077,0.296668,0.686418,0.997396,1.464041,2.407463,4.937349,6.970526,16.287540
1999-11-03,0.000000,Training,-0.547256,-0.315899,-0.149017,0.260247,0.611879,0.898719,1.321569,2.166755,4.232115,5.875194,13.475245
1999-11-04,0.000000,Training,-0.557687,-0.334019,-0.168571,0.230925,0.568751,0.848141,1.237885,2.056710,4.080279,5.630435,13.103907
1999-11-05,0.000000,Training,-0.569168,-0.364069,-0.222003,0.102964,0.359110,0.595764,0.896467,1.577909,3.263299,4.546255,10.991150
1999-11-06,0.000000,Training,-0.578054,-0.378083,-0.228257,0.101192,0.357368,0.598992,0.887391,1.581765,3.291866,4.603941,11.074306
1999-11-07,0.000000,Training,-0.580131,-0.384920,-0.241492,0.072714,0.311024,0.541493,0.805841,1.468031,3.081272,4.328346,10.488570
1999-11-08,0.000000,Training,-0.527984,-0.334517,-0.245606,-0.046515,0.103138,0.268242,0.438500,0.886816,1.905213,2.657567,7.058549
1999-11-09,0.000000,Training,-0.500212,-0.306535,-0.234426,-0.059486,0.074763,0.223626,0.374154,0.775532,1.655916,2.304429,6.253211
1999-11-10,0.000000,Training,-0.479159,-0.284953,-0.223310,-0.062487,0.061775,0.200859,0.340390,0.713163,1.497691,2.080626,5.689147
1999-11-11,0.000000,Training,-0.470924,-0.269188,-0.225871,-0.056059,0.067947,0.199917,0.345494,0.715593,1.440444,1.994530,5.423840
1999-11-12,0.000000,Training,-0.441778,-0.239985,-0.201905,-0.054158,0.055623,0.183877,0.309741,0.652096,1.272467,1.709765,4.757795
1999-11-13,0.000000,Training,-0.448202,-0.245425,-0.226335,-0.074180,0.043860,0.164198,0.295767,0.632070,1.267529,1.763060,5.044030
1999-11-14,0.000000,Training,-0.452649,-0.250355,-0.204939,-0.073252,0.044629,0.175306,0.287964,0.615149,1.268985,1.755433,5.151020
1999-11-15,0.000000,Training,-0.417834,-0.220693,-0.175409,-0.064495,0.040040,0.153073,0.258177,0.556425,1.133717,1.573363,4.620491
1999-11-16,0.000000,Training,-0.448511,-0.252272,-0.202279,-0.067001,0.047759,0.176281,0.295176,0.638674,1.299133,1.780009,5.050309
1999-11-17,0.000000,Training,-0.403320,-0.211148,-0.166208,-0.063507,0.038854,0.146108,0.251151,0.548430,1.079696,1.456778,4.249235
1999-11-18,0.000000,Training,-0.399046,-0.207739,-0.162293,-0.062260,0.037416,0.141931,0.245842,0.539847,1.062451,1.435793,4.176317
1999-11-19,0.000000,Training,-0.410956,-0.219207,-0.173106,-0.064947,0.038110,0.146180,0.253750,0.559719,1.109951,1.503021,4.325066
1999-11-20,0.000000,Training,-0.417854,-0.226866,-0.181233,-0.067829,0.039318,0.154447,0.263783,0.580232,1.144624,1.528485,4.386975
1999-11-21,0.000000,Training,-0.425067,-0.243560,-0.189601,-0.081235,0.037150,0.161885,0.269457,0.591311,1.170443,1.566952,4.505828
1999-11-22,0.000000,Training,-0.424493,-0.248182,-0.191763,-0.088051,0.035081,0.162222,0.267520,0.585822,1.164579,1.572584,4.551548
1999-11-23,0.000000,Training,-0.417574,-0.234350,-0.183013,-0.078883,0.035174,0.155026,0.259274,0.571404,1.139598,1.530496,4.423748
1999-11-24,0.000000,Training,-0.421397,-0.232562,-0.182565,-0.069847,0.038795,0.157304,0.263329,0.583697,1.169681,1.566612,4.479750
1999-11-25,0.000000,Training,-0.434170,-0.243659,-0.189514,-0.064979,0.044482,0.167093,0.276847,0.615547,1.243194,1.672020,4.699104
1999-11-26,0.000000,Training,-0.446768,-0.257063,-0.197203,-0.063101,0.049835,0.177784,0.291161,0.647343,1.318083,1.782653,4.935483
1999-11-27,0.000000,Training,-0.478850,-0.288789,-0.218799,-0.057034,0.069456,0.215925,0.344358,0.751711,1.529697,2.059119,5.513897
1999-11-28,0.000000,Training,-0.500392,-0.310454,-0.230743,-0.049602,0.085995,0.243040,0.381600,0.823654,1.694070,2.306721,6.040988
1999-11-29,0.000000,Training,-0.753453,-0.437527,-0.072492,1.135791,3.871314,5.291720,10.276164,19.880131,50.027428,83.476143,175.562958
1999-11-30,0.000000,Training,0.535926,2.458582,4.208872,14.975217,35.595634,42.970066,70.025482,133.010315,239.952438,314.097382,643.408875
1999-12-01,0.000000,Training,1.903652,4.608369,7.351742,18.508291,32.844349,41.889454,54.140423,83.107697,137.093826,174.865356,363.535522
1999-12-02,0.000000,Training,-0.505747,-0.067432,0.531112,1.860923,3.754553,5.137331,6.927650,12.290790,26.779388,37.747345,86.039375
1999-12-03,0.000000,Training,-0.592435,-0.287131,0.018369,0.624965,1.345284,1.913435,2.650836,4.570368,9.963369,14.376207,32.520718
1999-12-04,0.000000,Training,-0.710479,-0.425590,-0.072467,0.804495,2.510885,3.483147,5.614039,11.253209,28.251255,42.909599,99.988037
1999-12-05,0.000000,Training,-0.593893,-0.191199,0.247577,1.409532,2.940297,4.164794,5.933320,10.509252,23.266479,31.993431,72.956818
1999-12-06,22.547796,Training,-0.578268,-0.270389,0.026063,0.680645,1.391642,2.016516,2.798486,4.777216,9.972286,13.784845,30.778318
1999-12-07,0.161056,Training,-0.556291,-0.286667,-0.043390,0.471446,0.977851,1.419426,1.983227,3.337222,6.597367,9.116001,20.077377
1999-12-08,0.161056,Training,-0.530970,-0.278967,-0.098936,0.327755,0.723903,1.074923,1.511944,2.537778,4.752203,6.374691,14.045515
1999-12-09,0.161056,Training,-0.533905,-0.287601,-0.132477,0.276912,0.631172,0.944738,1.350995,2.284903,4.243176,5.680052,12.565119
1999-12-10,0.161056,Training,-0.531650,-0.296808,-0.147676,0.235031,0.555326,0.853976,1.217319,2.079357,3.832324,5.085729,11.290549
1999-12-11,0.322111,Training,-0.534228,-0.306230,-0.167101,0.196570,0.493517,0.774100,1.108255,1.916564,3.528840,4.665575,10.463979
1999-12-12,0.161056,Training,-0.558633,-0.343594,-0.197736,0.164513,0.460858,0.722107,1.059540,1.862777,3.594170,4.950093,11.286745
1999-12-13,0.000000,Training,-0.606592,-0.415137,-0.264016,0.073571,0.363007,0.608369,0.921873,1.709559,3.658959,5.270235,12.832276
1999-12-14,0.000000,Training,-0.648049,-0.456524,-0.319288,0.025601,0.335048,0.600122,0.951514,1.829438,4.103535,6.149038,15.320780
1999-12-15,0.000000,Training,-0.616533,-0.399634,-0.247442,0.135741,0.445205,0.755651,1.101404,2.012126,4.186931,5.894039,14.094885
1999-12-16,0.000000,Training,-0.571161,-0.373988,-0.208939,0.125920,0.486354,0.815710,1.126920,1.959590,3.808579,5.329375,12.921042
1999-12-17,0.000000,Training,-0.559190,-0.348413,-0.171218,0.198960,0.581165,0.923316,1.257234,2.144320,4.013286,5.516964,12.879445
1999-12-18,0.000000,Training,-0.538840,-0.340109,-0.209257,0.070586,0.343755,0.602609,0.849736,1.532721,2.904922,3.943927,9.385756
1999-12-19,0.000000,Training,-0.518865,-0.321579,-0.224355,0.007905,0.201935,0.407265,0.599022,1.163710,2.251380,3.003155,7.359208
1999-12-20,0.000000,Training,-0.520482,-0.324329,-0.223742,0.013937,0.190931,0.385544,0.573463,1.136224,2.244308,3.048388,7.421270
1999-12-21,0.000000,Training,-0.527606,-0.328947,-0.227958,0.020202,0.207231,0.413919,0.605812,1.190247,2.318714,3.096995,7.512825
1999-12-22,0.000000,Training,-0.519840,-0.328488,-0.227969,-0.001316,0.192059,0.396390,0.575862,1.129620,2.189558,2.927397,7.217487
1999-12-23,0.000000,Training,-0.493499,-0.308485,-0.225605,-0.042910,0.115472,0.290290,0.430441,0.896052,1.760906,2.343043,6.043941
1999-12-24,0.000000,Training,-0.497075,-0.306845,-0.225200,-0.031546,0.120478,0.293873,0.437728,0.913938,1.800765,2.388386,6.098949
1999-12-25,0.000000,Training,-0.498828,-0.307218,-0.223558,-0.022476,0.123245,0.292752,0.437814,0.919630,1.825574,2.443578,6.187434
1999-12-26,0.000000,Training,-0.502343,-0.317343,-0.224100,-0.029070,0.117782,0.284105,0.424816,0.901536,1.838447,2.520589,6.399904
1999-12-27,0.000000,Training,-0.507719,-0.325669,-0.229799,-0.036357,0.112829,0.277980,0.416876,0.892070,1.853688,2.568993,6.575325
1999-12-28,0.000000,Training,-0.504638,-0.328701,-0.229267,-0.054860,0.086754,0.246573,0.368459,0.818635,1.753740,2.441732,6.421085
1999-12-29,0.000000,Training,-0.571916,-0.402751,-0.308275,-0.079552,0.114650,0.312909,0.500987,1.094478,2.494756,3.738362,9.796982
1999-12-30,0.000000,Training,-0.609417,-0.410560,-0.285899,-0.002186,0.217818,0.481114,0.679605,1.369149,3.038807,4.289162,11.134845
1999-12-31,0.000000,Training,-0.578134,-0.382594,-0.258261,0.009949,0.228003,0.478008,0.674729,1.339039,2.846757,3.970097,9.913492
2000-01-01,0.000000,Test,-0.549094,-0.358311,-0.247383,-0.003882,0.195321,0.415713,0.591197,1.185391,2.406868,3.291955,8.180531
2000-01-02,0.000000,Test,-0.482169,-0.301768,-0.220254,-0.051720,0.099929,0.267237,0.391607,0.835019,1.656569,2.216869,5.810332
2000-01-03,0.000000,Test,-0.467549,-0.297002,-0.215317,-0.066348,0.086343,0.250810,0.364235,0.781463,1.529818,2.050818,5.479753
2000-01-04,0.000000,Test,-0.465545,-0.282172,-0.208746,-0.047389,0.087485,0.241911,0.358464,0.779381,1.526544,2.016585,5.297636
2000-01-05,0.000000,Test,-0.468782,-0.286493,-0.214978,-0.054416,0.086970,0.241598,0.359558,0.778667,1.522312,2.019143,5.324106
2000-01-06,0.000000,Test,-0.522743,-0.332051,-0.265685,-0.046914,0.129942,0.309705,0.474793,0.996425,2.063870,2.886302,7.455400
2000-01-07,0.000000,Test,-0.547908,-0.352222,-0.247131,-0.034941,0.150716,0.361554,0.505428,1.050056,2.258740,3.132473,8.264608
2000-01-08,0.000000,Test,-0.518127,-0.331730,-0.228402,-0.035792,0.144929,0.341428,0.480891,0.995211,2.067328,2.844511,7.341322
2000-01-09,0.000000,Test,-0.534206,-0.338468,-0.247631,-0.020109,0.168141,0.362963,0.526871,1.080179,2.201213,3.030442,7.651691
2000-01-10,0.000000,Test,-0.512355,-0.329315,-0.229702,-0.035254,0.147836,0.341138,0.483753,0.996069,1.985726,2.708489,6.876717
2000-01-11,0.000000,Test,-0.501491,-0.319796,-0.223208,-0.034479,0.142441,0.328960,0.468521,0.966796,1.903226,2.578071,6.522678
2000-01-12,0.000000,Test,-0.505024,-0.320148,-0.223714,-0.024065,0.151002,0.338208,0.482556,0.993695,1.944070,2.620945,6.553152
2000-01-13,0.000000,Test,-0.554077,-0.379542,-0.288220,-0.061083,0.192132,0.426746,0.625333,1.221338,2.521019,3.629944,9.256990
2000-01-14,36.237530,Test,-0.585107,-0.396477,-0.261696,-0.027230,0.244964,0.512895,0.694923,1.347375,2.902523,4.188098,10.916492
2000-01-15,0.161056,Test,-0.667637,-0.430499,-0.296414,0.106987,0.784193,1.392643,1.871444,3.388986,8.521203,13.189815,35.881447
2000-01-16,65.549665,Test,0.012204,1.378793,2.202652,7.862875,18.788177,24.814102,35.148640,65.674660,127.991051,160.354080,368.708038
2000-01-17,33.338527,Test,2.076588,5.488883,7.111627,21.719532,43.400185,51.820480,68.535934,114.204155,186.865433,231.043900,455.914520
2000-01-18,12.401288,Test,1.993157,4.638285,6.771334,16.446718,27.067957,35.396843,41.723873,62.768192,96.106552,118.229912,248.561646
2000-01-19,6.281172,Test,0.675578,1.966622,3.345400,7.237003,11.399647,15.440879,18.264324,26.552227,43.096401,54.188915,120.307167
2000-01-20,4.026392,Test,0.086012,0.811124,1.685028,3.502025,5.627478,7.572798,9.239989,13.162931,22.070253,28.616634,64.309570
2000-01-21,2.737947,Test,-0.154036,0.388092,1.007361,2.286939,3.705134,4.968480,6.188194,9.037300,15.297374,19.876202,43.477379
2000-01-22,2.093724,Test,-0.240767,0.183680,0.694394,1.642056,2.769418,3.764001,4.640551,6.828755,11.453991,15.046621,33.158852
2000-01-23,1.771613,Test,-0.290657,0.073845,0.518421,1.318281,2.277573,3.123842,3.840825,5.696211,9.486893,12.512567,27.822632
2000-01-24,1.449501,Test,-0.331398,-0.005082,0.390602,1.097282,1.938874,2.680084,3.303004,4.941991,8.221404,10.882091,24.448853
2000-01-25,1.288446,Test,-0.449998,-0.160204,0.138676,0.729397,1.410747,1.972927,2.510239,3.931760,6.870206,9.333939,20.925062
2000-01-26,0.966334,Test,-0.503573,-0.206950,0.068625,0.682635,1.329753,1.863263,2.428481,3.908458,7.128848,9.797837,21.980223
2000-01-27,1.288446,Test,-0.585226,-0.206916,0.064717,0.988381,1.999767,2.865147,3.939452,6.618850,13.961992,20.155052,48.507942
2000-01-28,2.093724,Test,-0.587387,-0.211814,0.179632,1.170090,2.279541,3.324790,4.353030,7.450145,15.707916,22.440756,53.328259
2000-01-29,1.932668,Test,-0.554351,-0.234752,0.116048,0.881809,1.658648,2.390931,3.109377,5.266505,10.594510,15.141771,34.264408
2000-01-30,1.449501,Test,-0.527196,-0.238797,0.079634,0.749687,1.380270,1.965329,2.552950,4.249938,8.087699,11.345849,25.211962
2000-01-31,1.288446,Test,-0.521276,-0.262958,0.036744,0.629005,1.174203,1.668349,2.165065,3.627524,6.836985,9.648525,21.101110
2000-02-01,1.288446,Test,-0.612369,-0.399356,-0.172302,0.306825,0.766327,1.141941,1.590659,2.889003,6.190856,9.603155,22.576487
2000-02-02,0.000000,Test,-0.599939,-0.370163,-0.100879,0.438374,0.919097,1.387936,1.822370,3.216743,6.701186,10.074297,23.295500
2000-02-03,0.000000,Test,-0.587661,-0.394255,-0.187733,0.188297,0.499866,0.817990,1.087578,2.044791,4.291304,6.384473,14.643508
2000-02-04,0.805278,Test,-0.550450,-0.370806,-0.221023,0.050284,0.261189,0.486863,0.661440,1.332799,2.758781,3.993831,9.491686
2000-02-05,0.644223,Test,-0.480303,-0.300001,-0.203147,-0.010142,0.138670,0.303727,0.423507,0.904470,1.783087,2.458734,6.145482
2000-02-06,0.644223,Test,-0.473416,-0.291362,-0.200482,-0.010537,0.133294,0.295352,0.412590,0.882188,1.712399,2.331360,5.832265
2000-02-07,0.644223,Test,-0.471108,-0.289358,-0.199054,-0.010729,0.131060,0.291934,0.407396,0.872046,1.684892,2.289747,5.725024
2000-02-08,0.483167,Test,-0.470619,-0.288370,-0.199477,-0.012063,0.128594,0.289204,0.403484,0.864218,1.662059,2.248744,5.629408
2000-02-09,0.483167,Test,-0.471183,-0.294490,-0.198187,-0.015804,0.126193,0.284520,0.396258,0.853820,1.666718,2.296744,5.755512
2000-02-10,0.483167,Test,-0.471584,-0.300577,-0.198564,-0.025908,0.116412,0.272350,0.378364,0.827006,1.647701,2.296148,5.823236
2000-02-11,0.322111,Test,-0.472753,-0.299527,-0.200034,-0.022317,0.119638,0.276511,0.385185,0.836532,1.648250,2.285173,5.757006
2000-02-12,0.322111,Test,-0.480569,-0.303908,-0.204599,-0.014344,0.130054,0.292446,0.406105,0.873260,1.711074,2.364799,5.887530
2000-02-13,0.322111,Test,-0.481915,-0.309571,-0.206146,-0.023463,0.120448,0.280826,0.389077,0.848476,1.693324,2.364723,5.939455
2000-02-14,0.322111,Test,-0.477621,-0.301348,-0.204630,-0.020156,0.120762,0.279541,0.389469,0.843375,1.651441,2.277205,5.700559
2000-02-15,0.161056,Test,-0.419835,-0.251172,-0.172814,-0.054448,0.058975,0.180294,0.258917,0.605061,1.176056,1.609120,4.360707
2000-02-16,0.161056,Test,-0.420242,-0.247221,-0.173749,-0.048538,0.063857,0.186949,0.268537,0.618567,1.177178,1.588556,4.270068
2000-02-17,0.161056,Test,-0.422490,-0.248786,-0.175377,-0.048289,0.064483,0.188573,0.270558,0.622925,1.186232,1.601611,4.297456
2000-02-18,0.161056,Test,-0.430327,-0.260137,-0.179704,-0.052554,0.064459,0.191026,0.272781,0.631849,1.232287,1.692090,4.533279
2000-02-19,0.161056,Test,-0.450825,-0.278940,-0.192557,-0.045603,0.079240,0.216972,0.306776,0.696557,1.372366,1.898154,4.967743
2000-02-20,0.161056,Test,-0.394602,-0.227168,-0.154732,-0.056912,0.047798,0.155395,0.225254,0.535782,1.027274,1.404195,3.916511
2000-02-21,0.161056,Test,-0.393234,-0.223395,-0.154227,-0.053625,0.049517,0.157297,0.227871,0.538540,1.018870,1.381292,3.842263
2000-02-22,0.161056,Test,-0.392673,-0.225074,-0.153229,-0.056747,0.046963,0.153602,0.222201,0.530045,1.016171,1.390470,3.888934
2000-02-23,0.161056,Test,-0.393288,-0.231321,-0.153520,-0.072690,0.029796,0.132858,0.191904,0.488942,0.991340,1.376253,3.995257
2000-02-24,0.483167,Test,-0.391943,-0.230865,-0.152861,-0.074836,0.026835,0.128542,0.186545,0.480401,0.978699,1.359189,3.968902
2000-02-25,0.322111,Test,-0.388970,-0.224839,-0.150755,-0.063471,0.039063,0.142223,0.206654,0.505023,0.986025,1.359672,3.865336
2000-02-26,0.000000,Test,-0.385984,-0.221027,-0.148498,-0.062169,0.039122,0.141148,0.205129,0.500421,0.972371,1.340220,3.817639
2000-02-27,0.000000,Test,-0.382826,-0.218052,-0.145647,-0.062380,0.038244,0.138879,0.201909,0.493082,0.959185,1.323931,3.790346
2000-02-28,0.000000,Test,-0.381260,-0.217059,-0.144458,-0.064469,0.035434,0.134695,0.196004,0.483438,0.947403,1.311123,3.782158
2000-02-29,0.000000,Test,-0.381958,-0.219438,-0.145332,-0.072674,0.025386,0.122549,0.178772,0.460487,0.928725,1.291134,3.808069
2000-03-01,0.000000,Test,-0.380862,-0.211842,-0.145132,-0.054548,0.043650,0.144759,0.210571,0.503215,0.949901,1.296654,3.667446
2000-03-02,0.000000,Test,-0.378792,-0.211962,-0.142896,-0.059560,0.038335,0.137140,0.199336,0.485625,0.935399,1.291198,3.701297
2000-03-03,0.000000,Test,-0.378093,-0.213524,-0.141784,-0.065636,0.032059,0.129179,0.187487,0.468535,0.925170,1.286097,3.749069
2000-03-04,0.000000,Test,-0.378064,-0.214979,-0.142287,-0.075107,0.019858,0.113697,0.166342,0.439495,0.896754,1.252471,3.754296
2000-03-05,0.000000,Test,-0.376934,-0.213940,-0.141568,-0.074421,0.020333,0.113803,0.166691,0.438867,0.892493,1.246524,3.731214
2000-03-06,0.000000,Test,-0.374174,-0.210804,-0.139576,-0.074563,0.018846,0.110724,0.162837,0.431213,0.876472,1.224294,3.683086
2000-03-07,0.000000,Test,-0.371183,-0.207397,-0.137109,-0.081101,0.007755,0.095328,0.142854,0.401207,0.834586,1.167835,3.614190
2000-03-08,0.000000,Test,-0.370292,-0.205305,-0.135349,-0.087940,-0.004779,0.078881,0.122778,0.371030,0.788423,1.105323,3.513368
2000-03-09,0.000000,Test,-0.366941,-0.201181,-0.132310,-0.088933,-0.008329,0.072830,0.115913,0.357935,0.761946,1.067986,3.427933
2000-03-10,0.000000,Test,-0.361210,-0.194439,-0.127459,-0.088062,-0.009861,0.068313,0.110855,0.345950,0.734007,1.028227,3.331555
2000-03-11,0.000000,Test,-0.345553,-0.180193,-0.116590,-0.066629,0.018816,0.098512,0.149226,0.389123,0.766925,1.069461,3.294353
2000-03-12,0.000000,Test,-0.340969,-0.171398,-0.119358,-0.050469,0.039676,0.117985,0.177934,0.425240,0.788564,1.112054,3.303480
2000-03-13,0.000000,Test,-0.344621,-0.172689,-0.112528,-0.054780,0.033270,0.113436,0.165676,0.405230,0.780385,1.103644,3.363205
2000-03-14,0.000000,Test,-0.351174,-0.180091,-0.115675,-0.077887,0.001517,0.076212,0.117437,0.342228,0.720279,1.027373,3.366765
2000-03-15,0.000000,Test,-0.357509,-0.185976,-0.120941,-0.083249,-0.005030,0.069422,0.110565,0.335703,0.717367,1.025040,3.371899
2000-03-16,0.000000,Test,-0.349822,-0.178269,-0.116250,-0.079759,-0.002561,0.069677,0.111578,0.333835,0.703271,1.000632,3.286281
2000-03-17,0.000000,Test,-0.338488,-0.166339,-0.107307,-0.074219,0.001069,0.069650,0.112273,0.327830,0.678241,0.962290,3.171961
2000-03-18,0.000000,Test,-0.332615,-0.157121,-0.100270,-0.075267,-0.005902,0.057565,0.098843,0.301868,0.628475,0.893485,3.024559
2000-03-19,0.000000,Test,-0.321964,-0.149781,-0.095588,-0.062233,0.013576,0.078085,0.123771,0.332804,0.662337,0.940357,3.069783
2000-03-20,0.000000,Test,-0.315251,-0.142262,-0.088486,-0.052017,0.024282,0.089496,0.137739,0.345938,0.663471,0.940327,3.004491
2000-03-21,0.000000,Test,-0.325134,-0.158305,-0.102304,-0.030782,0.060630,0.133191,0.187438,0.415288,0.767442,1.150163,3.454587
2000-03-22,0.000000,Test,-0.459584,-0.186047,-0.082579,0.209218,0.421196,0.642151,0.644124,1.149822,2.362027,3.434151,9.262576
2000-03-23,0.000000,Test,-0.541065,-0.222692,-0.134050,0.174826,0.507262,0.820471,0.933693,1.870595,4.262818,5.844021,16.435810
2000-03-24,0.000000,Test,-0.464984,-0.212208,-0.134592,0.067196,0.263248,0.452483,0.531192,1.085319,2.259708,3.192599,8.532935
2000-03-25,0.000000,Test,-0.420936,-0.180428,-0.115230,0.065815,0.243090,0.397832,0.494481,0.978634,1.939388,2.803400,7.249912
2000-03-26,0.000000,Test,-0.399938,-0.188478,-0.110699,0.031675,0.168447,0.303402,0.386630,0.785700,1.566156,2.276589,6.044080
2000-03-27,0.000000,Test,-0.385385,-0.186069,-0.110023,0.009275,0.128253,0.250102,0.324540,0.684542,1.406914,2.064126,5.703302
2000-03-28,0.000000,Test,-0.389291,-0.187457,-0.123819,0.025208,0.142241,0.269678,0.362875,0.744121,1.434935,2.047561,5.370959
2000-03-29,0.000000,Test,-0.401845,-0.196610,-0.141069,0.021666,0.134532,0.268486,0.367908,0.758390,1.439038,2.000604,5.193901
2000-03-30,0.000000,Test,-0.420846,-0.221217,-0.167006,0.008114,0.132191,0.257240,0.357303,0.759542,1.511920,2.235585,5.879817
2000-03-31,0.000000,Test,-0.419714,-0.222881,-0.152246,-0.008192,0.100901,0.227388,0.298637,0.663056,1.372445,2.029802,5.576311
2000-04-01,0.000000,Training,-0.439807,-0.224381,-0.165084,0.053311,0.191523,0.341871,0.420501,0.853725,1.757315,2.683821,6.925890
2000-04-02,0.000000,Training,-0.513139,0.131541,0.410419,1.762508,3.205047,4.460482,4.639684,8.484356,19.720310,27.635778,63.568405
2000-04-03,0.000000,Training,-0.613775,-0.186165,0.022893,0.810734,1.750176,2.514268,2.996245,5.907441,13.737472,19.180401,46.589680
2000-04-04,0.000000,Training,-0.575888,-0.264341,-0.109997,0.324257,0.702530,1.089912,1.286709,2.480535,5.448574,7.839254,18.911766
2000-04-05,0.000000,Training,-0.522803,-0.253897,-0.108760,0.220749,0.484164,0.765312,0.942382,1.770144,3.669057,5.298362,12.529775
2000-04-06,0.000000,Training,-0.526793,-0.289286,-0.133238,0.193536,0.426663,0.682675,0.873926,1.651251,3.385757,5.014518,11.657701
2000-04-07,0.000000,Training,-0.605162,-0.351514,-0.182007,0.251558,0.578693,0.908627,1.177578,2.279623,5.131813,8.229167,19.822716
2000-04-08,0.000000,Training,0.343014,2.875510,4.405503,16.517771,28.199579,38.382385,43.173546,76.334450,138.802704,179.084641,309.567352
2000-04-09,0.000000,Training,0.369073,2.097098,3.522495,10.840147,25.305136,28.723906,37.358772,70.808884,119.916534,171.706223,332.462677
2000-04-10,0.000000,Training,-0.430699,0.176398,0.721179,2.386080,4.578530,6.032443,7.233326,13.464349,27.555647,40.268555,88.157829
2000-04-11,0.000000,Training,-0.514156,-0.144973,0.214653,0.968723,1.703469,2.390398,2.842202,5.106976,10.615028,15.819247,35.382038
2000-04-12,0.000000,Training,-0.540156,-0.254458,-0.021551,0.470102,0.854909,1.254153,1.565983,2.783842,5.635052,8.339403,18.718670
2000-04-13,36.237530,Training,-0.572184,-0.291159,-0.121396,0.360184,0.714058,1.053334,1.369469,2.513195,5.311831,8.196809,18.974142
2000-04-14,0.000000,Training,-0.691908,-0.361156,-0.120192,0.650195,1.401114,2.104628,2.628409,5.234850,12.284229,19.459568,47.883545
2000-04-15,4.509559,Training,0.563382,3.512805,5.041402,18.694342,32.641502,43.085396,49.200901,86.227020,148.354614,186.485779,306.427704
2000-04-16,14.495012,Training,0.775229,3.117319,4.242235,13.129940,26.113287,31.312897,38.962627,65.586899,104.322060,136.275085,257.693298
2000-04-17,4.187448,Training,-0.151396,0.795965,1.670537,4.719666,8.880507,11.447427,13.648301,23.439194,41.847294,60.165627,128.094147
2000-04-18,2.254780,Training,-0.436215,0.061012,0.649513,2.002936,3.528145,4.782566,5.675664,9.775311,19.185799,29.178896,66.543243
2000-04-19,1.610557,Training,-0.513513,-0.150259,0.330400,1.253466,2.140458,3.008853,3.535458,5.991366,11.863034,18.570459,44.446049
2000-04-20,1.127390,Training,-0.550972,-0.278431,0.021526,0.597425,1.042552,1.514538,1.851693,3.227103,6.595782,10.208950,23.589493
2000-04-21,0.805278,Training,-0.559605,-0.328235,-0.135128,0.251602,0.488405,0.772548,0.958208,1.802194,3.839061,5.985872,14.237279
2000-04-22,0.805278,Training,-0.546939,-0.296550,-0.190961,0.179114,0.363908,0.596770,0.767662,1.479072,3.200375,5.018342,12.163146
2000-04-23,0.644223,Training,-0.541283,-0.304663,-0.182364,0.120847,0.268933,0.486735,0.584750,1.194636,2.642146,4.086138,10.364799
2000-04-24,0.483167,Training,-0.501077,-0.278632,-0.170830,0.078477,0.190721,0.373649,0.442674,0.936583,2.079923,3.227094,8.359670
2000-04-25,0.483167,Training,-0.522495,-0.293368,-0.197003,0.088674,0.214666,0.399208,0.497837,1.023348,2.219354,3.429984,8.660722
2000-04-26,0.483167,Training,-0.522851,-0.274698,-0.214290,0.091591,0.220834,0.409963,0.508140,1.024271,2.237721,3.476485,8.795940
2000-04-27,0.322111,Training,-0.531160,-0.275800,-0.209002,0.058727,0.186927,0.374431,0.438039,0.929371,2.059399,3.099049,8.236299
2000-04-28,0.322111,Training,-0.472621,-0.235998,-0.169109,0.043244,0.140184,0.294621,0.344780,0.742181,1.595408,2.381297,6.369294
2000-04-29,0.322111,Training,-0.515113,-0.255388,-0.198670,0.091924,0.204718,0.409245,0.448066,0.901169,2.008895,3.182248,8.270597
2000-04-30,1.610557,Training,-0.341021,0.805610,1.386160,4.735507,7.368865,10.326167,10.617226,16.817770,33.794331,46.211151,91.334602
2000-05-01,23.836242,Training,-0.500415,0.419867,0.840212,3.585468,7.817262,10.074562,12.194008,23.752720,48.487648,69.376762,147.152634
2000-05-02,8.213840,Training,-0.597430,-0.196463,0.087498,0.838881,1.516029,2.103227,2.302253,4.378348,9.462549,14.725224,35.007042
2000-05-03,4.187448,Training,-0.620612,-0.270798,-0.056797,0.516578,0.949533,1.369221,1.497305,2.936322,6.623131,10.810852,26.556454
2000-05-04,3.865337,Training,-0.363838,0.740319,1.317122,4.652452,6.753916,9.238464,9.345078,15.904012,33.831871,50.595196,97.895943
2000-05-05,25.768910,Training,-0.504915,0.351229,0.867551,3.468660,7.552485,9.347252,10.924292,22.937391,49.120033,76.023193,161.830597
2000-05-06,33.016416,Training,-0.267690,1.102683,1.840254,6.597855,12.689691,15.851992,18.100491,34.614555,69.379631,101.574280,183.640244
2000-05-07,51.054653,Training,-0.152068,1.279761,2.176798,7.598557,15.902066,19.036242,22.576994,44.895233,86.556297,130.723404,248.036011
2000-05-08,21.420406,Training,-0.222819,1.027371,1.885695,6.572775,13.809629,16.599394,20.145794,38.401711,70.486008,106.739960,212.712921
2000-05-09,72.152948,Training,0.211726,2.140443,3.341271,11.608798,22.530798,27.288109,33.218391,58.334576,98.380592,140.655518,255.024841
2000-05-10,85.198459,Training,0.736313,3.251623,4.860211,15.729003,30.790245,36.380962,44.709080,74.126335,114.456406,161.253265,293.188354
2000-05-11,36.237530,Training,-0.198460,0.827172,1.764097,5.113669,9.327754,11.846794,13.677360,23.217388,41.151531,61.251404,131.482315
2000-05-12,14.495012,Training,-0.450469,0.132104,0.792987,2.430319,3.943274,5.389255,5.867397,9.851245,18.291586,29.351456,66.885719
2000-05-13,7.891729,Training,-0.474470,0.029131,0.595668,1.899724,2.902063,4.173246,4.552854,7.221583,13.422920,20.971458,49.850597
2000-05-14,4.992726,Training,-0.594981,-0.208822,0.131234,0.982885,1.357226,2.084961,2.188839,3.617471,7.198753,11.871486,27.946449
2000-05-15,3.382169,Training,-0.571412,-0.268579,-0.128428,0.281494,0.345896,0.595675,0.627450,1.156151,2.521316,4.264332,10.355076
2000-05-16,2.576891,Training,-0.501393,-0.224623,-0.146219,0.123963,0.157244,0.313879,0.341677,0.701664,1.574092,2.567453,6.813519
2000-05-17,2.093724,Training,-0.463409,-0.185107,-0.138768,0.085409,0.100308,0.223495,0.242321,0.525620,1.193529,1.938623,5.450749
2000-05-18,1.610557,Training,-0.439240,-0.159133,-0.131142,0.059023,0.060846,0.162629,0.174507,0.404938,0.936320,1.521132,4.515829
2000-05-19,1.288446,Training,-0.396848,-0.128611,-0.113711,0.028557,0.029967,0.109219,0.120093,0.310053,0.726026,1.168368,3.737095
2000-05-20,1.127390,Training,-0.364218,-0.109756,-0.104673,0.010786,0.020490,0.086192,0.102331,0.275748,0.643932,1.023332,3.410317
2000-05-21,0.805278,Training,-0.340695,-0.090591,-0.104723,0.014513,0.015746,0.067468,0.079694,0.215387,0.506116,0.889799,3.147204
2000-05-22,0.805278,Training,-0.389883,-0.117458,-0.109903,0.009405,0.008314,0.070580,0.068768,0.209911,0.536110,0.929616,3.324125
2000-05-23,0.644223,Training,-0.359426,-0.097343,-0.086172,0.055488,0.022994,0.082720,0.068400,0.155910,0.354183,0.746119,2.902358
2000-05-24,0.483167,Training,-0.464826,-0.174958,-0.148429,0.007402,-0.004215,0.075048,0.044544,0.145795,0.366306,0.773566,3.273455
2000-05-25,0.483167,Training,-0.401130,-0.130302,-0.082794,0.012170,0.026147,0.089331,0.081641,0.200058,0.463315,0.820141,3.231296
2000-05-26,0.483167,Training,-0.373855,-0.109288,-0.080629,-0.006939,-0.002025,0.041758,0.041616,0.133159,0.332198,0.622288,2.607247
2000-05-27,0.483167,Training,-0.339853,-0.084676,-0.060431,-0.013891,-0.008641,0.021063,0.028543,0.110075,0.275046,0.508423,2.250025
2000-05-28,0.483167,Training,-0.316305,-0.060609,-0.040816,-0.012835,-0.007737,0.007485,0.023800,0.091982,0.215255,0.406914,1.946193
2000-05-29,0.483167,Training,-0.338140,-0.066229,-0.043402,-0.021832,-0.021884,-0.016172,0.003200,0.053258,0.128965,0.274598,1.571997
2000-05-30,0.322111,Training,-0.349645,-0.065887,-0.044340,-0.020012,-0.026806,-0.024631,-0.006853,0.031480,0.083272,0.212793,1.407522
2000-05-31,0.322111,Training,-0.348917,-0.063542,-0.043423,-0.019447,-0.028508,-0.027525,-0.010605,0.024606,0.070814,0.196422,1.368287
2000-06-01,0.161056,Training,-0.334605,-0.057757,-0.037439,-0.021459,-0.026674,-0.027103,-0.007888,0.030156,0.082075,0.209428,1.402866
2000-06-02,0.000000,Training,-0.325603,-0.053717,-0.033307,-0.021790,-0.025423,-0.026736,-0.006568,0.032639,0.086354,0.213950,1.412729
2000-06-03,0.000000,Training,-0.359798,-0.066594,-0.059039,-0.024627,-0.035033,-0.037906,-0.020088,0.008914,0.049132,0.180020,1.335768
2000-06-04,0.000000,Training,-0.360807,-0.075406,-0.069940,-0.029396,-0.035476,-0.037804,-0.018190,0.011865,0.055449,0.209821,1.433588
2000-06-05,0.000000,Training,-0.319123,-0.057220,-0.033042,-0.022311,-0.014008,-0.012675,0.008186,0.055974,0.133517,0.289461,1.642274
2000-06-06,0.000000,Training,-0.342725,-0.066050,-0.043577,-0.023249,-0.026776,-0.024035,-0.007117,0.030518,0.091209,0.231350,1.479793
2000-06-07,0.000000,Training,-0.337479,-0.060738,-0.042465,-0.022414,-0.030945,-0.029209,-0.014735,0.019925,0.077346,0.212243,1.429834
2000-06-08,0.000000,Training,-0.320431,-0.045543,-0.036533,-0.015113,-0.029125,-0.027160,-0.015060,0.016872,0.078191,0.219240,1.464490
2000-06-09,0.000000,Training,-0.266376,-0.027169,-0.006495,-0.014861,-0.004346,-0.011111,0.013076,0.057651,0.128544,0.272680,1.557891
2000-06-10,0.000000,Training,-0.256832,-0.013910,-0.002434,-0.008827,-0.006838,-0.015613,0.005474,0.039847,0.102862,0.246577,1.517370
2000-06-11,0.000000,Training,-0.281996,-0.026933,-0.011472,-0.013025,-0.016598,-0.023869,-0.004298,0.026716,0.077703,0.210521,1.421112
2000-06-12,0.000000,Training,-0.330785,-0.056274,-0.034025,-0.023451,-0.030632,-0.033492,-0.016431,0.013925,0.056238,0.174919,1.316195
2000-06-13,0.000000,Training,-0.320129,-0.051436,-0.029803,-0.023996,-0.029016,-0.033285,-0.015144,0.016112,0.061319,0.182713,1.342774
2000-06-14,0.000000,Training,-0.328985,-0.056015,-0.033838,-0.024569,-0.031392,-0.034700,-0.017978,0.012376,0.055118,0.174266,1.320554
2000-06-15,0.000000,Training,-0.332265,-0.056920,-0.035154,-0.023966,-0.032320,-0.035128,-0.019279,0.009899,0.050933,0.169024,1.308735
2000-06-16,0.000000,Training,-0.337205,-0.058862,-0.037470,-0.023295,-0.033245,-0.035053,-0.020283,0.008213,0.048327,0.165860,1.302335
2000-06-17,0.000000,Training,-0.310843,-0.049314,-0.026356,-0.024770,-0.026016,-0.029992,-0.010413,0.025732,0.078597,0.203848,1.397446
2000-06-18,0.000000,Training,-0.291176,-0.041201,-0.017512,-0.022895,-0.018191,-0.023600,-0.001394,0.039704,0.100352,0.231827,1.463718
2000-06-19,0.000000,Training,-0.292512,-0.041078,-0.017798,-0.022760,-0.019156,-0.024578,-0.002485,0.037562,0.096482,0.226263,1.448589
2000-06-20,0.000000,Training,-0.302457,-0.044279,-0.021978,-0.023043,-0.023625,-0.028232,-0.007751,0.028679,0.082768,0.208626,1.407121
2000-06-21,0.000000,Training,-0.305420,-0.040907,-0.025175,-0.020905,-0.026273,-0.031858,-0.013160,0.016696,0.065961,0.192807,1.383287
2000-06-22,0.000000,Training,-0.302685,-0.038205,-0.021592,-0.018991,-0.026977,-0.033042,-0.016127,0.009938,0.054726,0.179211,1.354869
2000-06-23,0.000000,Training,-0.314843,-0.052597,-0.027113,-0.028048,-0.028677,-0.034009,-0.013602,0.020133,0.069252,0.190114,1.363743
2000-06-24,0.000000,Training,-0.335130,-0.060812,-0.036391,-0.027824,-0.034456,-0.037341,-0.020516,0.009121,0.051844,0.167662,1.309479
2000-06-25,0.000000,Training,-0.316773,-0.053928,-0.029243,-0.029082,-0.029033,-0.034109,-0.013237,0.021592,0.073274,0.195602,1.380477
2000-06-26,0.000000,Training,-0.306578,-0.050023,-0.024537,-0.028551,-0.025192,-0.031128,-0.008760,0.028870,0.084621,0.210380,1.416392
2000-06-27,0.000000,Training,-0.311643,-0.052046,-0.026264,-0.028822,-0.027807,-0.033168,-0.011942,0.023990,0.077117,0.200071,1.390463
2000-06-28,0.000000,Training,-0.322599,-0.055735,-0.030364,-0.028663,-0.031147,-0.035854,-0.016068,0.016013,0.063694,0.182454,1.348240
2000-06-29,0.000000,Training,-0.337828,-0.061211,-0.036406,-0.027449,-0.034506,-0.037656,-0.020534,0.007353,0.048307,0.162803,1.301525
2000-06-30,0.000000,Training,-0.338434,-0.062016,-0.037225,-0.028008,-0.034532,-0.037207,-0.019913,0.009061,0.052307,0.167815,1.316594
2000-07-01,0.000000,Training,-0.329008,-0.058653,-0.033159,-0.029056,-0.032193,-0.036052,-0.016625,0.014830,0.062524,0.180777,1.350200
2000-07-02,0.000000,Training,-0.311602,-0.051878,-0.025342,-0.028796,-0.026554,-0.032006,-0.009566,0.026456,0.080980,0.204280,1.406758
2000-07-03,0.000000,Training,-0.306837,-0.049862,-0.023198,-0.028543,-0.024679,-0.030544,-0.007116,0.030295,0.086795,0.211312,1.422472
2000-07-04,0.000000,Training,-0.308069,-0.050428,-0.023315,-0.028634,-0.025094,-0.030713,-0.007256,0.030011,0.086099,0.209534,1.417015
2000-07-05,0.000000,Training,-0.326241,-0.057572,-0.031000,-0.029425,-0.031137,-0.035327,-0.014472,0.017918,0.066791,0.184065,1.355757
2000-07-06,0.000000,Training,-0.328940,-0.058558,-0.032083,-0.029574,-0.031999,-0.036189,-0.015697,0.015602,0.063235,0.179749,1.347388
2000-07-07,0.000000,Training,-0.328702,-0.058649,-0.032074,-0.029835,-0.031852,-0.036041,-0.015362,0.016221,0.064813,0.181834,1.354861
2000-07-08,0.000000,Training,-0.336667,-0.062065,-0.035573,-0.029630,-0.033573,-0.036554,-0.017267,0.013055,0.059964,0.175399,1.340792
2000-07-09,0.000000,Training,-0.324716,-0.057147,-0.030356,-0.030002,-0.030502,-0.034863,-0.013271,0.019577,0.071310,0.190195,1.379485
2000-07-10,0.000000,Training,-0.314505,-0.053825,-0.025767,-0.030155,-0.026709,-0.031968,-0.008238,0.028176,0.084910,0.207216,1.419331
2000-07-11,0.000000,Training,-0.307392,-0.050901,-0.022409,-0.029588,-0.024024,-0.029750,-0.004881,0.033457,0.092999,0.217229,1.442692
2000-07-12,0.000000,Training,-0.333867,-0.062005,-0.034123,-0.030682,-0.032134,-0.034703,-0.013746,0.019365,0.071494,0.187918,1.372476
2000-07-13,0.000000,Training,-0.337855,-0.063400,-0.035544,-0.030572,-0.033006,-0.035463,-0.015043,0.016548,0.066798,0.182139,1.360961
2000-07-14,0.000000,Training,-0.351149,-0.068932,-0.040979,-0.029387,-0.035059,-0.036088,-0.018151,0.010520,0.056022,0.169123,1.332162
2000-07-15,0.000000,Training,-0.375725,-0.079379,-0.050059,-0.022964,-0.035388,-0.032915,-0.020071,0.003884,0.038991,0.150843,1.291792
2000-07-16,0.000000,Training,-0.353759,-0.071919,-0.043213,-0.031382,-0.034438,-0.034643,-0.015795,0.015214,0.067550,0.185070,1.382900
2000-07-17,0.000000,Training,-0.330631,-0.063164,-0.033577,-0.033013,-0.028702,-0.031629,-0.007744,0.029398,0.091714,0.215989,1.456818
2000-07-18,0.000000,Training,-0.321709,-0.058386,-0.030240,-0.033044,-0.026558,-0.031166,-0.005122,0.033519,0.097067,0.222005,1.465546
2000-07-19,0.000000,Training,-0.326563,-0.060599,-0.029994,-0.032369,-0.028291,-0.031378,-0.006913,0.030386,0.091031,0.211320,1.436426
2000-07-20,0.000000,Training,-0.333988,-0.063715,-0.032918,-0.032589,-0.030185,-0.032575,-0.009017,0.026391,0.084719,0.202598,1.416530
2000-07-21,0.000000,Training,-0.328708,-0.061682,-0.030568,-0.032843,-0.028763,-0.031862,-0.007117,0.029491,0.090150,0.209671,1.435228
2000-07-22,0.000000,Training,-0.313389,-0.055337,-0.023698,-0.031947,-0.023450,-0.028120,-0.000818,0.039515,0.105527,0.230145,1.484715
2000-07-23,0.000000,Training,-0.308069,-0.053273,-0.021285,-0.031416,-0.021115,-0.025861,0.002366,0.044715,0.113769,0.240327,1.508719
2000-07-24,0.000000,Training,-0.309539,-0.054035,-0.021712,-0.031657,-0.021338,-0.025785,0.002692,0.045145,0.114587,0.240571,1.509180
2000-07-25,0.000000,Training,-0.322803,-0.059604,-0.030455,-0.034552,-0.025045,-0.029509,-0.000596,0.039939,0.108815,0.234633,1.500517
2000-07-26,0.000000,Training,-0.316989,-0.057793,-0.024739,-0.032877,-0.022916,-0.026486,0.002008,0.044104,0.113940,0.238895,1.508266
2000-07-27,0.000000,Training,-0.333418,-0.065135,-0.031607,-0.034102,-0.027660,-0.029392,-0.002908,0.035804,0.101597,0.221384,1.468013
2000-07-28,0.000000,Training,-0.344318,-0.069941,-0.036046,-0.034304,-0.029980,-0.030530,-0.005565,0.030840,0.094110,0.211334,1.446756
2000-07-29,0.000000,Training,-0.345400,-0.070531,-0.036385,-0.034504,-0.029808,-0.030232,-0.005016,0.031488,0.095591,0.213206,1.454275
2000-07-30,0.000000,Training,-0.353075,-0.074266,-0.039579,-0.034241,-0.030420,-0.029509,-0.005163,0.030853,0.094989,0.212215,1.455208
2000-07-31,0.000000,Training,-0.362895,-0.078816,-0.043123,-0.033196,-0.030741,-0.028590,-0.005409,0.029048,0.091143,0.207599,1.447620
2000-08-01,0.000000,Training,-0.367590,-0.081408,-0.044909,-0.033064,-0.030419,-0.027593,-0.004452,0.029915,0.092766,0.210051,1.457802
2000-08-02,0.000000,Training,-0.367557,-0.081987,-0.044957,-0.033927,-0.029920,-0.026978,-0.002986,0.032331,0.097850,0.216462,1.476419
2000-08-03,0.000000,Training,-0.339442,-0.069750,-0.033352,-0.036325,-0.025573,-0.026160,0.003202,0.044484,0.119387,0.243764,1.539066
2000-08-04,0.000000,Training,-0.343873,-0.071368,-0.034315,-0.036159,-0.026385,-0.026565,0.002318,0.041909,0.114487,0.236180,1.519336
2000-08-05,0.000000,Training,-0.338282,-0.068352,-0.031390,-0.035942,-0.025272,-0.026225,0.003738,0.043648,0.117010,0.239051,1.525573
2000-08-06,0.000000,Training,-0.340326,-0.070219,-0.032169,-0.036716,-0.024974,-0.025475,0.005089,0.046059,0.121525,0.243924,1.537681
2000-08-07,0.000000,Training,-0.343159,-0.071759,-0.033176,-0.037048,-0.025035,-0.025070,0.005695,0.046631,0.123019,0.245386,1.543173
2000-08-08,0.000000,Training,-0.344319,-0.072469,-0.033369,-0.037368,-0.024736,-0.024716,0.006554,0.047461,0.124711,0.247418,1.550194
2000-08-09,0.000000,Training,-0.342336,-0.071675,-0.032240,-0.037642,-0.023878,-0.024275,0.007934,0.049179,0.127732,0.251532,1.562008
2000-08-10,0.000000,Training,-0.327531,-0.064962,-0.025736,-0.036886,-0.019641,-0.021923,0.012906,0.057067,0.139687,0.268525,1.602237
2000-08-11,0.000000,Training,-0.328115,-0.065295,-0.025775,-0.036994,-0.019374,-0.021326,0.013846,0.058138,0.142092,0.271402,1.611045
2000-08-12,0.000000,Training,-0.322147,-0.061960,-0.023065,-0.036133,-0.017520,-0.020111,0.015924,0.060566,0.146240,0.278155,1.630612
2000-08-13,0.000000,Training,-0.335721,-0.069537,-0.028898,-0.038448,-0.020429,-0.021197,0.014350,0.058308,0.144610,0.273373,1.621264
2000-08-14,0.000000,Training,-0.353676,-0.078351,-0.036381,-0.039318,-0.023066,-0.021427,0.012550,0.054020,0.139653,0.265787,1.610989
2000-08-15,0.000000,Training,-0.371473,-0.087404,-0.043007,-0.038449,-0.023235,-0.019826,0.013051,0.051648,0.135224,0.261062,1.610544
2000-08-16,0.000000,Training,-0.374160,-0.089353,-0.044456,-0.039341,-0.022868,-0.019160,0.014462,0.053452,0.140035,0.268273,1.636203
2000-08-17,0.000000,Training,-0.360925,-0.083486,-0.040284,-0.041663,-0.022207,-0.019603,0.016339,0.059047,0.152786,0.284957,1.677114
2000-08-18,0.000000,Training,-0.352159,-0.079467,-0.036690,-0.042067,-0.020816,-0.019052,0.018522,0.063265,0.159914,0.294021,1.696247
2000-08-19,0.000000,Training,-0.342893,-0.074991,-0.032661,-0.041937,-0.019002,-0.018288,0.020917,0.067453,0.166150,0.302076,1.712168
2000-08-20,0.000000,Training,-0.331717,-0.069765,-0.027821,-0.041196,-0.015862,-0.016551,0.024561,0.073262,0.174557,0.314286,1.739619
2000-08-21,0.000000,Training,-0.317066,-0.062696,-0.021249,-0.039279,-0.010909,-0.013421,0.029552,0.080606,0.184444,0.329435,1.774335
2000-08-22,0.000000,Training,-0.306934,-0.058014,-0.017092,-0.037725,-0.006679,-0.009912,0.034314,0.087874,0.195753,0.345604,1.813241
2000-08-23,0.000000,Training,-0.312884,-0.060710,-0.023546,-0.040716,-0.007810,-0.011835,0.034374,0.088038,0.199706,0.353824,1.843743
2000-08-24,0.000000,Training,-0.310788,-0.060682,-0.019707,-0.039513,-0.006991,-0.009497,0.035868,0.090390,0.203096,0.355950,1.847281
2000-08-25,0.000000,Training,-0.306376,-0.059067,-0.018457,-0.039293,-0.004928,-0.007781,0.038657,0.094676,0.210553,0.366665,1.874967
2000-08-26,0.000000,Training,-0.320399,-0.066634,-0.025712,-0.043394,-0.010521,-0.012018,0.034351,0.088714,0.205169,0.358147,1.862244
2000-08-27,0.000000,Training,-0.343514,-0.078397,-0.035896,-0.047660,-0.017289,-0.015973,0.029229,0.080123,0.196321,0.342668,1.835069
2000-08-28,0.000000,Training,-0.342743,-0.078331,-0.036170,-0.048606,-0.017472,-0.016467,0.029378,0.080575,0.198179,0.345681,1.846237
2000-08-29,0.000000,Training,-0.348402,-0.081706,-0.039318,-0.050185,-0.018716,-0.016926,0.029052,0.080141,0.200052,0.347813,1.858316
2000-08-30,0.000000,Training,-0.337823,-0.076990,-0.035701,-0.049721,-0.016405,-0.015662,0.031729,0.085403,0.208594,0.361194,1.890589
2000-08-31,0.000000,Training,-0.341945,-0.079732,-0.038508,-0.051172,-0.017343,-0.015658,0.032089,0.086480,0.213200,0.366813,1.909659
2000-09-01,0.000000,Training,-0.339408,-0.079278,-0.038490,-0.051753,-0.016705,-0.014854,0.033753,0.090033,0.220506,0.376944,1.936469
2000-09-02,0.000000,Training,-0.346133,-0.083371,-0.042314,-0.053708,-0.018363,-0.015463,0.033379,0.089783,0.223230,0.379471,1.948856
2000-09-03,0.000000,Training,-0.355902,-0.088909,-0.047149,-0.055798,-0.020157,-0.016110,0.032863,0.088561,0.224501,0.379831,1.958271
2000-09-04,0.000000,Training,-0.352569,-0.087861,-0.046699,-0.056566,-0.019910,-0.016248,0.033594,0.090603,0.228959,0.386531,1.976617
2000-09-05,0.000000,Training,-0.353360,-0.088944,-0.048089,-0.057793,-0.020217,-0.016488,0.034063,0.091871,0.232913,0.392015,1.994057
2000-09-06,0.000000,Training,-0.361071,-0.093535,-0.051809,-0.059405,-0.021311,-0.016670,0.034113,0.091485,0.234982,0.393598,2.005476
2000-09-07,0.000000,Training,-0.367838,-0.097671,-0.055195,-0.060777,-0.021835,-0.016669,0.034620,0.091605,0.237595,0.396640,2.021590
2000-09-08,0.000000,Training,-0.366987,-0.097927,-0.055920,-0.061856,-0.022183,-0.017082,0.034800,0.092743,0.241428,0.402259,2.039203
2000-09-09,0.000000,Training,-0.355097,-0.092587,-0.052513,-0.061856,-0.021458,-0.017202,0.035482,0.096342,0.247785,0.412900,2.061259
2000-09-10,0.000000,Training,-0.351426,-0.090743,-0.052352,-0.061907,-0.021457,-0.017207,0.035605,0.097095,0.251289,0.419786,2.082381
2000-09-11,0.000000,Training,-0.340771,-0.086782,-0.047659,-0.060886,-0.018091,-0.014905,0.039526,0.104551,0.259985,0.430712,2.099262
2000-09-12,0.000000,Training,-0.346001,-0.089882,-0.050823,-0.062330,-0.019521,-0.015366,0.039235,0.104433,0.262711,0.433030,2.109984
2000-09-13,0.000000,Training,-0.343724,-0.089304,-0.050727,-0.062312,-0.018774,-0.014207,0.040947,0.107914,0.269355,0.441857,2.132817
2000-09-14,0.000000,Training,-0.344440,-0.090569,-0.052091,-0.063052,-0.018823,-0.013443,0.042213,0.111066,0.276130,0.449799,2.153724
2000-09-15,0.000000,Training,-0.335206,-0.086822,-0.049322,-0.062218,-0.016349,-0.011658,0.044885,0.116568,0.284134,0.462300,2.181779
2000-09-16,0.000000,Training,-0.335204,-0.087618,-0.049973,-0.062763,-0.016473,-0.011209,0.045673,0.118702,0.288653,0.467364,2.194381
2000-09-17,0.000000,Training,-0.329682,-0.085505,-0.048679,-0.062401,-0.014794,-0.009884,0.047700,0.122696,0.294971,0.476670,2.216255
2000-09-18,0.000000,Training,-0.348421,-0.098283,-0.077419,-0.077531,-0.024929,-0.023583,0.039611,0.114844,0.295539,0.498213,2.319924
2000-09-19,0.000000,Training,-0.323431,-0.085126,-0.052633,-0.061903,-0.005420,-0.000749,0.059857,0.143607,0.336002,0.544436,2.414097
2000-09-20,0.000000,Training,-0.316116,-0.083946,-0.045780,-0.058438,-0.001553,0.005319,0.065665,0.152427,0.347839,0.555356,2.425026
2000-09-21,0.000000,Training,-0.334058,-0.095359,-0.056288,-0.065675,-0.011270,-0.002082,0.058173,0.144526,0.343426,0.546406,2.415617
2000-09-22,0.000000,Training,-0.341330,-0.098211,-0.060267,-0.068308,-0.016331,-0.006223,0.054258,0.139383,0.336080,0.531533,2.374333
2000-09-23,0.000000,Training,-0.335711,-0.094633,-0.061139,-0.068994,-0.016000,-0.007154,0.054526,0.141442,0.338465,0.535431,2.380287
2000-09-24,0.000000,Training,-0.337466,-0.096013,-0.059906,-0.068790,-0.017776,-0.007051,0.053566,0.140846,0.336435,0.527414,2.351466
2000-09-25,0.000000,Training,-0.338322,-0.096737,-0.060872,-0.069413,-0.018679,-0.007323,0.053644,0.141695,0.338209,0.527635,2.348621
2000-09-26,0.000000,Training,-0.342735,-0.099213,-0.063546,-0.071020,-0.020985,-0.008728,0.052269,0.140366,0.338050,0.524997,2.342052
2000-09-27,0.000000,Training,-0.333768,-0.095162,-0.060174,-0.069676,-0.018666,-0.007017,0.054380,0.144446,0.342186,0.531616,2.351988
2000-09-28,0.000000,Training,-0.337107,-0.114534,-0.101227,-0.096901,-0.034420,-0.027114,0.043449,0.135898,0.347466,0.595037,2.612156
2000-09-29,0.000000,Training,-0.348696,-0.113859,-0.090251,-0.076808,-0.002997,0.011256,0.079766,0.188325,0.448122,0.722706,2.968733
2000-09-30,0.000000,Training,-0.339457,-0.111681,-0.067743,-0.064271,0.008282,0.029999,0.097537,0.211337,0.479218,0.745012,2.977053
2000-10-01,0.000000,Training,-0.355521,-0.123326,-0.090375,-0.079568,-0.006940,0.012372,0.082786,0.197850,0.470091,0.741023,3.000358
2000-10-02,0.000000,Training,-0.360428,-0.125622,-0.083734,-0.078124,-0.013196,0.011665,0.078981,0.193289,0.459808,0.709087,2.886007
2000-10-03,0.000000,Training,-0.352795,-0.117428,-0.079084,-0.076754,-0.016296,0.006893,0.074513,0.186323,0.437873,0.668537,2.740237
2000-10-04,0.000000,Training,-0.353768,-0.117887,-0.081440,-0.078913,-0.021043,0.002989,0.069983,0.182246,0.430950,0.654010,2.688553
2000-10-05,0.000000,Training,-0.343707,-0.112278,-0.079459,-0.077611,-0.020666,0.003486,0.070114,0.184903,0.433459,0.656425,2.678160
2000-10-06,0.000000,Training,-0.345268,-0.112600,-0.086920,-0.080126,-0.027275,-0.000582,0.063518,0.178332,0.437546,0.672050,2.731994
2000-10-07,0.000000,Training,-0.326310,-0.100995,-0.069476,-0.073502,-0.017284,0.003334,0.069733,0.181752,0.416400,0.630029,2.586200
2000-10-08,0.000000,Training,-0.329869,-0.101800,-0.068779,-0.073875,-0.019144,0.001431,0.067905,0.178101,0.406436,0.610133,2.526156
2000-10-09,0.000000,Training,-0.332042,-0.102249,-0.069496,-0.074328,-0.020779,0.000583,0.066775,0.176156,0.403511,0.603956,2.509347
2000-10-10,0.000000,Training,-0.314825,-0.095352,-0.063354,-0.070038,-0.012441,0.008591,0.075293,0.189947,0.422435,0.632073,2.569872
2000-10-11,0.000000,Training,-0.331110,-0.117533,-0.108390,-0.098827,-0.034273,-0.015993,0.057333,0.174139,0.422480,0.680846,2.794783
2000-10-12,0.000000,Training,-0.317375,-0.103443,-0.071972,-0.060009,0.015044,0.044226,0.115658,0.251133,0.535134,0.802705,3.002224
2000-10-13,0.000000,Training,-0.308495,-0.102191,-0.066428,-0.050759,0.025868,0.059788,0.135551,0.278611,0.566230,0.839599,3.012915
2000-10-14,0.000000,Training,-0.321228,-0.114664,-0.079151,-0.061933,0.014148,0.050690,0.123988,0.272247,0.575874,0.851116,3.088166
2000-10-15,0.000000,Training,-0.352440,-0.143716,-0.128249,-0.083985,0.001438,0.043075,0.125449,0.290239,0.643763,0.984984,3.499091
2000-10-16,0.000000,Training,-0.397576,-0.181061,-0.144720,-0.097223,-0.019534,0.043143,0.112182,0.293267,0.733850,1.116959,3.998319
2000-10-17,0.000000,Training,-0.371938,-0.159596,-0.120415,-0.089747,-0.013829,0.039889,0.111889,0.279695,0.671229,1.009715,3.645595
2000-10-18,0.000000,Training,-0.352887,-0.143328,-0.098838,-0.081833,-0.004136,0.040267,0.113682,0.271513,0.620808,0.924085,3.403033
2000-10-19,0.000000,Training,-0.345503,-0.132356,-0.096647,-0.083408,-0.015601,0.025269,0.096074,0.245441,0.568763,0.847226,3.174645
2000-10-20,0.000000,Training,-0.436702,-0.213818,-0.185209,-0.105491,0.041606,0.117843,0.234365,0.486645,1.286611,2.134887,8.137978
2000-10-21,0.000000,Training,-0.510262,-0.243191,-0.169742,-0.020094,0.172672,0.332343,0.481012,0.896644,2.131739,3.038584,10.211646
2000-10-22,0.000000,Training,-0.433835,-0.194061,-0.124957,-0.042157,0.097812,0.209945,0.319499,0.621236,1.445644,2.121931,7.055480
2000-10-23,0.000000,Training,-0.435305,-0.203023,-0.137142,-0.075898,0.032477,0.127275,0.227492,0.477746,1.149088,1.701351,5.767774
2000-10-24,0.000000,Training,-0.401072,-0.180476,-0.132202,-0.079490,0.018359,0.095778,0.194276,0.421995,0.978778,1.434804,4.817636
2000-10-25,0.000000,Training,-0.393109,-0.175958,-0.138167,-0.083919,0.009491,0.081470,0.181333,0.405961,0.926720,1.346921,4.505829
2000-10-26,0.000000,Training,-0.376374,-0.167260,-0.122937,-0.077604,0.008514,0.081058,0.176688,0.395092,0.875265,1.248095,4.157305
2000-10-27,0.000000,Training,-0.377452,-0.171709,-0.129585,-0.083224,-0.000690,0.072661,0.167354,0.385554,0.851278,1.203872,4.006855
2000-10-28,0.000000,Training,-0.388718,-0.186023,-0.144486,-0.091155,-0.008985,0.068967,0.163167,0.389344,0.865939,1.219633,4.021577
2000-10-29,0.000000,Training,-0.404328,-0.206243,-0.167184,-0.090112,-0.000643,0.089527,0.190126,0.443838,0.979095,1.375097,4.327459
2000-10-30,0.000000,Training,-0.368005,-0.173876,-0.136391,-0.070692,0.018115,0.097901,0.197810,0.433480,0.881873,1.219358,3.814748
2000-10-31,0.000000,Training,-0.380988,-0.182648,-0.161451,-0.089486,0.002490,0.074765,0.175100,0.406024,0.860826,1.222790,3.945864
2000-11-01,0.000000,Training,-0.372122,-0.174814,-0.137237,-0.060937,0.031361,0.113804,0.214859,0.457689,0.903244,1.257685,3.861599
2000-11-02,0.000000,Training,-0.407133,-0.207669,-0.184013,-0.101959,-0.004652,0.074848,0.172726,0.415940,0.933972,1.363623,4.411040
2000-11-03,0.000000,Training,-0.376465,-0.180247,-0.132770,-0.064907,0.033863,0.113786,0.210050,0.444769,0.912784,1.305832,4.116009
2000-11-04,0.000000,Training,-0.363836,-0.169204,-0.127463,-0.052338,0.042539,0.123669,0.225498,0.467944,0.911844,1.276495,3.904090
2000-11-05,0.000000,Training,-0.390924,-0.195733,-0.151527,-0.080907,0.016578,0.100434,0.194965,0.439491,0.947129,1.352045,4.290171
2000-11-06,0.000000,Training,-0.400543,-0.204840,-0.162861,-0.091662,0.003879,0.089094,0.181643,0.429503,0.953042,1.357969,4.341540
2000-11-07,0.000000,Training,-0.409509,-0.214589,-0.170839,-0.062124,0.042224,0.146080,0.260973,0.558168,1.111921,1.534716,4.457475
2000-11-08,0.000000,Training,-0.405825,-0.207324,-0.173463,-0.066385,0.035912,0.133797,0.243942,0.530691,1.046226,1.439206,4.245215
2000-11-09,0.000000,Training,-0.393866,-0.198053,-0.158605,-0.059598,0.037638,0.138226,0.242941,0.524683,1.024152,1.393061,4.118390
2000-11-10,0.000000,Training,-0.378646,-0.184873,-0.145895,-0.058814,0.033764,0.125774,0.225821,0.488968,0.961764,1.325061,3.964253
2000-11-11,0.000000,Training,-0.405446,-0.216190,-0.165999,-0.084107,0.012605,0.110782,0.204509,0.474148,1.018922,1.431806,4.365926
2000-11-12,0.000000,Training,-0.465405,-0.292716,-0.257862,-0.150782,-0.030872,0.081157,0.189316,0.507024,1.252832,1.925982,6.032078
2000-11-13,0.000000,Training,-0.779214,-0.591440,-0.498456,-0.266771,0.135008,0.480903,0.803821,2.099694,6.584802,10.094672,31.642313
2000-11-14,0.000000,Training,-0.780893,-0.494081,-0.355723,0.195103,1.128658,1.887381,2.775856,6.061010,16.869595,23.388054,64.274391
2000-11-15,0.000000,Training,-0.687451,-0.416666,-0.223714,0.264126,0.838618,1.388410,1.985986,3.798661,9.062462,12.566883,31.589088
2000-11-16,0.000000,Training,-0.641427,-0.391378,-0.208161,0.215214,0.636505,1.030692,1.502460,2.738196,6.010617,8.571735,20.351797
2000-11-17,0.000000,Training,-0.602959,-0.362262,-0.179801,0.246901,0.630299,0.988403,1.434963,2.523024,5.102602,7.157054,16.289177
2000-11-18,0.000000,Training,-0.571986,-0.330382,-0.161968,0.258400,0.624499,0.961649,1.383757,2.391269,4.582198,6.256635,13.994870
2000-11-19,0.000000,Training,-0.628563,-0.382455,-0.252227,0.191086,0.590082,0.927887,1.420595,2.550275,5.245321,7.500731,17.564276
2000-11-20,0.000000,Training,-0.642957,-0.408582,-0.220842,0.234789,0.647649,1.021435,1.513270,2.696224,5.764240,8.415388,19.797239
2000-11-21,0.000000,Training,-0.601225,-0.378355,-0.225343,0.145873,0.460462,0.762813,1.135432,2.061091,4.258477,6.022614,14.093011
2000-11-22,0.000000,Training,-0.821998,-0.665433,-0.441983,0.006176,0.889749,1.396566,2.498967,5.572229,15.192332,24.803701,66.033051
2000-11-23,0.000000,Training,-0.734601,-0.461842,-0.140709,0.673439,1.816414,2.662881,4.066224,7.661945,18.424583,26.933357,69.446854
2000-11-24,0.000000,Training,-0.667253,-0.397563,-0.143618,0.485256,1.145899,1.727278,2.520203,4.459736,9.789988,14.101920,32.857300
2000-11-25,0.000000,Training,-0.673931,-0.463068,-0.205760,0.265716,0.756629,1.177271,1.710460,3.127660,7.212108,10.672666,26.525778
2000-11-26,0.000000,Training,-0.643525,-0.439786,-0.230223,0.177920,0.570284,0.899218,1.332793,2.416134,5.417262,7.949009,19.393202
2000-11-27,0.000000,Training,-0.598387,-0.396342,-0.201622,0.173559,0.513691,0.820008,1.196983,2.124754,4.525084,6.465695,15.251545
2000-11-28,0.000000,Training,-0.751593,-0.608235,-0.431561,-0.111797,0.306384,0.622954,1.138010,2.458431,6.457195,10.420509,27.960728
2000-11-29,0.000000,Training,-0.790601,-0.573906,-0.367952,0.215117,1.052392,1.662436,2.698252,5.426536,13.954522,21.261835,56.459602
2000-11-30,0.000000,Training,-0.749900,-0.506742,-0.268353,0.380757,1.231458,1.849642,2.882004,5.510697,13.458750,20.268187,52.217220
2000-12-01,0.000000,Training,-0.772556,-0.568088,-0.204433,0.603057,2.452177,3.275073,5.548689,12.314043,30.503494,48.675800,124.865219
2000-12-02,0.000000,Training,-0.704515,-0.375292,-0.037689,0.973791,2.410882,3.420384,5.186319,9.595500,22.190985,32.063652,78.700279
2000-12-03,0.000000,Training,-0.634839,-0.361126,-0.106392,0.502155,1.128275,1.700951,2.447670,4.263180,9.079625,12.782666,29.239758
2000-12-04,0.000000,Training,-0.597299,-0.356341,-0.133394,0.336792,0.792106,1.191581,1.719723,2.937836,6.006927,8.562684,19.391157
2000-12-05,0.000000,Training,-0.753592,-0.482160,-0.076850,1.009483,3.511607,4.769861,8.575546,18.069498,45.099415,69.981392,171.411697
2000-12-06,0.000000,Training,-0.030630,0.949036,2.307046,7.587964,18.534002,23.044653,36.526985,72.036896,141.197662,198.103714,454.974823
2000-12-07,0.000000,Training,2.254303,5.764222,9.674201,28.976009,57.283192,71.428947,110.162003,189.373367,328.000793,436.359253,950.171875
2000-12-08,11.757065,Training,2.353429,6.013950,8.119345,21.933016,36.639439,46.769451,60.261600,91.483337,150.917297,187.686508,413.360413
2000-12-09,7.891729,Training,-0.019163,0.938663,1.830744,4.887029,8.240513,11.315774,14.502137,22.503527,40.306038,51.312950,113.325142
2000-12-10,4.831671,Training,-0.365932,0.132364,0.642707,1.896356,3.316364,4.460988,5.858206,9.026314,16.667913,22.554855,48.486816
2000-12-11,2.737947,Training,-0.442014,-0.085982,0.260067,1.046622,1.863316,2.509702,3.354632,5.155988,9.197265,12.387563,25.888109
2000-12-12,1.288446,Training,-0.453674,-0.138613,0.141659,0.802419,1.440051,1.952757,2.625136,4.052982,7.049524,9.369382,19.425180
2000-12-13,0.805278,Training,-0.477745,-0.196061,0.032511,0.592591,1.101832,1.522758,2.071423,3.252748,5.660264,7.500700,15.663632
2000-12-14,0.483167,Training,-0.487625,-0.228900,0.006452,0.539701,1.031994,1.432698,1.944874,3.060731,5.434876,7.238515,15.226089
2000-12-15,0.483167,Training,-0.480513,-0.207578,0.002752,0.543709,1.002976,1.403496,1.882969,2.976946,5.062610,6.534020,13.676506
2000-12-16,0.322111,Training,-0.458006,-0.179669,0.045247,0.594091,1.104700,1.538168,2.002710,3.106012,5.145659,6.550637,13.906362
2000-12-17,0.322111,Training,-0.492648,-0.235323,-0.033680,0.456970,0.900530,1.286447,1.695145,2.712283,4.601383,5.903779,12.718267
2000-12-18,0.322111,Training,-0.527298,-0.286967,-0.114963,0.323443,0.675499,1.003552,1.361703,2.283287,4.025741,5.220946,11.379390
2000-12-19,0.322111,Training,-0.619214,-0.421028,-0.269368,0.122267,0.461282,0.755626,1.143755,2.084774,4.340378,6.377891,15.271453
2000-12-20,0.322111,Training,-0.754624,-0.387891,-0.092096,1.186870,3.820058,5.663241,9.448830,19.952934,50.972012,68.006630,175.396118
2000-12-21,116.121151,Training,2.847170,8.121291,12.554127,42.022560,80.668541,94.829842,152.953720,230.075577,371.027191,473.575745,885.886292
2000-12-22,377.675588,Training,22.514145,41.050709,49.251652,121.660637,169.193298,204.810089,252.867676,313.112793,471.741852,579.682251,1076.451050
2000-12-23,142.695339,Training,23.831411,38.530323,45.538822,103.765007,144.148529,171.311722,209.763763,259.323608,382.493073,473.584351,854.119385
2000-12-24,172.651697,Training,17.141417,27.906418,32.483368,77.089348,108.965553,130.367294,157.311783,200.878952,285.807678,355.840179,648.633301
2000-12-25,179.254980,Training,13.407141,22.326025,27.185829,66.510574,96.731194,117.345757,143.275925,188.700836,272.186554,343.514954,635.015442
2000-12-26,84.876347,Training,8.629067,15.662479,18.481798,47.110744,68.506729,84.329956,101.624428,137.593094,201.129501,248.686493,484.372040
2000-12-27,42.357646,Training,3.319717,6.858109,8.923573,20.628977,28.970968,37.925690,43.848106,60.118790,90.969002,107.520882,236.442459
2000-12-28,21.420406,Training,0.954820,2.575810,3.854301,8.908049,13.262868,17.362001,21.425825,29.882545,49.123917,60.796600,137.159195
2000-12-29,11.757065,Training,0.510095,1.520261,2.582917,5.409837,8.033172,10.532027,12.902101,17.418983,28.207487,34.762917,76.961227
2000-12-30,6.925395,Training,0.193634,0.911492,1.697644,3.588478,5.455729,7.031805,8.740668,11.781844,19.040173,23.677979,51.741474
2000-12-31,4.831671,Training,0.111105,0.771585,1.400896,3.038974,4.531066,5.804599,7.189080,9.700932,15.067519,18.424232,39.271191
2001-01-01,3.704281,Training,-0.120169,0.419359,0.941886,2.385385,3.845599,4.818775,6.373387,8.812648,14.733151,19.236223,42.518829
2001-01-02,4.831671,Training,-0.136432,0.402576,0.919016,2.308238,3.635756,4.658477,5.948186,8.292179,13.555947,17.360279,37.596066
2001-01-03,4.831671,Training,-0.397021,0.065262,0.493705,1.905933,3.306873,4.438711,6.285506,9.598272,17.647350,24.473028,55.057076
2001-01-04,4.187448,Training,0.030946,0.968804,1.911781,5.334650,8.953677,12.063019,16.075695,23.965334,43.942757,57.663727,144.195023
2001-01-05,19.809850,Training,0.264975,1.255813,2.570124,7.154267,12.788671,16.993221,23.831760,37.504692,68.614693,90.480820,216.169525
2001-01-06,73.280338,Training,2.246070,5.143493,6.772589,18.953039,30.345036,39.475056,51.684631,74.996078,118.490204,143.491974,288.133545
2001-01-07,23.030963,Training,2.731852,5.027144,7.026859,14.037481,20.340185,26.962856,31.370737,41.220276,62.233444,74.738945,162.690079
2001-01-08,9.663341,Training,1.862512,3.185334,4.726916,8.237556,11.815886,15.276666,17.697311,22.092823,33.443768,40.925053,93.452065
2001-01-09,11.757065,Training,0.356865,1.456035,2.505373,6.397971,10.303363,13.608661,18.339176,26.375198,45.330494,59.465973,130.811310
2001-01-10,93.090188,Training,2.622880,6.226417,9.526976,28.485167,52.129387,66.304352,93.174385,151.222717,242.978317,301.276642,611.867310
2001-01-11,221.290515,Training,5.451333,10.782532,13.850307,37.981079,62.602459,77.466850,99.271530,145.134537,213.915024,263.491486,489.217682
2001-01-12,59.590604,Training,3.277663,7.179147,9.080159,23.837990,37.833256,47.839848,58.775551,85.858841,131.509933,161.610397,330.367096
2001-01-13,16.749792,Training,0.547814,1.900902,3.167710,7.568140,11.891689,16.325993,19.707411,29.670748,49.099049,60.553719,132.736023
2001-01-14,7.891729,Training,-0.270631,0.271166,0.863336,2.229595,3.752364,5.140547,6.449803,9.898067,17.483723,23.043999,49.455379
2001-01-15,3.704281,Training,-0.272293,0.178777,0.659811,1.686432,2.817016,3.808348,4.754274,7.051112,11.773867,15.337262,32.758102
2001-01-16,1.932668,Training,-0.398412,-0.003947,0.324004,1.199507,2.090725,2.805124,3.680747,5.654892,9.717260,12.973130,27.830267
2001-01-17,1.288446,Training,-0.396249,-0.034756,0.324107,1.139341,1.956810,2.662094,3.415845,5.247066,8.891006,11.684966,24.574495
2001-01-18,2.254780,Training,-0.542292,-0.098001,0.319324,1.797176,3.569920,5.084515,7.555017,13.156209,27.807436,39.254204,89.948792
2001-01-19,2.737947,Training,-0.183212,0.612209,1.408786,4.118658,7.088039,10.018992,12.901868,20.512938,37.225925,47.788132,108.574776
2001-01-20,1.288446,Training,-0.408444,0.018356,0.514545,1.604409,2.878875,4.062953,5.153697,8.128961,15.066678,20.467052,45.594467
2001-01-21,0.805278,Training,-0.359772,0.035094,0.486347,1.409128,2.430078,3.341738,4.202310,6.402415,11.094370,14.762912,32.221802
2001-01-22,0.805278,Training,-0.438079,-0.118451,0.232448,0.970987,1.703841,2.310594,3.024010,4.759274,8.355347,11.352350,23.897085
2001-01-23,0.483167,Training,-0.506107,-0.246350,0.068981,0.683117,1.337738,1.812545,2.447994,3.976426,7.509223,10.725943,23.491102
2001-01-24,1.288446,Training,-0.599661,-0.365365,-0.110605,0.443430,1.029332,1.458114,2.082530,3.645450,7.528568,11.370474,26.117216
2001-01-25,8.697007,Training,-0.579679,-0.336183,-0.118401,0.375212,0.815463,1.221837,1.656035,2.916259,5.738594,8.105224,18.132523
2001-01-26,4.187448,Training,-0.573569,-0.331991,-0.115145,0.383333,0.824276,1.220307,1.661854,2.917185,5.688593,8.092093,18.016867
2001-01-27,2.737947,Training,-0.594680,-0.376754,-0.121035,0.390070,0.891624,1.294785,1.777718,3.119436,6.351703,9.476752,21.803997
2001-01-28,1.288446,Training,-0.560111,-0.335601,-0.131689,0.308197,0.680012,1.035768,1.395627,2.460609,4.658656,6.465021,14.266952
2001-01-29,0.805278,Training,-0.548378,-0.336618,-0.164575,0.201109,0.513141,0.821137,1.101411,1.984079,3.703809,5.036928,11.270305
2001-01-30,0.483167,Training,-0.535823,-0.333412,-0.187532,0.127371,0.383570,0.645937,0.874499,1.626867,3.031703,4.093631,9.300715
2001-01-31,0.322111,Training,-0.505378,-0.316926,-0.204835,0.035949,0.217476,0.414817,0.579504,1.157140,2.192851,2.977775,7.049530
2001-02-01,0.322111,Training,-0.504155,-0.318060,-0.204847,0.032245,0.211054,0.405008,0.565529,1.134356,2.154727,2.936604,6.959027
2001-02-02,0.161056,Training,-0.507128,-0.319006,-0.207040,0.034057,0.212180,0.408670,0.567414,1.138815,2.156897,2.922598,6.923610
2001-02-03,0.161056,Training,-0.517799,-0.324052,-0.212750,0.042177,0.235582,0.443896,0.611454,1.206039,2.271048,3.052879,7.219793
2001-02-04,0.000000,Training,-0.498071,-0.310019,-0.215616,0.001534,0.162652,0.339502,0.478743,0.991062,1.895173,2.570533,6.291731
2001-02-05,0.000000,Training,-0.513091,-0.335823,-0.218224,0.001595,0.176396,0.360496,0.503951,1.040820,2.074173,2.920637,7.129874
2001-02-06,0.000000,Training,-0.584735,-0.408559,-0.283852,-0.024927,0.222940,0.453532,0.651905,1.356852,3.159242,4.891380,12.747193
2001-02-07,101.948250,Training,-0.050076,1.400404,2.981268,10.723029,24.026127,30.382221,41.548313,82.051353,178.566620,219.222260,462.128906
2001-02-08,15.461346,Training,-0.037931,1.148898,2.216012,7.040148,14.745560,19.396299,25.624523,46.380653,89.818916,114.898735,247.280380
2001-02-09,3.221114,Training,-0.455472,0.056057,0.631020,2.180885,4.134863,5.912645,7.403670,12.939754,25.911650,35.067307,76.989845
2001-02-10,1.127390,Training,-0.555856,-0.265938,0.096994,0.716009,1.461811,2.087257,2.705698,4.755210,9.818394,14.370144,31.312544
2001-02-11,0.322111,Training,-0.558991,-0.341797,-0.074477,0.326073,0.776465,1.142015,1.540494,2.732208,5.625966,8.307386,18.529461
2001-02-12,0.161056,Training,-0.526731,-0.328239,-0.137755,0.164147,0.470318,0.735773,1.015798,1.852618,3.706574,5.331400,12.112343
2001-02-13,0.000000,Training,-0.511947,-0.317066,-0.154677,0.134058,0.401875,0.644126,0.898114,1.645683,3.176085,4.484414,10.159837
2001-02-14,0.000000,Training,-0.498555,-0.306394,-0.169689,0.098252,0.329084,0.547870,0.770010,1.433346,2.704558,3.761371,8.614162
2001-02-15,0.000000,Training,-0.477824,-0.283883,-0.177951,0.061650,0.252673,0.446308,0.630572,1.204024,2.214756,2.997247,7.033449
2001-02-16,0.000000,Training,-0.477055,-0.285877,-0.185581,0.042493,0.220378,0.404517,0.573133,1.115293,2.054038,2.772883,6.596331
2001-02-17,0.000000,Training,-0.477479,-0.289975,-0.190912,0.027010,0.196052,0.372542,0.529254,1.048486,1.943950,2.634877,6.335934
2001-02-18,0.000000,Training,-0.477492,-0.293090,-0.194933,0.013513,0.175276,0.345402,0.491554,0.990761,1.851882,2.521263,6.127870
2001-02-19,0.000000,Training,-0.579306,-0.357472,-0.236099,0.115918,0.494381,0.809657,1.138330,2.026068,4.451709,6.568240,16.200666
2001-02-20,0.483167,Training,-0.694777,-0.445721,-0.243539,0.217755,0.743655,1.277119,1.661084,3.268931,7.887677,11.204494,29.200693
2001-02-21,0.000000,Training,-0.607793,-0.392984,-0.216712,0.098924,0.415681,0.730769,0.946348,1.895902,4.241202,6.258785,15.333813
2001-02-22,0.000000,Training,-0.598060,-0.387348,-0.191712,0.163444,0.491710,0.808308,1.082029,2.052611,4.314730,6.362510,14.716607
2001-02-23,0.000000,Training,-0.588497,-0.377768,-0.232560,0.104513,0.398012,0.661593,0.919720,1.770392,3.676216,5.424563,12.701530
2001-02-24,0.000000,Training,-0.573233,-0.366657,-0.222960,0.085085,0.340529,0.589601,0.808360,1.567506,3.227563,4.669647,11.030588
2001-02-25,0.000000,Training,-0.528533,-0.334370,-0.210795,0.035417,0.234711,0.442092,0.607430,1.216833,2.462307,3.489379,8.385370
2001-02-26,0.000000,Training,-0.498625,-0.309626,-0.213584,-0.009807,0.154770,0.330490,0.459377,0.963936,1.916839,2.659924,6.639604
2001-02-27,0.000000,Training,-0.485457,-0.297595,-0.212020,-0.023084,0.134571,0.300220,0.421695,0.891777,1.748987,2.403563,6.077139
2001-02-28,0.000000,Training,-0.484420,-0.295880,-0.215865,-0.029910,0.128509,0.291068,0.411049,0.870497,1.704970,2.347292,5.976861
2001-03-01,5.475893,Training,-0.655334,-0.353447,-0.135229,0.471308,1.095168,1.684546,2.060830,3.916034,10.275539,16.049965,42.036301
2001-03-02,244.643590,Training,1.330205,4.651189,8.719833,28.218306,57.172661,72.012375,86.942451,156.835205,263.093262,307.398499,531.271057
2001-03-03,305.039473,Training,1.822983,4.756899,7.676740,22.782196,51.093990,58.316082,76.856583,138.622467,225.921036,305.383881,551.391357
2001-03-04,84.876347,Training,3.812345,8.856307,14.527660,42.080120,84.181374,100.491753,122.473022,208.586288,318.295715,427.053375,745.467285
2001-03-05,56.369491,Training,1.144910,3.216144,5.517855,14.885709,30.798624,36.569477,46.388573,83.468719,143.344208,200.522247,430.861176
2001-03-06,8.697007,Training,-0.076234,0.679209,2.052163,5.400300,11.878559,14.485052,18.883354,36.773586,70.189178,104.054535,243.708664
2001-03-07,2.737947,Training,-0.231988,0.456668,1.401999,4.059528,8.153344,10.571565,13.777952,24.835552,49.228165,70.898018,158.987106
2001-03-08,0.644223,Training,-0.204595,0.503083,1.346984,3.839698,7.139194,9.425970,12.189336,20.507418,38.924679,54.436211,123.030762
2001-03-09,0.000000,Training,-0.162314,0.439016,1.369261,3.407504,6.037417,8.154866,10.276969,16.481667,30.557997,41.893658,102.291687
2001-03-10,0.000000,Training,-0.456894,-0.138049,0.376188,1.283427,2.390414,3.278862,4.215597,6.873850,13.270828,18.930956,44.169418
2001-03-11,0.000000,Training,-0.445297,-0.151355,0.275467,1.049175,1.917714,2.611938,3.368241,5.325281,9.727224,13.672334,30.233719
2001-03-12,0.000000,Training,-0.467791,-0.200518,0.127608,0.761684,1.403781,1.927783,2.515401,4.010518,7.064764,9.826517,20.939613
2001-03-13,0.000000,Training,-0.471143,-0.205683,0.056371,0.622168,1.128714,1.582593,2.059188,3.315844,5.621318,7.574273,15.888371
2001-03-14,0.000000,Training,-0.508287,-0.286896,-0.056527,0.393743,0.802074,1.158497,1.539760,2.572663,4.570714,6.331664,13.599301
2001-03-15,0.000000,Training,-0.519632,-0.307748,-0.099444,0.311898,0.669852,0.991674,1.325890,2.264308,4.053859,5.620948,12.216677
2001-03-16,0.000000,Training,-0.541405,-0.333637,-0.146623,0.249520,0.581455,0.877564,1.193313,2.094302,3.832807,5.415219,12.072887
2001-03-17,0.000000,Training,-0.547370,-0.339370,-0.163455,0.214707,0.514096,0.802070,1.083458,1.935342,3.561292,5.013086,11.253832
2001-03-18,0.000000,Training,-0.565364,-0.364831,-0.199900,0.160629,0.442257,0.714260,0.977416,1.797845,3.436628,4.978377,11.480289
2001-03-19,0.000000,Training,-0.570775,-0.377610,-0.195535,0.155713,0.430540,0.713974,0.955970,1.764444,3.420259,4.966072,11.455258
2001-03-20,0.000000,Training,-0.564204,-0.377824,-0.211725,0.102797,0.339560,0.593741,0.799068,1.520563,2.990988,4.346396,10.134773
2001-03-21,0.000000,Training,-0.551183,-0.376429,-0.230720,0.020244,0.207819,0.419041,0.563910,1.156194,2.392196,3.523525,8.650947
2001-03-22,0.000000,Training,-0.528254,-0.354507,-0.230718,-0.019316,0.136255,0.317640,0.432199,0.938367,1.976282,2.902817,7.369330
2001-03-23,0.000000,Training,-0.492597,-0.318372,-0.217584,-0.051802,0.071574,0.223571,0.304776,0.722677,1.554625,2.274676,6.080250
2001-03-24,0.000000,Training,-0.473361,-0.295267,-0.213587,-0.050354,0.069268,0.207864,0.290436,0.685991,1.445373,2.123815,5.712201
2001-03-25,0.000000,Training,-0.452955,-0.267414,-0.199977,-0.040841,0.072318,0.202929,0.280707,0.652374,1.335594,1.950172,5.267831
2001-03-26,0.000000,Training,-0.440658,-0.256020,-0.195481,-0.046280,0.066820,0.190016,0.255041,0.604420,1.258160,1.885480,5.263692
2001-03-27,0.000000,Training,-0.444734,-0.249522,-0.190492,-0.040415,0.074446,0.201415,0.262560,0.609305,1.254637,1.839797,5.184517
2001-03-28,0.000000,Training,-0.424417,-0.235965,-0.165974,-0.037961,0.064601,0.189389,0.242213,0.568565,1.165494,1.688877,4.783239
2001-03-29,0.000000,Training,-0.432950,-0.249806,-0.178825,-0.049329,0.056158,0.176589,0.227511,0.559540,1.198601,1.792294,5.117411
2001-03-30,0.000000,Training,-0.438959,-0.257608,-0.178656,-0.051127,0.048593,0.175437,0.221625,0.557982,1.218741,1.812202,5.176150
2001-03-31,0.000000,Training,-0.430593,-0.247129,-0.170679,-0.074265,0.003945,0.114564,0.141554,0.434343,1.019145,1.538141,4.732887
2001-04-01,0.000000,Training,-0.416344,-0.235030,-0.163133,-0.062700,0.020761,0.129773,0.165885,0.464038,1.041619,1.544255,4.611662
2001-04-02,0.000000,Training,-0.407179,-0.223702,-0.159253,-0.057434,0.024441,0.128944,0.167993,0.461769,1.017196,1.499790,4.454515
2001-04-03,0.000000,Training,-0.393984,-0.205597,-0.148276,-0.029276,0.054949,0.163981,0.218613,0.523807,1.061158,1.528526,4.280220
2001-04-04,0.000000,Training,-0.378432,-0.191896,-0.146756,-0.032925,0.050795,0.146643,0.197933,0.483170,0.978382,1.445282,4.168754
2001-04-05,0.000000,Training,-0.398175,-0.205059,-0.146158,-0.056668,0.012232,0.109392,0.132964,0.393651,0.899611,1.359331,4.264049
2001-04-06,0.000000,Training,-0.364162,-0.172461,-0.118183,-0.058226,0.002958,0.081492,0.105983,0.327482,0.734620,1.099184,3.613965
2001-04-07,0.000000,Training,-0.358072,-0.171930,-0.118853,-0.042834,0.028488,0.113217,0.147914,0.389619,0.814964,1.196332,3.671242
2001-04-08,0.000000,Training,-0.341657,-0.153445,-0.106455,-0.039719,0.026079,0.103182,0.137391,0.364241,0.752938,1.101575,3.443907
2001-04-09,0.000000,Training,-0.352538,-0.143942,-0.101829,-0.055049,-0.010886,0.053066,0.076691,0.262880,0.594142,0.889506,3.078029
2001-04-10,0.000000,Training,-0.376736,-0.145589,-0.108278,-0.056187,-0.023072,0.040770,0.061089,0.229608,0.546052,0.814532,2.880578
2001-04-11,0.000000,Training,-0.401666,-0.155758,-0.122463,-0.051108,-0.025046,0.045919,0.060219,0.231177,0.574085,0.862248,2.978766
2001-04-12,0.000000,Training,-0.362546,-0.140564,-0.104491,-0.049261,-0.016246,0.048128,0.065016,0.240825,0.567216,0.861056,2.980080
2001-04-13,0.000000,Training,-0.335399,-0.123508,-0.088939,-0.044207,-0.008708,0.049137,0.068053,0.238216,0.541580,0.822665,2.885911
2001-04-14,0.000000,Training,-0.307131,-0.097475,-0.065059,-0.040541,-0.006963,0.037034,0.058704,0.203910,0.449739,0.686618,2.558655
2001-04-15,0.000000,Training,-0.280575,-0.078391,-0.041793,-0.036413,0.001448,0.033204,0.061252,0.191025,0.391177,0.593866,2.307352
2001-04-16,0.000000,Training,-0.288267,-0.076949,-0.044794,-0.036967,-0.005483,0.025640,0.051639,0.173823,0.368000,0.568505,2.259157
2001-04-17,0.000000,Training,-0.245179,-0.056542,-0.016853,-0.012846,0.034554,0.062725,0.101141,0.229394,0.406021,0.610873,2.212122
2001-04-18,0.000000,Training,-0.243513,-0.048868,-0.010933,-0.017391,0.025259,0.045310,0.080309,0.194058,0.353812,0.543587,2.116270
2001-04-19,0.000000,Training,-0.256662,-0.055831,-0.019083,-0.023383,0.015798,0.037067,0.069658,0.182833,0.346794,0.533982,2.129078
2001-04-20,0.000000,Training,-0.256943,-0.057745,-0.021489,-0.022382,0.017884,0.040921,0.072463,0.188371,0.359348,0.554232,2.172020
2001-04-21,0.000000,Training,-0.268114,-0.063393,-0.028159,-0.027146,0.009707,0.033362,0.062191,0.176656,0.348866,0.541359,2.167923
2001-04-22,0.000000,Training,-0.255746,-0.056165,-0.023973,-0.016737,0.022388,0.049058,0.079311,0.197927,0.379297,0.587824,2.237460
2001-04-23,0.000000,Training,-0.253807,-0.049620,-0.011191,-0.023028,0.014584,0.026832,0.059273,0.157072,0.293759,0.467739,1.973534
2001-04-24,0.000000,Training,-0.247727,-0.046179,-0.009174,-0.018253,0.022296,0.033648,0.068101,0.166505,0.303630,0.484499,1.994894
2001-04-25,0.000000,Training,-0.253028,-0.051772,-0.013395,-0.020267,0.019592,0.034940,0.067254,0.170211,0.316028,0.497757,2.027386
2001-04-26,0.000000,Training,-0.255394,-0.049704,-0.011972,-0.021738,0.015110,0.026970,0.058851,0.154901,0.289890,0.463711,1.964323
2001-04-27,0.000000,Training,-0.242906,-0.040771,-0.002013,-0.015261,0.023131,0.031496,0.065452,0.156427,0.280530,0.453672,1.913886
2001-04-28,0.000000,Training,-0.270302,-0.052390,-0.015561,-0.027613,0.001449,0.008987,0.038708,0.121707,0.235585,0.393153,1.819390
2001-04-29,0.000000,Training,-0.253695,-0.046878,-0.009529,-0.021073,0.013703,0.022796,0.054043,0.144272,0.268572,0.436002,1.894822
2001-04-30,0.000000,Training,-0.245391,-0.057999,-0.033974,-0.000545,0.041577,0.064120,0.106213,0.219207,0.346091,0.564321,2.025147
2001-05-01,,,-0.237280,0.232458,0.331070,0.534723,0.814410,0.945537,1.107009,1.697734,3.174979,4.432900,12.940580
2001-05-02,,,-0.246511,0.220449,0.320039,0.527762,0.807211,0.942440,1.096759,1.698151,3.214640,4.502681,13.186771
2001-05-16,,,,,,,,,,,,,
2001-05-17,,,,,,,,,,,,,
2001-05-18,0.000000,Training,0.761499,3.839331,6.672372,19.261202,34.037613,42.961952,52.577644,74.478699,104.843277,135.874527,235.947006
2001-06-03,0.000000,Training,,,,,,,,,,,
2001-06-04,0.000000,Training,,,,,,,,,,,
2001-06-05,0.000000,Training,-0.319641,-0.039750,-0.028613,-0.014258,-0.030489,-0.034851,-0.020950,-0.001916,0.032526,0.153116,1.286160
2001-06-06,0.000000,Training,-0.328031,-0.047329,-0.032985,-0.015237,-0.031320,-0.033312,-0.021233,0.001014,0.037771,0.159176,1.291644
2001-06-07,0.000000,Training,-0.326307,-0.051274,-0.031506,-0.021318,-0.030784,-0.034487,-0.018969,0.006633,0.045904,0.165424,1.302011
2001-06-08,0.000000,Training,-0.322108,-0.051497,-0.029236,-0.023424,-0.029471,-0.034152,-0.016855,0.010717,0.052313,0.172070,1.316482
2001-06-09,0.000000,Training,-0.323482,-0.057099,-0.042385,-0.030664,-0.028364,-0.037043,-0.014205,0.017614,0.065369,0.202305,1.397524
2001-06-10,0.000000,Training,-0.311883,-0.050482,-0.027744,-0.026072,-0.021552,-0.027978,-0.006061,0.029388,0.084474,0.217674,1.436841
2001-06-11,0.000000,Training,-0.320727,-0.055042,-0.029136,-0.025358,-0.025385,-0.029045,-0.009687,0.023652,0.074837,0.201539,1.392516
2001-06-12,0.000000,Training,-0.318776,-0.054816,-0.029088,-0.026149,-0.026539,-0.030339,-0.011017,0.023030,0.075341,0.201202,1.390177
2001-06-13,0.000000,Training,-0.328791,-0.057895,-0.033567,-0.025752,-0.030301,-0.033172,-0.015731,0.015298,0.062270,0.183721,1.346102
2001-06-14,0.000000,Training,-0.335497,-0.059638,-0.036261,-0.024758,-0.032259,-0.034593,-0.018604,0.010066,0.052530,0.171254,1.315525
2001-06-15,0.000000,Training,-0.306890,-0.048517,-0.023684,-0.025161,-0.023910,-0.028892,-0.008105,0.027892,0.081921,0.208446,1.408823
2001-06-16,0.000000,Training,-0.299866,-0.045358,-0.020220,-0.024402,-0.021522,-0.027107,-0.005505,0.031854,0.087516,0.215252,1.424295
2001-06-17,0.000000,Training,-0.311745,-0.049865,-0.025491,-0.025183,-0.026296,-0.030799,-0.010754,0.023626,0.074386,0.197296,1.378739
2001-06-18,0.000000,Training,-0.333849,-0.058141,-0.035152,-0.024532,-0.032743,-0.035229,-0.019057,0.009497,0.050810,0.167405,1.305414
2001-06-19,0.000000,Training,-0.332721,-0.058007,-0.035019,-0.025238,-0.032746,-0.035420,-0.018864,0.010300,0.052905,0.170212,1.314664
2001-06-20,0.000000,Training,-0.319061,-0.053156,-0.029233,-0.026268,-0.029076,-0.033162,-0.013984,0.018975,0.067880,0.189286,1.363401
2001-06-21,0.000000,Training,-0.335094,-0.059062,-0.035900,-0.025335,-0.033395,-0.035902,-0.019770,0.008860,0.050318,0.166901,1.307389
2001-06-22,0.000000,Training,-0.345660,-0.062781,-0.040100,-0.023584,-0.035213,-0.036651,-0.022776,0.002859,0.038868,0.153260,1.274484
2001-06-23,0.000000,Training,-0.359882,-0.068314,-0.045852,-0.020127,-0.036305,-0.035878,-0.025247,-0.002781,0.026620,0.140260,1.245384
2001-06-24,0.000000,Training,-0.343802,-0.063241,-0.040286,-0.025612,-0.034625,-0.036184,-0.021077,0.006532,0.047972,0.165817,1.313662
2001-06-25,0.000000,Training,-0.329960,-0.057995,-0.034143,-0.026909,-0.031562,-0.034684,-0.016722,0.014177,0.061439,0.182226,1.353809
2001-06-26,0.000000,Training,-0.307530,-0.047917,-0.023594,-0.025824,-0.025366,-0.030709,-0.009588,0.025306,0.078515,0.203357,1.402597
2001-06-27,0.000000,Training,-0.303760,-0.041720,-0.021334,-0.022601,-0.026437,-0.032926,-0.013510,0.015266,0.062910,0.186779,1.372771
2001-06-28,0.000000,Training,-0.326165,-0.055411,-0.031018,-0.026988,-0.032033,-0.036398,-0.017855,0.010969,0.055054,0.171997,1.326279
2001-06-29,0.000000,Training,-0.344261,-0.063647,-0.039039,-0.026289,-0.035499,-0.037565,-0.022050,0.004274,0.043212,0.156758,1.287964
2001-06-30,0.000000,Training,-0.349010,-0.065840,-0.041317,-0.026082,-0.036169,-0.037716,-0.022978,0.002634,0.040757,0.154463,1.285896
2001-07-01,0.000000,Training,-0.349582,-0.066688,-0.042000,-0.026786,-0.036095,-0.037424,-0.022415,0.003970,0.044134,0.159042,1.300286
2001-07-02,0.000000,Training,-0.344835,-0.065227,-0.040088,-0.028016,-0.035250,-0.037064,-0.020695,0.007369,0.050872,0.167005,1.320813
2001-07-03,0.000000,Training,-0.341715,-0.063820,-0.038371,-0.028400,-0.034709,-0.037180,-0.020029,0.008226,0.052195,0.168281,1.323973
2001-07-04,0.000000,Training,-0.313028,-0.052491,-0.025673,-0.028982,-0.026783,-0.032323,-0.009971,0.025093,0.080018,0.203632,1.410366
2001-07-05,0.000000,Training,-0.297074,-0.045899,-0.018438,-0.027353,-0.020595,-0.027060,-0.002707,0.036559,0.097908,0.226257,1.463479
2001-07-06,0.000000,Training,-0.314568,-0.054064,-0.036216,-0.033301,-0.025978,-0.034090,-0.007738,0.029873,0.091085,0.226791,1.475122
2001-07-07,0.000000,Training,-0.317931,-0.055422,-0.028047,-0.029544,-0.026502,-0.030444,-0.007984,0.029079,0.088014,0.213369,1.437315
2001-07-08,0.000000,Training,-0.317924,-0.055845,-0.027952,-0.029731,-0.026470,-0.030619,-0.007609,0.029145,0.087751,0.212647,1.434515
2001-07-09,0.000000,Training,-0.320293,-0.057216,-0.031872,-0.031841,-0.027543,-0.032489,-0.008516,0.028861,0.089760,0.216802,1.447593
2001-07-10,0.000000,Training,-0.338890,-0.064689,-0.037609,-0.030536,-0.032993,-0.034469,-0.014870,0.018352,0.071559,0.190276,1.381170
2001-07-11,0.000000,Training,-0.358394,-0.072116,-0.045265,-0.027435,-0.035701,-0.034815,-0.019145,0.009465,0.054009,0.168715,1.329502
2001-07-12,0.000000,Training,-0.353815,-0.070639,-0.043680,-0.029306,-0.035350,-0.035369,-0.018142,0.011753,0.059728,0.175793,1.351007
2001-07-13,0.000000,Training,-0.358049,-0.072413,-0.045121,-0.028625,-0.035460,-0.035014,-0.018439,0.010543,0.056916,0.172585,1.345255
2001-07-14,0.000000,Training,-0.326666,-0.059761,-0.031684,-0.031414,-0.029020,-0.032546,-0.009421,0.026747,0.085309,0.207877,1.430746
2001-07-15,0.000000,Training,-0.321887,-0.057789,-0.029261,-0.031126,-0.027505,-0.031269,-0.007323,0.030181,0.090405,0.213540,1.442258
2001-07-16,0.000000,Training,-0.317106,-0.055799,-0.026840,-0.030805,-0.026154,-0.029884,-0.005152,0.033946,0.096128,0.219384,1.453384
2001-07-17,0.000000,Training,-0.324822,-0.059278,-0.030239,-0.031425,-0.028420,-0.031079,-0.007166,0.030895,0.091916,0.212828,1.437813
2001-07-18,0.000000,Training,-0.305120,-0.051069,-0.021351,-0.030057,-0.021318,-0.025992,0.000975,0.043641,0.111194,0.238422,1.499022
2001-07-19,0.000000,Training,-0.303521,-0.050446,-0.020368,-0.029941,-0.020414,-0.025221,0.002244,0.045486,0.113862,0.241412,1.505835
2001-07-20,0.000000,Training,-0.329754,-0.061711,-0.031634,-0.032017,-0.029073,-0.031058,-0.006884,0.030858,0.091847,0.210802,1.433307
2001-07-21,0.000000,Training,-0.340324,-0.066134,-0.035937,-0.032071,-0.031373,-0.032284,-0.009599,0.025824,0.083715,0.199979,1.409167
2001-07-22,0.000000,Training,-0.354514,-0.071879,-0.041278,-0.030679,-0.033317,-0.032961,-0.012818,0.018889,0.070982,0.184579,1.375665
2001-07-23,0.000000,Training,-0.350713,-0.070296,-0.039883,-0.031594,-0.032734,-0.032919,-0.011721,0.020684,0.075682,0.191141,1.396477
2001-07-24,0.000000,Training,-0.318898,-0.054488,-0.026255,-0.030494,-0.026022,-0.030341,-0.004814,0.030631,0.093514,0.218082,1.471087
2001-07-25,0.000000,Training,-0.322362,-0.059886,-0.027203,-0.033254,-0.025274,-0.028720,-0.001460,0.038453,0.104896,0.227741,1.482326
2001-07-26,0.000000,Training,-0.324805,-0.060823,-0.027909,-0.033375,-0.025973,-0.028905,-0.001740,0.037742,0.103927,0.225272,1.475723
2001-07-27,0.000000,Training,-0.320618,-0.058625,-0.025853,-0.032954,-0.024641,-0.028157,-0.000252,0.039496,0.106865,0.229630,1.488904
2001-07-28,0.000000,Training,-0.325290,-0.061929,-0.028021,-0.034075,-0.025312,-0.027809,0.000233,0.041170,0.110466,0.232696,1.495588
2001-07-29,0.000000,Training,-0.320996,-0.060387,-0.026074,-0.034041,-0.023447,-0.026317,0.002924,0.045491,0.117358,0.241551,1.517126
2001-07-30,0.000000,Training,-0.344798,-0.071988,-0.048284,-0.042662,-0.031073,-0.035798,-0.004255,0.035284,0.107436,0.239062,1.528607
2001-07-31,0.000000,Training,-0.323580,-0.062321,-0.026858,-0.034678,-0.021338,-0.023849,0.006382,0.050635,0.126818,0.255806,1.560413
2001-08-01,0.000000,Training,-0.319829,-0.060981,-0.024488,-0.034219,-0.019533,-0.022771,0.008750,0.053099,0.129571,0.259224,1.566584
2001-08-02,0.000000,Training,-0.331421,-0.066602,-0.029835,-0.036018,-0.023886,-0.025683,0.004473,0.046839,0.122029,0.247801,1.540659
2001-08-03,0.000000,Training,-0.348106,-0.073488,-0.036424,-0.036024,-0.027379,-0.026992,0.000937,0.039933,0.111064,0.231715,1.504859
2001-08-04,0.000000,Training,-0.358589,-0.078051,-0.040295,-0.035324,-0.028301,-0.026699,0.000064,0.037172,0.106049,0.225002,1.492851
2001-08-05,0.000000,Training,-0.354015,-0.076091,-0.038334,-0.036164,-0.027436,-0.026592,0.001577,0.039688,0.111083,0.231637,1.511900
2001-08-06,0.000000,Training,-0.363093,-0.080388,-0.041578,-0.035350,-0.027636,-0.025587,0.001667,0.038264,0.108374,0.228374,1.508671
2001-08-07,0.000000,Training,-0.367210,-0.082603,-0.043151,-0.035069,-0.027221,-0.024249,0.003031,0.039851,0.111450,0.232202,1.521699
2001-08-08,0.000000,Training,-0.351854,-0.076088,-0.037513,-0.037261,-0.025446,-0.023976,0.006406,0.047419,0.126582,0.251304,1.567756
2001-08-09,0.000000,Training,-0.348235,-0.074689,-0.035699,-0.037529,-0.024366,-0.023149,0.008351,0.050547,0.131681,0.257263,1.580801
2001-08-10,0.000000,Training,-0.352326,-0.076431,-0.036681,-0.037468,-0.024603,-0.022979,0.008471,0.049665,0.129797,0.253740,1.572225
2001-08-11,0.000000,Training,-0.343338,-0.072304,-0.032644,-0.037843,-0.022776,-0.022484,0.010883,0.053532,0.136105,0.262302,1.592981
2001-08-12,0.000000,Training,-0.344007,-0.072875,-0.032797,-0.038171,-0.022374,-0.021890,0.012014,0.054942,0.139049,0.265995,1.604054
2001-08-13,0.000000,Training,-0.332100,-0.067492,-0.027652,-0.037722,-0.019186,-0.020053,0.016021,0.061544,0.149281,0.280152,1.636824
2001-08-14,0.000000,Training,-0.327372,-0.065385,-0.025589,-0.037518,-0.017331,-0.018786,0.018531,0.065170,0.155144,0.288455,1.657686
2001-08-15,0.000000,Training,-0.327625,-0.065617,-0.025545,-0.037686,-0.016993,-0.018137,0.019642,0.066573,0.158204,0.292255,1.668708
2001-08-16,0.000000,Training,-0.323073,-0.063196,-0.023737,-0.037170,-0.015420,-0.016979,0.021649,0.069205,0.163132,0.300024,1.690451
2001-08-17,0.000000,Training,-0.309243,-0.053974,-0.018328,-0.033954,-0.012217,-0.015354,0.023254,0.069393,0.164910,0.308650,1.723592
2001-08-18,0.000000,Training,-0.323240,-0.064735,-0.023306,-0.038970,-0.014404,-0.016691,0.023862,0.071937,0.168052,0.305859,1.708123
2001-08-19,0.000000,Training,-0.320334,-0.063596,-0.022132,-0.038896,-0.013099,-0.015561,0.025827,0.074815,0.173255,0.313306,1.728645
2001-08-20,0.000000,Training,-0.336196,-0.071671,-0.029540,-0.041664,-0.017444,-0.017720,0.022794,0.069986,0.169376,0.306179,1.719300
2001-08-21,0.000000,Training,-0.337162,-0.072643,-0.030473,-0.042460,-0.017342,-0.017234,0.023922,0.071971,0.174257,0.312756,1.739389
2001-08-22,0.000000,Training,-0.340229,-0.074555,-0.032170,-0.043504,-0.017780,-0.017229,0.024368,0.072609,0.176974,0.316258,1.752525
2001-08-23,0.000000,Training,-0.351381,-0.080358,-0.037017,-0.045002,-0.019494,-0.017654,0.023657,0.070409,0.175769,0.313874,1.754690
2001-08-24,0.000000,Training,-0.351940,-0.081005,-0.038092,-0.046066,-0.019379,-0.017556,0.024725,0.072195,0.180535,0.320743,1.776403
2001-08-25,0.000000,Training,-0.351998,-0.081406,-0.048720,-0.052542,-0.020775,-0.022852,0.024486,0.073975,0.189583,0.343522,1.849779
2001-08-26,0.000000,Training,-0.331636,-0.072314,-0.030246,-0.044958,-0.012685,-0.012851,0.032678,0.085971,0.203121,0.356417,1.868251
2001-08-27,0.000000,Training,-0.325870,-0.070265,-0.028092,-0.044617,-0.010535,-0.011161,0.035788,0.090581,0.210525,0.366693,1.891701
2001-08-28,0.000000,Training,-0.329155,-0.072789,-0.032092,-0.047121,-0.011836,-0.012352,0.035510,0.091205,0.215741,0.375056,1.920313
2001-08-29,0.000000,Training,-0.334621,-0.075514,-0.033835,-0.048129,-0.013861,-0.013241,0.034428,0.089329,0.213953,0.370228,1.910488
2001-08-30,0.000000,Training,-0.334422,-0.075661,-0.034253,-0.048848,-0.014164,-0.013439,0.034817,0.090216,0.216398,0.372964,1.918934
2001-08-31,0.000000,Training,-0.345777,-0.081604,-0.039826,-0.051498,-0.017547,-0.015552,0.032439,0.086272,0.213527,0.367253,1.912707
2001-09-01,0.000000,Training,-0.345026,-0.081612,-0.040348,-0.052298,-0.017691,-0.015698,0.032878,0.087416,0.216844,0.371945,1.927571
2001-09-02,0.000000,Training,-0.336708,-0.078108,-0.037735,-0.052007,-0.015812,-0.014588,0.035088,0.091947,0.224191,0.383215,1.954698
2001-09-03,0.000000,Training,-0.342487,-0.081552,-0.041108,-0.053802,-0.017482,-0.015391,0.034469,0.091235,0.225856,0.384445,1.963106
2001-09-04,0.000000,Training,-0.338715,-0.079781,-0.043815,-0.055622,-0.016549,-0.016234,0.035963,0.094616,0.233965,0.399815,2.008759
2001-09-05,0.000000,Training,-0.333546,-0.078584,-0.039492,-0.053997,-0.014887,-0.013034,0.038316,0.099144,0.240947,0.407402,2.024468
2001-09-06,0.000000,Training,-0.326193,-0.075837,-0.037664,-0.053543,-0.012475,-0.011024,0.041339,0.104743,0.250483,0.421501,2.059118
2001-09-07,0.000000,Training,-0.341247,-0.084355,-0.045410,-0.057280,-0.017378,-0.013648,0.038494,0.101140,0.250384,0.418443,2.060725
2001-09-08,0.000000,Training,-0.350860,-0.089654,-0.050516,-0.059617,-0.019894,-0.014808,0.037416,0.099591,0.251602,0.417952,2.066951
2001-09-09,0.000000,Training,-0.352096,-0.090942,-0.052229,-0.060838,-0.020629,-0.015132,0.037484,0.100658,0.255432,0.422746,2.082344
2001-09-10,0.000000,Training,-0.359937,-0.095549,-0.056681,-0.062651,-0.022120,-0.015360,0.037425,0.100779,0.259341,0.426679,2.100299
2001-09-11,0.000000,Training,-0.335883,-0.084451,-0.048394,-0.060092,-0.017400,-0.012598,0.041455,0.110069,0.272113,0.449501,2.148063
2001-09-12,0.000000,Training,-0.326024,-0.078671,-0.046988,-0.058710,-0.016377,-0.011940,0.041170,0.110013,0.276592,0.463026,2.192621
2001-09-13,0.000000,Training,-0.332553,-0.084234,-0.046615,-0.060814,-0.016001,-0.012275,0.043455,0.113179,0.275136,0.451021,2.147594
2001-09-14,0.000000,Training,-0.347048,-0.091860,-0.053726,-0.064153,-0.020326,-0.014822,0.040856,0.109168,0.273587,0.445524,2.142831
2001-09-15,0.000000,Training,-0.343386,-0.090566,-0.053265,-0.064336,-0.019998,-0.014591,0.041405,0.111057,0.277491,0.451857,2.159706
2001-09-16,0.000000,Training,-0.346003,-0.092737,-0.055017,-0.065423,-0.020528,-0.014414,0.042010,0.112882,0.281789,0.455745,2.170367
2001-09-17,0.000000,Training,-0.344866,-0.092903,-0.055466,-0.065886,-0.020288,-0.013885,0.043083,0.115520,0.287075,0.462592,2.187755
2001-09-18,0.000000,Training,-0.327742,-0.085546,-0.049085,-0.063149,-0.014960,-0.009579,0.048257,0.125275,0.299915,0.482752,2.229982
2001-09-19,0.000000,Training,-0.316893,-0.081026,-0.045388,-0.061013,-0.010363,-0.005438,0.053198,0.133634,0.312172,0.500634,2.270607
2001-09-20,0.000000,Training,-0.314512,-0.080257,-0.046778,-0.061161,-0.008544,-0.003955,0.056012,0.138527,0.321606,0.514859,2.309382
2001-09-21,0.000000,Training,-0.418657,-0.113605,-0.053108,0.059926,0.188605,0.218421,0.344505,0.455207,0.924051,1.567896,6.464827
2001-09-22,0.000000,Training,-0.537244,-0.170434,-0.128241,0.021613,0.226528,0.328929,0.489714,0.798432,1.862903,2.705142,10.712447
2001-09-23,0.000000,Training,-0.476524,-0.142347,-0.077551,0.029293,0.188370,0.273994,0.402273,0.667644,1.472192,2.155761,7.905207
2001-09-24,0.000000,Training,-0.411370,-0.161995,-0.095352,-0.066951,0.025420,0.069567,0.150170,0.291617,0.695047,1.081070,4.131528
2001-09-25,0.000000,Training,-0.380858,-0.139719,-0.086250,-0.067551,0.012130,0.047032,0.124703,0.255958,0.599279,0.927156,3.569893
2001-09-26,0.000000,Training,-0.363678,-0.123690,-0.080835,-0.068604,0.000835,0.028784,0.104681,0.227035,0.526414,0.807885,3.178101
2001-09-27,0.000000,Training,-0.373802,-0.130619,-0.116196,-0.091168,-0.021382,-0.001400,0.078435,0.198387,0.490677,0.784869,3.173244
2001-09-28,0.000000,Training,-0.355919,-0.117786,-0.088247,-0.073288,-0.004067,0.019501,0.095128,0.218245,0.509107,0.786505,3.119021
2001-09-29,0.000000,Training,-0.412902,-0.192913,-0.169895,-0.123511,-0.029820,0.002782,0.098709,0.235965,0.633847,1.138885,4.666134
2001-09-30,0.000000,Training,-0.458560,-0.201269,-0.137394,-0.077970,0.028107,0.089396,0.180385,0.357505,0.896322,1.386288,5.350322
2001-10-01,,,-0.439040,-0.004074,0.107664,0.361163,0.683799,0.862146,1.071098,1.808660,4.029233,5.903177,18.193066
2001-10-02,,,-0.491121,-0.076069,0.055796,0.332843,0.688659,0.893588,1.128890,1.973406,4.556836,6.741173,20.645266
2003-10-17,0.000000,Training,,,,,,,,,,,
2003-10-18,0.000000,Training,,,,,,,,,,,
2003-10-19,0.000000,Training,-0.672019,-0.396189,-0.289096,-0.039870,0.278292,0.496899,0.811011,1.651286,4.493355,6.855136,22.598793
2003-10-20,0.000000,Training,-0.533266,-0.262919,-0.171853,-0.012086,0.172390,0.343389,0.530873,1.022071,2.573153,3.781709,12.055705
2003-10-21,0.000000,Training,-0.492044,-0.243536,-0.179075,-0.062589,0.081817,0.210908,0.358407,0.718686,1.772386,2.618730,8.347514
2003-10-22,0.000000,Training,-0.412263,-0.184570,-0.131448,-0.044010,0.074899,0.176321,0.308067,0.596594,1.340432,1.938967,6.034393
2003-10-23,0.000000,Training,-0.367184,-0.148391,-0.111919,-0.016795,0.094114,0.185522,0.325474,0.600908,1.195549,1.692309,4.982730
2003-10-24,0.000000,Training,-0.370983,-0.154142,-0.128589,-0.019694,0.084452,0.177924,0.319045,0.600387,1.164327,1.629332,4.724971
2003-10-25,,,-0.568244,-0.196961,-0.023953,0.301429,0.740151,1.014061,1.335952,2.439113,5.865644,8.743728,26.029591
2003-10-26,31.405859,Training,-0.715891,-0.507707,-0.434537,-0.241670,0.078319,0.306879,0.616860,1.533326,4.831295,7.863379,26.634291
2003-10-27,3.543225,Training,-0.743984,-0.440547,-0.078800,0.837474,3.354295,4.237377,7.077329,17.364382,51.099174,82.154472,213.359909
2003-10-28,0.644223,Training,-0.637630,-0.232511,0.267562,1.582629,5.018159,6.129037,9.917701,22.826403,61.318729,97.767418,257.336212
2003-10-29,0.322111,Training,-0.560734,-0.119044,0.379501,1.540116,3.461049,4.438191,6.458198,12.217022,29.347296,43.079697,112.526604
2003-10-30,0.161056,Training,-0.595167,-0.294385,-0.071147,0.363736,0.923970,1.327584,1.920123,3.444881,8.329781,12.258816,32.869873
2003-10-31,0.805278,Training,-0.744461,-0.482246,-0.185182,0.501483,2.200937,2.917840,4.990270,11.244598,32.559017,53.024059,136.397095
2003-11-01,1.449501,Training,-0.606853,-0.217591,0.182297,1.154354,2.631962,3.589486,5.390485,9.873587,24.037161,34.327927,87.259422
2003-11-02,0.161056,Training,-0.593886,-0.288352,-0.024314,0.561994,1.248254,1.783699,2.602699,4.501227,9.963669,14.247174,34.170166
2003-11-03,0.000000,Training,-0.557140,-0.288048,-0.073680,0.349614,0.812690,1.176763,1.713981,2.891129,6.135647,8.834313,21.070152
2003-11-04,0.000000,Training,-0.525962,-0.293704,-0.155417,0.141258,0.426485,0.667793,1.019596,1.752006,3.585762,5.079566,12.287791
2003-11-05,0.000000,Training,-0.540775,-0.323018,-0.183169,0.101683,0.364484,0.593981,0.915316,1.592946,3.365089,4.755228,11.820235
2003-11-06,0.000000,Training,-0.525562,-0.320069,-0.207672,0.026709,0.232812,0.429177,0.680625,1.240547,2.626810,3.680902,9.413278
2003-11-07,0.000000,Training,-0.513742,-0.312308,-0.211012,0.010874,0.202554,0.387034,0.617495,1.140820,2.363586,3.273118,8.392342
2003-11-08,0.000000,Training,-0.525174,-0.327790,-0.223515,0.003884,0.193944,0.379131,0.602575,1.128437,2.336969,3.220003,8.238257
2003-11-09,0.000000,Training,-0.576627,-0.388830,-0.307989,-0.053545,0.167772,0.353138,0.620405,1.219102,2.630230,3.835657,9.980692
2003-11-10,0.000000,Training,-0.609012,-0.410662,-0.298712,-0.022529,0.211708,0.426012,0.686527,1.321435,2.988803,4.371533,11.595262
2003-11-11,0.000000,Training,-0.561738,-0.367840,-0.251857,0.002722,0.213244,0.425535,0.664469,1.257977,2.674433,3.817686,9.706770
2003-11-12,0.000000,Training,,,,,,,,,,,
2003-11-13,0.000000,Training,-0.568553,-0.380751,-0.254540,0.001673,0.207644,0.416806,0.641996,1.230102,2.652818,3.768366,9.573151
2003-11-14,0.000000,Training,-0.533689,-0.346508,-0.242643,-0.028688,0.144639,0.326606,0.516484,1.020761,2.162026,3.024640,7.824063
2003-11-15,0.000000,Training,-0.737612,-0.580968,-0.471344,-0.241150,0.055798,0.332548,0.669958,1.611586,4.644038,7.473238,21.805670
2003-11-16,0.000000,Training,-0.702463,-0.494523,-0.348192,-0.043995,0.278774,0.629854,0.967688,1.958145,5.085151,7.334975,21.112225
2003-11-17,0.000000,Training,-0.603047,-0.402993,-0.274738,-0.041766,0.184572,0.434019,0.661222,1.336176,3.200706,4.657445,12.620494
2003-11-18,0.000000,Training,-0.575819,-0.380931,-0.252503,-0.037497,0.171058,0.390496,0.604427,1.201782,2.813208,4.084569,10.965003
2003-11-19,0.000000,Training,-0.494479,-0.305444,-0.214811,-0.056193,0.096154,0.260203,0.417310,0.858067,1.868352,2.624863,7.136377
2003-11-20,0.000000,Training,-0.472511,-0.284197,-0.202530,-0.049806,0.094120,0.248084,0.402980,0.822349,1.721886,2.376559,6.413312
2003-11-21,0.000000,Training,-0.547455,-0.361247,-0.302864,-0.095610,0.096179,0.274650,0.489530,1.041818,2.302228,3.368968,8.956672
2003-11-22,46.545094,Training,-0.779146,-0.480895,-0.194233,0.725378,2.998135,4.320575,7.718782,17.204855,49.748859,75.575684,174.263412
2003-11-23,20.615128,Training,-0.219394,0.841122,1.655093,6.465835,16.351900,21.153374,33.405899,67.424438,148.870743,192.298935,405.997864
2003-11-24,,,-0.705258,-0.358577,0.113845,1.077172,2.854828,3.594384,5.029600,9.936232,22.852982,37.117851,94.572311
2003-11-25,49.121985,Training,-0.161605,0.774658,1.658328,4.899866,9.245282,12.621124,16.911266,28.811316,56.440800,73.116737,159.888931
2003-11-26,12.562344,Training,-0.525238,-0.042779,0.360010,1.582789,3.150549,4.286979,5.909069,10.088476,21.172304,29.650795,66.928993
2003-11-27,5.475893,Training,-0.519140,-0.161036,0.195477,0.979791,1.886870,2.579979,3.538992,5.742666,11.439198,16.077948,34.930485
2003-11-28,1.932668,Training,-0.518345,-0.226898,0.002052,0.515434,1.050805,1.481380,2.066956,3.377116,6.451891,8.825585,19.199295
2003-11-29,1.288446,Training,-0.518608,-0.242257,-0.019172,0.496299,0.996046,1.398278,1.964711,3.190107,5.953057,8.152562,17.539944
2003-11-30,0.966334,Training,-0.585763,-0.330515,-0.126696,0.395536,0.930992,1.302998,1.940755,3.230562,6.511020,9.406555,21.415873
2003-12-01,0.805278,Training,-0.545659,-0.272724,-0.082147,0.429718,0.909157,1.308994,1.840087,3.019947,5.642337,7.639129,16.904778
2003-12-02,0.483167,Training,-0.520901,-0.263210,-0.056538,0.429119,0.931714,1.352726,1.836414,2.955457,5.328123,7.177463,15.888200
2003-12-03,0.322111,Training,-0.631581,-0.185677,0.136202,1.623105,4.178289,6.590747,9.940652,18.056734,41.591194,57.958885,149.363266
2003-12-04,0.322111,Training,0.126381,1.465242,2.418012,7.121211,13.624220,18.815756,24.651022,38.309223,71.876358,93.005478,225.493561
2003-12-05,35.754363,Training,0.466324,2.181718,3.169690,9.532601,17.166582,22.350697,30.158411,47.363647,84.150543,106.366966,233.005432
2003-12-06,86.647960,Training,8.678657,16.876139,20.971300,57.002960,90.350548,109.675865,147.115784,203.332886,303.468079,369.069244,698.516174
2003-12-07,20.615128,Training,9.675651,16.784920,20.595232,43.222328,61.137932,75.116585,88.715019,112.663406,163.740204,198.670456,391.839020
2003-12-08,58.624270,Training,6.519922,11.376247,13.672416,30.137844,42.725925,52.331619,63.286983,80.993919,120.361755,147.733063,292.744659
2003-12-09,49.121985,Training,9.187391,15.514070,18.237450,41.383732,59.027546,71.385696,87.007729,110.808968,162.578720,200.746002,380.019867
2003-12-10,18.521404,Training,6.186802,10.326289,13.117254,25.417686,34.027451,42.916279,49.013577,61.528839,88.297264,103.479134,216.462158
2003-12-11,7.730673,Training,2.855812,5.018278,6.845715,12.621977,17.042450,21.684851,25.377113,31.465048,46.510201,54.199558,120.391289
2003-12-12,5.636949,Training,,,,,,,,,,,
2003-12-13,1.932668,Training,0.811301,1.824572,2.763749,5.194144,7.341608,9.135527,11.243834,14.095041,21.442791,25.378296,56.126602
2003-12-14,1.127390,Training,0.519164,1.346967,2.143378,4.130090,5.970205,7.407351,9.166838,11.631201,17.883430,21.380928,47.114685
2003-12-15,0.805278,Training,0.124732,0.759495,1.372811,2.910680,4.329687,5.471863,6.819683,9.028286,14.098402,17.110884,37.052071
2003-12-16,0.644223,Training,-0.064268,0.479280,0.985403,2.291140,3.476305,4.436674,5.568238,7.595905,12.011738,14.704470,31.709236
2003-12-17,0.644223,Training,-0.597848,-0.159618,0.293091,2.013674,4.336143,6.188858,10.048996,17.336128,37.222458,52.402775,128.320572
2003-12-18,5.153782,Training,0.127184,1.325065,2.423586,6.983631,12.070868,16.656855,22.092079,33.888237,60.096584,76.421478,179.472046
2003-12-19,2.254780,Training,-0.150609,0.572916,1.328253,3.542988,5.759684,8.083432,10.310261,15.175770,27.063992,34.657055,79.317642
2003-12-20,1.449501,Training,-0.151514,0.460728,1.116987,2.778901,4.383339,5.913729,7.542804,10.736520,18.515827,23.834219,53.330429
2003-12-21,0.966334,Training,-0.159073,0.355703,0.941733,2.279437,3.643135,4.745597,6.077588,8.515048,14.529874,18.924099,42.136326
2003-12-22,0.805278,Training,-0.510140,-0.242997,0.010589,0.583376,1.090780,1.541608,2.077413,3.370249,6.100941,8.209089,17.416592
2003-12-23,0.644223,Training,-0.514935,-0.263173,-0.057941,0.417036,0.850476,1.242185,1.663085,2.730776,4.841488,6.362210,13.756021
2003-12-24,0.483167,Training,-0.529670,-0.301260,-0.134070,0.255101,0.599957,0.921408,1.257108,2.142139,3.869612,5.106934,11.299519
2003-12-25,0.322111,Training,-0.535961,-0.324814,-0.195346,0.121833,0.372788,0.627990,0.886944,1.612959,3.009584,3.983214,9.110485
2003-12-26,0.322111,Training,-0.535673,-0.331343,-0.210742,0.085113,0.302755,0.531257,0.764372,1.436041,2.748806,3.690911,8.571923
2003-12-27,0.161056,Training,-0.508313,-0.314003,-0.217044,0.016476,0.186611,0.374798,0.553132,1.097664,2.124788,2.838271,6.906824
2003-12-28,0.161056,Training,-0.472550,-0.285306,-0.209815,-0.031487,0.104815,0.259894,0.395244,0.835182,1.619713,2.137914,5.510232
2003-12-29,0.161056,Training,-0.472993,-0.290186,-0.213029,-0.043102,0.100427,0.259626,0.390499,0.823320,1.588972,2.088439,5.429257
2003-12-30,0.161056,Training,-0.471444,-0.286383,-0.208391,-0.033937,0.097886,0.249971,0.378793,0.810033,1.579353,2.097124,5.408331
2003-12-31,0.000000,Training,-0.469344,-0.287834,-0.206623,-0.038338,0.091913,0.240555,0.364992,0.787552,1.549438,2.075849,5.368020
2004-01-01,0.000000,Training,-0.473111,-0.292145,-0.214563,-0.046705,0.086039,0.229862,0.353695,0.771410,1.543233,2.099332,5.485352
2004-01-02,0.000000,Training,-0.472384,-0.290226,-0.210381,-0.041168,0.087683,0.236560,0.356134,0.776938,1.537333,2.063916,5.366197
2004-01-03,0.000000,Training,-0.474683,-0.291050,-0.213151,-0.039146,0.090134,0.242920,0.362919,0.790163,1.553145,2.063258,5.347692
2004-01-04,0.000000,Training,-0.486424,-0.300537,-0.219042,-0.030545,0.105994,0.267301,0.394849,0.845700,1.660068,2.206424,5.636678
2004-01-05,0.000000,Training,-0.447140,-0.266286,-0.198338,-0.052728,0.062560,0.199289,0.300243,0.679241,1.327549,1.748364,4.686117
2004-01-06,0.000000,Training,-0.435328,-0.259019,-0.192676,-0.062955,0.052934,0.186359,0.280456,0.639789,1.241493,1.624018,4.436058
2004-01-07,0.000000,Training,-0.435978,-0.254891,-0.191873,-0.054626,0.057762,0.187228,0.284120,0.647225,1.256170,1.653305,4.480644
2004-01-08,0.000000,Training,-0.433440,-0.256716,-0.185832,-0.055742,0.055449,0.182378,0.274972,0.632797,1.245984,1.668951,4.519519
2004-01-09,0.000000,Training,-0.434963,-0.265725,-0.187946,-0.074610,0.037301,0.158858,0.240811,0.585519,1.222803,1.676740,4.699085
2004-01-10,0.000000,Training,-0.434336,-0.264037,-0.185233,-0.064919,0.047610,0.172717,0.258684,0.610590,1.240826,1.688704,4.635588
2004-01-11,0.000000,Training,-0.431437,-0.262547,-0.183331,-0.067254,0.043739,0.167512,0.251047,0.598131,1.217260,1.654903,4.566055
2004-01-12,0.000000,Training,-0.430086,-0.258674,-0.182611,-0.059534,0.051833,0.176951,0.265345,0.617484,1.222715,1.647954,4.478396
2004-01-13,0.000000,Training,-0.430284,-0.252489,-0.185967,-0.052617,0.058261,0.187952,0.280639,0.640031,1.223456,1.602760,4.325926
2004-01-14,0.000000,Training,-0.425826,-0.248318,-0.181615,-0.051052,0.057771,0.184610,0.275553,0.630130,1.203575,1.584214,4.277446
2004-01-15,0.000000,Training,-0.442653,-0.267566,-0.207738,-0.058490,0.066584,0.194820,0.300151,0.677301,1.318720,1.808946,4.849000
2004-01-16,0.000000,Training,-0.462721,-0.277640,-0.206250,-0.050992,0.078922,0.220875,0.321888,0.713575,1.415422,1.926341,5.191241
2004-01-17,0.000000,Training,-0.454970,-0.274740,-0.196344,-0.048453,0.079213,0.224880,0.323364,0.715099,1.403885,1.886502,5.038540
2004-01-18,0.000000,Training,-0.465224,-0.286608,-0.207378,-0.053479,0.083120,0.235333,0.339137,0.745778,1.452222,1.937471,5.129458
2004-01-19,0.000000,Training,-0.469429,-0.302578,-0.216015,-0.068476,0.086207,0.250481,0.353069,0.764221,1.472067,1.986236,5.275289
2004-01-20,0.000000,Training,-0.449710,-0.282815,-0.202912,-0.071652,0.070133,0.221309,0.315213,0.697398,1.335124,1.784968,4.804346
2004-01-21,0.000000,Training,-0.447174,-0.272611,-0.197536,-0.060626,0.072164,0.217454,0.313304,0.696949,1.335029,1.768888,4.712498
2004-01-22,0.000000,Training,-0.444603,-0.271262,-0.195772,-0.061937,0.070874,0.215230,0.309100,0.689225,1.320338,1.752668,4.682392
2004-01-23,0.000000,Training,-0.441682,-0.261020,-0.189405,-0.046369,0.076192,0.214929,0.310991,0.695775,1.333900,1.764936,4.669408
2004-01-24,0.000000,Training,-0.439531,-0.260243,-0.185072,-0.041073,0.079314,0.213623,0.309648,0.694810,1.342906,1.805947,4.746800
2004-01-25,0.000000,Training,-0.439177,-0.261277,-0.184664,-0.041298,0.079990,0.213320,0.309354,0.693975,1.345751,1.820448,4.782107
2004-01-26,0.000000,Training,-0.436750,-0.261752,-0.185187,-0.048259,0.075457,0.203684,0.297871,0.673358,1.324820,1.821354,4.842080
2004-01-27,0.000000,Training,-0.451008,-0.280852,-0.202302,-0.062915,0.069604,0.199022,0.292734,0.677247,1.394236,1.979211,5.363222
2004-01-28,0.000000,Training,-0.459016,-0.282525,-0.198371,-0.048256,0.086376,0.226293,0.323157,0.722219,1.459361,2.040812,5.426641
2004-01-29,0.000000,Training,-0.496008,-0.314956,-0.243700,-0.057041,0.116499,0.283853,0.411507,0.875609,1.772598,2.475595,6.470062
2004-01-30,0.000000,Training,-0.684814,-0.465085,-0.348100,-0.024168,0.342804,0.685604,0.931382,2.010383,5.092402,7.613347,20.532190
2004-01-31,0.000000,Training,-0.760586,-0.496501,-0.299359,0.254535,1.087294,1.775141,2.369267,5.156731,13.474368,19.639290,51.759670
2004-02-01,0.000000,Training,-0.710995,-0.469246,-0.235785,0.267456,0.873009,1.405683,1.882352,3.829894,9.314090,13.963046,34.918381
2004-02-02,0.000000,Training,-0.656949,-0.440962,-0.219771,0.203816,0.632928,1.030567,1.398024,2.718501,6.154210,9.376432,22.382238
2004-02-03,0.000000,Training,-0.591509,-0.397234,-0.212321,0.119401,0.411211,0.708418,0.963090,1.868731,3.947119,5.815658,13.551263
2004-02-04,0.000000,Training,-0.549041,-0.360202,-0.202464,0.093040,0.340399,0.593275,0.816271,1.581688,3.171228,4.537879,10.480280
2004-02-05,0.000000,Training,-0.529456,-0.337892,-0.193753,0.098402,0.332657,0.573632,0.790889,1.517364,2.919268,4.076663,9.314735
2004-02-06,0.000000,Training,-0.516426,-0.321584,-0.190589,0.094555,0.315588,0.547325,0.754219,1.442923,2.701753,3.695141,8.436791
2004-02-07,0.000000,Training,-0.511728,-0.317591,-0.191874,0.085439,0.298115,0.522702,0.720790,1.382698,2.565113,3.485424,7.983581
2004-02-08,0.000000,Training,-0.511019,-0.317987,-0.194584,0.077475,0.285023,0.504650,0.696352,1.340876,2.480233,3.363815,7.734057
2004-02-09,0.000000,Training,-0.511608,-0.318339,-0.197146,0.071749,0.275142,0.492215,0.677929,1.310006,2.416819,3.264381,7.536827
2004-02-10,0.000000,Training,-0.512415,-0.323868,-0.200619,0.059467,0.257860,0.468311,0.646678,1.261074,2.347209,3.199532,7.426096
2004-02-11,0.000000,Training,-0.512600,-0.327034,-0.203753,0.048310,0.241680,0.446799,0.617459,1.214663,2.276586,3.117715,7.285123
2004-02-12,0.000000,Training,-0.513436,-0.332454,-0.207357,0.034819,0.223515,0.423293,0.585026,1.164880,2.214662,3.059731,7.216118
2004-02-13,0.000000,Training,-0.515230,-0.328701,-0.209183,0.039751,0.225578,0.427370,0.588311,1.169716,2.201879,3.008390,7.079080
2004-02-14,0.000000,Training,-0.520944,-0.332035,-0.212673,0.043475,0.232291,0.436828,0.599874,1.189851,2.248443,3.076660,7.236663
2004-02-15,0.000000,Training,-0.509198,-0.320930,-0.213617,0.018028,0.188392,0.379935,0.522148,1.061990,2.015171,2.728640,6.559901
2004-02-16,0.000000,Training,-0.521108,-0.330290,-0.214948,0.033000,0.216075,0.421459,0.571556,1.144381,2.179015,2.949980,7.012753
2004-02-17,0.000000,Training,-0.501728,-0.315216,-0.214514,0.000980,0.157943,0.337374,0.465308,0.970053,1.865336,2.534683,6.191141
2004-02-18,0.000000,Training,-0.470418,-0.290368,-0.202604,-0.027343,0.106254,0.258188,0.361719,0.792855,1.540544,2.109997,5.355316
2004-02-19,0.000000,Training,-0.430782,-0.252716,-0.182175,-0.046183,0.068371,0.195229,0.278992,0.639825,1.229277,1.664667,4.446466
2004-02-20,0.000000,Training,-0.553162,-0.245068,-0.081890,0.465562,1.013546,1.435386,1.758337,2.918141,6.848234,10.306099,26.782471
2004-02-21,9.663341,Training,0.477789,2.888150,4.469730,15.308789,35.113239,43.859127,57.608475,108.786530,209.037476,237.500107,470.052765
2004-02-22,2.254780,Training,1.176980,3.694125,5.034453,15.528006,33.517616,40.190536,51.493641,89.697151,156.369431,196.630692,377.182373
2004-02-23,87.292183,Training,8.183806,18.910280,26.842344,80.936081,135.536057,169.383591,182.209167,281.187958,381.798004,480.436157,776.984253
2004-02-24,65.710721,Training,7.345800,14.218901,18.571245,50.946373,90.151711,104.407440,126.833702,191.122513,271.706116,357.044006,644.537415
2004-02-25,14.656068,Training,6.097039,12.398874,16.324438,45.250778,77.061363,92.588509,110.681984,165.734924,239.798874,309.304596,560.340271
2004-02-26,4.509559,Training,2.249845,5.178662,7.322725,18.237982,28.436287,37.411915,42.679489,64.133011,97.907326,120.077232,254.817383
2004-02-27,1.932668,Training,0.201740,1.176092,2.176441,4.943416,8.032883,10.978730,12.875642,19.406149,32.927845,42.306053,93.246460
2004-02-28,1.127390,Training,-0.090041,0.525361,1.221904,2.696537,4.467205,6.053307,7.238518,10.612555,17.785049,23.486748,51.676834
2004-02-29,0.805278,Training,-0.283308,0.189812,0.681319,1.764732,2.942654,3.939456,4.917299,7.399118,12.466673,16.497313,35.134235
2004-03-01,0.483167,Training,-0.414302,0.003300,0.376942,1.360435,2.508615,3.448295,4.450584,7.020503,12.782023,17.879383,39.657467
2004-03-02,0.483167,Training,-0.372365,0.036018,0.519158,1.470177,2.677944,3.700735,4.564466,6.988496,12.373763,17.108963,38.480831
2004-03-03,0.161056,Training,-0.364142,0.030741,0.489391,1.401078,2.438210,3.364212,4.173623,6.345222,10.922070,14.663990,32.187332
2004-03-04,0.161056,Training,-0.320801,0.100694,0.576013,1.607010,2.630988,3.552766,4.459635,6.689289,11.174705,14.710767,31.959478
2004-03-05,0.161056,Training,-0.380464,-0.023550,0.408410,1.295276,2.185093,2.938341,3.748021,5.723709,9.735824,13.225030,28.506599
2004-03-06,0.161056,Training,-0.432314,-0.128697,0.295649,1.083820,1.946814,2.606454,3.351963,5.199176,9.308824,13.190283,29.338827
2004-03-07,0.000000,Training,-0.464487,-0.180153,0.178158,0.879478,1.555490,2.139319,2.743207,4.357234,7.662526,10.660164,23.050791
2004-03-08,0.000000,Training,-0.491764,-0.234043,0.097220,0.725985,1.318621,1.838835,2.353324,3.809759,6.809339,9.559240,20.781752
2004-03-09,0.000000,Training,-0.500317,-0.248768,0.063588,0.664244,1.206650,1.700090,2.163655,3.535623,6.300715,8.773887,19.086082
2004-03-10,0.000000,Training,-0.540833,-0.323974,-0.067384,0.411317,0.815745,1.203637,1.548142,2.662289,4.937726,7.003937,15.333858
2004-03-11,0.000000,Training,-0.560826,-0.371570,-0.159446,0.211285,0.509142,0.808722,1.052824,1.928569,3.782449,5.500432,12.362411
2004-03-12,0.161056,Training,-0.618827,-0.262866,-0.011174,0.831212,1.469301,2.221199,2.768423,4.638872,11.484710,18.223898,45.237728
2004-03-13,0.966334,Training,-0.712739,-0.390021,-0.144496,0.576476,1.502844,2.352203,2.959005,5.846295,14.270731,20.019514,51.938622
2004-03-14,0.644223,Training,-0.622088,-0.370783,-0.188892,0.193681,0.549575,0.923725,1.109617,2.238698,5.142137,7.602113,18.710609
2004-03-15,0.322111,Training,-0.586642,-0.389952,-0.208906,0.035876,0.273821,0.520986,0.642936,1.392990,3.312032,5.136153,13.375256
2004-03-16,0.161056,Training,-0.527547,-0.334834,-0.200936,0.027225,0.215365,0.411898,0.540738,1.133410,2.474999,3.729631,9.304943
2004-03-17,0.161056,Training,-0.495701,-0.310783,-0.193117,0.007337,0.165067,0.336877,0.448850,0.961387,2.060483,3.064829,7.772762
2004-03-18,0.000000,Training,-0.483315,-0.305993,-0.201712,-0.032319,0.104902,0.253191,0.341953,0.792849,1.759803,2.648802,7.103712
2004-03-19,0.000000,Training,-0.475533,-0.300363,-0.195250,-0.031733,0.096105,0.243927,0.325272,0.758774,1.676578,2.505394,6.726782
2004-03-20,0.000000,Training,-0.422541,-0.249010,-0.168968,-0.067286,0.027694,0.139731,0.191655,0.516327,1.154923,1.698734,4.998000
2004-03-21,0.000000,Training,-0.418811,-0.244708,-0.168243,-0.074462,0.013875,0.120585,0.169490,0.477720,1.072483,1.573224,4.697602
2004-03-22,0.000000,Training,-0.394767,-0.217585,-0.153729,-0.040341,0.055446,0.163887,0.232940,0.549916,1.095248,1.557519,4.334358
2004-03-23,0.000000,Training,-0.382995,-0.199322,-0.147072,-0.032324,0.056331,0.161478,0.231225,0.537802,1.028823,1.431966,3.979083
2004-03-24,0.000000,Training,-0.373490,-0.187099,-0.140209,-0.030187,0.053857,0.156067,0.223296,0.517946,0.978487,1.349003,3.784675
2004-03-25,0.000000,Training,-0.370626,-0.190923,-0.135349,-0.041445,0.042951,0.138827,0.196725,0.475650,0.940875,1.339406,3.858881
2004-03-26,0.000000,Training,-0.370516,-0.185079,-0.136792,-0.033378,0.048497,0.146405,0.207821,0.490395,0.935384,1.300930,3.696005
2004-03-27,0.000000,Training,-0.420823,-0.228180,-0.166177,0.004564,0.124178,0.254741,0.329755,0.654508,1.291595,1.891695,5.057709
2004-03-28,0.000000,Training,-0.626444,-0.337401,-0.269203,0.051267,0.367387,0.709226,0.755736,1.653269,4.063390,5.773422,16.207706
2004-03-29,0.161056,Training,-0.591432,-0.304758,-0.220404,0.087288,0.375712,0.674330,0.754828,1.603197,3.701222,5.227252,13.893511
2004-03-30,0.000000,Training,-0.569890,-0.302646,-0.199762,0.105244,0.362087,0.619262,0.731995,1.516389,3.383313,4.952126,12.480421
2004-03-31,0.000000,Training,-0.510686,-0.285732,-0.189279,0.033572,0.200275,0.387664,0.473339,1.009091,2.176244,3.216403,8.235994
2004-04-01,0.161056,Training,-0.573118,-0.295375,-0.201306,0.155115,0.426864,0.721534,0.832105,1.663360,3.823654,5.856581,14.281483
2004-04-02,0.000000,Training,-0.617690,-0.341184,-0.203924,0.166323,0.478773,0.821245,0.967792,1.998622,4.610635,6.738582,17.105206
2004-04-03,0.000000,Training,-0.532107,-0.295952,-0.161423,0.107414,0.306359,0.543794,0.646711,1.334640,2.953340,4.448503,11.169943
2004-04-04,0.000000,Training,-0.514518,-0.310024,-0.179031,0.027979,0.171237,0.357160,0.419118,0.952379,2.206562,3.458615,9.317639
2004-04-05,0.000000,Training,-0.479074,-0.278453,-0.166251,0.005174,0.111002,0.264686,0.309285,0.743823,1.727723,2.720377,7.554577
2004-04-06,0.000000,Training,-0.450728,-0.248620,-0.154258,-0.005754,0.080142,0.214247,0.251805,0.626381,1.441838,2.246723,6.365444
2004-04-07,0.000000,Training,-0.422246,-0.218891,-0.142448,-0.014464,0.057583,0.173893,0.207512,0.534187,1.214757,1.871801,5.433132
2004-04-08,0.000000,Training,-0.398702,-0.204816,-0.153433,0.006456,0.095820,0.206386,0.257462,0.604775,1.297859,2.033703,5.693322
2004-04-09,0.000000,Training,-0.482205,-0.211962,-0.142473,0.153988,0.284941,0.492641,0.500728,0.994929,2.226692,3.488484,9.383037
2004-04-10,0.000000,Training,-0.494836,-0.231108,-0.139452,0.099139,0.264557,0.476115,0.518472,1.093134,2.409675,3.484837,9.733775
2004-04-11,0.000000,Training,-0.426679,-0.200030,-0.119981,0.056491,0.174334,0.326490,0.373649,0.786334,1.636639,2.422835,6.574826
2004-04-12,0.000000,Training,-0.417636,-0.199935,-0.125218,0.044903,0.151022,0.290774,0.346930,0.732507,1.511503,2.245966,6.020049
2004-04-13,0.000000,Training,-0.410033,-0.200713,-0.128754,0.014602,0.097520,0.217943,0.253361,0.589337,1.300655,1.992445,5.681879
2004-04-14,0.000000,Training,-0.409882,-0.201841,-0.132448,0.021287,0.104677,0.226649,0.271749,0.614834,1.335966,2.029879,5.638944
2004-04-15,0.000000,Training,-0.379425,-0.173962,-0.133671,0.008885,0.087883,0.184994,0.229799,0.530454,1.114162,1.722040,4.932624
2004-04-16,0.000000,Training,-0.370515,-0.164759,-0.110102,-0.002472,0.066975,0.163087,0.193276,0.459690,0.972726,1.468777,4.394307
2004-04-17,0.000000,Training,-0.346845,-0.140166,-0.105878,0.008277,0.079255,0.165969,0.216309,0.476099,0.916324,1.337525,3.863209
2004-04-18,0.000000,Training,-0.345262,-0.141980,-0.102247,-0.004589,0.058340,0.141833,0.182852,0.426740,0.835610,1.213931,3.607842
2004-04-19,0.000000,Training,-0.334732,-0.132172,-0.094389,-0.002164,0.056562,0.135832,0.176850,0.411062,0.807876,1.176159,3.511224
2004-04-20,0.000000,Training,-0.318550,-0.120687,-0.081091,-0.016309,0.037078,0.102162,0.134169,0.334526,0.670765,0.991344,3.153329
2004-04-21,0.000000,Training,-0.310804,-0.112712,-0.074049,-0.021967,0.027691,0.084967,0.113848,0.297655,0.605622,0.900905,2.983257
2004-04-22,0.000000,Training,-0.302247,-0.103102,-0.066788,-0.023339,0.022197,0.072912,0.099513,0.269144,0.551802,0.828572,2.833743
2004-04-23,0.000000,Training,-0.307916,-0.096314,-0.063879,-0.032007,0.000151,0.040626,0.059350,0.202810,0.445789,0.691839,2.601378
2004-04-24,0.000000,Training,-0.323708,-0.102201,-0.071240,-0.035247,-0.010752,0.030375,0.045117,0.181414,0.418228,0.657284,2.526777
2004-04-25,0.000000,Training,-0.349475,-0.115684,-0.086875,-0.036145,-0.019080,0.028475,0.037412,0.175562,0.428355,0.675003,2.564373
2004-04-26,0.000000,Training,-0.382991,-0.150376,-0.117393,-0.031023,-0.011660,0.057712,0.060644,0.239633,0.591946,0.921342,3.126974
2004-04-27,0.000000,Training,-0.322288,-0.111927,-0.082870,-0.035079,-0.005876,0.044413,0.057163,0.213995,0.493482,0.753531,2.719899
2004-04-28,0.000000,Training,-0.286888,-0.089057,-0.065304,-0.026397,0.010256,0.042189,0.064438,0.195874,0.400225,0.649094,2.432318
2004-04-29,0.000000,Training,-0.298294,-0.091349,-0.055729,-0.026070,0.014138,0.054095,0.074519,0.211422,0.435871,0.669973,2.481345
2004-04-30,0.000000,Training,-0.286576,-0.084961,-0.050531,-0.015601,0.027134,0.068534,0.098727,0.240818,0.455648,0.686505,2.410904
2004-05-01,0.000000,Training,-0.292699,-0.088758,-0.064713,-0.015514,0.028857,0.066297,0.099484,0.242568,0.452177,0.701726,2.436494
2004-05-02,0.000000,Training,-0.341752,-0.061424,0.025585,0.302477,0.332819,0.447824,0.427661,0.613530,1.019679,1.565070,4.213768
2004-05-03,0.000000,Training,-0.460263,-0.062922,-0.032611,0.286241,0.494907,0.731959,0.725600,1.295326,2.618657,3.654380,10.885863
2004-05-04,0.000000,Training,-0.404438,-0.097033,-0.015269,0.149169,0.262855,0.399343,0.400967,0.733681,1.457762,2.084066,6.497151
2004-05-05,0.000000,Training,-0.372997,-0.070953,-0.007854,0.164963,0.271727,0.401855,0.422114,0.767199,1.514056,2.214087,6.173563
2004-05-06,0.000000,Training,-0.371473,-0.120944,-0.067236,0.059640,0.130981,0.226259,0.252550,0.507258,1.041282,1.574595,4.602793
2004-05-07,0.000000,Training,-0.334284,-0.098973,-0.056102,0.048824,0.106820,0.187581,0.227369,0.454554,0.885427,1.299172,3.809836
2004-05-08,0.000000,Training,-0.321791,-0.091018,-0.056239,0.034508,0.080740,0.150249,0.185534,0.387432,0.769295,1.141819,3.505427
2004-05-09,0.000000,Training,-0.324189,-0.093511,-0.083181,0.036025,0.085009,0.145121,0.191646,0.388558,0.738477,1.147456,3.450598
2004-05-10,0.000000,Training,-0.372134,-0.117454,-0.105074,0.063766,0.129236,0.217765,0.248421,0.483735,0.930603,1.469437,4.277907
2004-05-11,0.000000,Training,-0.444458,-0.131659,-0.114368,0.095731,0.187162,0.320499,0.312638,0.639453,1.315353,2.016772,6.091011
2004-05-12,0.000000,Training,-0.462526,-0.135090,-0.103777,0.098386,0.175283,0.300226,0.272086,0.582154,1.234898,1.949574,6.377513
2004-05-13,0.000000,Training,-0.474709,-0.145432,-0.107229,0.134623,0.207980,0.361665,0.308212,0.661964,1.415465,2.253530,7.073784
2004-05-14,0.000000,Training,-0.463674,-0.171275,-0.076337,0.129837,0.181820,0.320317,0.286737,0.612838,1.322922,2.086502,6.454213
2004-05-15,0.000000,Training,-0.458516,-0.184768,-0.099407,0.101481,0.128634,0.264168,0.233555,0.535968,1.213529,1.987385,5.958452
2004-05-16,0.000000,Training,-0.474099,-0.211053,-0.131255,0.086916,0.110334,0.249620,0.229938,0.545129,1.274967,2.122039,6.119255
2004-05-17,0.000000,Training,-0.405791,-0.142908,-0.100228,0.050822,0.058586,0.150509,0.144220,0.361596,0.838426,1.364918,4.285183
2004-05-18,0.000000,Training,-0.379405,-0.115149,-0.088122,0.039174,0.040878,0.115183,0.115466,0.297410,0.686581,1.115949,3.666071
2004-05-19,0.000000,Training,-0.364640,-0.097749,-0.081198,0.032212,0.028208,0.091573,0.094204,0.251445,0.584132,0.958583,3.277792
2004-05-20,0.000000,Training,-0.339573,-0.086467,-0.092293,0.024113,0.024204,0.074533,0.082296,0.219669,0.502908,0.887901,3.150264
2004-05-21,0.000000,Training,-0.350736,-0.091872,-0.085816,0.009440,0.021641,0.064578,0.071548,0.192425,0.430960,0.778918,2.951868
2004-05-22,0.000000,Training,-0.350883,-0.091416,-0.069674,0.004177,0.024075,0.064317,0.076335,0.193930,0.422392,0.731762,2.821810
2004-05-23,0.000000,Training,-0.359054,-0.097180,-0.077414,-0.001869,0.008729,0.047149,0.055275,0.161669,0.368441,0.666898,2.669809
2004-05-24,0.000000,Training,-0.353373,-0.096436,-0.079327,-0.005595,0.006906,0.043544,0.051922,0.157547,0.362420,0.658941,2.644663
2004-05-25,0.000000,Training,-0.364878,-0.103704,-0.091747,-0.008014,-0.002164,0.034705,0.040055,0.135811,0.318610,0.623606,2.579605
2004-05-26,0.000000,Training,-0.375012,-0.103575,-0.081604,-0.004448,0.000370,0.039355,0.044306,0.139675,0.331226,0.619087,2.572912
2004-05-27,0.000000,Training,-0.364998,-0.093709,-0.068172,0.004917,-0.000637,0.042374,0.043126,0.135711,0.327885,0.600863,2.489871
2004-05-28,0.000000,Training,-0.350618,-0.081754,-0.062536,-0.000288,-0.007598,0.027640,0.031187,0.115353,0.286022,0.529520,2.280084
2004-05-29,0.000000,Training,-0.351000,-0.071576,-0.059719,-0.004546,-0.016812,0.007784,0.015586,0.082104,0.211481,0.413539,1.957008
2004-05-30,0.000000,Training,-0.342101,-0.061874,-0.052000,-0.007022,-0.021304,-0.003666,0.005722,0.062633,0.167734,0.343941,1.766824
2004-05-31,0.000000,Training,-0.343806,-0.057544,-0.049115,-0.007698,-0.025681,-0.013559,-0.003356,0.042263,0.123263,0.280114,1.600355
2004-06-01,0.000000,Training,-0.346824,-0.064916,-0.045282,-0.020393,-0.029173,-0.025817,-0.010078,0.030469,0.085928,0.216118,1.414197
2004-06-02,0.000000,Training,-0.355125,-0.066053,-0.047530,-0.017163,-0.030744,-0.027408,-0.014149,0.020975,0.066656,0.192802,1.356567
2004-06-03,0.000000,Training,-0.352561,-0.064504,-0.046410,-0.017641,-0.031033,-0.028187,-0.014706,0.019805,0.065780,0.191687,1.356687
2004-06-04,0.000000,Training,-0.328206,-0.055585,-0.036410,-0.021319,-0.026753,-0.026110,-0.007961,0.032846,0.091216,0.222366,1.435751
2004-06-05,0.000000,Training,-0.313992,-0.049278,-0.030063,-0.020779,-0.023384,-0.023716,-0.003998,0.039471,0.102084,0.235557,1.466571
2004-06-06,0.000000,Training,-0.305982,-0.045214,-0.027382,-0.019659,-0.022170,-0.022050,-0.002610,0.042338,0.109081,0.244575,1.488884
2004-06-07,0.000000,Training,-0.294849,-0.034767,-0.026174,-0.013423,-0.021847,-0.019855,-0.004490,0.038447,0.112783,0.258710,1.546844
2004-06-08,0.000000,Training,-0.318827,-0.044440,-0.034788,-0.015510,-0.030237,-0.028243,-0.015468,0.018213,0.076062,0.208934,1.419806
2004-06-09,0.000000,Training,-0.321235,-0.049058,-0.032991,-0.020897,-0.030899,-0.032223,-0.016695,0.015453,0.064728,0.189256,1.362071
2004-06-10,0.000000,Training,-0.332176,-0.052114,-0.036233,-0.019339,-0.033330,-0.035052,-0.021688,0.004180,0.043102,0.162911,1.298460
2004-06-11,0.000000,Training,-0.338270,-0.053787,-0.039242,-0.017367,-0.034887,-0.035385,-0.024678,-0.001592,0.034984,0.155134,1.285000
2004-06-12,0.000000,Training,-0.339935,-0.052532,-0.039181,-0.014954,-0.035155,-0.035967,-0.026868,-0.008341,0.023911,0.144034,1.265191
2004-06-13,0.000000,Training,-0.348029,-0.060809,-0.040661,-0.020187,-0.035403,-0.037723,-0.026053,-0.006224,0.022338,0.137462,1.239567
2004-06-14,0.000000,Training,-0.341048,-0.061580,-0.037943,-0.025005,-0.033793,-0.036946,-0.021756,0.003744,0.040588,0.157121,1.283373
2004-06-15,0.000000,Training,-0.316785,-0.052353,-0.027297,-0.026358,-0.027730,-0.033144,-0.013570,0.017999,0.065301,0.187627,1.359429
2004-06-16,0.000000,Training,-0.324464,-0.054765,-0.030552,-0.025878,-0.030647,-0.035046,-0.017129,0.012073,0.055535,0.174258,1.325113
2004-06-17,0.000000,Training,-0.342061,-0.061623,-0.038074,-0.024165,-0.034556,-0.036830,-0.022391,0.002926,0.039036,0.153439,1.272182
2004-06-18,0.000000,Training,-0.352643,-0.065619,-0.045881,-0.025151,-0.036375,-0.038834,-0.024651,-0.001007,0.034432,0.150877,1.271179
2004-06-19,0.000000,Training,-0.308327,-0.049896,-0.024326,-0.026690,-0.024552,-0.029957,-0.008978,0.026598,0.081294,0.208333,1.416065
2004-06-20,0.000000,Training,-0.307019,-0.049525,-0.023504,-0.026542,-0.024227,-0.029511,-0.008265,0.027826,0.082688,0.209073,1.414244
2004-06-21,0.000000,Training,-0.316217,-0.052858,-0.027340,-0.027094,-0.028284,-0.032814,-0.012810,0.020556,0.070844,0.192350,1.370032
2004-06-22,0.000000,Training,-0.325635,-0.056076,-0.031284,-0.027039,-0.031361,-0.035395,-0.016853,0.013412,0.058809,0.176842,1.332639
2004-06-23,0.000000,Training,-0.334741,-0.059441,-0.035218,-0.026562,-0.033767,-0.037046,-0.020244,0.007497,0.048719,0.164409,1.303683
2004-06-24,0.000000,Training,-0.337307,-0.060550,-0.036457,-0.026572,-0.034333,-0.037398,-0.021021,0.006199,0.046858,0.162434,1.301148
2004-06-25,0.000000,Training,-0.345154,-0.063574,-0.039883,-0.025549,-0.035644,-0.037779,-0.023051,0.002351,0.040067,0.154651,1.284191
2004-06-26,0.000000,Training,-0.360687,-0.069705,-0.046157,-0.021722,-0.036876,-0.036530,-0.025454,-0.003053,0.028169,0.141534,1.253876
2004-06-27,0.000000,Training,-0.366975,-0.072723,-0.049025,-0.020738,-0.036971,-0.035646,-0.025630,-0.003924,0.026463,0.140925,1.257189
2004-06-28,0.000000,Training,-0.370572,-0.075011,-0.051083,-0.020924,-0.036943,-0.034900,-0.025180,-0.003201,0.028657,0.144776,1.271425
2004-06-29,0.000000,Training,-0.376652,-0.077791,-0.053354,-0.019103,-0.036679,-0.033525,-0.025026,-0.003855,0.025946,0.142439,1.267600
2004-06-30,0.000000,Training,-0.377405,-0.078582,-0.053927,-0.019844,-0.036676,-0.033352,-0.024574,-0.002933,0.028509,0.145741,1.278367
2004-07-01,0.000000,Test,-0.361971,-0.073239,-0.048546,-0.026104,-0.036377,-0.035331,-0.022197,0.003814,0.046066,0.165246,1.328152
2004-07-02,0.000000,Test,-0.347483,-0.067155,-0.041952,-0.028334,-0.034851,-0.035779,-0.019567,0.009293,0.056212,0.175466,1.349156
2004-07-03,0.000000,Test,-0.341048,-0.063749,-0.038391,-0.028440,-0.034346,-0.036232,-0.019011,0.010251,0.056859,0.174245,1.341447
2004-07-04,0.000000,Test,-0.342522,-0.064281,-0.038911,-0.028219,-0.034739,-0.036182,-0.019244,0.009948,0.056304,0.172719,1.336792
2004-07-05,0.000000,Test,-0.352298,-0.068090,-0.043170,-0.026886,-0.036059,-0.036207,-0.021078,0.006222,0.049387,0.164467,1.317632
2004-07-06,0.000000,Test,-0.335558,-0.061426,-0.036129,-0.029097,-0.033256,-0.035490,-0.016849,0.013913,0.064589,0.183555,1.368898
2004-07-07,0.000000,Test,-0.300567,-0.047950,-0.020000,-0.028344,-0.021255,-0.027516,-0.002885,0.036304,0.098846,0.227725,1.472492
2004-07-08,0.000000,Test,-0.304811,-0.049636,-0.021670,-0.028779,-0.023355,-0.028931,-0.004759,0.033594,0.094428,0.220412,1.452369
2004-07-09,0.000000,Test,-0.320906,-0.056489,-0.028882,-0.029936,-0.028914,-0.032492,-0.010305,0.025022,0.081782,0.202479,1.408901
2004-07-10,0.000000,Test,-0.323249,-0.057740,-0.030127,-0.030387,-0.029639,-0.032864,-0.010772,0.024578,0.081644,0.201862,1.408677
2004-07-11,0.000000,Test,-0.328149,-0.060088,-0.032437,-0.030856,-0.030968,-0.033562,-0.012050,0.022809,0.079316,0.198533,1.402086
2004-07-12,0.000000,Test,-0.334785,-0.062997,-0.035287,-0.030987,-0.032478,-0.034236,-0.013667,0.020120,0.075193,0.192961,1.389997
2004-07-13,0.000000,Test,-0.331470,-0.062026,-0.033888,-0.031465,-0.031393,-0.033462,-0.011882,0.023304,0.080813,0.199980,1.408259
2004-07-14,0.000000,Test,-0.336102,-0.064223,-0.035822,-0.031630,-0.032234,-0.033622,-0.012536,0.022263,0.079318,0.197614,1.403281
2004-07-15,0.000000,Test,-0.337680,-0.065038,-0.036333,-0.031815,-0.032344,-0.033525,-0.012355,0.022461,0.079699,0.197689,1.404160
2004-07-16,0.000000,Test,-0.335701,-0.064475,-0.035322,-0.032196,-0.031602,-0.033045,-0.011088,0.024553,0.083270,0.201959,1.415389
2004-07-17,0.000000,Test,-0.325652,-0.060578,-0.030863,-0.032468,-0.028502,-0.031189,-0.006976,0.031336,0.094113,0.215907,1.449106
2004-07-18,0.000000,Test,-0.337416,-0.065478,-0.035451,-0.032493,-0.031414,-0.032615,-0.010249,0.025586,0.084713,0.202682,1.417321
2004-07-19,0.000000,Test,-0.338421,-0.065914,-0.035511,-0.032623,-0.031408,-0.032628,-0.010059,0.025501,0.084451,0.201932,1.416426
2004-07-20,0.000000,Test,-0.341823,-0.067467,-0.036704,-0.032732,-0.031844,-0.032805,-0.010484,0.024419,0.082734,0.199562,1.412496
2004-07-21,0.000000,Test,-0.337874,-0.066108,-0.034871,-0.033240,-0.030705,-0.032131,-0.008634,0.027526,0.088127,0.206208,1.429573
2004-07-22,0.000000,Test,-0.343822,-0.068772,-0.037144,-0.033168,-0.031565,-0.032206,-0.009421,0.025822,0.085371,0.202201,1.421005
2004-07-23,0.000000,Test,-0.366863,-0.078448,-0.045668,-0.029470,-0.033366,-0.031187,-0.012579,0.017715,0.068491,0.181874,1.374869
2004-07-24,0.000000,Test,-0.397288,-0.092098,-0.055142,-0.018362,-0.029627,-0.023404,-0.009880,0.014409,0.051468,0.166400,1.347971
2004-07-25,0.000000,Test,-0.413660,-0.102095,-0.062620,-0.016919,-0.027558,-0.018556,-0.006122,0.017358,0.057067,0.178676,1.400471
2004-07-26,0.000000,Test,-0.412346,-0.105094,-0.065829,-0.025276,-0.029828,-0.020314,-0.005825,0.021011,0.074257,0.201441,1.470900
2004-07-27,0.000000,Test,-0.396582,-0.097147,-0.059440,-0.029646,-0.031046,-0.023966,-0.006560,0.022977,0.081703,0.206781,1.475199
2004-07-28,0.000000,Test,-0.370034,-0.083355,-0.047995,-0.033935,-0.031339,-0.028231,-0.006474,0.027120,0.091745,0.213594,1.477490
2004-07-29,0.000000,Test,-0.346800,-0.072498,-0.037687,-0.035473,-0.028750,-0.028505,-0.002765,0.035183,0.105151,0.227742,1.501730
2004-07-30,0.000000,Test,-0.337962,-0.068265,-0.033220,-0.035291,-0.027169,-0.027845,-0.000588,0.038949,0.110152,0.232309,1.506523
2004-07-31,0.000000,Test,-0.335568,-0.067175,-0.031704,-0.035283,-0.026463,-0.027341,0.000641,0.040678,0.112615,0.234518,1.510232
2004-08-01,0.000000,Test,-0.339639,-0.069149,-0.033356,-0.035644,-0.026985,-0.027310,0.000627,0.040292,0.112553,0.233846,1.510237
2004-08-02,0.000000,Test,-0.338004,-0.068709,-0.032337,-0.035838,-0.026180,-0.026602,0.002081,0.042467,0.116302,0.238430,1.522495
2004-08-03,0.000000,Test,-0.336254,-0.068085,-0.031748,-0.036287,-0.025257,-0.026114,0.003676,0.044770,0.120463,0.244070,1.537871
2004-08-04,0.000000,Test,-0.333850,-0.067194,-0.030086,-0.036186,-0.024224,-0.025243,0.005217,0.046874,0.123733,0.248093,1.548345
2004-08-05,0.000000,Test,-0.343678,-0.071942,-0.034080,-0.036663,-0.025859,-0.025388,0.004168,0.044648,0.121135,0.243662,1.540589
2004-08-06,0.000000,Test,-0.349177,-0.074652,-0.036156,-0.036891,-0.026297,-0.025146,0.004230,0.044025,0.120693,0.242814,1.541908
2004-08-07,0.000000,Test,-0.345253,-0.073206,-0.034546,-0.037442,-0.025151,-0.024453,0.006242,0.047393,0.126893,0.251037,1.563901
2004-08-08,0.000000,Test,-0.338036,-0.069824,-0.038392,-0.041343,-0.023120,-0.026450,0.009503,0.053439,0.139945,0.275595,1.633086
2004-08-09,0.000000,Test,-0.384255,-0.119046,-0.083197,-0.050780,-0.029002,-0.022503,0.022830,0.053508,0.137106,0.335195,1.843750
2004-08-10,0.000000,Test,-0.384900,-0.110546,-0.059607,-0.044039,-0.005147,0.008056,0.045496,0.104838,0.251575,0.449708,2.206504
2004-08-11,0.000000,Test,-0.375367,-0.106994,-0.049897,-0.040958,-0.004888,0.009670,0.048728,0.108562,0.246742,0.436869,2.118060
2004-08-12,0.000000,Test,-0.358929,-0.091990,-0.044688,-0.044309,-0.018062,-0.011586,0.024245,0.077074,0.190270,0.347034,1.845693
2004-08-13,0.000000,Test,-0.355238,-0.084783,-0.041095,-0.042010,-0.019033,-0.014554,0.022035,0.072251,0.177577,0.324146,1.775475
2004-08-14,0.000000,Test,-0.352572,-0.080769,-0.038677,-0.040854,-0.019252,-0.015959,0.021419,0.070418,0.171966,0.313440,1.743188
2004-08-15,0.000000,Test,-0.352457,-0.079317,-0.037806,-0.040459,-0.019584,-0.016754,0.021087,0.069030,0.168565,0.307087,1.726223
2004-08-16,0.000000,Test,-0.345491,-0.075252,-0.034527,-0.040127,-0.018380,-0.016719,0.022444,0.070970,0.170868,0.309793,1.731179
2004-08-17,0.000000,Test,-0.342496,-0.072980,-0.038605,-0.042933,-0.017787,-0.018939,0.023751,0.073450,0.177692,0.324002,1.773800
2004-08-18,0.000000,Test,-0.324961,-0.065132,-0.026456,-0.038635,-0.011954,-0.012883,0.029662,0.082493,0.188486,0.336489,1.796662
2004-08-19,0.000000,Test,-0.336952,-0.070938,-0.033569,-0.041666,-0.015491,-0.015614,0.027418,0.078530,0.185723,0.332339,1.793085
2004-08-20,0.000000,Test,-0.331506,-0.069305,-0.029500,-0.040826,-0.014258,-0.013778,0.028961,0.081175,0.189880,0.336931,1.802920
2004-08-21,0.000000,Test,-0.337446,-0.072161,-0.032367,-0.042184,-0.016216,-0.014993,0.027687,0.078737,0.187835,0.333081,1.797372
2004-08-22,0.000000,Test,-0.349945,-0.078590,-0.038089,-0.044220,-0.019136,-0.016305,0.025694,0.074933,0.184769,0.327449,1.790966
2004-08-23,0.000000,Test,-0.361330,-0.083892,-0.046248,-0.047211,-0.021106,-0.018161,0.024969,0.073170,0.186504,0.331384,1.812927
2004-08-24,0.000000,Test,-0.380813,-0.094975,-0.050380,-0.044777,-0.019585,-0.013763,0.027579,0.072257,0.183007,0.326484,1.815396
2004-08-25,0.000000,Test,-0.390684,-0.100725,-0.054556,-0.044356,-0.018332,-0.011689,0.030169,0.073340,0.186263,0.333705,1.849659
2004-08-26,0.000000,Test,-0.382865,-0.095958,-0.054806,-0.046530,-0.021030,-0.014222,0.027166,0.070915,0.191841,0.345566,1.892689
2004-08-27,0.000000,Test,-0.368681,-0.087473,-0.051405,-0.047597,-0.021969,-0.016585,0.025866,0.070962,0.198543,0.358512,1.928208
2004-08-28,0.000000,Test,-0.363902,-0.088874,-0.045485,-0.050442,-0.019940,-0.016761,0.028258,0.075708,0.195774,0.344309,1.867107
2004-08-29,0.000000,Test,-0.361264,-0.088210,-0.044903,-0.051237,-0.019579,-0.016334,0.029634,0.078925,0.201902,0.351120,1.881905
2004-08-30,0.000000,Test,-0.360787,-0.088367,-0.046468,-0.052483,-0.019706,-0.016297,0.030629,0.081366,0.208708,0.360752,1.910128
2004-08-31,0.000000,Test,-0.347724,-0.082638,-0.041703,-0.052017,-0.017899,-0.015150,0.032823,0.087013,0.217981,0.374357,1.939480
2004-09-01,0.000000,Test,-0.330222,-0.074761,-0.035241,-0.050246,-0.013410,-0.012237,0.037378,0.095665,0.230439,0.393896,1.982349
2004-09-02,0.000000,Test,-0.342710,-0.098081,-0.077344,-0.076038,-0.028526,-0.030270,0.028786,0.087593,0.233977,0.446517,2.188853
2004-09-03,0.000000,Test,-0.355170,-0.093711,-0.056428,-0.057294,-0.008582,-0.003280,0.049991,0.116612,0.287734,0.492432,2.312992
2004-09-04,0.000000,Test,-0.360980,-0.098417,-0.053714,-0.056199,-0.010397,-0.001839,0.051049,0.115035,0.284996,0.483686,2.280094
2004-09-05,0.000000,Test,-0.355908,-0.099517,-0.053653,-0.059965,-0.013082,-0.005775,0.047152,0.114579,0.284031,0.477946,2.254638
2004-09-06,0.000000,Test,-0.350484,-0.093453,-0.052251,-0.059250,-0.014735,-0.008489,0.044839,0.111795,0.277785,0.465780,2.213037
2004-09-07,0.000000,Test,-0.342190,-0.088014,-0.050324,-0.058909,-0.013482,-0.009026,0.046085,0.115154,0.280297,0.466855,2.204813
2004-09-08,0.000000,Test,-0.341128,-0.087484,-0.048876,-0.058515,-0.014654,-0.009063,0.045422,0.115104,0.279590,0.461688,2.184891
2004-09-09,0.000000,Test,-0.354941,-0.094373,-0.055850,-0.061513,-0.019276,-0.011687,0.042478,0.110659,0.276845,0.453436,2.170141
2004-09-10,0.000000,Test,-0.355438,-0.094645,-0.057715,-0.062545,-0.020832,-0.012846,0.041081,0.109330,0.277550,0.454888,2.178529
2004-09-11,0.000000,Test,-0.356572,-0.096535,-0.058623,-0.063887,-0.021173,-0.012841,0.041805,0.111822,0.281298,0.456483,2.178516
2004-09-12,0.000000,Test,-0.359098,-0.098417,-0.060707,-0.065123,-0.022113,-0.013148,0.041761,0.112488,0.284292,0.459170,2.187412
2004-09-13,0.000000,Test,-0.340143,-0.090145,-0.053957,-0.063242,-0.018240,-0.010885,0.045136,0.120272,0.293705,0.475234,2.216901
2004-09-14,0.000000,Test,-0.334981,-0.088424,-0.052993,-0.063194,-0.016977,-0.009753,0.046881,0.124138,0.300153,0.484319,2.237415
2004-09-15,0.000000,Test,-0.333299,-0.088510,-0.053314,-0.063631,-0.016713,-0.008994,0.048063,0.127056,0.306029,0.491606,2.254656
2004-09-16,0.000000,Test,-0.344099,-0.094413,-0.058929,-0.066552,-0.020575,-0.011441,0.045786,0.124026,0.305246,0.487735,2.250564
2004-09-17,0.000000,Test,-0.349185,-0.097545,-0.062378,-0.068433,-0.022631,-0.012578,0.044769,0.123232,0.307312,0.489442,2.259379
2004-09-18,0.000000,Test,-0.348741,-0.098358,-0.063567,-0.069557,-0.023271,-0.012857,0.044834,0.124828,0.311735,0.495424,2.274688
2004-09-19,0.000000,Test,-0.357449,-0.103912,-0.070283,-0.072427,-0.026663,-0.013916,0.043416,0.124795,0.319697,0.505971,2.309851
2004-09-20,0.000000,Test,-0.355483,-0.103913,-0.077486,-0.073928,-0.030079,-0.014597,0.040883,0.125231,0.337847,0.545036,2.431452
2004-09-21,0.000000,Test,-0.349082,-0.097190,-0.062870,-0.070057,-0.024052,-0.014951,0.043015,0.119398,0.304034,0.485088,2.256488
2004-09-22,0.000000,Test,-0.354943,-0.100965,-0.063852,-0.070714,-0.023355,-0.013509,0.045523,0.122932,0.308163,0.484100,2.249810
2004-09-23,0.000000,Test,-0.335287,-0.092015,-0.057132,-0.068274,-0.018467,-0.011002,0.049511,0.131083,0.316914,0.501639,2.283858
2004-09-24,0.000000,Test,-0.336180,-0.092666,-0.060205,-0.069570,-0.018557,-0.011222,0.050420,0.133452,0.323245,0.511837,2.314622
2004-09-25,0.000000,Test,-0.334749,-0.092857,-0.057212,-0.068218,-0.018243,-0.009152,0.051422,0.135150,0.325764,0.512613,2.311454
2004-09-26,0.000000,Test,-0.326184,-0.089747,-0.053543,-0.066568,-0.014646,-0.005865,0.055589,0.142372,0.334683,0.524064,2.331720
2004-09-27,0.000000,Test,-0.335370,-0.094840,-0.058415,-0.069048,-0.018237,-0.007673,0.053901,0.140823,0.335987,0.522310,2.330395
2004-09-28,0.000000,Test,-0.341397,-0.097818,-0.061472,-0.070540,-0.020411,-0.008574,0.053105,0.139980,0.337001,0.520579,2.327201
2004-09-29,0.000000,Test,-0.340958,-0.097857,-0.061692,-0.070918,-0.020806,-0.008550,0.053291,0.140993,0.338810,0.521844,2.327846
2004-09-30,0.000000,Test,-0.339519,-0.097427,-0.061461,-0.071029,-0.020773,-0.008246,0.053833,0.142487,0.341164,0.524385,2.331499
2004-10-01,,,-0.305690,0.161337,0.246911,0.455603,0.735465,0.873805,1.059998,1.646287,3.258285,4.617256,13.953642
2004-10-02,,,-0.311577,0.153409,0.240087,0.450925,0.731574,0.870993,1.054374,1.646264,3.283808,4.666912,14.136031
2005-10-17,0.000000,Test,,,,,,,,,,,
2005-10-18,0.000000,Test,,,,,,,,,,,
2005-10-19,0.000000,Test,-0.379561,-0.130886,-0.078216,0.028544,0.160796,0.274769,0.447104,0.764802,1.628116,2.275147,6.767938
2005-10-20,0.000000,Test,-0.490381,-0.247829,-0.223039,-0.089408,0.034187,0.138806,0.313016,0.641488,1.584388,2.359810,7.482663
2005-10-21,0.000000,Test,-0.428745,-0.192684,-0.145490,-0.033270,0.084689,0.190644,0.345695,0.652257,1.475400,2.103190,6.488693
2005-10-22,0.000000,Test,-0.480620,-0.245183,-0.220724,-0.098330,0.008763,0.105719,0.256180,0.551963,1.359809,2.010749,6.430384
2005-10-23,0.000000,Test,-0.453744,-0.231272,-0.182225,-0.070965,0.037494,0.142297,0.281366,0.580482,1.362836,1.969469,6.152543
2005-10-24,0.000000,Test,-0.437944,-0.222406,-0.180207,-0.073404,0.029937,0.131259,0.265251,0.553469,1.265196,1.805863,5.595828
2005-10-25,0.000000,Test,-0.446930,-0.236628,-0.193769,-0.081667,0.020829,0.124600,0.255074,0.547411,1.253918,1.790308,5.505151
2005-10-26,0.000000,Test,-0.449410,-0.240502,-0.198763,-0.093579,-0.000524,0.101049,0.221901,0.501298,1.161600,1.654480,5.132854
2005-10-27,0.000000,Test,-0.607043,-0.448431,-0.375619,-0.244021,-0.098189,0.017767,0.183499,0.596389,1.833505,3.256537,11.004756
2005-10-28,8.697007,Test,-0.796415,-0.545204,-0.280813,0.353545,1.878353,2.349355,4.189938,9.620886,27.479637,49.069649,129.989334
2005-10-31,10.629675,Test,,,,,,,,,,,
2005-11-01,2.899002,Test,,,,,,,,,,,
2005-11-02,1.449501,Test,-0.528994,-0.304692,-0.202482,-0.046421,0.127867,0.306873,0.498698,0.965920,2.327564,3.345865,9.736933
2005-11-03,0.805278,Test,-0.674309,-0.499032,-0.419678,-0.255034,-0.030299,0.141211,0.389850,1.026150,3.040707,4.891070,15.274409
2005-11-04,0.483167,Test,-0.595418,-0.369017,-0.268875,-0.045356,0.170379,0.379521,0.632293,1.240197,3.073812,4.494440,12.933022
2005-11-05,0.322111,Test,-0.476785,-0.254717,-0.186210,-0.020477,0.136687,0.293316,0.485833,0.917612,2.007564,2.856396,7.966895
2005-11-06,0.161056,Test,-0.464407,-0.249867,-0.187462,-0.031286,0.111984,0.253491,0.431572,0.827696,1.761457,2.496382,6.970430
2005-11-07,0.000000,Test,-0.446832,-0.236876,-0.184605,-0.039918,0.089105,0.218176,0.384725,0.746455,1.575030,2.219391,6.225762
2005-11-08,0.000000,Test,-0.426503,-0.221392,-0.173562,-0.059090,0.054993,0.169238,0.312536,0.629603,1.345663,1.876957,5.490460
2005-11-09,0.000000,Test,-0.421220,-0.216351,-0.175394,-0.038729,0.076802,0.195666,0.348914,0.684997,1.365719,1.884037,5.249731
2005-11-10,0.000000,Test,-0.409964,-0.208030,-0.168439,-0.043007,0.066625,0.178726,0.321079,0.639914,1.257596,1.720672,4.848183
2005-11-11,0.000000,Test,-0.419364,-0.219367,-0.177381,-0.046143,0.064242,0.180079,0.320979,0.648258,1.272377,1.734639,4.851763
2005-11-12,0.000000,Test,-0.428170,-0.229004,-0.186545,-0.050457,0.060126,0.177627,0.316169,0.648889,1.279667,1.745193,4.869574
2005-11-13,0.000000,Test,-0.433059,-0.231329,-0.197259,-0.052703,0.060814,0.182503,0.320703,0.661292,1.283470,1.717980,4.808473
2005-11-14,0.000000,Test,-0.486085,-0.290408,-0.250834,-0.080889,0.070582,0.216435,0.371794,0.757512,1.519439,2.097178,5.824764
2005-11-15,0.000000,Test,-0.476653,-0.272860,-0.224084,-0.062762,0.063626,0.204278,0.342935,0.718526,1.478189,2.031924,5.665451
2005-11-16,0.000000,Test,-0.434923,-0.240459,-0.188760,-0.064368,0.046595,0.167516,0.284599,0.613943,1.246339,1.712892,4.868070
2005-11-17,0.000000,Test,-0.473356,-0.279252,-0.217136,-0.060591,0.064230,0.204103,0.339292,0.724529,1.481735,2.034452,5.565849
2005-11-18,0.000000,Test,-0.475462,-0.284255,-0.234543,-0.090276,0.038412,0.163772,0.291113,0.655002,1.407550,2.011452,5.699574
2005-11-19,24.480465,Test,-0.748079,-0.460247,-0.138371,0.885954,2.962497,4.101600,7.565503,14.784249,38.724190,66.575287,137.325714
2005-11-20,125.140269,Test,0.248627,1.496643,3.208353,10.361767,26.402384,31.197567,49.778370,98.804001,186.276672,266.714844,567.587585
2005-11-21,16.427680,Test,4.427030,10.066515,15.070134,45.219276,81.034363,100.089920,149.116104,239.947571,393.031128,525.862244,1076.318237
2005-11-22,201.319610,Test,3.778204,7.897058,12.144427,35.284958,68.208237,81.254715,118.627960,197.827240,326.330505,446.924164,886.579346
2005-11-23,43.807147,Test,2.242793,5.319229,7.935331,19.739414,32.194283,41.773972,51.891846,78.406082,128.166367,159.732559,355.091888
2005-11-24,24.158353,Test,-0.244790,0.462046,1.231494,3.426680,5.994803,8.215747,10.621953,17.040562,32.238628,42.500698,92.769615
2005-11-25,16.749792,Test,-0.436514,-0.002162,0.426308,1.423962,2.565882,3.505100,4.600807,7.238499,13.589505,18.294083,39.106976
2005-11-26,11.918121,Test,-0.459821,-0.097926,0.206481,0.944317,1.755929,2.380307,3.177748,4.941107,8.879454,11.908511,25.445436
2005-11-27,10.146508,Test,-0.466604,-0.124222,0.141016,0.831995,1.596488,2.174735,2.903547,4.480731,7.903636,10.630762,23.120600
2005-11-28,8.213840,Test,-0.543391,-0.176766,0.061460,0.873158,1.739686,2.410295,3.383250,5.399085,10.318145,14.263123,32.244358
2005-11-29,2.899002,Test,-0.533526,-0.175048,0.153072,1.022724,1.916241,2.666194,3.655610,5.806470,11.002454,15.026146,33.097744
2005-11-30,2.093724,Test,-0.480363,-0.131161,0.202900,1.024877,1.860523,2.573503,3.431617,5.314888,9.540039,12.730431,27.626110
2005-12-01,1.771613,Test,-0.467244,-0.065285,0.252198,1.225764,2.153264,2.883615,3.928630,6.018714,10.776474,14.462496,32.089634
2005-12-02,4.187448,Test,-0.631219,-0.231385,0.215308,1.741674,4.068613,5.610864,8.817624,15.775403,34.201817,49.468849,120.871704
2005-12-03,8.052784,Test,-0.414057,0.216331,0.921054,3.252003,6.184456,8.602650,12.007931,19.807045,39.076294,52.978771,126.668831
2005-12-04,6.281172,Test,-0.407875,0.082199,0.681009,2.233668,3.945291,5.454539,7.344351,11.401130,21.842390,29.780855,68.100128
2005-12-05,4.992726,Test,-0.398069,0.044853,0.562439,1.829561,3.194155,4.263739,5.723636,8.563243,16.019266,22.010508,49.959896
2005-12-06,4.670615,Test,-0.362959,0.046874,0.447639,1.449484,2.407597,3.232840,4.197150,6.221463,10.538885,13.655826,29.102505
2005-12-07,6.925395,Test,-0.413003,-0.059787,0.270285,1.086992,1.841159,2.492153,3.254839,4.913823,8.293602,10.709772,22.484871
2005-12-08,2.576891,Test,-0.503623,-0.229490,-0.002328,0.557056,1.044225,1.478387,2.000668,3.209862,5.655576,7.460157,15.847708
2005-12-09,2.093724,Test,-0.535075,-0.301500,-0.099817,0.356407,0.744085,1.092607,1.515097,2.527436,4.664818,6.322835,13.639380
2005-12-10,1.771613,Test,-0.541275,-0.321992,-0.170983,0.197772,0.485775,0.769365,1.090941,1.915517,3.567263,4.782033,10.665733
2005-12-11,1.449501,Test,-0.538566,-0.329613,-0.211650,0.093834,0.324753,0.567462,0.818209,1.511440,2.847897,3.778206,8.780592
2005-12-12,1.449501,Test,-0.533688,-0.335664,-0.214087,0.065874,0.316152,0.563991,0.795145,1.456146,2.711021,3.610331,8.560238
2005-12-13,1.288446,Test,-0.539376,-0.340041,-0.218441,0.063774,0.308642,0.554692,0.782376,1.443552,2.707441,3.606936,8.546240
2005-12-14,1.127390,Test,-0.546227,-0.345803,-0.223735,0.062104,0.306982,0.553222,0.779992,1.445843,2.734009,3.653824,8.670424
2005-12-15,1.127390,Test,-0.552194,-0.349830,-0.227375,0.062637,0.295584,0.539191,0.761650,1.431570,2.745482,3.672883,8.696955
2005-12-16,0.966334,Test,-0.545177,-0.347312,-0.234119,0.029921,0.242740,0.468463,0.669216,1.285943,2.494851,3.343837,8.061735
2005-12-17,0.805278,Test,-0.510534,-0.328027,-0.235712,-0.042645,0.134209,0.321733,0.472097,0.959174,1.882396,2.526676,6.482150
2005-12-18,0.805278,Test,-0.516002,-0.330011,-0.237650,-0.037518,0.137468,0.325994,0.478066,0.975040,1.927378,2.586704,6.588837
2005-12-19,0.805278,Test,-0.532351,-0.336005,-0.239708,-0.006053,0.167197,0.363866,0.531812,1.077190,2.147282,2.880791,7.131720
2005-12-20,0.805278,Test,-0.506936,-0.314298,-0.228735,-0.024901,0.122074,0.293336,0.439046,0.921330,1.854461,2.494158,6.325936
2005-12-21,0.644223,Test,-0.462448,-0.276113,-0.206651,-0.052652,0.068899,0.210254,0.323423,0.718191,1.446770,1.928259,5.159808
2005-12-22,0.483167,Test,-0.452068,-0.267460,-0.199980,-0.054678,0.062449,0.197971,0.305595,0.685547,1.378447,1.834731,4.955565
2005-12-23,0.483167,Test,-0.513181,-0.325726,-0.267076,-0.066108,0.101378,0.269123,0.426016,0.906684,1.940908,2.734936,7.276008
2005-12-24,7.730673,Test,-0.736205,-0.508686,-0.407848,-0.094443,0.290141,0.665256,0.936250,2.112152,5.847808,8.458945,24.389059
2005-12-25,57.657936,Test,-0.352441,0.626973,1.432298,5.292767,15.317359,18.359613,30.074450,63.704975,146.150421,183.574127,389.926697
2005-12-26,290.544461,Test,0.034275,1.332797,2.524634,8.083231,19.540405,23.427074,34.010220,66.570465,136.106842,186.862015,406.426758
2005-12-27,47.994595,Test,-0.364652,0.314358,1.016268,3.277719,6.338219,8.710163,11.452202,20.152239,40.898788,54.051369,118.825981
2005-12-28,23.836242,Test,-0.553885,-0.147010,0.172110,1.044535,2.100754,2.956830,3.884848,6.759403,14.395430,20.123755,45.326977
2005-12-29,16.266624,Test,-0.535939,-0.226912,0.068769,0.682987,1.356639,1.947417,2.574785,4.296610,8.399586,11.581929,25.187880
2005-12-30,12.723399,Test,-0.528319,-0.257157,-0.009224,0.515949,1.020606,1.461415,1.990136,3.343906,6.380013,8.794213,18.760010
2005-12-31,10.951787,Test,-0.516523,-0.243395,-0.007237,0.544271,1.045812,1.486254,2.014477,3.343158,6.133054,8.299151,17.636803
2006-01-01,9.824397,Training,-0.514186,-0.255769,-0.043112,0.462960,0.900175,1.304082,1.757128,2.934979,5.273858,7.011189,14.858984
2006-01-02,9.019119,Training,-0.511929,-0.262937,-0.068699,0.394418,0.805433,1.189185,1.584605,2.649839,4.673569,6.120461,13.117601
2006-01-03,8.213840,Training,-0.516879,-0.272819,-0.084693,0.370445,0.755930,1.121457,1.497610,2.525352,4.450612,5.810051,12.457867
2006-01-04,7.891729,Training,-0.519677,-0.283866,-0.100915,0.328867,0.700311,1.050590,1.397140,2.369507,4.166192,5.432748,11.754807
2006-01-05,6.442228,Training,-0.525873,-0.298103,-0.122711,0.280729,0.642953,0.976516,1.297053,2.215772,3.908395,5.125956,11.280787
2006-01-06,2.576891,Training,-0.597433,-0.363595,-0.217395,0.233444,0.633291,1.006216,1.434423,2.524291,4.928220,6.887175,16.017607
2006-01-07,2.254780,Training,-0.605414,-0.385556,-0.185492,0.219651,0.660301,1.072687,1.433236,2.488631,4.947253,7.022877,16.851807
2006-01-08,1.771613,Training,-0.582785,-0.372933,-0.174042,0.200822,0.607685,0.987931,1.311335,2.294907,4.460222,6.283843,14.731382
2006-01-09,1.610557,Training,-0.565681,-0.343040,-0.131932,0.288604,0.705998,1.092852,1.438819,2.481542,4.630373,6.351031,14.400996
2006-01-10,1.288446,Training,-0.549766,-0.324914,-0.113494,0.307818,0.722296,1.102087,1.440670,2.466045,4.514712,6.116192,13.739340
2006-01-11,1.288446,Training,-0.559757,-0.344431,-0.170790,0.197974,0.513868,0.825534,1.105539,1.988533,3.737997,5.047281,11.331235
2006-01-12,1.127390,Training,-0.552867,-0.347089,-0.204207,0.111573,0.359676,0.617713,0.846359,1.592999,3.055106,4.131738,9.448388
2006-01-13,0.966334,Training,-0.537321,-0.337410,-0.230906,0.031662,0.234981,0.447440,0.631071,1.249160,2.444721,3.321711,7.951515
2006-01-14,0.966334,Training,-0.513989,-0.323817,-0.240216,-0.034690,0.146454,0.328964,0.472947,0.979022,1.957539,2.686688,6.823066
2006-01-15,1.449501,Training,-0.683488,-0.425578,-0.292119,0.166959,0.854202,1.475454,2.079402,3.787781,9.817580,14.775400,39.913017
2006-01-16,6.442228,Training,-0.685002,-0.402240,-0.135653,0.442361,1.377803,2.275810,2.874363,5.325368,13.278762,19.071669,51.683197
2006-01-17,4.670615,Training,-0.630266,-0.382364,-0.158373,0.241664,0.773744,1.262516,1.597084,2.981276,6.813661,9.970564,24.297649
2006-01-18,3.704281,Training,-0.606398,-0.342050,-0.083229,0.436464,0.967185,1.473872,1.933321,3.439102,7.197384,10.331419,23.390141
2006-01-19,3.060058,Training,-0.579738,-0.351630,-0.154634,0.236958,0.586423,0.925857,1.245818,2.280530,4.647403,6.596839,14.804716
2006-01-20,2.576891,Training,-0.557090,-0.341244,-0.170938,0.175898,0.469990,0.758324,1.030385,1.910750,3.799251,5.304738,11.920688
2006-01-21,2.093724,Training,-0.544055,-0.335336,-0.181720,0.141064,0.403221,0.665299,0.908496,1.705565,3.340711,4.614571,10.420807
2006-01-22,1.771613,Training,-0.538020,-0.333433,-0.188455,0.123994,0.367890,0.617187,0.843450,1.599372,3.109344,4.270602,9.681940
2006-01-23,1.610557,Training,-0.537448,-0.334580,-0.192520,0.118822,0.356523,0.603616,0.821554,1.564511,3.026477,4.137798,9.400673
2006-01-24,1.449501,Training,-0.537969,-0.334708,-0.189097,0.129653,0.372315,0.626089,0.845229,1.599394,3.073722,4.185838,9.480579
2006-01-25,1.288446,Training,-0.589662,-0.379538,-0.268831,0.078044,0.376404,0.660876,0.957167,1.803713,3.885595,5.654729,13.705903
2006-01-26,1.449501,Training,-0.743420,-0.423390,-0.226430,0.525083,1.663994,2.704958,3.614677,7.342554,19.149427,26.447344,71.034218
2006-01-27,85.359514,Training,1.836114,5.882725,8.594081,28.765940,60.733711,74.219246,100.756538,179.125900,295.695221,336.976135,647.709351
2006-01-28,130.616163,Training,2.028378,4.483262,6.500996,15.434263,26.295830,36.107189,41.732410,61.200848,98.620171,125.220116,306.921570
2006-01-29,27.862634,Training,1.648733,3.586754,5.123133,12.521811,22.246597,30.139723,35.537674,52.420589,86.974022,119.235710,278.437714
2006-01-30,123.368657,Training,1.082788,2.861241,4.107280,10.029273,17.738743,24.083460,28.195841,42.241165,72.494423,101.374390,255.400528
2006-01-31,35.754363,Training,0.645106,2.009570,3.470505,7.654891,13.507874,18.225637,21.046600,31.860640,54.358444,73.741447,165.911484
2006-02-01,18.199293,Training,0.692574,1.873872,3.247263,6.451231,10.275563,13.651488,16.049358,22.605808,36.444157,47.241112,105.035126
2006-02-02,11.596010,Training,0.660523,1.937559,3.051400,6.592018,10.267867,13.175043,16.278919,22.562328,36.762573,47.656967,105.338249
2006-02-03,74.729839,Training,1.626153,4.071824,5.549917,15.112344,25.985287,32.520512,41.168545,62.342907,98.686127,126.288612,255.693451
2006-02-04,34.949084,Training,2.252453,4.831521,7.008593,15.917794,24.588968,32.314449,37.640549,53.781822,80.532845,99.309166,210.414520
2006-02-05,19.004571,Training,0.672759,1.832959,3.166225,6.469837,10.090807,13.611914,16.044071,22.718744,36.707264,46.459633,105.476898
2006-02-06,12.079177,Training,0.224299,1.000543,1.927912,3.881619,6.045415,8.044384,9.717644,13.562690,22.069477,28.145079,63.658810
2006-02-07,8.535951,Training,0.018564,0.653989,1.375285,2.908782,4.525212,5.963735,7.351923,10.346927,16.863913,21.510393,47.664684
2006-02-08,6.603283,Training,-0.110014,0.424302,1.032922,2.321951,3.648060,4.793227,5.980798,8.538776,13.984963,18.023481,39.414558
2006-02-09,5.314838,Training,-0.236775,0.234771,0.725488,1.848763,2.978947,3.907619,4.966685,7.235734,12.099805,15.865252,34.861469
2006-02-10,4.509559,Training,-0.336287,0.081525,0.518634,1.548053,2.583390,3.396916,4.401891,6.590188,11.432107,15.554506,34.468464
2006-02-11,3.704281,Training,-0.417544,-0.042725,0.378785,1.353665,2.372759,3.143094,4.142332,6.386732,11.715647,16.762709,38.018829
2006-02-12,3.060058,Training,-0.424522,-0.059069,0.352624,1.286366,2.200938,2.985036,3.841700,5.967568,10.815121,15.060833,33.980705
2006-02-13,2.576891,Training,-0.452421,-0.134947,0.254189,1.064602,1.848351,2.539168,3.238381,5.123897,9.336721,13.094717,29.310339
2006-02-14,2.254780,Training,-0.480946,-0.192317,0.140997,0.838987,1.472365,2.056937,2.610150,4.221040,7.640328,10.524900,23.349361
2006-02-15,1.771613,Training,-0.543075,-0.328225,-0.130450,0.272750,0.593215,0.922491,1.202068,2.157320,4.087836,5.669291,12.600400
2006-02-16,1.610557,Training,-0.542578,-0.323864,-0.116406,0.312011,0.651609,0.994819,1.289133,2.291365,4.332607,6.031921,13.376455
2006-02-17,1.288446,Training,-0.541677,-0.339368,-0.201616,0.110322,0.340217,0.584404,0.781527,1.494229,2.897550,4.020929,9.308186
2006-02-18,1.288446,Training,-0.537265,-0.348865,-0.248305,0.004629,0.199872,0.395424,0.557493,1.144892,2.345140,3.401521,8.412187
2006-02-19,1.288446,Training,-0.635775,-0.413830,-0.295190,0.042322,0.364438,0.679471,0.915564,1.804303,4.098650,6.036176,15.441965
2006-02-20,1.288446,Training,-0.660575,-0.433676,-0.269749,0.093588,0.482800,0.874172,1.125269,2.173215,4.962658,7.293648,18.509565
2006-02-21,1.127390,Training,-0.636675,-0.416443,-0.274264,0.054970,0.433253,0.777653,1.014792,1.950974,4.367285,6.503459,16.256348
2006-02-22,1.127390,Training,-0.586166,-0.399884,-0.249687,-0.010706,0.264374,0.540885,0.697170,1.380578,2.940903,4.301133,10.816887
2006-02-23,0.966334,Training,-0.599032,-0.417742,-0.284798,-0.006404,0.365392,0.710277,0.939969,1.733539,3.688539,5.670709,14.839306
2006-02-24,0.966334,Training,-0.622487,-0.410986,-0.218173,0.113653,0.524997,0.917386,1.167186,2.144081,4.553934,6.819950,16.853249
2006-02-25,14.817123,Training,-0.517857,0.235810,0.674325,3.002294,6.821753,9.949301,12.872413,24.144646,54.918438,74.632538,179.498886
2006-02-26,42.196590,Training,0.109917,1.390288,2.457315,6.885531,13.291708,18.082544,22.339424,36.727310,64.079704,81.493423,180.031616
2006-02-27,13.689733,Training,-0.351300,0.227706,0.880270,2.445429,4.488971,6.442669,7.760047,12.869990,24.659672,33.886608,76.894386
2006-02-28,7.730673,Training,-0.301810,0.266463,0.879990,2.330869,3.997997,5.524494,6.820280,10.710750,19.441818,26.633589,59.639832
2006-03-01,5.475893,Training,-0.445820,-0.064832,0.374084,1.266034,2.208441,3.081810,3.881322,6.326496,11.748764,16.506607,36.011436
2006-03-02,5.153782,Training,-0.491167,-0.191911,0.135118,0.741550,1.391060,1.986681,2.509847,4.158066,7.754222,10.859520,23.723576
2006-03-03,6.925395,Training,-0.508220,-0.195993,0.100032,0.776558,1.419373,1.984270,2.585380,4.309804,8.086702,11.486876,25.245411
2006-03-04,15.300290,Training,-0.438235,0.245032,0.855570,3.359984,6.551081,9.170915,12.546905,22.245152,45.863705,64.378860,148.010071
2006-03-05,33.821694,Training,-0.256618,0.505751,1.269403,3.730405,7.022000,9.967868,12.255176,20.337648,38.173420,50.606201,116.917404
2006-03-06,18.682460,Training,-0.387999,0.118312,0.693989,2.067806,3.612542,5.160473,6.314714,10.317163,19.489361,26.751305,60.729294
2006-03-07,12.723399,Training,-0.436805,-0.053345,0.451656,1.462404,2.548417,3.529109,4.456882,7.257865,13.645868,19.788252,43.987862
2006-03-08,8.858063,Training,-0.506085,-0.230112,0.144267,0.802958,1.490246,2.073930,2.671424,4.468428,8.654090,12.897038,28.554646
2006-03-09,4.670615,Training,-0.526116,-0.280451,-0.011443,0.497497,0.952416,1.374076,1.789270,3.081781,5.917542,8.595135,18.724670
2006-03-10,3.704281,Training,-0.529570,-0.306492,-0.122923,0.256208,0.556118,0.858208,1.132245,2.037308,3.909424,5.524053,12.276690
2006-03-11,2.899002,Training,-0.525757,-0.318444,-0.153203,0.181837,0.433866,0.693382,0.923111,1.707246,3.310959,4.731088,10.650473
2006-03-12,2.576891,Training,-0.517754,-0.348320,-0.198283,0.019972,0.194978,0.381230,0.502194,1.065000,2.303768,3.464256,8.644394
2006-03-13,2.254780,Training,-0.518902,-0.348167,-0.199322,0.031414,0.208903,0.400395,0.526369,1.100138,2.353080,3.524320,8.662454
2006-03-14,2.093724,Training,-0.476752,-0.304024,-0.197278,-0.020702,0.111639,0.262020,0.352802,0.794602,1.688674,2.476950,6.406018
2006-03-15,1.610557,Training,-0.469315,-0.281784,-0.196663,0.001758,0.132927,0.284134,0.391701,0.838752,1.672184,2.370951,5.961329
2006-03-16,1.610557,Training,-0.411432,-0.227747,-0.166281,-0.032044,0.068412,0.186726,0.259864,0.600005,1.168957,1.618726,4.391909
2006-03-17,2.737947,Training,-0.467876,-0.138495,0.059989,0.641784,0.993281,1.355587,1.443140,2.189013,4.565193,6.990026,17.001579
2006-03-18,10.468620,Training,-0.480752,0.285888,0.837669,3.304581,7.997935,10.393347,13.050707,27.143503,62.719707,86.021088,192.536224
2006-03-19,14.495012,Training,-0.553246,0.011265,0.382802,1.811150,4.251167,5.546785,6.796291,14.018718,32.117935,46.397625,105.519318
2006-03-20,19.487738,Training,-0.479122,0.181516,0.684747,2.702341,5.827450,7.840661,9.689947,19.460930,42.769344,60.974297,127.257919
2006-03-21,43.001869,Training,-0.344175,0.551280,1.157287,4.158403,8.919947,11.825896,14.889550,29.169731,60.644630,82.966698,170.554535
2006-03-22,26.413133,Training,-0.462134,0.070487,0.617791,2.122347,4.099399,5.600355,6.985983,12.808929,26.190838,37.090145,80.306313
2006-03-23,17.716126,Training,-0.612239,-0.276022,0.113396,0.958844,2.122376,2.922726,3.825888,7.269459,15.876317,24.624033,56.843933
2006-03-24,17.071903,Training,-0.617695,-0.341884,0.039702,0.741500,1.594262,2.231719,2.909382,5.378878,11.658072,18.170094,43.598976
2006-03-25,13.689733,Training,-0.578720,-0.337095,-0.046816,0.455645,0.956276,1.399455,1.836444,3.296000,6.857249,10.387344,23.697718
2006-03-26,11.757065,Training,-0.574252,-0.356371,-0.082275,0.382083,0.820288,1.212065,1.593037,2.853910,5.818007,8.786411,20.175329
2006-03-27,10.468620,Training,-0.564798,-0.363363,-0.131030,0.264456,0.611062,0.932813,1.238346,2.253196,4.570240,6.836638,15.751992
2006-03-28,8.858063,Training,-0.542178,-0.333008,-0.153233,0.209046,0.485554,0.766417,1.031739,1.888324,3.659381,5.302577,11.986472
2006-03-29,3.382169,Training,-0.535664,-0.335248,-0.177407,0.142929,0.375631,0.622388,0.842400,1.584750,3.097661,4.489644,10.354448
2006-03-30,2.899002,Training,-0.550469,-0.371451,-0.210670,0.055473,0.247148,0.464861,0.617351,1.260576,2.665152,3.987949,9.798982
2006-03-31,2.415835,Training,-0.544551,-0.366142,-0.214561,0.041918,0.220810,0.429941,0.569695,1.180627,2.497583,3.726839,9.197275
2006-04-01,1.932668,Training,-0.539853,-0.360852,-0.219460,0.023970,0.186088,0.384120,0.505149,1.076023,2.294595,3.427471,8.558991
2006-04-02,1.610557,Training,-0.530942,-0.350436,-0.220382,-0.007936,0.122794,0.301629,0.388099,0.885114,1.944131,2.933923,7.554734
2006-04-03,1.449501,Training,-0.516388,-0.330136,-0.214868,-0.027651,0.078967,0.240251,0.304921,0.737882,1.655306,2.505151,6.621742
2006-04-04,1.288446,Training,-0.491941,-0.307722,-0.207188,-0.023482,0.085935,0.238132,0.308163,0.729295,1.597963,2.387248,6.312272
2006-04-05,1.288446,Training,-0.414614,-0.228673,-0.176750,-0.029793,0.058765,0.170433,0.227656,0.554597,1.166861,1.763941,4.938499
2006-04-06,1.449501,Training,-0.404790,-0.208456,-0.156840,-0.033500,0.050584,0.156017,0.196118,0.486672,1.044146,1.581615,4.654007
2006-04-07,1.288446,Training,-0.383297,-0.191021,-0.135252,-0.031985,0.045281,0.145521,0.180547,0.448470,0.956204,1.434705,4.276197
2006-04-08,0.966334,Training,-0.365074,-0.174757,-0.122226,-0.040562,0.028348,0.114074,0.142495,0.380635,0.822176,1.234902,3.844911
2006-04-09,0.966334,Training,-0.333916,-0.144820,-0.097319,-0.039872,0.024183,0.094057,0.124411,0.331953,0.689804,1.023173,3.301519
2006-04-10,0.805278,Training,-0.342226,-0.146800,-0.103527,-0.046044,0.009907,0.078876,0.103235,0.306585,0.671983,1.007948,3.338847
2006-04-11,0.805278,Training,-0.305168,-0.113436,-0.078951,-0.038893,0.017702,0.065204,0.095011,0.267874,0.552764,0.847538,2.939416
2006-04-12,0.805278,Training,-0.307414,-0.119558,-0.083172,-0.035168,0.027159,0.074592,0.103504,0.278085,0.561083,0.884379,3.049399
2006-04-13,0.805278,Training,-0.327391,-0.128119,-0.077757,-0.041156,0.016434,0.071337,0.093582,0.262770,0.559358,0.860353,3.068135
2006-04-14,0.966334,Training,-0.351547,-0.153609,-0.087428,0.021482,0.079449,0.156146,0.169753,0.353373,0.699432,1.150759,3.634816
2006-04-15,1.449501,Training,-0.417129,-0.201328,-0.131484,-0.036070,0.057875,0.153717,0.168789,0.412393,0.930647,1.441597,4.845240
2006-04-16,1.288446,Training,-0.361533,-0.154911,-0.091809,-0.013460,0.070652,0.155634,0.182386,0.410058,0.839330,1.291710,4.112119
2006-04-17,1.127390,Training,-0.342106,-0.142480,-0.082046,-0.013022,0.059967,0.139519,0.167331,0.384988,0.775049,1.174521,3.725358
2006-04-18,0.966334,Training,-0.324498,-0.121966,-0.072184,-0.019213,0.038422,0.102872,0.128711,0.320651,0.657808,0.996607,3.338044
2006-04-19,0.805278,Training,-0.313382,-0.108542,-0.064967,-0.019685,0.030914,0.087065,0.114388,0.293691,0.600705,0.907405,3.107523
2006-04-20,0.805278,Training,-0.299124,-0.094547,-0.061837,-0.014454,0.036637,0.083811,0.115806,0.287300,0.570251,0.873251,2.992872
2006-04-21,0.805278,Training,-0.301412,-0.098574,-0.068546,-0.009646,0.044887,0.095509,0.130482,0.310657,0.602604,0.923882,3.054476
2006-04-22,0.966334,Training,-0.371618,-0.123705,-0.063261,0.169081,0.238339,0.368353,0.384410,0.657039,1.197551,1.822735,4.757891
2006-04-23,0.966334,Training,-0.550614,-0.181234,-0.116550,0.249024,0.517284,0.819551,0.786247,1.642564,3.747541,5.457651,16.001081
2006-04-24,5.475893,Training,-0.483856,-0.167581,-0.088611,0.118371,0.235854,0.396984,0.385513,0.816066,1.755789,2.617011,8.385260
2006-04-25,3.865337,Training,-0.423724,-0.130791,-0.037087,0.114531,0.174213,0.303855,0.295303,0.601235,1.255689,1.883755,5.838348
2006-04-26,2.415835,Training,-0.424914,-0.145501,-0.084738,0.041249,0.067612,0.161870,0.160083,0.369405,0.815840,1.307248,4.266973
2006-04-27,1.932668,Training,-0.388947,-0.111613,-0.065596,0.026052,0.039324,0.109526,0.120031,0.281380,0.608369,0.958331,3.306893
2006-04-28,1.610557,Training,-0.330925,-0.083475,-0.046869,0.016063,0.039946,0.094291,0.116361,0.276824,0.572283,0.891725,3.124650
2006-04-29,1.288446,Training,-0.308576,-0.071312,-0.045292,0.015161,0.040628,0.089562,0.114507,0.273349,0.561258,0.874849,3.063755
2006-04-30,1.288446,Training,-0.315337,-0.068720,-0.047136,0.010470,0.024992,0.069498,0.092173,0.231729,0.484984,0.767513,2.802057
2006-05-01,1.288446,Training,-0.299654,-0.058111,-0.037205,0.000129,0.015383,0.047608,0.074792,0.194445,0.395262,0.628592,2.444876
2006-05-02,1.127390,Training,-0.284345,-0.051664,-0.036274,0.001642,0.018923,0.051223,0.077833,0.201101,0.412365,0.654736,2.508983
2006-05-03,0.966334,Training,-0.266197,-0.041346,-0.023558,-0.002194,0.018536,0.041734,0.070753,0.181132,0.354320,0.562976,2.251442
2006-05-04,0.805278,Training,-0.257043,-0.035888,-0.019511,-0.000944,0.020808,0.042094,0.071878,0.178601,0.345095,0.549273,2.201706
2006-05-05,0.805278,Training,-0.264043,-0.037783,-0.021742,-0.006933,0.010431,0.028485,0.055840,0.152966,0.303621,0.494713,2.089347
2006-05-06,0.483167,Training,-0.273970,-0.041122,-0.025690,-0.011665,0.000959,0.017001,0.041852,0.130113,0.267690,0.450004,1.993710
2006-05-07,0.322111,Training,-0.271677,-0.041260,-0.026063,-0.012970,0.000337,0.015977,0.039457,0.126692,0.264254,0.447116,1.987517
2006-05-08,0.161056,Training,-0.267831,-0.040325,-0.027148,-0.012153,0.001496,0.018684,0.040397,0.129544,0.274322,0.462452,2.023644
2006-05-09,0.000000,Training,-0.306494,-0.053002,-0.045108,-0.016392,-0.018472,0.001104,0.015289,0.090481,0.222096,0.400183,1.893305
2006-05-10,0.000000,Training,-0.312598,-0.053037,-0.046873,-0.016026,-0.021759,-0.003218,0.009358,0.077492,0.200879,0.374534,1.830883
2006-05-11,0.000000,Training,-0.296429,-0.049335,-0.032970,-0.020656,-0.017185,-0.005904,0.011596,0.077731,0.182856,0.340200,1.724706
2006-05-12,0.000000,Training,-0.292865,-0.049449,-0.021295,-0.026537,-0.015612,-0.014712,0.009351,0.065482,0.140677,0.275389,1.539647
2006-05-13,0.000000,Training,-0.320489,-0.061250,-0.031897,-0.030349,-0.024692,-0.023544,-0.001528,0.046864,0.109246,0.231059,1.424447
2006-05-14,0.000000,Training,-0.310108,-0.055910,-0.026822,-0.028732,-0.021684,-0.021656,0.001389,0.050400,0.114125,0.238794,1.446493
2006-05-15,0.000000,Training,-0.322803,-0.062308,-0.033046,-0.030664,-0.026024,-0.025064,-0.003669,0.043623,0.104520,0.225394,1.411422
2006-05-16,0.000000,Training,-0.337831,-0.067244,-0.039390,-0.029623,-0.030185,-0.028762,-0.010297,0.031605,0.084615,0.201669,1.354001
2006-05-17,0.000000,Training,-0.345251,-0.069203,-0.042461,-0.027854,-0.031764,-0.030165,-0.013685,0.024870,0.073043,0.189335,1.326860
2006-05-18,0.000000,Training,-0.330408,-0.063905,-0.035883,-0.029728,-0.028372,-0.028122,-0.008468,0.033949,0.089355,0.209093,1.377233
2006-05-19,0.000000,Training,-0.311095,-0.056651,-0.027153,-0.028854,-0.021986,-0.022838,-0.000324,0.047376,0.110650,0.236642,1.444810
2006-05-20,0.000000,Training,-0.314684,-0.057748,-0.028922,-0.028749,-0.023591,-0.023926,-0.002264,0.044365,0.106701,0.231345,1.430673
2006-05-21,0.000000,Training,-0.310239,-0.055695,-0.026918,-0.028034,-0.021986,-0.022502,-0.000251,0.047247,0.111611,0.237921,1.447190
2006-05-22,0.000000,Training,-0.281994,-0.043996,-0.013637,-0.023571,-0.009324,-0.011492,0.014509,0.068791,0.144049,0.280248,1.547462
2006-05-23,0.000000,Training,-0.269445,-0.036701,-0.005993,-0.019530,-0.002214,-0.006259,0.021458,0.075445,0.150909,0.289342,1.563069
2006-05-24,0.000000,Training,-0.291359,-0.044360,-0.014781,-0.023231,-0.013550,-0.017692,0.007718,0.053494,0.115718,0.244472,1.461993
2006-05-25,0.000000,Training,-0.302044,-0.048449,-0.019892,-0.024662,-0.018428,-0.022202,0.001674,0.043897,0.101486,0.226644,1.421080
2006-05-26,0.000000,Training,-0.307320,-0.050382,-0.022687,-0.025479,-0.021165,-0.024995,-0.002273,0.037809,0.092654,0.216223,1.399231
2006-05-27,0.000000,Training,-0.324024,-0.055962,-0.029400,-0.025596,-0.026579,-0.029978,-0.009834,0.024084,0.069590,0.187247,1.329547
2006-05-28,0.000000,Training,-0.343454,-0.063030,-0.037812,-0.023402,-0.030931,-0.032911,-0.016823,0.011461,0.047136,0.161096,1.267014
2006-05-29,0.000000,Training,-0.325211,-0.056387,-0.030361,-0.025937,-0.027345,-0.031185,-0.011497,0.021445,0.066440,0.185157,1.330969
2006-05-30,0.000000,Training,-0.295917,-0.044766,-0.017417,-0.024076,-0.016527,-0.022796,0.001305,0.041569,0.098045,0.227018,1.435447
2006-05-31,0.000000,Training,-0.291793,-0.042727,-0.016008,-0.023338,-0.014650,-0.021077,0.003668,0.045143,0.103652,0.234209,1.451738
2006-06-01,0.000000,Training,-0.297373,-0.045580,-0.026142,-0.025326,-0.014402,-0.023419,0.003379,0.044111,0.102692,0.243839,1.483038
2006-06-02,0.000000,Training,-0.318988,-0.054246,-0.027909,-0.025581,-0.024267,-0.027898,-0.007456,0.028358,0.079264,0.203554,1.383121
2006-06-03,0.000000,Training,-0.328700,-0.058528,-0.032649,-0.025854,-0.027680,-0.030547,-0.011528,0.021547,0.068422,0.189830,1.348501
2006-06-04,0.000000,Training,-0.314553,-0.053504,-0.026891,-0.026755,-0.024721,-0.029146,-0.008175,0.028480,0.080675,0.205350,1.387663
2006-06-05,0.000000,Training,-0.325189,-0.056735,-0.031328,-0.026400,-0.028496,-0.032292,-0.013253,0.019728,0.065641,0.185945,1.339338
2006-06-06,0.000000,Training,-0.315914,-0.052552,-0.026882,-0.026065,-0.026019,-0.030840,-0.010372,0.024178,0.072258,0.194196,1.359837
2006-06-07,0.000000,Training,-0.310052,-0.050051,-0.024294,-0.025764,-0.024310,-0.029640,-0.008389,0.027482,0.077439,0.200796,1.376504
2006-06-08,0.000000,Training,-0.314610,-0.051619,-0.026213,-0.025876,-0.026255,-0.031251,-0.010829,0.023551,0.071124,0.192446,1.355758
2006-06-09,0.000000,Training,-0.309006,-0.049075,-0.023786,-0.025642,-0.024733,-0.030550,-0.009369,0.025663,0.074549,0.197374,1.369065
2006-06-10,0.000000,Training,-0.314576,-0.051043,-0.026222,-0.025729,-0.027135,-0.032465,-0.012503,0.020592,0.066939,0.187682,1.346906
2006-06-11,0.000000,Training,-0.331550,-0.057096,-0.033320,-0.024819,-0.031702,-0.035566,-0.018535,0.009607,0.048159,0.164035,1.289595
2006-06-12,0.000000,Training,-0.372706,-0.082000,-0.065072,-0.009294,-0.027825,-0.027172,-0.011463,-0.000125,0.017724,0.170157,1.300573
2006-06-13,0.000000,Training,-0.371576,-0.010357,0.074489,0.251582,0.238430,0.288880,0.307188,0.326913,0.516143,0.869324,3.219496
2006-06-14,0.000000,Training,-0.466125,-0.024611,0.017838,0.262245,0.329957,0.460368,0.529441,0.674055,1.044206,1.468125,5.152604
2006-06-15,0.000000,Training,-0.433102,-0.007899,0.036398,0.271274,0.323347,0.443262,0.492651,0.643543,0.977907,1.421778,4.822383
2006-06-16,0.000000,Training,-0.469481,-0.106284,-0.072880,0.099412,0.133718,0.223517,0.244475,0.362460,0.622979,1.014256,3.812824
2006-06-17,0.000000,Training,-0.461247,-0.109982,-0.073821,0.054137,0.086910,0.143914,0.170550,0.267569,0.483572,0.820562,3.214750
2006-06-18,0.000000,Training,-0.454553,-0.116297,-0.087224,0.022376,0.031328,0.075106,0.096493,0.160138,0.303413,0.584213,2.506193
2006-06-19,0.000000,Training,-0.429576,-0.098033,-0.063263,0.020123,0.015112,0.046004,0.066448,0.110466,0.215522,0.432671,2.056512
2006-06-20,0.000000,Training,-0.385433,-0.077427,-0.041410,0.011946,0.008580,0.029212,0.054043,0.100334,0.197037,0.390511,1.921228
2006-06-21,0.000000,Training,-0.374532,-0.067517,-0.039819,0.006675,-0.002554,0.011033,0.036140,0.075132,0.151598,0.322432,1.731543
2006-06-22,0.000000,Training,-0.379699,-0.064244,-0.043673,0.006467,-0.011737,-0.001604,0.020581,0.050326,0.105026,0.256507,1.556069
2006-06-23,0.000000,Training,-0.361101,-0.054584,-0.037978,0.000366,-0.015085,-0.010354,0.014694,0.044838,0.100172,0.246537,1.534844
2006-06-24,0.000000,Training,-0.328759,-0.040171,-0.025495,-0.003989,-0.012130,-0.013066,0.016269,0.050662,0.112695,0.261229,1.575025
2006-06-25,0.000000,Training,-0.306578,-0.029157,-0.017046,-0.005233,-0.010441,-0.014956,0.015492,0.050793,0.113140,0.259796,1.569931
2006-06-26,0.000000,Training,-0.299175,-0.025330,-0.015407,-0.007306,-0.013253,-0.019476,0.010036,0.043209,0.102196,0.243738,1.530550
2006-06-27,0.000000,Training,-0.292373,-0.022273,-0.014014,-0.009201,-0.015496,-0.023237,0.005127,0.036164,0.092825,0.230997,1.502649
2006-06-28,0.000000,Training,-0.289344,-0.020943,-0.014311,-0.011117,-0.018763,-0.027441,-0.000868,0.027286,0.081076,0.215771,1.470520
2006-06-29,0.000000,Training,-0.296454,-0.023511,-0.018975,-0.013026,-0.025286,-0.033716,-0.010392,0.012217,0.060014,0.189038,1.411991
2006-06-30,0.000000,Training,-0.289701,-0.014939,-0.017732,-0.008941,-0.027759,-0.036920,-0.017897,-0.004142,0.038770,0.167981,1.382039
2006-07-01,0.000000,Training,-0.290930,-0.019631,-0.020856,-0.013609,-0.029878,-0.038326,-0.019647,-0.002589,0.045437,0.176563,1.403052
2006-07-02,0.000000,Training,-0.287469,-0.022679,-0.015452,-0.014017,-0.024821,-0.033485,-0.013845,0.008411,0.054973,0.183308,1.391003
2006-07-03,0.000000,Training,-0.294306,-0.027701,-0.019144,-0.016187,-0.027240,-0.034625,-0.015984,0.006582,0.053750,0.181116,1.384721
2006-07-04,0.000000,Training,-0.296837,-0.031430,-0.019512,-0.017096,-0.026344,-0.032963,-0.014385,0.010331,0.058403,0.185470,1.387911
2006-07-05,0.000000,Training,-0.305817,-0.040919,-0.022742,-0.021696,-0.027182,-0.032666,-0.012977,0.015822,0.065607,0.189566,1.386840
2006-07-06,0.000000,Training,-0.318836,-0.047103,-0.028240,-0.022850,-0.031050,-0.035275,-0.017352,0.008632,0.054790,0.174853,1.352983
2006-07-07,0.000000,Training,-0.335198,-0.059915,-0.035268,-0.028345,-0.033861,-0.036662,-0.018065,0.011088,0.057307,0.172976,1.338334
2006-07-08,0.000000,Training,-0.343196,-0.065421,-0.038605,-0.029868,-0.034748,-0.036818,-0.018331,0.011717,0.057697,0.172017,1.332683
2006-07-09,0.000000,Training,-0.353349,-0.069753,-0.042801,-0.028709,-0.035943,-0.036680,-0.020052,0.008258,0.051232,0.164484,1.316565
2006-07-10,0.000000,Training,-0.367513,-0.075756,-0.048240,-0.025615,-0.036465,-0.035237,-0.021393,0.004386,0.042010,0.154570,1.295130
2006-07-11,0.000000,Training,-0.392603,-0.085696,-0.059597,-0.019434,-0.035409,-0.031873,-0.021641,-0.000703,0.028472,0.143417,1.275570
2006-07-12,0.000000,Training,-0.388698,-0.086409,-0.063996,-0.030266,-0.038130,-0.036742,-0.021929,0.002443,0.045949,0.167651,1.350598
2006-07-13,0.000000,Training,-0.372676,-0.081408,-0.052022,-0.030029,-0.035198,-0.033218,-0.017399,0.010743,0.058982,0.179824,1.378438
2006-07-14,0.000000,Training,-0.369725,-0.078955,-0.049417,-0.028644,-0.035451,-0.033967,-0.018264,0.009063,0.053878,0.170624,1.346808
2006-07-15,0.000000,Training,-0.370194,-0.078965,-0.049355,-0.028209,-0.035684,-0.034032,-0.018516,0.008551,0.053134,0.169033,1.342824
2006-07-16,0.000000,Training,-0.360507,-0.074862,-0.045556,-0.030359,-0.034757,-0.034128,-0.016290,0.013291,0.063499,0.180717,1.373149
2006-07-17,0.000000,Training,-0.352401,-0.071385,-0.042034,-0.031365,-0.033644,-0.033755,-0.014167,0.017497,0.071407,0.189280,1.393089
2006-07-18,0.000000,Training,-0.353675,-0.071290,-0.044292,-0.032566,-0.034064,-0.034922,-0.014191,0.017436,0.072467,0.190879,1.397580
2006-07-19,0.000000,Training,-0.341764,-0.066821,-0.036960,-0.032191,-0.031589,-0.032672,-0.010750,0.023628,0.082014,0.200944,1.420252
2006-07-20,0.000000,Training,-0.337261,-0.065148,-0.034817,-0.032401,-0.030417,-0.031891,-0.008887,0.026665,0.087106,0.206831,1.434022
2006-07-21,0.000000,Training,-0.344209,-0.068074,-0.037607,-0.032066,-0.031847,-0.032199,-0.010397,0.023866,0.082788,0.200471,1.419111
2006-07-22,0.000000,Training,-0.344661,-0.068326,-0.037701,-0.032096,-0.031658,-0.031751,-0.009758,0.024768,0.084645,0.202429,1.425546
2006-07-23,0.000000,Training,-0.349455,-0.070552,-0.039629,-0.031829,-0.032078,-0.031363,-0.009968,0.024054,0.083731,0.201083,1.424670
2006-07-24,0.000000,Training,-0.341801,-0.067800,-0.036632,-0.032833,-0.030457,-0.030344,-0.007072,0.029582,0.094043,0.213852,1.456820
2006-07-25,0.000000,Training,-0.347307,-0.070354,-0.038746,-0.032610,-0.031038,-0.029997,-0.007387,0.028664,0.092644,0.211542,1.452342
2006-07-26,0.000000,Training,-0.346536,-0.070221,-0.038276,-0.032891,-0.030598,-0.029471,-0.006288,0.030447,0.095945,0.215224,1.462002
2006-07-27,0.000000,Training,-0.336241,-0.066262,-0.033982,-0.033630,-0.028108,-0.028066,-0.002529,0.037176,0.107560,0.230107,1.498428
2006-07-28,0.000000,Training,-0.336688,-0.066518,-0.033944,-0.033665,-0.027869,-0.027535,-0.001734,0.038241,0.109516,0.232098,1.503590
2006-07-29,0.000000,Training,-0.348394,-0.070585,-0.038371,-0.032469,-0.029937,-0.028109,-0.004438,0.031945,0.099426,0.219327,1.477450
2006-07-30,0.000000,Training,-0.353624,-0.072570,-0.040012,-0.032004,-0.030357,-0.028323,-0.005231,0.029076,0.094686,0.213940,1.469607
2006-07-31,0.000000,Training,-0.351683,-0.074353,-0.039008,-0.034890,-0.029320,-0.027901,-0.002496,0.035129,0.104607,0.224364,1.490954
2006-08-01,0.000000,Training,-0.349157,-0.073599,-0.037769,-0.035429,-0.028443,-0.027264,-0.000810,0.037872,0.109492,0.230304,1.506073
2006-08-02,0.000000,Training,-0.348211,-0.073319,-0.037003,-0.035676,-0.027849,-0.026754,0.000421,0.039581,0.112290,0.233316,1.513443
2006-08-03,0.000000,Training,-0.354386,-0.076122,-0.038991,-0.035410,-0.028175,-0.026415,0.000319,0.038263,0.109798,0.229747,1.506931
2006-08-04,0.000000,Training,-0.334948,-0.067684,-0.030846,-0.036105,-0.024146,-0.024802,0.005661,0.047848,0.125725,0.250952,1.557061
2006-08-05,0.000000,Training,-0.342616,-0.070841,-0.033640,-0.036149,-0.025540,-0.025252,0.004326,0.044489,0.120848,0.244242,1.544287
2006-08-06,0.000000,Training,-0.349874,-0.074810,-0.036104,-0.036690,-0.026155,-0.025051,0.004366,0.043945,0.119753,0.241299,1.536982
2006-08-07,0.000000,Training,-0.343316,-0.072137,-0.033377,-0.037275,-0.024593,-0.024332,0.006800,0.048112,0.127176,0.251223,1.562596
2006-08-08,0.000000,Training,-0.341145,-0.071474,-0.032501,-0.037672,-0.023578,-0.023533,0.008669,0.051030,0.132446,0.258163,1.580884
2006-08-09,0.000000,Training,-0.343847,-0.072902,-0.033230,-0.037926,-0.023624,-0.023118,0.009264,0.051428,0.133443,0.258819,1.583986
2006-08-10,0.000000,Training,-0.361692,-0.081416,-0.039896,-0.037447,-0.025122,-0.022585,0.008072,0.047026,0.126113,0.248990,1.566917
2006-08-11,0.000000,Training,-0.345627,-0.074237,-0.033807,-0.038837,-0.022875,-0.022239,0.011440,0.054094,0.139307,0.266686,1.609887
2006-08-12,0.000000,Training,-0.354499,-0.078797,-0.037263,-0.039221,-0.023518,-0.021777,0.011502,0.052990,0.138292,0.265056,1.610570
2006-08-13,0.000000,Training,-0.340068,-0.072092,-0.031147,-0.039281,-0.020751,-0.020676,0.015089,0.059526,0.148672,0.278950,1.641416
2006-08-14,0.000000,Training,-0.319812,-0.062681,-0.022154,-0.037281,-0.014377,-0.016869,0.021837,0.070026,0.163357,0.300730,1.691214
2006-08-15,0.000000,Training,-0.311387,-0.058763,-0.018340,-0.036136,-0.011024,-0.014192,0.025773,0.075878,0.172036,0.312680,1.718829
2006-08-16,0.000000,Training,-0.326973,-0.070496,-0.044953,-0.049135,-0.018086,-0.024571,0.021025,0.071458,0.174509,0.336675,1.810097
2006-08-17,0.000000,Training,-0.404488,-0.137235,-0.085842,-0.041964,-0.000961,0.012215,0.071468,0.108511,0.229086,0.483992,2.325952
2006-08-18,0.000000,Training,-0.438603,-0.151112,-0.094032,-0.051790,0.016856,0.043727,0.097961,0.178382,0.412900,0.699855,3.081595
2006-08-19,0.000000,Training,-0.406333,-0.134397,-0.059955,-0.039503,0.018880,0.048275,0.100047,0.180826,0.390235,0.647474,2.785378
2006-08-20,0.000000,Training,-0.399176,-0.124106,-0.063389,-0.051910,-0.013342,0.004990,0.048126,0.108856,0.263219,0.453271,2.188561
2006-08-21,0.000000,Training,-0.381747,-0.106282,-0.054477,-0.048982,-0.015287,-0.003650,0.040115,0.097238,0.235522,0.407605,2.040101
2006-08-22,0.000000,Training,-0.373998,-0.096325,-0.049466,-0.046834,-0.016471,-0.008740,0.035598,0.089440,0.216594,0.376144,1.945507
2006-08-23,0.000000,Training,-0.361658,-0.087806,-0.044326,-0.045891,-0.016051,-0.010557,0.035080,0.089843,0.215134,0.372072,1.926461
2006-08-24,0.000000,Training,-0.361700,-0.086698,-0.044538,-0.046236,-0.017167,-0.012041,0.033809,0.087716,0.211733,0.365510,1.909069
2006-08-25,0.000000,Training,-0.369963,-0.090336,-0.047896,-0.046908,-0.018576,-0.012962,0.032517,0.084033,0.206548,0.357151,1.893779
2006-08-26,0.000000,Training,-0.361619,-0.086283,-0.045734,-0.047952,-0.018851,-0.014058,0.032229,0.085305,0.210296,0.362597,1.906717
2006-08-27,0.000000,Training,-0.367363,-0.089688,-0.048748,-0.049177,-0.019785,-0.014322,0.031904,0.084207,0.210601,0.362626,1.912984
2006-08-28,0.000000,Training,-0.379943,-0.096813,-0.053921,-0.049736,-0.019816,-0.013308,0.032898,0.083204,0.210291,0.362427,1.924306
2006-08-29,0.000000,Training,-0.393022,-0.104628,-0.058799,-0.049368,-0.018138,-0.011106,0.035697,0.083602,0.211061,0.365960,1.950960
2006-08-30,0.000000,Training,-0.392357,-0.105383,-0.060696,-0.051881,-0.019440,-0.011893,0.035350,0.084941,0.218458,0.376746,1.986014
2006-08-31,0.000000,Training,-0.367423,-0.093304,-0.054252,-0.055248,-0.022048,-0.015708,0.032334,0.088022,0.228692,0.390571,2.006366
2006-09-01,0.000000,Training,-0.369142,-0.094524,-0.055570,-0.056246,-0.022892,-0.016396,0.031731,0.086929,0.228323,0.389359,2.003327
2006-09-02,0.000000,Training,-0.379493,-0.100180,-0.060940,-0.056874,-0.023503,-0.015699,0.032168,0.086079,0.231076,0.393963,2.026695
2006-09-03,0.000000,Training,-0.384336,-0.101098,-0.067507,-0.055924,-0.025024,-0.015053,0.030709,0.082874,0.239654,0.416998,2.116757
2006-09-04,0.000000,Training,-0.372727,-0.096435,-0.063073,-0.059107,-0.026051,-0.018741,0.029100,0.082538,0.238784,0.414183,2.104017
2006-09-05,0.000000,Training,-0.367731,-0.094939,-0.057388,-0.058520,-0.023270,-0.017162,0.031108,0.084890,0.234399,0.402696,2.057928
2006-09-06,0.000000,Training,-0.365591,-0.095725,-0.054151,-0.059774,-0.020807,-0.016351,0.034918,0.090925,0.237321,0.398974,2.032652
2006-09-07,0.000000,Training,-0.369183,-0.098343,-0.056611,-0.060477,-0.020608,-0.014920,0.036854,0.094360,0.245641,0.409299,2.064262
2006-09-08,0.000000,Training,-0.371405,-0.100416,-0.057926,-0.061117,-0.020508,-0.014101,0.038058,0.096507,0.250854,0.415593,2.084362
2006-09-09,0.000000,Training,-0.377948,-0.104727,-0.061221,-0.061999,-0.020161,-0.013070,0.039861,0.098530,0.256387,0.422701,2.111633
2006-09-10,0.000000,Training,-0.371078,-0.101804,-0.060062,-0.063026,-0.020957,-0.013901,0.039401,0.100591,0.261654,0.429828,2.126259
2006-09-11,0.000000,Training,-0.355779,-0.094810,-0.055949,-0.063035,-0.020037,-0.014117,0.040295,0.105631,0.269491,0.442587,2.148535
2006-09-12,0.000000,Training,-0.345452,-0.090519,-0.052924,-0.062423,-0.017917,-0.012730,0.042768,0.111368,0.277673,0.454997,2.173095
2006-09-13,0.000000,Training,-0.356435,-0.099900,-0.077844,-0.076080,-0.025939,-0.024902,0.036360,0.106075,0.279887,0.479847,2.277550
2006-09-14,0.000000,Training,-0.327534,-0.085334,-0.046851,-0.058831,-0.007520,-0.001572,0.055067,0.133271,0.315100,0.513463,2.328709
2006-09-15,0.000000,Training,-0.325541,-0.085868,-0.047531,-0.059179,-0.006127,-0.000073,0.058543,0.138901,0.325039,0.525947,2.355704
2006-09-16,0.000000,Training,-0.330027,-0.090928,-0.051630,-0.062122,-0.009115,-0.001330,0.056912,0.139640,0.331385,0.533512,2.380409
2006-09-17,0.000000,Training,-0.340307,-0.094588,-0.056382,-0.065046,-0.015210,-0.006545,0.051982,0.132393,0.320267,0.512366,2.323444
2006-09-18,0.000000,Training,-0.347701,-0.097677,-0.060019,-0.067220,-0.019031,-0.009568,0.048953,0.128012,0.314487,0.500217,2.291874
2006-09-19,0.000000,Training,-0.341592,-0.095028,-0.058261,-0.066927,-0.018427,-0.009167,0.049594,0.130568,0.317127,0.503177,2.292795
2006-09-20,0.000000,Training,-0.332920,-0.091425,-0.055525,-0.065852,-0.016219,-0.007192,0.051943,0.135732,0.323904,0.512655,2.310250
2006-09-21,0.000000,Training,-0.400395,-0.136039,-0.081204,-0.007630,0.100712,0.116875,0.226550,0.321913,0.672947,1.194944,4.956898
2006-09-22,0.000000,Training,-0.476247,-0.189259,-0.112325,-0.043879,0.090462,0.152072,0.253977,0.426932,1.013873,1.524557,6.079213
2006-09-23,0.000000,Training,-0.476957,-0.192025,-0.154961,-0.083114,0.036375,0.092563,0.186194,0.369261,0.906340,1.444893,5.631304
2006-09-24,0.000000,Training,-0.399487,-0.160552,-0.100200,-0.078527,0.003079,0.041653,0.112380,0.240957,0.587385,0.923520,3.634620
2006-09-25,0.000000,Training,-0.395635,-0.143850,-0.095885,-0.079115,-0.010909,0.018856,0.090845,0.203035,0.497293,0.774089,3.134808
2006-09-26,0.000000,Training,-0.386045,-0.137663,-0.091889,-0.079424,-0.015823,0.012697,0.083038,0.195056,0.474815,0.731768,2.981460
2006-09-27,0.000000,Training,-0.366971,-0.122346,-0.084046,-0.077237,-0.018219,0.005455,0.074998,0.184367,0.441131,0.675653,2.788018
2006-09-28,0.000000,Training,-0.371777,-0.123174,-0.102548,-0.087802,-0.027835,-0.009310,0.063440,0.171949,0.427908,0.670072,2.800212
2006-09-29,0.000000,Training,-0.352213,-0.112837,-0.080407,-0.076657,-0.019554,0.002052,0.070171,0.179728,0.428374,0.657478,2.723813
2006-09-30,0.000000,Training,-0.358513,-0.115515,-0.092087,-0.082634,-0.025571,-0.005161,0.064991,0.174192,0.427434,0.661386,2.747235
2006-10-01,0.000000,Test,-0.355103,-0.116556,-0.091785,-0.082321,-0.029238,-0.004372,0.060195,0.170143,0.434281,0.679409,2.802354
2006-10-02,0.000000,Test,-0.341651,-0.106952,-0.075792,-0.077805,-0.023184,-0.004445,0.062688,0.167584,0.400223,0.613191,2.585607
2006-10-03,0.000000,Test,-0.332336,-0.103313,-0.073429,-0.076932,-0.021538,-0.002972,0.063606,0.170389,0.403897,0.619024,2.593256
2006-10-04,0.000000,Test,-0.321348,-0.097997,-0.069327,-0.074056,-0.017190,0.001123,0.067785,0.176806,0.410871,0.627379,2.602413
2006-10-05,0.000000,Test,-0.323714,-0.099113,-0.070885,-0.075402,-0.020134,-0.000908,0.065201,0.173914,0.407067,0.619784,2.580985
2006-10-06,0.000000,Test,-0.337649,-0.105899,-0.077406,-0.079827,-0.028132,-0.007037,0.058381,0.164694,0.396235,0.601001,2.534877
2006-10-07,0.000000,Test,-0.345760,-0.110207,-0.081743,-0.082566,-0.032598,-0.010035,0.054664,0.159976,0.392316,0.593245,2.514852
2006-10-08,0.000000,Test,-0.339077,-0.108912,-0.081117,-0.082757,-0.031785,-0.008895,0.055198,0.163420,0.399229,0.605987,2.542987
2006-10-09,0.000000,Test,-0.339526,-0.111326,-0.086649,-0.084082,-0.032884,-0.007966,0.056311,0.168082,0.418974,0.641229,2.641884
2006-10-10,0.000000,Test,-0.331634,-0.103542,-0.078517,-0.079085,-0.023161,-0.002285,0.064291,0.176541,0.414588,0.628112,2.581255
2006-10-11,0.000000,Test,-0.348671,-0.114846,-0.102385,-0.089714,-0.035378,-0.010751,0.054704,0.169891,0.433044,0.676372,2.755492
2006-10-12,0.000000,Test,-0.311328,-0.091284,-0.056809,-0.067936,-0.009483,0.008890,0.074480,0.184185,0.410454,0.619409,2.541098
2006-10-13,0.000000,Test,-0.314430,-0.093226,-0.058828,-0.069477,-0.012386,0.007024,0.072812,0.182190,0.409483,0.616262,2.534005
2006-10-14,0.000000,Test,-0.311001,-0.093518,-0.059527,-0.069158,-0.009633,0.010507,0.077224,0.190552,0.424591,0.636711,2.582759
2006-10-15,0.000000,Test,-0.329950,-0.114402,-0.103457,-0.098312,-0.034778,-0.017795,0.055177,0.168083,0.411088,0.662021,2.740249
2006-10-16,0.000000,Test,-0.371515,-0.173621,-0.153571,-0.123576,-0.034613,0.002026,0.084857,0.221867,0.598546,1.055422,4.240805
2006-10-17,0.000000,Test,-0.538883,-0.271458,-0.236719,-0.125748,0.071251,0.200519,0.351725,0.746765,2.044333,3.145566,12.834039
2006-10-18,0.000000,Test,-0.573947,-0.244533,-0.214293,-0.033112,0.242773,0.434413,0.651870,1.338862,3.534701,5.186484,19.700392
2006-10-19,0.000000,Test,-0.554640,-0.238586,-0.196409,-0.025351,0.195871,0.357872,0.546917,1.086566,2.764507,4.043450,14.116595
2006-10-20,0.000000,Test,-0.591649,-0.231309,-0.063207,0.235792,0.889655,1.153459,1.764091,3.491761,9.427386,14.610369,52.380260
2006-10-21,0.000000,Test,-0.601144,-0.214974,-0.053542,0.334154,0.910682,1.287281,1.847540,3.438752,8.821884,12.686846,40.495934
2006-10-22,0.000000,Test,-0.658685,-0.392044,-0.197086,0.089959,0.692948,1.006295,1.617533,3.579568,9.953874,15.915502,52.497231
2006-10-23,0.000000,Test,-0.634745,-0.181044,0.202402,1.055549,3.120237,3.743421,5.957157,12.888383,36.816311,60.823318,171.519684
2006-10-24,0.000000,Test,-0.547668,0.024077,0.770289,2.605614,7.638312,8.936678,14.069451,32.901829,87.157997,149.060867,334.007233
2006-10-25,86.809016,Test,-0.443779,0.284992,1.163312,3.948096,10.554499,12.802403,19.596619,43.472687,104.445007,180.868820,341.902222
2006-10-26,29.473191,Test,0.125216,1.180070,2.812876,8.156866,21.268124,24.718222,38.118519,82.501869,179.413132,291.228394,622.822083
2006-10-27,41.069200,Test,-0.195804,0.802874,1.922224,5.502656,11.942141,14.280916,20.304031,41.239647,90.010986,136.762909,348.111053
2006-10-28,12.079177,Test,-0.495092,-0.040802,0.529717,1.667805,3.066118,4.068839,5.403086,9.994872,22.785801,32.117455,83.746986
2006-10-29,5.475893,Test,-0.560399,-0.250780,0.055592,0.566832,1.067101,1.535751,2.094559,3.645147,8.531559,12.202619,31.796246
2006-10-30,3.382169,Test,-0.543102,-0.280379,-0.087636,0.232838,0.522750,0.806160,1.175504,1.995224,4.568345,6.604506,17.169285
2006-10-31,2.093724,Test,-0.520256,-0.281159,-0.142843,0.112605,0.328625,0.546899,0.843145,1.442942,3.218442,4.630728,12.087919
2006-11-01,1.449501,Test,-0.530598,-0.301943,-0.188200,0.063099,0.260140,0.460111,0.737889,1.285983,2.841485,4.071645,10.619117
2006-11-02,15.944513,Test,-0.778486,-0.638242,-0.410714,-0.051275,0.613083,0.845992,1.787683,3.857989,10.507944,19.308403,54.506222
2006-11-03,78.273064,Test,-0.737625,-0.489180,-0.042733,1.003306,3.791670,4.470294,7.795253,18.699108,45.650974,79.127792,210.284607
2006-11-04,28.506857,Test,-0.539510,0.077654,0.946520,3.859041,11.603415,13.251580,22.500114,52.068630,110.867867,196.776917,377.545349
2006-11-05,58.302159,Test,0.083579,1.096564,2.873918,8.358531,22.871397,25.655811,40.655785,90.186111,179.939499,301.039062,610.924622
2006-11-06,79.722565,Test,-0.049163,0.805001,2.198208,6.421745,17.004095,19.269730,29.866903,66.097664,140.660446,231.022003,522.415588
2006-11-07,90.352241,Test,-0.319685,0.333616,1.290222,4.067038,10.491963,12.035687,18.496111,40.615376,93.743477,153.626740,380.227692
2006-11-08,51.054653,Test,-0.472263,-0.005921,0.561497,1.852472,3.652672,4.696578,6.516967,11.979852,27.884710,39.882557,103.702095
2006-11-09,15.139235,Test,-0.564956,-0.251505,0.077445,0.705986,1.438742,1.942907,2.744721,4.826907,11.418220,16.675268,43.714264
2006-11-10,7.086450,Test,-0.554558,-0.296943,-0.046101,0.378913,0.806590,1.155975,1.654264,2.805550,6.437691,9.390734,23.687229
2006-11-11,4.026392,Test,-0.524492,-0.292466,-0.138389,0.152433,0.415213,0.649100,0.986619,1.679940,3.730870,5.375720,13.687366
2006-11-12,2.576891,Test,-0.501804,-0.280842,-0.173469,0.070850,0.277065,0.474344,0.750736,1.303516,2.807164,3.981407,10.232571
2006-11-13,1.771613,Test,-0.420777,-0.201420,-0.148277,0.019603,0.164744,0.315998,0.515431,0.908345,1.833589,2.515378,6.767249
2006-11-14,1.449501,Test,-0.412106,-0.198378,-0.158437,-0.006330,0.120906,0.256749,0.432288,0.788848,1.559856,2.124245,5.788626
2006-11-15,19.165627,Test,-0.759974,-0.547212,-0.374884,-0.027599,0.650361,1.015585,1.905918,4.101097,13.061877,22.218998,69.749298
2006-11-16,397.968604,Test,-0.643695,-0.264198,0.294306,1.834307,6.071444,7.513802,12.678830,29.992979,82.038635,128.470032,311.322815
2006-11-17,,,-0.700751,-0.385581,-0.087503,0.459481,1.334199,1.743902,2.486420,4.809347,11.930562,19.011690,52.543709
2006-11-18,14.011845,Test,-0.387732,0.209775,0.984581,2.893972,5.982047,7.788177,10.998022,20.490086,46.210442,64.257851,158.491013
2006-11-19,7.408562,Test,-0.546138,-0.197149,0.177030,0.941359,1.907403,2.628337,3.681319,6.343771,14.297554,20.402538,49.276443
2006-11-20,4.670615,Test,-0.541425,-0.248797,0.042015,0.586566,1.206089,1.684099,2.372167,3.898864,8.317682,11.953532,27.731462
2006-11-21,3.382169,Test,-0.529759,-0.282700,-0.084242,0.302242,0.694396,1.005521,1.469437,2.413390,4.936243,6.976468,16.176876
2006-11-22,2.737947,Test,-0.547849,-0.318706,-0.157273,0.196067,0.524706,0.788364,1.192003,2.002119,4.126652,5.812665,13.756904
2006-11-23,2.254780,Test,-0.541495,-0.325331,-0.215357,0.068795,0.323645,0.536011,0.851575,1.498752,3.121583,4.387913,10.932202
2006-11-24,2.576891,Test,-0.766390,-0.630928,-0.449859,-0.176483,0.282828,0.565294,1.150953,2.634372,7.608776,12.587692,36.913300
2006-11-25,24.641520,Test,-0.721705,-0.380834,-0.020956,1.199119,4.091903,5.605555,9.467921,21.359583,58.041130,83.556656,199.784927
2006-11-26,19.326683,Test,-0.609768,-0.189196,0.233489,1.456321,3.290287,4.614911,6.873976,12.732699,29.728212,40.426716,96.132195
2006-11-27,9.019119,Test,-0.615402,-0.337654,-0.074931,0.458290,1.094378,1.630380,2.357930,4.169849,9.449124,13.339641,32.467606
2006-11-28,13.206566,Test,-0.607024,-0.112397,0.514238,2.551076,7.554598,9.819462,16.970634,36.327797,91.156166,134.830139,302.798767
2006-11-29,15.461346,Test,-0.260778,0.585827,1.473124,4.594531,9.039365,12.371226,17.491940,30.066719,60.654041,79.562881,177.193893
2006-11-30,9.341230,Test,-0.517756,-0.106887,0.370600,1.501177,2.933112,4.069987,5.668461,9.475233,19.715736,27.229603,61.356255
2006-12-01,6.120116,Test,-0.524942,-0.202989,0.160299,0.876937,1.715547,2.364491,3.257940,5.259685,10.673082,15.008163,33.458061
2006-12-02,14.656068,Test,-0.658905,-0.350445,-0.040935,0.830352,2.065505,2.951417,4.582774,8.237698,18.845091,27.911993,64.213234
2006-12-03,18.682460,Test,-0.542878,-0.134860,0.312935,1.525344,2.942096,4.109882,5.788403,9.553535,19.607761,27.079874,61.178314
2006-12-04,10.307564,Test,-0.587857,-0.315987,-0.025621,0.575600,1.242994,1.768302,2.533957,4.222672,8.967522,12.804440,29.621983
2006-12-05,8.052784,Test,,,,,,,,,,,
2006-12-06,22.869908,Test,-0.660517,-0.346854,-0.040356,0.772198,1.748022,2.599062,3.805432,6.734511,14.966930,20.672108,48.419773
2006-12-07,13.528678,Test,-0.610075,-0.346254,-0.087758,0.464796,1.054658,1.561819,2.250848,3.862656,8.214972,11.654943,26.743460
2006-12-08,12.723399,Test,-0.679379,-0.407279,-0.177900,0.458985,1.231680,1.816253,2.762824,4.970367,11.144577,16.474560,38.709049
2006-12-09,11.112842,Test,-0.581910,-0.296900,-0.061872,0.505862,1.117869,1.629749,2.275779,3.793064,7.578691,10.504256,23.775522
2006-12-10,7.730673,Test,-0.536442,-0.269856,-0.050424,0.442551,0.971554,1.414347,1.944749,3.175652,6.013466,8.234985,18.339596
2006-12-11,5.314838,Test,-0.520979,-0.250550,-0.036040,0.473605,0.960092,1.377434,1.892058,3.071937,5.604053,7.527152,16.425255
2006-12-12,4.187448,Test,-0.514681,-0.261051,-0.081033,0.357339,0.756155,1.107285,1.537354,2.525694,4.560605,6.058369,13.240942
2006-12-13,3.543225,Test,-0.519713,-0.283999,-0.131297,0.247245,0.576199,0.878495,1.236091,2.090307,3.803460,5.032311,11.176704
2006-12-14,2.737947,Test,-0.521081,-0.306641,-0.185781,0.119204,0.362598,0.604850,0.878224,1.575392,2.937234,3.898203,8.967537
2006-12-15,2.415835,Test,-0.522088,-0.312576,-0.196067,0.096574,0.323922,0.555136,0.809377,1.476335,2.769766,3.678243,8.541163
2006-12-16,2.093724,Test,-0.525508,-0.316409,-0.199743,0.092861,0.321580,0.553621,0.802935,1.466791,2.750142,3.638152,8.481469
2006-12-17,1.771613,Test,-0.513375,-0.315576,-0.219215,0.020886,0.206131,0.405786,0.600832,1.164229,2.219476,2.929365,7.115032
2006-12-18,1.610557,Test,-0.515018,-0.320359,-0.223981,0.008577,0.194423,0.393198,0.579449,1.130598,2.160921,2.853333,6.985182
2006-12-19,1.449501,Test,-0.516525,-0.332391,-0.229680,-0.011334,0.189226,0.394747,0.569962,1.108936,2.117789,2.827550,7.033753
2006-12-20,1.127390,Test,-0.521081,-0.342084,-0.231344,-0.007927,0.208777,0.428519,0.605800,1.158662,2.204616,2.973151,7.472978
2006-12-21,0.966334,Test,-0.503413,-0.330824,-0.235797,-0.053952,0.128621,0.319584,0.462881,0.938302,1.825168,2.461610,6.426715
2006-12-22,0.966334,Test,-0.509076,-0.332697,-0.237707,-0.052296,0.128131,0.317678,0.460414,0.941233,1.852865,2.504603,6.487518
2006-12-23,0.805278,Test,-0.510198,-0.339687,-0.240591,-0.052484,0.137697,0.338169,0.483318,0.971883,1.903632,2.592430,6.839070
2006-12-24,0.644223,Test,-0.482834,-0.312679,-0.227489,-0.078515,0.080681,0.249313,0.364095,0.782757,1.568919,2.127035,5.752490
2006-12-25,0.644223,Test,-0.490744,-0.306997,-0.225574,-0.058248,0.092566,0.257668,0.379954,0.819149,1.657067,2.226728,5.853952
2006-12-26,0.644223,Test,-0.506290,-0.312401,-0.229001,-0.028754,0.121550,0.293310,0.430335,0.914258,1.861483,2.506103,6.400781
2006-12-27,0.483167,Test,-0.460240,-0.268122,-0.212593,-0.054709,0.077299,0.209999,0.325344,0.716473,1.465258,1.999180,5.435781
2006-12-28,0.644223,Test,-0.464779,-0.273663,-0.198627,-0.047513,0.082597,0.224832,0.329588,0.725030,1.510045,2.058168,5.617707
2006-12-29,0.644223,Test,-0.454952,-0.269555,-0.193666,-0.049288,0.081079,0.223135,0.328755,0.720133,1.473774,1.984225,5.380232
2006-12-30,0.483167,Test,-0.465684,-0.279455,-0.203130,-0.043341,0.085897,0.231802,0.343231,0.755190,1.540297,2.076894,5.536240
2006-12-31,0.483167,Test,-0.455971,-0.271035,-0.198506,-0.043368,0.081230,0.223300,0.332843,0.735213,1.475247,1.971647,5.247002
2007-01-01,0.483167,Validation,-0.449022,-0.266318,-0.193504,-0.042850,0.076581,0.213521,0.319407,0.712495,1.425579,1.913720,5.087275
2007-01-02,0.644223,Validation,-0.444797,-0.265911,-0.190234,-0.046503,0.070889,0.204432,0.305793,0.689627,1.388647,1.879512,5.013999
2007-01-03,0.322111,Validation,-0.442193,-0.261733,-0.190524,-0.044417,0.070543,0.204535,0.305629,0.688736,1.364819,1.822818,4.860923
2007-01-04,0.322111,Validation,-0.441511,-0.260111,-0.192397,-0.046299,0.068350,0.204261,0.304163,0.685662,1.345237,1.775563,4.754899
2007-01-05,0.322111,Validation,-0.441549,-0.260056,-0.192646,-0.046317,0.068240,0.204886,0.303709,0.684948,1.340233,1.766815,4.731759
2007-01-06,0.322111,Validation,-0.441693,-0.260181,-0.192693,-0.046092,0.068702,0.206024,0.304123,0.685545,1.338080,1.762440,4.717966
2007-01-07,0.322111,Validation,-0.442833,-0.262399,-0.194624,-0.049913,0.067424,0.206601,0.303899,0.684526,1.332141,1.750175,4.695102
2007-01-08,0.322111,Validation,-0.445046,-0.264005,-0.195899,-0.048998,0.068562,0.208115,0.306027,0.689469,1.341331,1.763819,4.715919
2007-01-09,0.322111,Validation,-0.447632,-0.272394,-0.200568,-0.061176,0.065326,0.209465,0.305393,0.686020,1.332477,1.757342,4.727113
2007-01-10,0.322111,Validation,-0.447957,-0.266273,-0.195972,-0.045491,0.071880,0.211573,0.310398,0.699366,1.361327,1.797894,4.767997
2007-01-11,0.322111,Validation,-0.449491,-0.268802,-0.197625,-0.047812,0.071963,0.212995,0.312424,0.702628,1.364703,1.798157,4.764681
2007-01-12,0.322111,Validation,-0.450947,-0.270094,-0.197942,-0.045873,0.073497,0.214197,0.314138,0.707589,1.376026,1.818772,4.798079
2007-01-13,0.322111,Validation,-0.458468,-0.277027,-0.201887,-0.041694,0.080795,0.225444,0.328927,0.735714,1.434597,1.905382,4.967690
2007-01-14,0.161056,Validation,-0.474974,-0.289980,-0.213264,-0.034999,0.098016,0.252810,0.366027,0.800996,1.564373,2.082382,5.345242
2007-01-15,0.161056,Validation,-0.424495,-0.246752,-0.180427,-0.052562,0.057539,0.181517,0.269897,0.622163,1.202887,1.595703,4.331652
2007-01-16,0.161056,Validation,-0.421043,-0.244396,-0.178015,-0.054353,0.055820,0.180149,0.266544,0.614536,1.182538,1.558538,4.252773
2007-01-17,0.161056,Validation,-0.420580,-0.244490,-0.176507,-0.052660,0.056393,0.179821,0.265596,0.614133,1.183309,1.565925,4.260136
2007-01-18,0.322111,Validation,-0.419017,-0.245696,-0.173781,-0.053083,0.056234,0.177235,0.261922,0.608119,1.181102,1.583267,4.298039
2007-01-19,0.161056,Validation,-0.416598,-0.244582,-0.171910,-0.053797,0.055221,0.174898,0.258684,0.601852,1.168541,1.569051,4.264469
2007-01-20,0.322111,Validation,-0.415580,-0.240880,-0.173056,-0.051942,0.055809,0.177210,0.261492,0.605528,1.157855,1.530090,4.162230
2007-01-21,0.322111,Validation,-0.415205,-0.241077,-0.172368,-0.051508,0.055827,0.176555,0.259881,0.603571,1.156975,1.535633,4.173274
2007-01-22,0.322111,Validation,-0.435401,-0.261902,-0.204405,-0.070605,0.058691,0.189055,0.283518,0.641948,1.234468,1.656388,4.523455
2007-01-23,0.322111,Validation,-0.451097,-0.282935,-0.205532,-0.084015,0.060636,0.207087,0.291581,0.652967,1.286671,1.751900,4.864792
2007-01-24,0.322111,Validation,-0.448927,-0.293953,-0.205506,-0.093132,0.057421,0.213627,0.293543,0.655225,1.288378,1.770613,4.974604
2007-01-25,0.322111,Validation,-0.483125,-0.323501,-0.242070,-0.100585,0.075544,0.244838,0.345477,0.746741,1.485480,2.086300,5.795058
2007-01-26,0.161056,Validation,-0.491817,-0.333703,-0.253123,-0.092844,0.078866,0.271298,0.383700,0.802462,1.573540,2.175988,6.467177
2007-01-27,0.161056,Validation,-0.484048,-0.326476,-0.233558,-0.090772,0.085649,0.272005,0.373756,0.789062,1.562704,2.183814,6.213615
2007-01-28,0.322111,Validation,-0.542549,-0.370839,-0.275472,-0.090531,0.153564,0.368006,0.512256,1.025947,2.153888,3.166976,8.473555
2007-01-29,0.161056,Validation,-0.569647,-0.366694,-0.245291,-0.029024,0.221023,0.451991,0.600888,1.199382,2.630747,3.803121,9.859008
2007-01-30,0.322111,Validation,-0.562859,-0.347535,-0.236054,0.004281,0.258048,0.483384,0.650314,1.290277,2.797745,4.037757,10.160629
2007-01-31,0.644223,Validation,-0.561185,-0.369264,-0.227292,0.004362,0.267627,0.518763,0.682095,1.336154,2.832909,4.117203,10.289314
2007-02-01,0.644223,Validation,-0.539926,-0.342187,-0.211617,0.024950,0.257151,0.485342,0.649191,1.279991,2.647462,3.769123,9.174038
2007-02-02,0.805278,Validation,-0.655911,-0.232987,0.001597,1.029946,2.582632,3.938984,5.436114,10.013316,25.723650,37.251095,98.599594
2007-02-03,2.415835,Validation,0.029460,1.472207,2.207736,7.699789,17.388226,22.296141,30.165501,56.779827,112.456345,139.333115,309.746063
2007-02-04,4.348504,Validation,-0.215072,0.656980,1.469196,4.351236,8.706162,11.779188,14.772854,26.650122,53.454403,70.805550,156.231308
2007-02-05,3.221114,Validation,-0.418749,0.071172,0.620705,1.868006,3.467463,4.855645,5.938081,10.192742,20.440359,28.587490,63.361984
2007-02-06,2.576891,Validation,-0.463432,-0.088183,0.345737,1.201137,2.166408,3.027594,3.822027,6.325404,12.176874,17.120672,37.349072
2007-02-07,2.093724,Validation,-0.501266,-0.111986,0.214085,1.087777,2.049393,2.807239,3.709248,6.192807,12.247127,17.563934,39.230289
2007-02-08,3.060058,Validation,-0.562555,-0.133941,0.473563,2.019616,4.925101,6.366309,9.101127,17.763935,39.102528,59.613892,144.618729
2007-02-09,7.569617,Validation,-0.372429,0.181423,0.889639,2.707701,5.072850,6.931796,8.948471,15.454736,30.784750,43.587593,97.999260
2007-02-10,8.858063,Validation,-0.534104,-0.226737,0.277333,1.154383,2.318066,3.160497,4.123073,7.310955,15.605483,23.783800,57.009499
2007-02-11,6.925395,Validation,-0.514681,-0.233131,0.189175,0.927608,1.789663,2.455503,3.217120,5.427426,10.991959,16.423498,37.638046
2007-02-12,5.475893,Validation,-0.566413,-0.321879,0.024584,0.660161,1.406160,1.920745,2.619814,4.529650,9.403208,14.472549,34.019764
2007-02-13,4.348504,Validation,-0.572779,-0.350116,-0.073605,0.439755,0.966687,1.379449,1.867782,3.279835,6.749956,10.210370,23.384193
2007-02-14,3.704281,Validation,-0.577801,-0.383831,-0.125907,0.311080,0.745785,1.107865,1.488684,2.682711,5.589390,8.434433,19.516479
2007-02-15,3.060058,Validation,-0.556036,-0.334769,-0.089420,0.405924,0.857252,1.248519,1.677227,2.921066,5.672031,8.303575,18.489130
2007-02-16,2.899002,Validation,-0.588358,-0.376486,-0.195892,0.231893,0.602386,0.928962,1.296321,2.375036,4.746489,7.034631,16.146797
2007-02-17,2.576891,Validation,-0.601671,-0.367020,-0.201935,0.247133,0.633626,0.997203,1.365979,2.486566,4.993855,7.217144,16.854910
2007-02-18,2.254780,Validation,-0.581287,-0.365403,-0.184340,0.206100,0.532882,0.876071,1.168289,2.142259,4.237424,6.024061,13.863782
2007-02-19,2.093724,Validation,-0.596162,-0.366617,-0.206399,0.219594,0.596786,0.954651,1.300210,2.359241,4.682267,6.721503,15.660968
2007-02-20,2.576891,Validation,-0.677345,-0.354584,-0.125317,0.668886,1.582497,2.494056,3.375179,6.243528,14.295525,20.754641,51.121338
2007-02-21,2.415835,Validation,-0.669411,-0.391082,-0.137387,0.464194,1.120382,1.817165,2.354509,4.376737,9.678974,13.862926,33.296047
2007-02-22,2.415835,Validation,-0.730996,-0.495176,-0.238964,0.317830,1.075883,1.727252,2.375141,4.896358,11.977340,18.925606,46.724091
2007-02-23,2.576891,Validation,-0.685213,-0.420056,-0.109359,0.579838,1.377491,2.116604,2.836009,5.343374,11.866448,17.946381,42.653450
2007-02-24,2.576891,Validation,-0.614016,-0.374075,-0.107692,0.407506,0.915229,1.408489,1.876833,3.415495,7.090947,10.544397,23.740023
2007-02-25,2.576891,Validation,-0.587199,-0.358384,-0.093810,0.406969,0.891771,1.326731,1.781730,3.154641,6.264272,9.316791,20.791147
2007-02-26,2.254780,Validation,-0.553406,-0.341680,-0.141462,0.247665,0.587535,0.909236,1.231578,2.218919,4.231779,6.058704,13.373242
2007-02-27,2.093724,Validation,-0.533089,-0.342236,-0.184659,0.110863,0.360631,0.606146,0.836609,1.582022,3.058889,4.369914,9.987185
2007-02-28,2.093724,Validation,-0.525695,-0.343827,-0.192424,0.077859,0.308051,0.535509,0.741721,1.424986,2.777651,3.973627,9.245179
2007-03-01,1.932668,Validation,-0.529099,-0.354626,-0.204332,0.050900,0.269360,0.487184,0.674714,1.325554,2.631546,3.773852,8.955824
2007-03-02,1.771613,Validation,-0.525269,-0.335216,-0.194977,0.092261,0.314015,0.543996,0.748288,1.427942,2.680972,3.742253,8.576244
2007-03-03,1.771613,Validation,-0.509745,-0.329696,-0.204133,0.035458,0.222344,0.420137,0.582949,1.162847,2.240521,3.159061,7.513178
2007-03-04,1.771613,Validation,-0.500261,-0.318100,-0.203962,0.024749,0.197455,0.384751,0.534721,1.079749,2.064764,2.888121,6.928727
2007-03-05,1.771613,Validation,-0.509257,-0.320848,-0.207590,0.035631,0.209796,0.405667,0.557886,1.120232,2.123281,2.930252,6.973164
2007-03-06,1.449501,Validation,-0.514882,-0.329768,-0.209089,0.035179,0.211207,0.408395,0.558312,1.124263,2.163208,3.025768,7.194041
2007-03-07,1.449501,Validation,-0.509450,-0.341967,-0.223092,-0.031809,0.121567,0.289406,0.396335,0.881950,1.856756,2.702433,6.938043
2007-03-08,1.127390,Validation,-0.475587,-0.297849,-0.202980,-0.023395,0.112048,0.266870,0.370434,0.808886,1.599089,2.248650,5.710967
2007-03-09,1.288446,Validation,-0.496015,-0.325615,-0.214540,-0.033499,0.106491,0.268221,0.363767,0.817602,1.711854,2.475859,6.365928
2007-03-10,1.127390,Validation,-0.475567,-0.310368,-0.207926,-0.070196,0.046644,0.185211,0.252202,0.639126,1.407445,2.045056,5.626168
2007-03-11,0.966334,Validation,-0.418178,-0.248389,-0.171878,-0.059730,0.045686,0.161821,0.229359,0.557373,1.124785,1.583248,4.389753
2007-03-12,0.966334,Validation,-0.428950,-0.254137,-0.179419,-0.050253,0.057010,0.179732,0.253776,0.599572,1.194340,1.676277,4.538267
2007-03-13,0.805278,Validation,-0.380445,-0.210881,-0.143967,-0.061761,0.030902,0.128418,0.183667,0.463703,0.929663,1.309907,3.815267
2007-03-14,0.644223,Validation,-0.371125,-0.201517,-0.136235,-0.058597,0.032457,0.126264,0.181532,0.453191,0.892247,1.251787,3.659932
2007-03-15,0.644223,Validation,-0.374662,-0.206132,-0.139528,-0.069247,0.019322,0.111114,0.159390,0.425101,0.876564,1.243220,3.739916
2007-03-16,0.644223,Validation,-0.365213,-0.197194,-0.131691,-0.068294,0.019046,0.106123,0.153653,0.409573,0.836975,1.185430,3.606542
2007-03-17,0.483167,Validation,-0.371782,-0.205831,-0.147610,-0.063651,0.033794,0.121924,0.176245,0.448316,0.897780,1.309674,3.888135
2007-03-18,0.483167,Validation,-0.386672,-0.212550,-0.143090,-0.061803,0.033312,0.131543,0.179262,0.451395,0.923935,1.331675,3.976956
2007-03-19,0.322111,Validation,-0.377306,-0.199739,-0.138015,-0.045646,0.046740,0.146664,0.203323,0.482482,0.929170,1.302202,3.751032
2007-03-20,0.322111,Validation,-0.389484,-0.208528,-0.152598,-0.056079,0.037451,0.144840,0.202277,0.489150,0.941910,1.281883,3.701617
2007-03-21,0.322111,Validation,-0.380062,-0.198969,-0.146410,-0.055170,0.035703,0.140611,0.198067,0.478387,0.912742,1.234848,3.573865
2007-03-22,0.161056,Validation,-0.376615,-0.194391,-0.143729,-0.052691,0.035349,0.138789,0.196090,0.474710,0.904665,1.221624,3.532644
2007-03-23,0.000000,Validation,-0.370491,-0.188505,-0.135070,-0.042278,0.041894,0.137624,0.194274,0.471419,0.905121,1.257645,3.609924
2007-03-24,0.000000,Validation,-0.369747,-0.189498,-0.133179,-0.044017,0.040675,0.134560,0.188665,0.461743,0.900746,1.269456,3.666456
2007-03-25,0.000000,Validation,-0.378449,-0.190829,-0.146083,-0.039500,0.047401,0.143871,0.203147,0.486492,0.938175,1.313361,3.753725
2007-03-26,0.000000,Validation,-0.423089,-0.233828,-0.179434,-0.026821,0.093032,0.216862,0.283148,0.616342,1.240166,1.809655,4.979067
2007-03-27,0.000000,Validation,-0.477784,-0.272445,-0.187117,-0.034112,0.098343,0.248829,0.296658,0.679434,1.477961,2.142648,6.154051
2007-03-28,0.000000,Validation,-0.483257,-0.268710,-0.206623,-0.014363,0.146852,0.307644,0.363011,0.809229,1.752423,2.627657,7.095727
2007-03-29,0.000000,Validation,-0.529982,-0.324986,-0.220643,-0.025138,0.122886,0.305481,0.353797,0.834556,1.924280,2.892100,8.016896
2007-03-30,0.000000,Validation,-0.478044,-0.277076,-0.181954,-0.004898,0.127769,0.289484,0.349181,0.784306,1.701817,2.517297,6.720708
2007-03-31,0.000000,Validation,-0.544078,-0.315354,-0.232217,0.047663,0.240728,0.461297,0.557980,1.154834,2.584238,3.947515,9.992676
2007-04-01,0.000000,Training,-0.604539,-0.355671,-0.256742,0.042794,0.272529,0.539178,0.638071,1.365292,3.161465,4.641628,12.241012
2007-04-02,0.000000,Training,-0.538299,-0.302552,-0.207716,0.046665,0.230525,0.447673,0.540348,1.135070,2.490090,3.633950,9.291990
2007-04-03,0.000000,Training,-0.594695,-0.341655,-0.243639,0.100629,0.347350,0.628147,0.768633,1.561692,3.512815,5.313137,13.224277
2007-04-04,0.000000,Training,-0.619361,-0.370867,-0.226095,0.142104,0.393708,0.713090,0.861123,1.753966,3.958578,5.994901,14.992320
2007-04-05,0.000000,Training,-0.529250,-0.306219,-0.189345,0.073795,0.236012,0.455500,0.551768,1.151100,2.497919,3.706712,9.255290
2007-04-06,0.000000,Training,-0.516636,-0.296056,-0.193588,0.068918,0.222759,0.429767,0.541311,1.110142,2.323213,3.352594,8.271250
2007-04-07,0.000000,Training,-0.593762,-0.289412,-0.174232,0.324013,0.629185,1.039840,1.276815,2.277668,5.105393,7.702926,18.247801
2007-04-08,0.000000,Training,-0.696282,-0.347870,-0.185496,0.460870,1.070623,1.751195,2.076426,4.081230,9.536557,13.750803,35.095387
2007-04-09,0.000000,Training,-0.643632,-0.338939,-0.174237,0.324927,0.715870,1.163982,1.376999,2.708072,6.142507,9.361628,22.939898
2007-04-10,0.000000,Training,-0.653986,-0.352635,-0.171226,0.378835,0.806966,1.286709,1.560173,3.022454,6.783722,10.542106,25.630278
2007-04-11,0.000000,Training,-0.597861,0.070875,0.441996,2.558541,4.693069,6.987145,8.280155,15.626686,33.528091,48.115456,104.470238
2007-04-12,0.000000,Training,-0.413196,0.455301,1.103047,4.204619,9.484440,12.032617,15.426918,29.772823,55.550800,79.522575,173.229004
2007-04-13,0.000000,Training,-0.549468,-0.083017,0.441241,1.758159,3.487352,4.712061,5.656308,10.559067,21.301008,33.470005,77.965225
2007-04-14,0.000000,Training,-0.599656,-0.304597,0.018989,0.652834,1.209405,1.785962,2.109335,3.936725,8.502544,13.627830,32.556858
2007-04-15,0.000000,Training,-0.600182,-0.358642,-0.085144,0.395673,0.738546,1.140372,1.317198,2.531120,5.492465,9.188547,22.491432
2007-04-16,0.000000,Training,-0.537632,-0.321828,-0.156818,0.127119,0.274011,0.494974,0.566478,1.195947,2.689067,4.361391,11.053227
2007-04-17,0.000000,Training,-0.508260,-0.293740,-0.161793,0.081084,0.190740,0.375523,0.429456,0.943356,2.121569,3.387542,8.778346
2007-04-18,0.000000,Training,-0.472625,-0.255062,-0.161448,0.055613,0.146317,0.296463,0.346542,0.779774,1.746257,2.772002,7.419574
2007-04-19,0.000000,Training,-0.415887,-0.197269,-0.143201,0.021708,0.086081,0.197418,0.228742,0.555390,1.239090,1.949700,5.599949
2007-04-20,0.000000,Training,-0.387832,-0.174157,-0.137764,0.024350,0.094484,0.197072,0.233479,0.538497,1.150885,1.820992,5.226861
2007-04-21,0.000000,Training,-0.424118,-0.196341,-0.147679,0.006192,0.070114,0.178534,0.187485,0.482183,1.113202,1.806086,5.579674
2007-04-22,0.000000,Training,-0.396042,-0.171936,-0.112198,0.000060,0.044592,0.142269,0.145481,0.388708,0.891940,1.426926,4.580820
2007-04-23,0.000000,Training,-0.408308,-0.167972,-0.116192,-0.006673,0.017300,0.105537,0.105369,0.308875,0.731581,1.189610,3.930984
2007-04-24,0.000000,Training,-0.401809,-0.155853,-0.121482,-0.007459,0.012344,0.088649,0.092166,0.280622,0.665075,1.107423,3.708853
2007-04-25,0.000000,Training,-0.370984,-0.125224,-0.065924,0.148743,0.147687,0.259242,0.241025,0.453339,0.921902,1.544270,4.632519
2007-04-26,0.000000,Training,-0.421553,-0.179823,-0.111563,0.009634,0.085175,0.191146,0.193085,0.446757,1.003554,1.565549,5.188413
2007-04-27,0.000000,Training,-0.355766,-0.132197,-0.072415,0.011389,0.070714,0.155277,0.170176,0.379701,0.793342,1.237562,4.020045
2007-04-28,0.000000,Training,-0.367884,-0.147650,-0.093675,0.001528,0.057836,0.146612,0.163428,0.386533,0.832322,1.279970,4.061201
2007-04-29,0.000000,Training,-0.337132,-0.119583,-0.079649,-0.000654,0.046694,0.118262,0.143959,0.341500,0.713204,1.082651,3.494980
2007-04-30,0.000000,Training,-0.306734,-0.093035,-0.060367,-0.001189,0.042857,0.098699,0.130993,0.303807,0.598318,0.898883,2.980668
2007-05-01,0.000000,Training,-0.289175,-0.078143,-0.054488,-0.001808,0.045557,0.085767,0.129929,0.286188,0.511240,0.770547,2.583867
2007-05-02,0.000000,Training,-0.331868,-0.108282,-0.068181,0.037926,0.078525,0.133176,0.155169,0.302051,0.568789,0.961332,3.172030
2007-05-03,0.000000,Training,-0.403932,-0.147688,-0.094632,0.002169,0.080382,0.155200,0.176446,0.376110,0.785386,1.229098,4.242918
2007-05-04,0.000000,Training,-0.359888,-0.121369,-0.063701,0.002367,0.060224,0.124171,0.144964,0.316171,0.647297,1.018897,3.545871
2007-05-05,0.000000,Training,-0.356910,-0.119907,-0.069949,-0.008481,0.032811,0.090053,0.105244,0.261527,0.558057,0.892348,3.229251
2007-05-06,0.000000,Training,-0.353417,-0.107544,-0.067442,-0.011153,0.009957,0.058689,0.072781,0.206151,0.453153,0.737442,2.806273
2007-05-07,0.000000,Training,-0.361261,-0.098848,-0.070047,-0.010328,-0.004363,0.038143,0.050668,0.164296,0.375606,0.624945,2.491995
2007-05-08,0.000000,Training,-0.377694,-0.093279,-0.075959,-0.003655,-0.013869,0.025472,0.033503,0.127108,0.307685,0.530309,2.231244
2007-05-09,0.000000,Training,-0.350037,-0.078661,-0.060915,-0.018317,-0.021600,0.002814,0.018240,0.099586,0.237580,0.418866,1.947152
2007-05-10,0.000000,Training,-0.327775,-0.069545,-0.047972,-0.024912,-0.021156,-0.005624,0.015204,0.092310,0.209058,0.371062,1.816499
2007-05-11,0.000000,Training,-0.302316,-0.059028,-0.037600,-0.023292,-0.014030,-0.000467,0.022592,0.104331,0.226585,0.393149,1.868243
2007-05-12,0.000000,Training,-0.295278,-0.054823,-0.036497,-0.022365,-0.014333,-0.000848,0.020702,0.101327,0.225789,0.393782,1.872577
2007-05-13,0.000000,Training,-0.296233,-0.062030,-0.046358,-0.025148,-0.014589,0.005150,0.025643,0.119098,0.272986,0.457329,2.033005
2007-05-14,0.000000,Training,-0.273913,-0.050977,-0.027581,-0.020139,-0.000436,0.014338,0.038471,0.129064,0.265707,0.434918,1.927292
2007-05-15,0.000000,Training,-0.301138,-0.058152,-0.036750,-0.025575,-0.017933,-0.005671,0.014712,0.089645,0.201709,0.354455,1.753297
2007-05-16,0.000000,Training,-0.327212,-0.065639,-0.046874,-0.026506,-0.028213,-0.016058,0.000350,0.062853,0.158406,0.299610,1.619313
2007-05-17,0.000000,Training,-0.343333,-0.070174,-0.053442,-0.025121,-0.033207,-0.021033,-0.008616,0.045825,0.130585,0.267289,1.543316
2007-05-18,0.000000,Training,-0.349812,-0.070776,-0.056122,-0.022230,-0.034502,-0.021936,-0.012155,0.037976,0.118018,0.255152,1.517774
2007-05-19,0.000000,Training,-0.344964,-0.067095,-0.056353,-0.020032,-0.033826,-0.019430,-0.011289,0.039890,0.129464,0.275604,1.579336
2007-05-20,0.000000,Training,-0.305387,-0.054691,-0.050983,-0.023297,-0.020075,-0.014238,0.003803,0.063236,0.164242,0.344035,1.770675
2007-05-21,0.000000,Training,-0.276408,-0.043988,-0.018043,-0.020024,-0.000679,0.002788,0.026507,0.092786,0.194942,0.353759,1.742805
2007-05-22,0.000000,Training,-0.265812,-0.038809,-0.011128,-0.014933,0.011538,0.011855,0.041755,0.107692,0.207009,0.368996,1.740752
2007-05-23,0.000000,Training,-0.290196,-0.049723,-0.030269,-0.023776,-0.003018,-0.009035,0.020260,0.074849,0.154401,0.319095,1.660113
2007-05-24,0.000000,Training,-0.277510,-0.042263,-0.014025,-0.016910,0.008959,0.006362,0.035442,0.094938,0.187330,0.349869,1.724580
2007-05-25,0.000000,Training,-0.275986,-0.043321,-0.012923,-0.017037,0.007867,0.006790,0.034783,0.095263,0.189381,0.350594,1.726893
2007-05-26,0.000000,Training,-0.298462,-0.057987,-0.016216,0.049327,0.074312,0.084604,0.112570,0.164554,0.288055,0.564259,2.213438
2007-05-27,0.000000,Training,-0.385260,-0.121921,-0.064577,-0.015164,0.037733,0.070524,0.094740,0.183524,0.385343,0.657491,2.758244
2007-05-28,0.000000,Training,-0.344935,-0.096062,-0.043359,-0.011233,0.028305,0.056104,0.079646,0.163805,0.326711,0.570503,2.389190
2007-05-29,0.000000,Training,-0.350329,-0.092894,-0.045630,-0.009399,0.017977,0.046140,0.066014,0.148974,0.303147,0.535891,2.303205
2007-05-30,0.000000,Training,-0.333234,-0.074425,-0.039374,-0.013000,0.002810,0.018526,0.040407,0.110540,0.227754,0.420103,1.970424
2007-05-31,0.000000,Training,-0.305536,-0.055371,-0.027122,-0.010960,0.005007,0.013724,0.038995,0.108778,0.219838,0.400222,1.898944
2007-06-01,0.000000,Training,-0.313174,-0.053948,-0.030306,-0.014097,-0.007131,-0.001531,0.022684,0.083687,0.175742,0.337551,1.739173
2007-06-02,0.000000,Training,-0.348535,-0.063014,-0.043983,-0.014249,-0.023218,-0.018427,-0.000053,0.042252,0.102118,0.239579,1.488784
2007-06-03,0.000000,Training,-0.357987,-0.065679,-0.048607,-0.013696,-0.028281,-0.023665,-0.008829,0.027935,0.077463,0.208590,1.413663
2007-06-04,0.000000,Training,-0.342899,-0.061225,-0.043699,-0.019227,-0.028688,-0.026058,-0.008700,0.031718,0.089005,0.221870,1.452052
2007-06-05,0.000000,Training,-0.339000,-0.059659,-0.042200,-0.020435,-0.029630,-0.027762,-0.010397,0.029559,0.086138,0.217602,1.440685
2007-06-06,0.000000,Training,-0.315720,-0.050282,-0.032165,-0.021800,-0.025123,-0.025653,-0.005212,0.039050,0.102513,0.237510,1.489015
2007-06-07,0.000000,Training,-0.295024,-0.036944,-0.022602,-0.017958,-0.020386,-0.024441,-0.003202,0.038203,0.100682,0.239757,1.503258
2007-06-08,0.000000,Training,-0.296495,-0.043961,-0.025187,-0.023717,-0.022139,-0.024689,-0.003115,0.044046,0.112910,0.250321,1.520584
2007-06-09,0.000000,Training,-0.290624,-0.041086,-0.025066,-0.023475,-0.020748,-0.023483,-0.001878,0.046060,0.119793,0.261394,1.552479
2007-06-10,0.000000,Training,-0.282687,-0.033599,-0.019569,-0.020150,-0.020478,-0.024879,-0.005171,0.036468,0.103691,0.243828,1.516237
2007-06-11,0.000000,Training,-0.293692,-0.043605,-0.024773,-0.026024,-0.024985,-0.028340,-0.008429,0.035054,0.101563,0.236321,1.490623
2007-06-12,0.000000,Training,-0.299443,-0.046740,-0.028524,-0.027643,-0.028446,-0.030971,-0.012399,0.029651,0.095749,0.229407,1.475878
2007-06-13,0.000000,Training,-0.290807,-0.040495,-0.024800,-0.024915,-0.025602,-0.029060,-0.010079,0.030970,0.099183,0.237103,1.503132
2007-06-14,0.000000,Training,-0.307347,-0.054546,-0.041438,-0.033133,-0.024757,-0.033634,-0.008289,0.031717,0.090804,0.238275,1.486077
2007-06-15,0.000000,Training,-0.313437,-0.054095,-0.035713,-0.030136,-0.021185,-0.028153,-0.004483,0.036332,0.099714,0.243436,1.509046
2007-06-16,0.000000,Training,-0.330241,-0.068179,-0.055088,-0.036076,-0.026724,-0.034203,-0.009121,0.027117,0.084066,0.244390,1.524325
2007-06-17,0.000000,Training,-0.359800,-0.092713,-0.076824,-0.040427,-0.029988,-0.030779,-0.007904,0.027133,0.090743,0.277007,1.641939
2007-06-18,0.000000,Training,-0.341372,-0.080849,-0.044602,-0.028451,-0.009998,-0.004530,0.016496,0.066623,0.161460,0.338270,1.804372
2007-06-19,0.000000,Training,-0.329653,-0.072406,-0.042805,-0.028440,-0.011160,-0.009862,0.014128,0.062918,0.151015,0.323135,1.738940
2007-06-20,0.000000,Training,-0.316475,-0.063101,-0.032780,-0.027363,-0.016076,-0.015871,0.005843,0.053812,0.132805,0.286380,1.626454
2007-06-21,0.000000,Training,-0.302609,-0.052088,-0.024778,-0.023912,-0.013059,-0.015240,0.008576,0.056913,0.132662,0.280446,1.596550
2007-06-22,0.000000,Training,-0.312969,-0.053761,-0.028498,-0.025213,-0.020688,-0.023431,-0.000747,0.042426,0.107051,0.243861,1.501329
2007-06-23,0.000000,Training,-0.335403,-0.060809,-0.037740,-0.025342,-0.029608,-0.030887,-0.011768,0.024045,0.075826,0.201212,1.392609
2007-06-24,0.000000,Training,-0.327120,-0.056599,-0.033694,-0.025631,-0.028385,-0.031141,-0.010673,0.025849,0.078189,0.203359,1.397447
2007-06-25,0.000000,Training,-0.307191,-0.047932,-0.024462,-0.024705,-0.022365,-0.027258,-0.004087,0.036252,0.094100,0.223861,1.447603
2007-06-26,0.000000,Training,-0.299593,-0.044462,-0.020740,-0.023960,-0.019874,-0.025314,-0.001249,0.040595,0.100558,0.231241,1.463108
2007-06-27,0.000000,Training,-0.310525,-0.048285,-0.025378,-0.024798,-0.024822,-0.029557,-0.007020,0.031023,0.085483,0.211035,1.414194
2007-06-28,0.000000,Training,-0.320509,-0.052416,-0.029725,-0.025482,-0.028358,-0.032161,-0.011021,0.024560,0.075511,0.197336,1.380469
2007-06-29,0.000000,Training,-0.328408,-0.055598,-0.033240,-0.025676,-0.030836,-0.033804,-0.014058,0.019560,0.067763,0.187157,1.356713
2007-06-30,0.000000,Training,-0.335751,-0.058301,-0.036415,-0.025218,-0.032745,-0.034867,-0.016690,0.014854,0.060245,0.177913,1.336261
2007-07-01,0.000000,Training,-0.313460,-0.049021,-0.026856,-0.025439,-0.026874,-0.031392,-0.009583,0.026459,0.080319,0.204539,1.404759
2007-07-02,0.000000,Training,-0.308771,-0.041648,-0.024643,-0.021488,-0.028101,-0.033588,-0.014069,0.015206,0.063728,0.188152,1.380540
2007-07-03,0.000000,Training,-0.324218,-0.050991,-0.030955,-0.024237,-0.031752,-0.035584,-0.017052,0.011806,0.057362,0.176186,1.343388
2007-07-04,0.000000,Training,-0.330033,-0.049461,-0.033628,-0.020110,-0.034205,-0.037076,-0.022387,-0.000202,0.039826,0.157981,1.311105
2007-07-05,0.000000,Training,-0.329342,-0.049499,-0.033141,-0.020839,-0.034259,-0.037725,-0.022937,-0.001643,0.038454,0.157131,1.313228
2007-07-06,0.000000,Training,-0.342951,-0.064751,-0.038532,-0.029524,-0.035024,-0.037700,-0.019610,0.009482,0.053257,0.167807,1.321061
2007-07-07,0.000000,Training,-0.339733,-0.062377,-0.037035,-0.029146,-0.034773,-0.037990,-0.019749,0.008298,0.052367,0.167651,1.326201
2007-07-08,0.000000,Training,-0.350541,-0.068195,-0.041259,-0.028852,-0.035693,-0.037386,-0.020417,0.007234,0.049344,0.162771,1.311635
2007-07-09,0.000000,Training,-0.342341,-0.065176,-0.037945,-0.030304,-0.034277,-0.036875,-0.017903,0.011913,0.058874,0.174397,1.342682
2007-07-10,0.000000,Training,-0.333738,-0.062091,-0.034284,-0.031021,-0.032074,-0.035343,-0.014435,0.018004,0.069795,0.187823,1.376687
2007-07-11,0.000000,Training,-0.347902,-0.067808,-0.040143,-0.029698,-0.034762,-0.035837,-0.017740,0.012110,0.059387,0.173838,1.341967
2007-07-12,0.000000,Training,-0.350903,-0.069091,-0.041233,-0.029548,-0.035023,-0.035824,-0.017985,0.011295,0.057953,0.171994,1.339161
2007-07-13,0.000000,Training,-0.353323,-0.070315,-0.042109,-0.029580,-0.035089,-0.035784,-0.018081,0.010685,0.057110,0.171320,1.340491
2007-07-14,0.000000,Training,-0.341885,-0.066059,-0.037443,-0.031409,-0.033115,-0.035127,-0.014745,0.017015,0.069432,0.186396,1.379067
2007-07-15,0.000000,Training,-0.323964,-0.059018,-0.029627,-0.031762,-0.028268,-0.032069,-0.008261,0.028114,0.087776,0.209629,1.434784
2007-07-16,0.000000,Training,-0.321002,-0.057867,-0.028075,-0.031617,-0.027356,-0.031091,-0.006711,0.030769,0.091879,0.213785,1.442884
2007-07-17,0.000000,Training,-0.324395,-0.059433,-0.029429,-0.031884,-0.028275,-0.031367,-0.007227,0.029995,0.090949,0.211512,1.437001
2007-07-18,0.000000,Training,-0.322056,-0.058674,-0.028303,-0.032021,-0.027296,-0.030613,-0.005700,0.032444,0.094960,0.216363,1.449183
2007-07-19,0.000000,Training,-0.304787,-0.051152,-0.020231,-0.030510,-0.021009,-0.026353,0.001090,0.042562,0.109737,0.236416,1.497437
2007-07-20,0.000000,Training,-0.303210,-0.050629,-0.019430,-0.030367,-0.020069,-0.025332,0.002560,0.044883,0.113567,0.240915,1.508441
2007-07-21,0.000000,Training,-0.303285,-0.050963,-0.019441,-0.030476,-0.019689,-0.024588,0.003678,0.046803,0.116991,0.244642,1.517531
2007-07-22,0.000000,Training,-0.314278,-0.056072,-0.024265,-0.031988,-0.023519,-0.027225,0.000204,0.041612,0.109689,0.233863,1.492575
2007-07-23,0.000000,Training,-0.323790,-0.060284,-0.035787,-0.036636,-0.025685,-0.031575,-0.001505,0.039405,0.109747,0.240844,1.520532
2007-07-24,0.000000,Training,-0.326511,-0.062141,-0.029593,-0.033642,-0.025869,-0.028157,-0.001438,0.039252,0.107608,0.231209,1.492596
2007-07-25,0.000000,Training,-0.343756,-0.069953,-0.036762,-0.034038,-0.029868,-0.030013,-0.005611,0.031648,0.095764,0.214679,1.454262
2007-07-26,0.000000,Training,-0.356472,-0.075758,-0.042030,-0.033626,-0.032010,-0.030727,-0.008311,0.026573,0.087694,0.204419,1.432670
2007-07-27,0.000000,Training,-0.360531,-0.077473,-0.043363,-0.033219,-0.031867,-0.030176,-0.007956,0.026291,0.086781,0.203440,1.433951
2007-07-28,0.000000,Training,-0.375692,-0.084248,-0.048500,-0.030026,-0.031549,-0.028065,-0.008093,0.023149,0.078200,0.194102,1.416419
2007-07-29,0.000000,Training,-0.376689,-0.085333,-0.049194,-0.030982,-0.031187,-0.027352,-0.006677,0.025580,0.083832,0.201412,1.439241
2007-07-30,0.000000,Training,-0.384483,-0.089504,-0.051871,-0.029619,-0.030236,-0.025345,-0.005202,0.026184,0.083494,0.202183,1.446398
2007-07-31,0.000000,Training,-0.372271,-0.084403,-0.047616,-0.033714,-0.030329,-0.026859,-0.003816,0.030879,0.095833,0.215964,1.480168
2007-08-01,0.000000,Training,-0.344684,-0.072363,-0.036175,-0.036458,-0.026646,-0.026594,0.001706,0.042242,0.116323,0.240967,1.535154
2007-08-02,0.000000,Training,-0.344562,-0.071658,-0.034970,-0.036039,-0.026892,-0.026969,0.001343,0.040926,0.112639,0.234035,1.512705
2007-08-03,0.000000,Training,-0.345980,-0.072118,-0.035002,-0.035981,-0.026999,-0.026837,0.001607,0.040819,0.112226,0.232248,1.507233
2007-08-04,0.000000,Training,-0.349349,-0.073663,-0.037695,-0.037207,-0.027167,-0.027235,0.002196,0.041421,0.114841,0.236401,1.521659
2007-08-05,0.000000,Training,-0.343502,-0.071166,-0.039356,-0.040108,-0.025684,-0.028358,0.004859,0.046360,0.125400,0.254541,1.572329
2007-08-06,0.000000,Training,-0.323086,-0.062592,-0.024504,-0.035547,-0.018731,-0.021405,0.012252,0.057330,0.138628,0.269331,1.600761
2007-08-07,0.000000,Training,-0.315307,-0.059210,-0.020778,-0.034551,-0.015712,-0.019079,0.015998,0.062576,0.146385,0.279669,1.623958
2007-08-08,0.000000,Training,-0.322697,-0.062738,-0.024144,-0.035789,-0.018273,-0.020559,0.014092,0.059512,0.143585,0.274899,1.615273
2007-08-09,0.000000,Training,-0.330650,-0.065721,-0.029379,-0.037350,-0.020191,-0.022046,0.013048,0.057384,0.142751,0.274340,1.620574
2007-08-10,0.000000,Training,-0.333893,-0.065662,-0.029512,-0.036219,-0.021738,-0.022776,0.010637,0.051638,0.134761,0.264896,1.606993
2007-08-11,0.000000,Training,-0.326564,-0.065181,-0.025625,-0.037162,-0.018070,-0.019634,0.016414,0.062571,0.150753,0.283332,1.643681
2007-08-12,0.000000,Training,-0.316074,-0.060620,-0.021232,-0.036082,-0.014136,-0.016593,0.021125,0.070122,0.162432,0.299762,1.683126
2007-08-13,0.000000,Training,-0.310974,-0.058326,-0.018978,-0.035447,-0.011779,-0.014495,0.024278,0.074883,0.169909,0.309730,1.707164
2007-08-14,0.000000,Training,-0.322385,-0.063899,-0.023897,-0.037506,-0.015349,-0.016720,0.021774,0.070750,0.165290,0.301905,1.691803
2007-08-15,0.000000,Training,-0.328070,-0.066856,-0.026474,-0.038759,-0.016735,-0.017388,0.021293,0.069809,0.165231,0.300960,1.692742
2007-08-16,0.000000,Training,-0.323493,-0.064892,-0.024472,-0.038648,-0.014999,-0.016278,0.023553,0.073216,0.170508,0.308524,1.712094
2007-08-17,0.000000,Training,-0.341224,-0.073629,-0.032106,-0.041148,-0.019395,-0.018485,0.020164,0.067151,0.163762,0.297484,1.692537
2007-08-18,0.000000,Training,-0.350170,-0.078099,-0.035703,-0.042131,-0.020541,-0.018766,0.019742,0.065259,0.162038,0.294744,1.692074
2007-08-19,0.000000,Training,-0.348596,-0.077526,-0.035107,-0.042723,-0.020020,-0.018688,0.020755,0.066577,0.164932,0.299213,1.706620
2007-08-20,0.000000,Training,-0.350029,-0.078630,-0.035995,-0.043452,-0.019847,-0.018243,0.021837,0.068068,0.168788,0.304546,1.723924
2007-08-21,0.000000,Training,-0.341435,-0.074692,-0.032816,-0.043464,-0.017987,-0.017282,0.024399,0.072650,0.176689,0.316119,1.752340
2007-08-22,0.000000,Training,-0.340667,-0.074199,-0.032808,-0.043762,-0.017779,-0.017108,0.025086,0.073233,0.179071,0.320213,1.766782
2007-08-23,0.000000,Training,-0.332681,-0.069706,-0.029682,-0.043087,-0.016244,-0.016825,0.026220,0.074252,0.181313,0.326007,1.785271
2007-08-24,0.000000,Training,-0.341793,-0.075966,-0.034455,-0.046486,-0.017262,-0.017699,0.027038,0.075945,0.185422,0.328971,1.793503
2007-08-25,0.000000,Training,-0.414687,-0.084993,-0.003125,0.110717,0.171964,0.199125,0.290696,0.332073,0.549272,0.951374,3.856525
2007-08-26,0.000000,Training,-0.505627,-0.159418,-0.075589,0.011598,0.128617,0.186846,0.288903,0.408092,0.836774,1.227006,4.967698
2007-08-27,0.000000,Training,-0.461312,-0.142869,-0.047677,0.005384,0.093621,0.147239,0.227035,0.337737,0.671666,1.017116,3.999193
2007-08-28,0.000000,Training,-0.394282,-0.126627,-0.063244,-0.056291,-0.004492,0.014779,0.068326,0.137982,0.327201,0.548014,2.474196
2007-08-29,0.000000,Training,-0.360053,-0.099906,-0.049091,-0.052280,-0.005787,0.003870,0.057509,0.124674,0.292217,0.492147,2.281708
2007-08-30,0.000000,Training,-0.353553,-0.091008,-0.046228,-0.051976,-0.010275,-0.004280,0.049425,0.112765,0.267546,0.451303,2.160858
2007-08-31,0.000000,Training,-0.355052,-0.089204,-0.047423,-0.053207,-0.014663,-0.009618,0.043631,0.104235,0.253163,0.427089,2.096059
2007-09-01,,,-0.288932,0.194983,0.271412,0.483170,0.754453,0.875241,1.046948,1.604682,3.157308,4.529057,13.873515
2007-09-02,,,-0.301249,0.179676,0.257939,0.474351,0.748214,0.872200,1.042557,1.612432,3.213499,4.628167,14.214804
