date,observed,split,p_0.01,p_0.05,p_0.1,p_0.25,p_0.4,p_0.5,p_0.6,p_0.75,p_0.9,p_0.95,p_0.99
1980-01-17,3.649471,Training,,,,,,,,,,,
1980-01-18,2.449200,Training,,,,,,,,,,,
1980-01-19,1.784186,Training,-0.581789,-0.327069,-0.201958,0.002964,0.225526,0.477791,0.823858,1.886609,5.001360,7.610826,20.778625
1980-01-20,1.735526,Training,-0.469257,-0.249161,-0.128971,0.062049,0.252461,0.492915,0.792076,1.708018,4.255061,6.444395,16.683949
1980-01-21,1.735526,Training,-0.356050,-0.165144,-0.073980,0.056581,0.187681,0.379557,0.598769,1.239948,2.871350,4.263034,11.110156
1980-01-22,1.638207,Training,-0.343697,-0.145039,-0.069100,0.048692,0.161294,0.328787,0.517388,1.083820,2.491352,3.734930,10.008986
1980-01-23,1.735526,Training,-0.244209,-0.095828,-0.033327,0.056471,0.151857,0.306176,0.471886,0.945888,1.994633,2.909865,7.537784
1980-01-24,1.638207,Training,-0.404232,-0.143543,-0.078253,0.050958,0.175285,0.367189,0.578760,1.208059,2.868064,4.423025,12.521741
1980-01-25,1.913945,Training,-0.213468,-0.043406,0.008357,0.119497,0.221126,0.429165,0.625469,1.206794,2.496941,3.680297,9.491428
1980-01-26,1.995044,Training,-0.189147,-0.013187,0.036450,0.119507,0.201536,0.392966,0.561545,1.058711,2.120830,3.096196,7.999106
1980-01-27,1.735526,Training,-0.166829,-0.008575,0.029577,0.097050,0.164703,0.318057,0.460560,0.860284,1.696248,2.448751,6.510006
1980-01-28,1.346249,Training,-0.157106,-0.017034,0.024847,0.078086,0.141709,0.272514,0.398161,0.743458,1.458175,2.121027,5.645253
1980-01-29,1.086731,Training,-0.152288,-0.009966,0.031103,0.082578,0.144557,0.272974,0.396395,0.732441,1.431738,2.084681,5.566882
1980-01-30,1.005632,Training,-0.181689,-0.022375,0.023833,0.082570,0.148011,0.275148,0.401482,0.747653,1.500968,2.200528,5.868380
1980-01-31,1.119171,Training,-0.461917,-0.189127,-0.118055,0.025061,0.165528,0.364264,0.581850,1.222452,2.881671,4.507490,12.267294
1980-02-01,1.492228,Training,-0.307171,-0.131848,-0.040713,0.098927,0.237149,0.452870,0.682256,1.316650,2.790458,4.121429,9.544545
1980-02-02,1.476008,Training,-0.318846,-0.115454,-0.019869,0.118412,0.254652,0.481146,0.705886,1.345480,2.770115,4.033887,9.255984
1980-02-03,1.119171,Training,-0.257150,-0.091753,-0.028625,0.069272,0.163595,0.322340,0.488708,0.943526,1.895195,2.759309,6.791033
1980-02-04,0.989412,Training,-0.187242,-0.066147,-0.020298,0.030120,0.107233,0.212692,0.332387,0.631319,1.295036,1.890723,5.015781
1980-02-05,0.924533,Training,-0.182254,-0.061999,-0.015176,0.033109,0.109318,0.211849,0.330518,0.623365,1.270773,1.854289,4.914877
1980-02-06,0.892093,Training,-0.185431,-0.050598,-0.001980,0.053869,0.130878,0.246480,0.374308,0.701101,1.403942,2.056010,5.329283
1980-02-07,0.875873,Training,-0.150670,-0.037577,-0.006933,0.032762,0.100923,0.194591,0.301403,0.562171,1.131073,1.683667,4.632236
1980-02-08,0.859653,Training,-0.145053,-0.056445,-0.024300,0.009445,0.077972,0.153797,0.250750,0.476767,0.962453,1.448843,4.015020
1980-02-09,0.843433,Training,-0.574943,-0.336064,-0.245498,-0.067930,0.125867,0.323148,0.569289,1.302407,3.374335,5.341679,13.946893
1980-02-10,0.843433,Training,-0.308993,-0.188759,-0.108435,0.022146,0.163322,0.334228,0.571259,1.141118,2.583313,3.898098,9.408273
1980-02-11,0.827213,Training,-0.314603,-0.153695,-0.061765,0.058590,0.194026,0.388736,0.620986,1.212035,2.614542,3.860353,9.123693
1980-02-12,0.762334,Training,-0.212204,-0.088862,-0.033592,0.030255,0.120372,0.241082,0.395904,0.756658,1.572595,2.297163,5.913179
1980-02-13,0.713674,Training,-0.178930,-0.078517,-0.031881,0.012392,0.087410,0.182979,0.302415,0.578486,1.180348,1.754692,4.659258
1980-02-14,0.681235,Training,-0.162952,-0.072301,-0.028724,0.008461,0.078557,0.160814,0.268611,0.511520,1.035351,1.550735,4.184790
1980-02-15,0.697454,Training,-0.382756,-0.168416,-0.108275,-0.021666,0.086946,0.188769,0.353744,0.729486,1.724483,2.689324,7.512524
1980-02-16,0.778554,Training,-0.176956,-0.063580,-0.029196,0.033756,0.106413,0.228425,0.365322,0.686923,1.432982,2.189286,5.912360
1980-02-17,1.265150,Training,-0.174372,-0.076319,-0.036911,0.015115,0.089395,0.200094,0.331345,0.629511,1.284194,1.945717,5.113177
1980-02-18,1.281370,Training,-0.299021,-0.122654,-0.069879,0.009674,0.094206,0.194819,0.339430,0.675810,1.520230,2.325398,6.245148
1980-02-19,1.621987,Training,-0.378119,-0.181652,-0.126730,-0.044422,0.063588,0.150064,0.309411,0.654766,1.594142,2.513040,7.110873
1980-02-20,3.617031,Training,-0.249669,-0.131656,-0.073264,0.000589,0.094490,0.200303,0.351794,0.690911,1.536736,2.341350,6.077430
1980-02-21,2.822257,Training,-0.385511,-0.191002,-0.112164,-0.007320,0.114595,0.239698,0.432834,0.864098,2.092525,3.184642,8.247672
1980-02-22,2.530300,Training,-0.603589,-0.363612,-0.263120,-0.057509,0.162202,0.378769,0.689383,1.556620,4.032182,6.562385,16.369438
1980-02-23,3.471052,Training,-0.412893,-0.200050,-0.090751,0.128629,0.327388,0.601680,0.920057,1.841860,4.145493,6.482677,14.886595
1980-02-24,2.757378,Training,-0.300450,-0.115441,-0.034324,0.103316,0.237201,0.456880,0.692411,1.337760,2.763252,4.126892,9.629783
1980-02-25,2.222122,Training,-0.264279,-0.106831,-0.031930,0.071323,0.178277,0.334227,0.520053,0.995084,2.011707,2.937704,6.936843
1980-02-26,1.832845,Training,-0.240912,-0.087526,-0.009507,0.076743,0.175310,0.315349,0.484022,0.895755,1.770954,2.533489,5.998734
1980-02-27,1.654427,Training,-0.303074,-0.092893,0.007297,0.122927,0.235794,0.398440,0.584907,1.062334,2.148716,3.070822,7.139728
1980-02-28,1.378689,Training,-0.193130,-0.048725,0.012414,0.072965,0.154683,0.273589,0.415273,0.759301,1.526202,2.236012,5.581332
1980-02-29,5.514756,Training,-0.678323,-0.424174,-0.273259,-0.014105,0.296695,0.608331,0.973411,2.098233,5.220252,8.228213,17.721901
1980-03-01,9.229106,Training,-0.395865,-0.168024,-0.027297,0.238520,0.488676,0.836421,1.216153,2.348121,5.067534,7.907370,16.354103
1980-03-02,4.687543,Training,-0.669461,-0.355815,-0.172240,0.187496,0.601994,1.062691,1.614246,3.307765,7.825694,12.859906,27.765373
1980-03-03,6.569048,Training,-0.427987,-0.128483,0.051976,0.382492,0.701318,1.105889,1.541954,2.858250,5.708585,8.483847,16.451931
1980-03-04,3.795450,Training,-0.588138,-0.204478,0.037551,0.492537,0.961257,1.461744,2.017073,3.653690,7.519033,11.378663,22.245844
1980-03-05,3.000676,Training,-0.341630,-0.082848,0.060916,0.281384,0.487793,0.777739,1.084884,1.961258,3.792447,5.484242,11.128726
1980-03-06,2.530300,Training,-0.300203,-0.035867,0.078872,0.267436,0.428833,0.700575,0.959275,1.718804,3.246743,4.741037,10.079978
1980-03-07,2.303222,Training,-0.409040,-0.078101,0.063100,0.321898,0.532586,0.826919,1.118042,1.991780,3.884084,5.737345,12.135890
1980-03-08,2.205902,Training,-0.295309,-0.035647,0.094232,0.285696,0.449596,0.701837,0.954653,1.653680,3.030305,4.306623,8.858523
1980-03-09,2.011264,Training,-0.207367,-0.027701,0.053681,0.149035,0.248191,0.416471,0.598327,1.060509,2.001526,2.889904,6.567754
1980-03-10,1.735526,Training,-0.193415,-0.000387,0.070516,0.171273,0.267890,0.440458,0.623555,1.087381,2.004031,2.870824,6.579313
1980-03-11,1.411129,Training,-0.157130,-0.005716,0.047421,0.113264,0.188934,0.324791,0.477429,0.833975,1.548006,2.232435,5.425912
1980-03-12,1.362469,Training,-0.104778,-0.008055,0.022052,0.050159,0.111318,0.203771,0.318482,0.562706,1.079275,1.597763,4.247490
1980-03-13,1.184051,Training,-0.138937,-0.047246,-0.001305,0.030696,0.100541,0.176815,0.288737,0.521385,1.027020,1.522359,3.972773
1980-03-14,0.956972,Training,-0.151151,-0.056747,-0.005601,0.027548,0.101577,0.175385,0.289564,0.519925,1.034996,1.516251,3.954498
1980-03-15,0.859653,Training,-0.164238,-0.047867,-0.002280,0.037174,0.109323,0.186899,0.303251,0.550442,1.116967,1.671230,4.390620
1980-03-16,0.746114,Training,-0.150424,-0.058620,-0.010067,0.026128,0.101592,0.177799,0.293580,0.530705,1.045234,1.547396,3.988446
1980-03-17,0.713674,Training,-0.273006,-0.095816,-0.044304,0.014514,0.102495,0.177518,0.318438,0.602940,1.355921,2.082910,5.603850
1980-03-18,0.746114,Training,-0.763028,-0.543626,-0.414437,-0.103319,0.285832,0.645850,1.083586,2.645773,6.927142,11.723730,25.298334
1980-03-19,0.827213,Training,-0.594062,-0.356839,-0.192527,0.126110,0.473851,0.803591,1.330380,2.728031,6.996530,11.597000,25.755125
1980-03-20,1.070511,Training,-0.707451,-0.427787,-0.220007,0.174462,0.663418,1.097161,1.765790,3.578011,8.769178,14.164750,29.895267
1980-03-21,4.006308,Training,-0.827835,-0.521755,-0.158960,0.818435,2.572803,4.126870,6.262698,14.161673,34.516132,57.083492,95.702873
1980-03-22,6.033792,Training,-0.649557,-0.103695,0.555533,2.054807,4.337282,6.057165,8.958046,16.450089,35.482666,53.128399,93.856323
1980-03-23,3.146655,Training,-0.665683,-0.270176,0.092075,0.821411,1.751270,2.519006,3.639230,6.739552,14.305196,21.393818,40.199501
1980-03-24,2.319441,Training,-0.565160,-0.180139,0.065543,0.540314,1.046412,1.541339,2.168117,3.976329,8.216724,12.346090,24.406811
1980-03-25,1.913945,Training,-0.483277,-0.111060,0.078967,0.450986,0.796592,1.206367,1.654776,2.990194,5.993035,8.993852,18.330547
1980-03-26,1.654427,Training,-0.305513,0.004520,0.117522,0.341441,0.523334,0.833083,1.133584,1.994492,3.773793,5.507994,11.995409
1980-03-27,1.654427,Training,-0.513549,-0.146639,-0.023930,0.245027,0.485999,0.806064,1.159814,2.139682,4.505110,6.985772,16.153877
1980-03-28,2.270782,Training,-0.330350,-0.013302,0.080797,0.307554,0.456929,0.766017,1.031667,1.794885,3.510357,5.259158,12.027829
1980-03-29,2.643839,Training,-0.338381,-0.023530,0.068624,0.265497,0.401716,0.680112,0.924343,1.602349,3.148601,4.724144,10.967021
1980-03-30,2.222122,Training,-0.211322,0.016096,0.074961,0.211938,0.296771,0.523948,0.712508,1.193316,2.150482,3.112290,7.202384
1980-03-31,1.832845,Training,-0.168954,0.035330,0.083270,0.187126,0.242781,0.446278,0.597092,0.983379,1.745451,2.534325,6.108249
1980-04-01,1.573327,Validation,-0.142964,0.044147,0.084815,0.167314,0.219511,0.391024,0.531755,0.874315,1.552561,2.238272,5.517990
1980-04-02,1.313810,Validation,-0.121289,0.038427,0.075942,0.139584,0.182632,0.333935,0.457776,0.749701,1.328734,1.930439,4.896968
1980-04-03,1.102951,Validation,-0.174486,0.022280,0.060292,0.131277,0.168773,0.308656,0.422771,0.704560,1.360757,2.034434,5.451027
1980-04-04,0.924533,Validation,-0.105917,0.026897,0.057651,0.107544,0.149147,0.274240,0.389158,0.643153,1.153129,1.690953,4.412580
1980-04-05,0.762334,Validation,-0.093091,0.024709,0.052779,0.089332,0.135304,0.239986,0.354419,0.594382,1.079736,1.582578,4.190829
1980-04-06,0.632575,Validation,-0.069469,0.018257,0.033879,0.052116,0.099559,0.175251,0.270738,0.464982,0.871786,1.302048,3.644063
1980-04-07,0.583915,Validation,-0.068562,0.007189,0.024171,0.037765,0.088392,0.149335,0.239492,0.417049,0.787064,1.186781,3.380671
1980-04-08,0.535256,Validation,-0.054011,0.004062,0.015176,0.022491,0.070143,0.119782,0.196756,0.343718,0.655141,1.015428,3.026825
1980-04-09,0.486596,Validation,-0.041809,0.003627,0.007803,0.012352,0.062943,0.097435,0.160905,0.284829,0.557321,0.883670,2.764405
1980-04-10,0.454156,Validation,-0.032400,0.007080,0.008488,0.012373,0.057417,0.092796,0.149117,0.260414,0.507600,0.821086,2.627632
1980-04-11,1.459788,Validation,-0.040831,-0.000534,0.003249,0.007810,0.058090,0.082914,0.140717,0.249770,0.495396,0.799941,2.581151
1980-04-12,1.573327,Validation,-0.217038,-0.059988,-0.047812,-0.015894,0.056221,0.073604,0.160829,0.306933,0.722174,1.167324,3.848938
1980-04-13,1.735526,Validation,-0.340097,-0.121149,-0.092815,0.008896,0.124979,0.206030,0.339919,0.651549,1.463442,2.283006,7.028363
1980-04-14,2.108583,Validation,-0.714273,-0.534117,-0.438628,-0.159085,0.156597,0.434997,0.820008,2.131896,6.255663,11.262423,27.426647
1980-04-15,2.303222,Validation,-0.340143,-0.190046,-0.107701,0.067320,0.238286,0.450183,0.753482,1.510913,3.537206,5.607740,13.460028
1980-04-16,2.205902,Validation,-0.218625,-0.067459,-0.014640,0.068931,0.168302,0.339545,0.540290,1.018247,2.116724,3.173333,7.892045
1980-04-17,2.011264,Validation,-0.114196,0.045244,0.060791,0.107129,0.168981,0.314142,0.465431,0.808733,1.586396,2.323459,6.236706
1980-04-18,1.913945,Validation,-0.075973,0.039422,0.052594,0.076173,0.116868,0.229684,0.337780,0.571449,1.094333,1.629570,4.576023
1980-04-19,1.735526,Validation,-0.061585,0.024512,0.038546,0.053143,0.088939,0.182564,0.272020,0.455736,0.861338,1.305479,3.755311
1980-04-20,1.492228,Validation,-0.056990,0.015445,0.029459,0.040189,0.072756,0.155678,0.233742,0.389139,0.734447,1.136478,3.342863
1980-04-21,1.411129,Validation,-0.057101,0.009270,0.023686,0.032430,0.066124,0.139375,0.213594,0.355894,0.671143,1.049174,3.127129
1980-04-22,1.313810,Validation,-0.052948,0.005715,0.018873,0.025101,0.058726,0.123465,0.192964,0.321158,0.607709,0.964240,2.933190
1980-04-23,0.681235,Validation,-0.052830,0.003257,0.015794,0.020838,0.056878,0.114050,0.182886,0.305875,0.579958,0.923666,2.838956
1980-04-24,0.373057,Validation,-0.052312,0.001628,0.013243,0.017595,0.054767,0.106616,0.174204,0.292390,0.555999,0.889880,2.763769
1980-04-25,0.291958,Validation,-0.051508,0.001692,0.011612,0.016197,0.051617,0.101735,0.166025,0.278134,0.532046,0.860424,2.706795
1980-04-26,0.243298,Validation,-0.317299,-0.096804,-0.070560,0.003097,0.077758,0.150217,0.260855,0.488262,1.080711,1.709399,5.356222
1980-04-27,0.535256,Validation,-0.091218,-0.019487,-0.007219,0.015981,0.065385,0.128717,0.218427,0.385884,0.767997,1.222965,3.622967
1980-04-28,0.454156,Validation,-0.130731,-0.052091,-0.027740,-0.000572,0.056870,0.110299,0.200548,0.370335,0.758177,1.202485,3.474167
1980-04-29,0.291958,Validation,-0.323258,-0.134284,-0.102361,-0.040505,0.039668,0.088736,0.212647,0.433515,1.045133,1.683716,4.995336
1980-04-30,0.259518,Validation,-0.172331,-0.058503,-0.031425,0.013301,0.075598,0.144070,0.252334,0.464162,0.941093,1.455862,4.062466
1980-05-01,0.259518,Validation,-0.155526,-0.063029,-0.034829,-0.000085,0.060189,0.120211,0.214493,0.398242,0.797160,1.243989,3.499445
1980-05-02,0.259518,Validation,-0.412231,-0.186208,-0.147722,-0.034978,0.077233,0.161668,0.301443,0.621778,1.493809,2.347240,6.841156
1980-05-03,0.275738,Validation,-0.328348,-0.148692,-0.134227,-0.050803,0.048763,0.133529,0.294301,0.604497,1.495001,2.466640,7.557144
1980-05-04,0.324397,Validation,-0.169754,-0.068642,-0.050156,0.009904,0.084686,0.194866,0.330413,0.617950,1.331684,2.080154,5.807547
1980-05-05,0.405497,Validation,-0.494460,-0.233735,-0.194873,-0.040622,0.091077,0.265835,0.469754,0.997372,2.555601,4.117706,12.233888
1980-05-06,0.356837,Validation,-0.331632,-0.127823,-0.097429,0.014797,0.105539,0.267920,0.466569,0.907921,2.206564,3.587525,10.344634
1980-05-07,0.405497,Validation,-0.340056,-0.121955,-0.090459,-0.001116,0.077702,0.227572,0.404880,0.791496,1.906868,3.082294,8.974022
1980-05-08,1.232710,Validation,-0.242169,-0.064856,-0.041230,0.031402,0.084291,0.214221,0.346891,0.642468,1.431042,2.235277,6.351737
1980-05-09,1.297590,Validation,-0.146348,-0.033744,-0.017019,0.028530,0.068589,0.185008,0.286637,0.510434,1.014258,1.557380,4.363509
1980-05-10,0.908313,Validation,-0.138970,-0.026216,-0.013758,0.028195,0.054691,0.164279,0.246549,0.428962,0.858297,1.339562,3.884411
1980-05-11,0.810994,Validation,-0.559150,-0.268218,-0.221100,-0.002862,0.122541,0.373053,0.526943,1.119723,2.756581,4.534958,13.026507
1980-05-12,0.827213,Validation,-0.614274,-0.381844,-0.307408,-0.074487,0.144333,0.386691,0.730178,1.667066,4.444703,7.857171,20.425688
1980-05-13,0.681235,Validation,-0.387626,-0.201020,-0.113899,0.054992,0.205873,0.430533,0.689717,1.377659,3.005985,4.689581,11.005857
1980-05-14,0.437937,Validation,-0.299657,-0.113589,-0.062868,0.055718,0.139917,0.305669,0.477866,0.871710,1.725135,2.557317,6.347797
1980-05-15,0.291958,Validation,-0.187655,-0.049841,-0.027992,0.034555,0.074559,0.196103,0.304346,0.535996,1.055628,1.590329,4.364086
1980-05-16,0.275738,Validation,-0.182823,-0.047354,-0.025819,0.028499,0.065913,0.167818,0.265241,0.467012,0.932087,1.413172,3.975613
1980-05-17,0.243298,Validation,-0.177495,-0.047461,-0.024468,0.028800,0.065718,0.163037,0.258960,0.448893,0.878402,1.329723,3.738438
1980-05-18,0.178419,Validation,-0.136463,-0.033354,-0.015595,0.017421,0.052155,0.126984,0.209545,0.364678,0.722173,1.116683,3.299829
1980-05-19,0.145979,Validation,-0.130141,-0.030978,-0.015829,0.016724,0.045714,0.121612,0.197768,0.336944,0.667701,1.049498,3.151391
1980-05-20,0.113539,Validation,-0.149367,-0.036225,-0.019418,0.023799,0.051085,0.134624,0.214401,0.357191,0.695960,1.085011,3.209809
1980-05-21,0.097319,Validation,-0.102350,-0.021911,-0.012567,0.010049,0.036027,0.096833,0.159693,0.270342,0.547153,0.889928,2.826668
1980-05-22,0.064879,Validation,-0.082134,-0.014856,-0.007115,0.006687,0.037771,0.081232,0.140988,0.242720,0.495955,0.811229,2.668242
1980-05-23,0.032440,Validation,-0.091186,-0.017701,-0.010366,0.009368,0.034280,0.087961,0.146468,0.245266,0.497832,0.820010,2.679734
1980-05-24,0.016220,Validation,-0.062891,-0.008298,-0.004944,0.006221,0.030683,0.071188,0.115384,0.193905,0.403999,0.694897,2.418943
1980-05-25,0.016220,Validation,-0.060860,-0.007428,-0.002242,0.005595,0.038468,0.066448,0.116301,0.200765,0.411880,0.689938,2.405051
1980-05-26,0.016220,Validation,-0.067262,-0.005042,0.000666,0.008755,0.044029,0.062778,0.111068,0.193009,0.406432,0.678520,2.417321
1980-05-27,0.016220,Validation,-0.135541,-0.031243,-0.017796,-0.002225,0.042002,0.043685,0.101207,0.190421,0.469889,0.779574,2.795658
1980-05-28,0.016220,Validation,-0.071069,-0.018065,-0.009849,0.000693,0.037682,0.060920,0.115795,0.202607,0.419401,0.697615,2.434940
1980-05-29,0.016220,Validation,-0.092896,-0.027491,-0.015810,-0.000394,0.038107,0.067048,0.127739,0.222887,0.458192,0.749857,2.531927
1980-05-30,0.016220,Validation,-0.093746,-0.020069,-0.014441,0.000572,0.045230,0.052913,0.098233,0.178204,0.385684,0.643138,2.337475
1980-05-31,0.016220,Validation,-0.068801,-0.004426,-0.002787,0.011453,0.040132,0.059815,0.088874,0.148712,0.314462,0.560841,2.146263
1980-06-01,0.016220,Validation,-0.059923,-0.012768,-0.007927,0.004227,0.032669,0.055948,0.083284,0.137175,0.278923,0.513082,1.983596
1980-06-02,0.016220,Validation,-0.084607,-0.021443,-0.010547,0.008578,0.036630,0.063099,0.086295,0.135182,0.275780,0.507273,1.992944
1980-06-03,0.016220,Validation,-0.083543,-0.019992,-0.008397,0.010628,0.038329,0.063436,0.085581,0.133480,0.270529,0.497931,1.974614
1980-06-04,0.016220,Validation,-0.080393,-0.019286,-0.006932,0.010980,0.037827,0.062094,0.083845,0.130657,0.265171,0.491105,1.960083
1980-06-05,0.016220,Validation,-0.068280,-0.015089,-0.005342,0.008285,0.034425,0.055750,0.078657,0.124536,0.255584,0.478515,1.924771
1980-06-06,0.016220,Validation,-0.049653,-0.007780,-0.001297,0.007167,0.032656,0.049045,0.074394,0.122151,0.251958,0.472071,1.895204
1980-06-07,0.016220,Validation,-0.049125,-0.007312,-0.000586,0.007418,0.032535,0.047637,0.072703,0.118989,0.247107,0.464621,1.878191
1980-06-08,0.016220,Validation,-0.047989,-0.005569,0.001604,0.008435,0.036137,0.046880,0.074551,0.124082,0.255028,0.469443,1.889934
1980-06-09,0.016220,Validation,-0.074872,-0.001101,0.005534,0.016899,0.042592,0.048171,0.075309,0.125087,0.287865,0.519087,2.101070
1980-06-10,0.016220,Validation,-0.052153,-0.005203,0.001245,0.009626,0.035174,0.046426,0.072555,0.120205,0.253537,0.470313,1.910525
1980-06-11,0.016220,Validation,-0.092994,-0.007487,-0.000049,0.013035,0.037953,0.043065,0.070759,0.117806,0.292717,0.534379,2.177513
1980-06-12,0.016220,Validation,-0.109858,-0.014291,-0.007180,0.007512,0.038565,0.038285,0.071040,0.123043,0.311499,0.556710,2.262157
1980-06-13,0.016220,Validation,-0.228007,-0.072906,-0.060425,-0.018716,0.029240,0.039337,0.088982,0.172127,0.426114,0.746309,2.844203
1980-06-14,0.016220,Validation,-0.140162,-0.034509,-0.029066,-0.004493,0.032940,0.044822,0.088168,0.160551,0.400644,0.702653,2.682670
1980-06-15,0.016220,Validation,-0.085332,-0.026938,-0.023573,-0.001892,0.027502,0.054246,0.086553,0.148319,0.326998,0.587757,2.211172
1980-06-16,0.016220,Validation,-0.082106,-0.027534,-0.024861,-0.007474,0.016518,0.044029,0.072350,0.121749,0.282784,0.525173,2.042094
1980-06-17,0.016220,Validation,-0.079531,-0.025461,-0.022599,-0.007901,0.012695,0.038684,0.062742,0.105910,0.255006,0.486748,1.952507
1980-06-18,0.016220,Validation,-0.075503,-0.025386,-0.019223,-0.007512,0.009889,0.033645,0.053639,0.089369,0.223066,0.445573,1.857791
1980-06-19,0.000000,Validation,-0.076819,-0.027003,-0.018265,-0.007331,0.009216,0.030947,0.049109,0.080372,0.206816,0.423858,1.810424
1980-06-20,0.000000,Validation,-0.077838,-0.027957,-0.017844,-0.007326,0.009002,0.028786,0.046037,0.075149,0.197555,0.411024,1.781470
1980-06-21,0.000000,Validation,-0.073412,-0.026434,-0.016571,-0.007602,0.008744,0.026069,0.043822,0.073131,0.193293,0.404399,1.760912
1980-06-22,0.000000,Validation,-0.070053,-0.023841,-0.013951,-0.006365,0.011634,0.025087,0.045038,0.077802,0.199278,0.408064,1.765991
1980-06-23,0.000000,Validation,-0.071236,-0.024337,-0.013915,-0.006783,0.012100,0.023678,0.044226,0.077184,0.197812,0.404253,1.755240
1980-06-24,0.000000,Validation,-0.072677,-0.025491,-0.014820,-0.007942,0.011034,0.022018,0.042449,0.074373,0.193282,0.398164,1.738948
1980-06-25,0.000000,Validation,-0.074039,-0.027201,-0.016619,-0.009762,0.008017,0.019795,0.038896,0.068032,0.183841,0.387949,1.713356
1980-06-26,0.000000,Validation,-0.076341,-0.029762,-0.019136,-0.012214,0.004484,0.017067,0.034767,0.060776,0.173593,0.376918,1.685941
1980-06-27,0.000000,Validation,-0.086203,-0.036099,-0.024110,-0.015604,-0.000410,0.014536,0.029190,0.049232,0.158064,0.360351,1.651114
1980-06-28,0.000000,Validation,-0.089408,-0.038757,-0.025890,-0.017089,-0.002432,0.012394,0.026522,0.044153,0.151481,0.352509,1.635548
1980-06-29,0.000000,Validation,-0.088368,-0.039777,-0.027756,-0.019213,-0.005588,0.009197,0.023748,0.041286,0.150964,0.353991,1.637417
1980-06-30,0.000000,Validation,-0.093377,-0.043799,-0.031039,-0.021578,-0.008785,0.006801,0.021505,0.036330,0.147423,0.351379,1.634778
1980-07-01,0.000000,Training,-0.097562,-0.047353,-0.034746,-0.024355,-0.013104,0.004969,0.021114,0.033481,0.146956,0.352868,1.639108
1980-07-02,0.000000,Training,-0.094036,-0.044402,-0.029077,-0.021141,-0.006030,0.006080,0.017737,0.030532,0.123984,0.314105,1.536643
1980-07-03,0.000000,Training,-0.092407,-0.043891,-0.027683,-0.020825,-0.005352,0.005720,0.016314,0.028380,0.113591,0.297967,1.491110
1980-07-04,0.000000,Training,-0.088411,-0.042718,-0.027237,-0.021549,-0.006783,0.003579,0.014303,0.027030,0.110998,0.294626,1.479084
1980-07-05,0.000000,Training,-0.086500,-0.040153,-0.024884,-0.019874,-0.004342,0.003801,0.015843,0.032269,0.117646,0.300126,1.491019
1980-07-06,0.000000,Training,-0.088626,-0.043117,-0.027562,-0.022656,-0.008507,0.001108,0.011216,0.024291,0.105374,0.286592,1.456493
1980-07-07,0.000000,Training,-0.091305,-0.044538,-0.028803,-0.023755,-0.010218,-0.000277,0.008829,0.020767,0.100413,0.280987,1.443983
1980-07-08,0.000000,Training,-0.090831,-0.043630,-0.027721,-0.023306,-0.008160,0.000022,0.010662,0.026178,0.105964,0.284718,1.448645
1980-07-09,0.000000,Training,-0.093057,-0.044471,-0.028087,-0.023910,-0.007254,-0.000678,0.010925,0.028468,0.108593,0.285734,1.448843
1980-07-10,0.000000,Training,-0.094918,-0.048122,-0.032072,-0.027668,-0.013918,-0.003659,0.004692,0.016393,0.090988,0.268452,1.405920
1980-07-11,0.000000,Training,-0.102408,-0.053568,-0.036187,-0.030951,-0.018012,-0.006138,0.000026,0.007305,0.078317,0.254470,1.374808
1980-07-12,0.000000,Training,-0.109872,-0.057686,-0.038731,-0.032523,-0.019610,-0.007154,-0.002185,0.002955,0.071805,0.246270,1.359180
1980-07-13,0.000000,Training,-0.116892,-0.062129,-0.041089,-0.033169,-0.020808,-0.007657,-0.004402,-0.000889,0.066202,0.239740,1.344993
1980-07-14,0.000000,Training,-0.114012,-0.061724,-0.041536,-0.034901,-0.022532,-0.009921,-0.006287,-0.002192,0.063003,0.235709,1.333149
1980-07-15,0.000000,Training,-0.104005,-0.057563,-0.039438,-0.034968,-0.022883,-0.011894,-0.007306,-0.000288,0.063615,0.235919,1.324910
1980-07-16,0.000000,Training,-0.108488,-0.059113,-0.040370,-0.035312,-0.023763,-0.013176,-0.009777,-0.004662,0.058468,0.229742,1.315004
1980-07-17,0.000000,Training,-0.118452,-0.065921,-0.044083,-0.037424,-0.025430,-0.014016,-0.012050,-0.010000,0.049384,0.217708,1.287419
1980-07-18,0.000000,Training,-0.123232,-0.069343,-0.045755,-0.037263,-0.025844,-0.013629,-0.013258,-0.011963,0.046164,0.214342,1.277780
1980-07-19,0.000000,Training,-0.124505,-0.071014,-0.047219,-0.038564,-0.027024,-0.014787,-0.014618,-0.013305,0.043536,0.211331,1.269309
1980-07-20,0.000000,Training,-0.113975,-0.066560,-0.046003,-0.040925,-0.028691,-0.018376,-0.016012,-0.012439,0.042691,0.209603,1.260303
1980-07-21,0.000000,Training,-0.122916,-0.071444,-0.048266,-0.041359,-0.029163,-0.018665,-0.017832,-0.016957,0.036418,0.201367,1.243569
1980-07-22,0.000000,Training,-0.125513,-0.073252,-0.048890,-0.040829,-0.029022,-0.018578,-0.018894,-0.018826,0.033059,0.196935,1.232068
1980-07-23,0.000000,Training,-0.121201,-0.071934,-0.049405,-0.043451,-0.030742,-0.021358,-0.020047,-0.018876,0.031590,0.194830,1.225916
1980-07-24,0.000000,Training,-0.116648,-0.070367,-0.048827,-0.044039,-0.031334,-0.023127,-0.021385,-0.019553,0.029381,0.191714,1.214821
1980-07-25,0.000000,Training,-0.128849,-0.060729,-0.041554,-0.034484,-0.022910,-0.021226,-0.018888,-0.013094,0.055609,0.226479,1.348086
1980-07-26,0.000000,Training,-0.109710,-0.065320,-0.045755,-0.041976,-0.027207,-0.021991,-0.017169,-0.008452,0.041157,0.202494,1.236350
1980-07-27,0.000000,Training,-0.111642,-0.068244,-0.048034,-0.044231,-0.030272,-0.024253,-0.020561,-0.014855,0.032911,0.194212,1.213890
1980-07-28,0.000000,Training,-0.173062,-0.079020,-0.059323,-0.049364,-0.030932,-0.036170,-0.027501,-0.021114,0.065108,0.247950,1.453670
1980-07-29,0.000000,Training,-0.130149,-0.066110,-0.048541,-0.038732,-0.024231,-0.019253,-0.015241,-0.002598,0.062914,0.236080,1.356401
1980-07-30,0.000000,Training,-0.119069,-0.074687,-0.055083,-0.048200,-0.032526,-0.022765,-0.017953,-0.007495,0.043635,0.211601,1.250015
1980-07-31,0.000000,Training,-0.121167,-0.073702,-0.056876,-0.050025,-0.034363,-0.027361,-0.024293,-0.018152,0.027374,0.187953,1.196228
1980-08-01,0.000000,Training,-0.120690,-0.073376,-0.056007,-0.049976,-0.034749,-0.028590,-0.026845,-0.022751,0.017873,0.174978,1.165495
1980-08-02,0.000000,Training,-0.119400,-0.072936,-0.054518,-0.049254,-0.034376,-0.028989,-0.027779,-0.024454,0.013448,0.168920,1.151512
1980-08-03,0.000000,Training,-0.120694,-0.072942,-0.053836,-0.048376,-0.034005,-0.029254,-0.028823,-0.026654,0.010416,0.165343,1.146654
1980-08-04,0.000000,Training,-0.121360,-0.074745,-0.054582,-0.049149,-0.034611,-0.030019,-0.029807,-0.028690,0.005838,0.159445,1.130274
1980-08-05,0.000000,Training,-0.124261,-0.076495,-0.055279,-0.049175,-0.034548,-0.030084,-0.030334,-0.030290,0.002825,0.155641,1.121894
1980-08-06,0.000000,Training,-0.125071,-0.077100,-0.055674,-0.049246,-0.034458,-0.030327,-0.030683,-0.030950,0.000925,0.153160,1.115637
1980-08-07,0.000000,Training,-0.118456,-0.073177,-0.053861,-0.048840,-0.033319,-0.030778,-0.029561,-0.027184,0.003861,0.155500,1.117921
1980-08-08,0.000000,Training,-0.117250,-0.071196,-0.052313,-0.047546,-0.030816,-0.030013,-0.027502,-0.023132,0.007199,0.157365,1.121714
1980-08-09,0.000000,Training,-0.117053,-0.070790,-0.052069,-0.047234,-0.030147,-0.030128,-0.027394,-0.022990,0.006194,0.155442,1.116795
1980-08-10,0.000000,Training,-0.119741,-0.074682,-0.055100,-0.049381,-0.033708,-0.032250,-0.031547,-0.031311,-0.003936,0.145958,1.093584
1980-08-11,0.000000,Training,-0.121229,-0.075921,-0.055899,-0.049597,-0.033877,-0.032695,-0.032372,-0.033133,-0.006842,0.142596,1.085785
1980-08-12,0.000000,Training,-0.122644,-0.076844,-0.056526,-0.049632,-0.033854,-0.032976,-0.032964,-0.034498,-0.009019,0.140061,1.080457
1980-08-13,0.000000,Training,-0.120100,-0.076045,-0.056460,-0.049976,-0.034068,-0.033947,-0.033031,-0.034652,-0.009911,0.138903,1.077947
1980-08-14,0.000000,Training,-0.136516,-0.069179,-0.051641,-0.041852,-0.026530,-0.032301,-0.031033,-0.030886,0.011609,0.168330,1.198881
1980-08-15,0.000000,Training,-0.117119,-0.072976,-0.055644,-0.048670,-0.030158,-0.033212,-0.027948,-0.023374,0.006237,0.156939,1.126629
1980-08-16,0.000000,Training,-0.120953,-0.078126,-0.058781,-0.051168,-0.033095,-0.033828,-0.030684,-0.031039,-0.006542,0.143130,1.084725
1980-08-17,0.000000,Training,-0.127838,-0.082482,-0.061569,-0.051443,-0.034291,-0.034456,-0.033670,-0.038642,-0.016111,0.132058,1.059845
1980-08-18,0.000000,Training,-0.123757,-0.080203,-0.060252,-0.051343,-0.033845,-0.035439,-0.034031,-0.038054,-0.017238,0.129898,1.054867
1980-08-19,0.000000,Training,-0.189288,-0.096237,-0.077138,-0.062440,-0.040469,-0.051648,-0.044346,-0.050423,0.006824,0.180602,1.283994
1980-08-20,0.000000,Training,-0.135919,-0.086618,-0.065458,-0.049931,-0.032699,-0.028432,-0.027652,-0.028452,0.000947,0.160461,1.134558
1980-08-21,0.000000,Training,-0.141570,-0.090690,-0.066145,-0.048410,-0.032081,-0.026666,-0.027452,-0.031083,-0.000165,0.159848,1.128698
1980-08-22,0.000000,Training,-0.241522,-0.129006,-0.106999,-0.074295,-0.052122,-0.051800,-0.046446,-0.054213,0.019398,0.224179,1.401393
1980-08-23,0.000000,Training,-0.150936,-0.094539,-0.077070,-0.052588,-0.034912,-0.022943,-0.021837,-0.018079,0.026606,0.207239,1.257300
1980-08-24,0.000000,Training,-0.135447,-0.092996,-0.075623,-0.059156,-0.038729,-0.030650,-0.025445,-0.021758,0.011053,0.177983,1.159175
1980-08-25,0.000000,Training,-0.148225,-0.080581,-0.066832,-0.049933,-0.032349,-0.037153,-0.036549,-0.041392,-0.005199,0.152596,1.156635
1980-08-26,0.000000,Training,-0.195700,-0.100722,-0.086221,-0.066626,-0.042539,-0.052273,-0.044113,-0.048554,0.007602,0.185090,1.298169
1980-08-27,0.000000,Training,-0.140982,-0.085436,-0.071078,-0.051906,-0.033848,-0.029483,-0.027593,-0.025550,0.010237,0.178341,1.193905
1980-08-28,0.000000,Training,-0.134581,-0.091160,-0.074201,-0.057569,-0.038620,-0.033377,-0.031228,-0.032060,-0.005659,0.154870,1.106607
1980-08-29,0.000000,Training,-0.137264,-0.089611,-0.071598,-0.054021,-0.036748,-0.034806,-0.036725,-0.043574,-0.024001,0.127723,1.045925
1980-08-30,0.000000,Training,-0.132026,-0.086328,-0.068578,-0.053445,-0.035792,-0.036115,-0.037375,-0.043019,-0.026560,0.122586,1.034310
1980-08-31,0.000000,Training,-0.127601,-0.082541,-0.065707,-0.052817,-0.033669,-0.036513,-0.035840,-0.039240,-0.024458,0.122455,1.035924
1980-09-01,0.000000,Training,-0.126762,-0.082565,-0.063917,-0.050667,-0.032889,-0.035388,-0.036131,-0.040759,-0.026108,0.121228,1.031150
1980-09-02,0.000000,Training,-0.126109,-0.082423,-0.062588,-0.049047,-0.031880,-0.034245,-0.035230,-0.040574,-0.025940,0.121758,1.032479
1980-09-03,0.000000,Training,-0.124010,-0.080590,-0.062087,-0.049678,-0.031441,-0.035098,-0.034664,-0.038814,-0.024623,0.122255,1.035704
1980-09-04,0.000000,Training,-0.123269,-0.079976,-0.061655,-0.049415,-0.030827,-0.034963,-0.034053,-0.037770,-0.023572,0.123181,1.038097
1980-09-05,0.000000,Training,-0.122352,-0.078905,-0.061058,-0.049016,-0.029850,-0.034976,-0.033200,-0.036089,-0.021593,0.124786,1.043716
1980-09-06,0.000000,Training,-0.121972,-0.081267,-0.061123,-0.047550,-0.031629,-0.034478,-0.035107,-0.040876,-0.023386,0.126782,1.047921
1980-09-07,0.000000,Training,-0.124054,-0.081534,-0.061468,-0.047987,-0.029677,-0.033451,-0.032964,-0.037443,-0.021982,0.126269,1.043808
1980-09-08,0.000000,Training,-0.122250,-0.079210,-0.061017,-0.048866,-0.028173,-0.034294,-0.030887,-0.032789,-0.017886,0.128355,1.052451
1980-09-09,0.000000,Training,-0.120651,-0.081650,-0.061456,-0.048250,-0.031555,-0.034738,-0.033857,-0.039604,-0.021220,0.129494,1.055745
1980-09-10,0.000000,Training,-0.126957,-0.084514,-0.060448,-0.044197,-0.025530,-0.027761,-0.028306,-0.032466,-0.016246,0.133232,1.050417
1980-09-11,0.000000,Training,-0.128349,-0.084229,-0.059825,-0.042607,-0.024514,-0.026623,-0.027629,-0.031768,-0.013511,0.137521,1.065142
1980-09-12,0.000000,Training,-0.124963,-0.084615,-0.062946,-0.048218,-0.028600,-0.032163,-0.030846,-0.034044,-0.016581,0.133478,1.056469
1980-09-13,0.000000,Training,-0.123452,-0.084978,-0.061771,-0.046473,-0.028900,-0.031410,-0.030758,-0.035809,-0.015602,0.136633,1.066126
1980-09-14,0.000000,Training,-0.125468,-0.085799,-0.061704,-0.046457,-0.026733,-0.029671,-0.028279,-0.032476,-0.015328,0.134232,1.054218
1980-09-15,0.000000,Training,-0.126659,-0.086349,-0.060213,-0.043564,-0.024873,-0.026365,-0.026035,-0.030509,-0.012256,0.138821,1.063777
1980-09-16,0.000000,Training,-0.130307,-0.084877,-0.058610,-0.040257,-0.022736,-0.023890,-0.024714,-0.028985,-0.006515,0.147470,1.093811
1980-09-17,0.000000,Training,-0.125839,-0.086856,-0.062294,-0.046715,-0.027248,-0.028718,-0.027204,-0.030150,-0.011191,0.140825,1.069646
1980-09-18,0.000000,Training,-0.125446,-0.084488,-0.063421,-0.050529,-0.027660,-0.032444,-0.027286,-0.028052,-0.010480,0.137791,1.069247
1980-09-19,0.000000,Training,-0.136261,-0.077681,-0.059147,-0.044879,-0.019374,-0.030851,-0.023226,-0.019492,0.009102,0.158695,1.151464
1980-09-20,0.000000,Training,-0.136091,-0.080648,-0.062292,-0.049089,-0.018593,-0.033694,-0.022114,-0.012957,0.016933,0.164451,1.156274
1980-09-21,0.000000,Training,-0.157662,-0.082689,-0.064228,-0.047989,-0.018772,-0.033039,-0.021733,-0.014070,0.033195,0.194566,1.273008
1980-09-22,0.000000,Training,-0.131466,-0.085760,-0.068267,-0.053465,-0.024570,-0.027739,-0.016561,-0.005082,0.022946,0.178788,1.163851
1980-09-23,0.000000,Training,-0.131995,-0.087451,-0.068153,-0.053165,-0.028494,-0.027576,-0.020671,-0.014760,0.011141,0.167608,1.133666
1980-09-24,0.000000,Training,-0.133374,-0.088034,-0.069005,-0.053293,-0.030367,-0.029252,-0.025796,-0.023197,-0.000275,0.152999,1.096227
1980-09-25,0.000000,Training,-0.130578,-0.086784,-0.065217,-0.050392,-0.029135,-0.028020,-0.026333,-0.024181,-0.003032,0.149561,1.086019
1980-09-26,0.000000,Training,-0.129377,-0.085138,-0.063441,-0.049721,-0.028072,-0.027934,-0.025748,-0.022634,-0.001835,0.149641,1.088404
1980-09-27,0.000000,Training,-0.129230,-0.082490,-0.062246,-0.050094,-0.025806,-0.028433,-0.023418,-0.016941,0.003786,0.152768,1.100519
1980-09-28,0.000000,Training,-0.174996,-0.088128,-0.068114,-0.051396,-0.025412,-0.034615,-0.027340,-0.022280,0.030072,0.199033,1.301818
1980-09-29,0.000000,Training,-0.132772,-0.087658,-0.066392,-0.050031,-0.028274,-0.021364,-0.018204,-0.007886,0.022536,0.186690,1.175146
1980-09-30,0.000000,Training,-0.131525,-0.088991,-0.064367,-0.048292,-0.028597,-0.020260,-0.018993,-0.010681,0.020321,0.184314,1.159673
1980-10-01,0.000000,Training,-0.133062,-0.087708,-0.064233,-0.047146,-0.028486,-0.021600,-0.023130,-0.017637,0.010169,0.168753,1.123291
1980-10-02,0.000000,Training,-0.131032,-0.086165,-0.060632,-0.044554,-0.026711,-0.019893,-0.022196,-0.015960,0.010694,0.168803,1.122547
1980-10-03,0.000000,Training,-0.143468,-0.081115,-0.059899,-0.043985,-0.025047,-0.023247,-0.024014,-0.016469,0.020735,0.181945,1.196680
1980-10-04,0.000000,Training,-0.292176,-0.155635,-0.135905,-0.084848,-0.048315,-0.026512,-0.012105,0.016333,0.115579,0.368280,1.748645
1980-10-05,0.000000,Training,-0.152936,-0.101411,-0.087118,-0.056680,-0.027958,0.005445,0.018303,0.057747,0.137639,0.364789,1.601656
1980-10-06,0.000000,Training,-0.156261,-0.092558,-0.075464,-0.050930,-0.028258,-0.001072,0.006235,0.034686,0.111796,0.316648,1.510524
1980-10-07,0.000000,Training,-0.142076,-0.086263,-0.070460,-0.055913,-0.029950,-0.020102,-0.012258,0.009607,0.054779,0.223240,1.270082
1980-10-08,0.000000,Training,-0.148363,-0.082685,-0.065508,-0.052213,-0.025226,-0.022674,-0.014565,0.008385,0.060390,0.227224,1.303134
1980-10-09,0.000000,Training,-0.152054,-0.098313,-0.078187,-0.067871,-0.029949,-0.039661,-0.025179,0.003276,0.052800,0.209437,1.231908
1980-10-10,0.000000,Training,-0.142350,-0.084712,-0.065208,-0.055301,-0.025791,-0.026015,-0.015595,0.009702,0.057476,0.218759,1.267172
1980-10-11,0.000000,Training,-0.151853,-0.083956,-0.064642,-0.053372,-0.023190,-0.026367,-0.016155,0.010354,0.067407,0.231467,1.318663
1980-10-12,0.000000,Training,-0.159470,-0.106491,-0.083304,-0.072229,-0.033169,-0.043171,-0.028679,0.003283,0.056138,0.215255,1.236691
1980-10-13,0.000000,Training,-0.147815,-0.088574,-0.068217,-0.058268,-0.025773,-0.027002,-0.015044,0.015574,0.070259,0.233418,1.297981
1980-10-14,0.000000,Training,-0.152967,-0.097258,-0.075522,-0.065935,-0.028845,-0.034857,-0.021060,0.011551,0.065866,0.225218,1.263588
1980-10-15,0.000000,Training,-0.356116,-0.179594,-0.166224,-0.040853,0.037769,0.084010,0.125750,0.261342,0.594353,1.035599,3.534161
1980-10-16,0.000000,Training,-0.297029,-0.177209,-0.181191,-0.085900,0.015820,0.048051,0.163296,0.338054,0.851201,1.428838,4.743126
1980-10-17,0.000000,Training,-0.248958,-0.142103,-0.130559,-0.064623,0.001962,0.046920,0.111935,0.249873,0.611148,0.998731,3.380304
1980-10-18,0.000000,Training,-0.206220,-0.122070,-0.107106,-0.067509,-0.019947,0.026776,0.062280,0.160726,0.371667,0.639045,2.275986
1980-10-19,0.000000,Training,-0.186617,-0.097811,-0.083243,-0.057628,-0.020032,0.024538,0.048239,0.127590,0.292253,0.525948,1.996979
1980-10-20,0.000000,Training,-0.159051,-0.076343,-0.062535,-0.045905,-0.017164,0.026291,0.041881,0.106551,0.231730,0.443620,1.802608
1980-10-21,0.000000,Training,-0.145362,-0.070485,-0.053431,-0.040439,-0.021649,0.023967,0.031104,0.083852,0.185381,0.392072,1.675935
1980-10-22,0.000000,Training,-0.137597,-0.068692,-0.050046,-0.038670,-0.023608,0.020933,0.026795,0.074503,0.171491,0.376860,1.641148
1980-10-23,0.016220,Training,-0.189879,-0.076948,-0.055410,-0.041296,-0.018620,0.011234,0.019044,0.067580,0.193564,0.414586,1.850796
1980-10-24,0.016220,Training,-0.190016,-0.080259,-0.061565,-0.041629,-0.017453,0.024558,0.035450,0.095956,0.244656,0.498250,2.067330
1980-10-25,0.016220,Training,-0.158359,-0.095690,-0.074757,-0.057096,-0.019298,0.015800,0.033938,0.107194,0.229408,0.455525,1.796113
1980-10-26,0.016220,Training,-0.142227,-0.073429,-0.054875,-0.041423,-0.016534,0.025842,0.033495,0.092753,0.191379,0.400072,1.672549
1980-10-27,0.032440,Training,-0.138119,-0.068376,-0.049847,-0.038358,-0.016898,0.021515,0.024503,0.075961,0.159471,0.354224,1.564429
1980-10-28,0.016220,Training,-0.133698,-0.066404,-0.045162,-0.034779,-0.016923,0.023348,0.023699,0.072556,0.152314,0.347723,1.549815
1980-10-29,0.016220,Training,-0.129093,-0.063826,-0.041009,-0.031647,-0.015321,0.024285,0.023487,0.070646,0.148201,0.342639,1.537664
1980-10-30,0.016220,Training,-0.134805,-0.061423,-0.038570,-0.028726,-0.011049,0.022653,0.023379,0.071912,0.157643,0.352681,1.586744
1980-10-31,0.016220,Training,-0.127682,-0.064508,-0.040622,-0.032086,-0.013700,0.019709,0.021744,0.069783,0.149567,0.342275,1.544366
1980-11-01,0.048660,Training,-0.130238,-0.067086,-0.043075,-0.034838,-0.014430,0.014105,0.018981,0.067630,0.152515,0.344106,1.555897
1980-11-02,0.016220,Training,-0.291305,-0.140673,-0.122475,-0.076955,-0.036104,0.007179,0.035397,0.121632,0.347839,0.671116,2.622887
1980-11-03,0.016220,Training,-0.420734,-0.263754,-0.255621,-0.099083,-0.003300,0.063951,0.167833,0.421418,1.214270,2.058400,6.851409
1980-11-04,0.016220,Training,-0.336477,-0.167258,-0.161823,-0.028465,0.095787,0.172444,0.344090,0.672718,1.680037,2.697184,8.765827
1980-11-05,0.016220,Training,-0.271659,-0.144356,-0.118169,-0.034764,0.035064,0.120448,0.206373,0.430795,1.011910,1.502784,4.714507
1980-11-06,0.016220,Training,-0.346548,-0.137013,-0.119700,-0.037611,0.031170,0.117169,0.215714,0.441381,1.152458,1.782554,6.002013
1980-11-07,0.016220,Training,-0.293494,-0.054679,-0.038445,0.069130,0.154595,0.295422,0.432820,0.757636,1.807453,2.746437,8.740879
1980-11-08,0.016220,Training,-0.699491,-0.477202,-0.379770,-0.041764,0.169730,0.489173,0.766291,1.854726,5.722411,10.447694,30.608423
1980-11-09,0.016220,Training,-0.665061,-0.384838,-0.201247,0.143617,0.502603,0.880576,1.482680,3.108829,8.595864,15.120599,41.782291
1980-11-10,0.016220,Training,-0.524773,-0.232921,-0.123533,0.097885,0.278626,0.503051,0.828744,1.621252,4.246662,6.807121,19.700571
1980-11-11,0.016220,Training,-0.790256,-0.540857,-0.388759,0.023308,0.413382,1.002492,1.558975,3.596853,11.010655,21.011122,60.259869
1980-11-12,0.016220,Training,-0.845953,-0.555471,-0.243896,0.433879,1.449186,2.336487,3.945536,8.520986,22.659004,40.482468,102.707039
1980-11-13,0.016220,Training,-0.620209,-0.254467,-0.008802,0.443871,0.860703,1.358369,1.991530,3.670406,8.006666,12.016191,28.322168
1980-11-14,0.016220,Training,-0.466957,-0.121294,0.008343,0.261540,0.409492,0.699866,0.986567,1.691203,3.482766,4.935647,12.337740
1980-11-15,0.016220,Training,-0.424497,-0.097170,0.001041,0.220749,0.324525,0.566504,0.786614,1.305580,2.617577,3.638777,9.251258
1980-11-16,0.016220,Training,-0.378305,-0.090190,-0.010334,0.167233,0.237001,0.438073,0.602568,0.983945,1.938994,2.682324,6.970259
1980-11-17,0.016220,Training,-0.363466,-0.091845,-0.024411,0.139225,0.201551,0.384973,0.531077,0.855708,1.679230,2.326089,6.181901
1980-11-18,0.016220,Training,-0.361396,-0.084470,-0.026513,0.132662,0.189175,0.385734,0.530656,0.818077,1.603508,2.207731,6.132992
1980-11-19,0.016220,Training,-0.379413,-0.121467,-0.058890,0.102420,0.177861,0.349515,0.502834,0.778542,1.523136,2.072098,5.598236
1980-11-20,0.032440,Training,-0.525059,-0.182584,-0.085105,0.169847,0.306866,0.519489,0.750138,1.145155,2.434879,3.330821,9.243469
1980-11-21,0.048660,Training,-0.455129,-0.188954,-0.115821,0.086962,0.195205,0.382414,0.576192,0.923646,1.940470,2.685432,7.240701
1980-11-22,0.032440,Training,-0.388148,-0.184989,-0.132445,0.012286,0.083363,0.232053,0.370836,0.636092,1.371214,1.951243,5.363461
1980-11-23,0.016220,Training,-0.358579,-0.158605,-0.113463,0.016109,0.073943,0.216970,0.340989,0.575566,1.232025,1.740510,4.904722
1980-11-24,0.016220,Training,-0.391038,-0.185691,-0.141865,-0.001104,0.070015,0.195076,0.321524,0.536410,1.150225,1.610177,4.512235
1980-11-25,0.016220,Training,-0.367664,-0.175553,-0.140986,-0.018547,0.038082,0.143480,0.246652,0.427806,0.967824,1.398727,4.107636
1980-11-26,0.016220,Training,-0.370489,-0.203442,-0.163083,-0.048100,0.009439,0.085222,0.172921,0.333195,0.788702,1.172667,3.465986
1980-11-27,0.016220,Training,-0.313642,-0.196111,-0.160621,-0.087182,-0.040497,0.010026,0.065675,0.192169,0.505434,0.783031,2.589719
1980-11-28,0.016220,Training,-0.289330,-0.182927,-0.149011,-0.085640,-0.039801,-0.000230,0.048143,0.160214,0.435260,0.690268,2.384897
1980-11-29,0.016220,Training,-0.274572,-0.175416,-0.140604,-0.082072,-0.036426,-0.003999,0.041849,0.143104,0.398472,0.642177,2.273236
1980-11-30,0.016220,Training,-0.242434,-0.159474,-0.126826,-0.085267,-0.041505,-0.018647,0.011268,0.105113,0.307306,0.523669,2.002367
1980-12-01,0.016220,Training,-0.236347,-0.168753,-0.151988,-0.123375,-0.083201,-0.063282,-0.048350,0.037937,0.196521,0.402054,1.759183
1980-12-02,0.016220,Training,-0.236174,-0.189369,-0.174020,-0.146497,-0.101747,-0.088262,-0.073087,0.007577,0.160455,0.365871,1.688500
1980-12-03,0.016220,Training,-0.236110,-0.164391,-0.145955,-0.116565,-0.076210,-0.056524,-0.040028,0.050653,0.215261,0.420245,1.805701
1980-12-04,0.016220,Training,-0.229865,-0.153474,-0.123300,-0.088403,-0.043117,-0.024648,0.000470,0.097529,0.285098,0.493145,1.953660
1980-12-05,0.016220,Training,-0.236266,-0.166190,-0.147925,-0.116539,-0.075438,-0.053081,-0.034089,0.062182,0.239572,0.455019,1.895684
1980-12-06,0.016220,Training,-0.233533,-0.172633,-0.156743,-0.126821,-0.085601,-0.066249,-0.047748,0.043752,0.216693,0.432001,1.858569
1980-12-07,0.016220,Training,-0.231708,-0.167618,-0.150828,-0.121229,-0.079594,-0.060899,-0.041467,0.051855,0.226492,0.440905,1.877738
1980-12-08,0.016220,Training,-0.226109,-0.152299,-0.123435,-0.089054,-0.041864,-0.024244,0.004200,0.106994,0.306906,0.523674,2.047452
1980-12-09,0.016220,Training,-0.203099,-0.137903,-0.099565,-0.065703,-0.012592,-0.002369,0.033098,0.125374,0.326006,0.543446,2.070946
1980-12-10,0.016220,Training,-0.197113,-0.133312,-0.094712,-0.061802,-0.008082,0.001579,0.037777,0.128686,0.329405,0.550326,2.084731
1980-12-11,0.016220,Training,-0.179482,-0.118066,-0.081175,-0.049831,0.004486,0.012884,0.049635,0.139356,0.335072,0.568469,2.110584
1980-12-12,0.016220,Training,-0.177361,-0.115807,-0.078963,-0.049239,0.005938,0.012456,0.049438,0.137698,0.331531,0.562597,2.096684
1980-12-13,0.016220,Training,-0.177787,-0.115824,-0.078870,-0.050420,0.005828,0.010099,0.047707,0.134891,0.328714,0.554788,2.086116
1980-12-14,0.016220,Training,-0.173514,-0.111603,-0.075565,-0.047995,0.008802,0.012280,0.050883,0.138310,0.332536,0.561578,2.103222
1980-12-15,0.016220,Training,-0.196290,-0.104242,-0.069547,-0.035967,0.019526,0.021323,0.061507,0.154772,0.393611,0.657041,2.440741
1980-12-16,0.016220,Training,-0.185107,-0.122709,-0.087330,-0.057754,-0.000716,0.005120,0.046093,0.140124,0.349411,0.576207,2.173543
1980-12-17,0.016220,Training,-0.175903,-0.113968,-0.078330,-0.049371,0.009089,0.014679,0.057660,0.150923,0.362420,0.601298,2.211837
1980-12-18,0.016220,Training,-0.171836,-0.105996,-0.074109,-0.043491,0.014899,0.020793,0.063656,0.158271,0.375253,0.624635,2.265947
1980-12-19,0.032440,Training,-0.166104,-0.090542,-0.061364,-0.030264,0.025465,0.032738,0.075389,0.173770,0.401460,0.667324,2.406660
1980-12-20,0.032440,Training,-0.223123,-0.093346,-0.067499,-0.029125,0.033819,0.046376,0.106935,0.225713,0.555508,0.902805,3.270853
1980-12-21,0.032440,Training,-0.153033,-0.089201,-0.063892,-0.028587,0.032095,0.056793,0.114099,0.239973,0.515448,0.836079,2.828398
1980-12-22,0.032440,Training,-0.176882,-0.111598,-0.078472,-0.045006,0.017431,0.036055,0.090134,0.207431,0.472807,0.770199,2.606945
1980-12-23,0.032440,Training,-0.170575,-0.101556,-0.073427,-0.041966,0.018451,0.032831,0.083739,0.194140,0.446926,0.727136,2.509304
1980-12-24,0.032440,Training,-0.166703,-0.097480,-0.067717,-0.039318,0.021188,0.035569,0.086251,0.197950,0.446045,0.726492,2.499677
1980-12-25,0.032440,Training,-0.171077,-0.100425,-0.068943,-0.041261,0.020761,0.034416,0.086764,0.200195,0.453925,0.733200,2.514557
1980-12-26,0.032440,Training,-0.178318,-0.105792,-0.072757,-0.045236,0.018761,0.032105,0.086777,0.202548,0.465464,0.741643,2.538872
1980-12-27,0.032440,Training,-0.190191,-0.111824,-0.078222,-0.049180,0.015479,0.029528,0.085611,0.205939,0.484369,0.760371,2.607363
1980-12-28,0.016220,Training,-0.205300,-0.125989,-0.101234,-0.073564,-0.013259,0.007202,0.055681,0.186568,0.455590,0.722606,2.536402
1980-12-29,0.016220,Training,-0.211279,-0.131316,-0.111386,-0.084292,-0.025127,-0.001489,0.044762,0.181383,0.452090,0.723676,2.553138
1980-12-30,0.016220,Training,-0.193849,-0.118704,-0.084858,-0.053975,0.013544,0.032647,0.093493,0.226744,0.527987,0.816156,2.736406
1980-12-31,0.016220,Training,-0.191106,-0.116724,-0.081959,-0.050702,0.017463,0.039538,0.102074,0.238653,0.549168,0.849603,2.804960
1981-01-01,0.016220,Training,-0.202879,-0.125833,-0.093749,-0.062166,0.003425,0.029782,0.089296,0.233656,0.549135,0.844038,2.814173
1981-01-02,0.016220,Training,-0.205872,-0.126447,-0.094103,-0.061672,0.004836,0.037832,0.101075,0.256295,0.597705,0.908918,2.979151
1981-01-03,0.016220,Training,-0.200703,-0.126243,-0.095064,-0.064076,0.000835,0.026373,0.084076,0.227791,0.536006,0.825481,2.771934
1981-01-04,0.016220,Training,-0.203714,-0.128347,-0.098375,-0.067106,-0.002280,0.026704,0.084758,0.234504,0.551978,0.847880,2.831059
1981-01-05,0.016220,Training,-0.201566,-0.127077,-0.094639,-0.062404,0.004154,0.034535,0.096358,0.249169,0.580773,0.885267,2.916097
1981-01-06,0.016220,Training,-0.181038,-0.110467,-0.075338,-0.042637,0.026951,0.058454,0.126536,0.280194,0.624121,0.959875,3.057914
1981-01-07,0.016220,Training,-0.189468,-0.115031,-0.077777,-0.043536,0.026456,0.066448,0.139648,0.306600,0.682234,1.038671,3.240267
1981-01-08,0.016220,Training,-0.165434,-0.101712,-0.067049,-0.038104,0.029989,0.048139,0.107311,0.237773,0.520734,0.815043,2.682053
1981-01-09,0.016220,Training,-0.165784,-0.101823,-0.066954,-0.038708,0.029503,0.047528,0.106657,0.236572,0.519229,0.810881,2.671192
1981-01-10,0.016220,Training,-0.184093,-0.116131,-0.085023,-0.056952,0.008137,0.028825,0.082877,0.217808,0.498592,0.772150,2.610371
1981-01-11,0.016220,Training,-0.200015,-0.152150,-0.146084,-0.125505,-0.065813,-0.046115,-0.006048,0.119544,0.366695,0.640162,2.376971
1981-01-12,0.016220,Training,-0.200464,-0.143591,-0.135245,-0.113605,-0.054837,-0.029862,0.011595,0.147206,0.404745,0.680354,2.463554
1981-01-13,0.016220,Training,-0.198130,-0.128789,-0.107028,-0.079250,-0.016634,0.012807,0.062043,0.212507,0.502324,0.785380,2.676816
1981-01-14,0.016220,Training,-0.204164,-0.138897,-0.125382,-0.099156,-0.038963,-0.004885,0.040759,0.194363,0.484054,0.776406,2.680323
1981-01-15,0.016220,Training,-0.177530,-0.113267,-0.076740,-0.043345,0.028217,0.057755,0.124264,0.277439,0.616152,0.936109,2.997921
1981-01-16,0.016220,Training,-0.148535,-0.087839,-0.058001,-0.025924,0.041781,0.077152,0.141837,0.298022,0.626644,0.979289,3.071977
1981-01-17,0.016220,Training,-0.167988,-0.105828,-0.069400,-0.038928,0.031118,0.061827,0.126869,0.275633,0.603967,0.924568,2.935817
1981-01-18,0.016220,Training,-0.164688,-0.102877,-0.067122,-0.037715,0.032249,0.061701,0.126263,0.273481,0.596858,0.913303,2.907945
1981-01-19,0.016220,Training,-0.164556,-0.102279,-0.066364,-0.037826,0.032377,0.062083,0.126502,0.273285,0.595688,0.909972,2.893686
1981-01-20,0.016220,Training,-0.144776,-0.084652,-0.053869,-0.025582,0.042315,0.074957,0.138636,0.288753,0.605494,0.944858,2.957656
1981-01-21,0.016220,Training,-0.118668,-0.059634,-0.037043,-0.012647,0.050764,0.088217,0.150943,0.299078,0.606630,0.949487,2.996508
1981-01-22,0.016220,Training,-0.118982,-0.060709,-0.037605,-0.013799,0.049165,0.083874,0.145669,0.290121,0.591396,0.929574,2.936906
1981-01-23,0.016220,Training,-0.117964,-0.060284,-0.037040,-0.014049,0.048860,0.081428,0.142934,0.284945,0.581534,0.915961,2.897094
1981-01-24,0.016220,Training,-0.119263,-0.061483,-0.037091,-0.014444,0.049171,0.080980,0.143022,0.284942,0.581012,0.915746,2.882748
1981-01-25,0.016220,Training,-0.125059,-0.067025,-0.040449,-0.017063,0.047750,0.078437,0.140951,0.282921,0.581043,0.915390,2.865965
1981-01-26,0.016220,Training,-0.128920,-0.070650,-0.042644,-0.018890,0.047085,0.077554,0.140965,0.283373,0.584590,0.918283,2.862302
1981-01-27,0.016220,Training,-0.119445,-0.060392,-0.036292,-0.013196,0.051353,0.084740,0.148370,0.292869,0.595693,0.936815,2.917742
1981-01-28,0.016220,Training,-0.128262,-0.052693,-0.030844,-0.005143,0.057809,0.092368,0.156743,0.305673,0.636119,0.996838,3.127925
1981-01-29,0.016220,Training,-0.132678,-0.047083,-0.027225,-0.000135,0.062006,0.098903,0.165627,0.319833,0.675686,1.055135,3.325640
1981-01-30,0.016220,Training,-0.144969,-0.050849,-0.030006,-0.000471,0.063464,0.102844,0.174410,0.337543,0.726083,1.131841,3.541016
1981-01-31,0.016220,Training,-0.237704,-0.095469,-0.064868,-0.021496,0.058712,0.099284,0.195363,0.395645,0.933480,1.458821,4.542681
1981-02-01,0.016220,Training,-0.153065,-0.088864,-0.059656,-0.021250,0.054990,0.111555,0.200272,0.396344,0.835553,1.284429,3.707118
1981-02-02,0.016220,Training,-0.172653,-0.098966,-0.063808,-0.027103,0.051415,0.108335,0.198412,0.391981,0.839543,1.263979,3.633564
1981-02-03,0.016220,Training,-0.173145,-0.098556,-0.062953,-0.029980,0.048472,0.096905,0.182631,0.366065,0.783590,1.170043,3.409049
1981-02-04,0.016220,Training,-0.182632,-0.082218,-0.048397,-0.012284,0.063004,0.112246,0.197502,0.391918,0.850817,1.295369,3.802959
1981-02-05,0.016220,Training,-0.152692,-0.082719,-0.049084,-0.019155,0.056135,0.106705,0.190258,0.375808,0.779963,1.187487,3.429565
1981-02-06,0.016220,Training,-0.133680,-0.064071,-0.037680,-0.010211,0.060653,0.115287,0.197342,0.382805,0.778865,1.195781,3.470313
1981-02-07,0.016220,Training,-0.114602,-0.044412,-0.025110,-0.001151,0.065668,0.123074,0.203380,0.383987,0.768278,1.173598,3.455411
1981-02-08,0.016220,Training,-0.111674,-0.043228,-0.022972,-0.000782,0.065236,0.119502,0.198080,0.373708,0.746567,1.143843,3.373898
1981-02-09,0.016220,Training,-0.171729,-0.067445,-0.033834,-0.001009,0.071107,0.118693,0.204001,0.394073,0.850297,1.294516,3.788697
1981-02-10,0.016220,Training,-0.155623,-0.081624,-0.043483,-0.015744,0.060259,0.110040,0.196784,0.379702,0.795554,1.182334,3.404925
1981-02-11,0.016220,Training,-0.169296,-0.091363,-0.052659,-0.022872,0.053339,0.108493,0.196323,0.388023,0.821325,1.206876,3.460343
1981-02-12,0.016220,Training,-0.188926,-0.103704,-0.077716,-0.048101,0.023560,0.084927,0.162371,0.367005,0.792018,1.169555,3.404667
1981-02-13,0.016220,Training,-0.183418,-0.101248,-0.067008,-0.035799,0.039693,0.099570,0.183663,0.387655,0.830634,1.214923,3.487656
1981-02-14,0.016220,Training,-0.159857,-0.074371,-0.037637,-0.004383,0.073727,0.133486,0.225445,0.431598,0.902333,1.352059,3.794901
1981-02-15,0.016220,Training,-0.136039,-0.063816,-0.032418,-0.002903,0.071410,0.132940,0.221701,0.423164,0.860848,1.304402,3.652113
1981-02-16,0.016220,Training,-0.131624,-0.061306,-0.030964,-0.002951,0.069203,0.127953,0.214508,0.409103,0.832234,1.264711,3.565276
1981-02-17,0.016220,Training,-0.141901,-0.071928,-0.036537,-0.009330,0.065036,0.117947,0.204783,0.391128,0.808433,1.214896,3.441672
1981-02-18,0.016220,Training,-0.165061,-0.075366,-0.036388,-0.004861,0.070393,0.122619,0.213646,0.408630,0.869647,1.303412,3.703760
1981-02-19,0.016220,Training,-0.143413,-0.084930,-0.048975,-0.024686,0.049384,0.084457,0.161264,0.315865,0.674133,1.021793,3.029455
1981-02-20,0.016220,Training,-0.155180,-0.096628,-0.061216,-0.036200,0.037014,0.074006,0.149223,0.306923,0.666324,0.998887,2.982977
1981-02-21,0.016220,Training,-0.149577,-0.092254,-0.055879,-0.030615,0.044636,0.081049,0.158667,0.316008,0.679700,1.020165,3.016563
1981-02-22,0.016220,Training,-0.160832,-0.080119,-0.044305,-0.014619,0.060269,0.098684,0.179798,0.348339,0.761600,1.156587,3.397067
1981-02-23,0.016220,Training,-0.142736,-0.090608,-0.054101,-0.029779,0.044817,0.079461,0.156579,0.309778,0.665324,1.008609,2.983058
1981-02-24,0.016220,Training,-0.131402,-0.081182,-0.047521,-0.024005,0.048862,0.084885,0.161090,0.314850,0.664829,1.023713,3.004743
1981-02-25,0.016220,Training,-0.116872,-0.068229,-0.040946,-0.018365,0.051390,0.088610,0.162249,0.316293,0.655173,1.022810,3.004710
1981-02-26,0.016220,Training,-0.345540,-0.155207,-0.108073,-0.035092,0.074985,0.133736,0.267799,0.540607,1.283009,1.985848,5.881659
1981-02-27,0.016220,Training,-0.570652,-0.339658,-0.271311,-0.063155,0.155361,0.394605,0.727287,1.672730,4.537792,7.612090,22.305071
1981-02-28,0.016220,Training,-0.620974,-0.377034,-0.251783,0.039511,0.356185,0.691319,1.220817,2.724805,7.449902,12.954934,34.124413
1981-03-01,0.016220,Training,-0.418957,-0.222696,-0.082301,0.136603,0.357138,0.638842,1.014285,2.031887,4.562133,6.942779,15.443233
1981-03-02,0.016220,Training,-0.331393,-0.135845,-0.026708,0.121568,0.273325,0.490771,0.760210,1.449743,3.028077,4.440775,10.023377
1981-03-03,0.016220,Training,-0.255450,-0.095302,-0.015981,0.082590,0.188507,0.343416,0.535866,1.006694,2.034930,2.961862,6.966663
1981-03-04,0.016220,Training,-0.195281,-0.054112,0.006483,0.077041,0.158593,0.294209,0.452833,0.834665,1.632022,2.394683,5.850769
1981-03-05,0.016220,Training,-0.405733,-0.153139,-0.077884,0.041667,0.160456,0.312677,0.516102,1.008492,2.272962,3.539970,9.139441
1981-03-06,0.016220,Training,-0.285941,-0.082250,-0.023253,0.080649,0.165607,0.325059,0.501855,0.936553,2.020073,3.105922,8.003295
1981-03-07,0.016220,Training,-0.174319,-0.037827,0.004210,0.076449,0.135749,0.295216,0.441801,0.791704,1.566789,2.369466,6.005963
1981-03-08,0.016220,Training,-0.179240,-0.039733,-0.001706,0.068244,0.125130,0.270312,0.409195,0.734372,1.445297,2.163963,5.520814
1981-03-09,0.016220,Training,-0.135465,-0.015409,0.014034,0.068448,0.110554,0.247768,0.362560,0.633776,1.216186,1.828525,4.802187
1981-03-10,0.016220,Training,-0.111317,-0.002889,0.027024,0.070766,0.101657,0.232651,0.326449,0.557204,1.056375,1.607939,4.364493
1981-03-11,0.016220,Training,-0.092676,0.002017,0.028222,0.062217,0.092950,0.209281,0.298253,0.508543,0.965362,1.477250,4.076637
1981-03-12,0.016220,Training,-0.129793,-0.001952,0.023771,0.058599,0.100152,0.195128,0.299398,0.527988,1.082033,1.650154,4.632612
1981-03-13,0.016220,Training,-0.098605,-0.020802,0.007266,0.031213,0.086433,0.160847,0.264530,0.475299,0.936107,1.416650,3.875818
1981-03-14,0.016220,Training,-0.136873,-0.042969,-0.004393,0.028202,0.088222,0.157188,0.261982,0.479946,0.978595,1.485452,4.008121
1981-03-15,0.016220,Training,-0.138810,-0.055440,-0.011004,0.021115,0.088019,0.154949,0.261755,0.475969,0.951496,1.417137,3.766434
1981-03-16,0.016220,Training,-0.138081,-0.045936,-0.003026,0.035900,0.102091,0.180355,0.292779,0.530069,1.023132,1.526762,3.959434
1981-03-17,0.016220,Training,-0.121522,-0.055333,-0.024531,0.001517,0.065429,0.120026,0.212749,0.397605,0.794516,1.221668,3.369457
1981-03-18,0.016220,Training,-0.095033,-0.044314,-0.024255,-0.006898,0.054140,0.096711,0.174355,0.328879,0.671552,1.053706,3.069328
1981-03-19,0.016220,Training,-0.079177,-0.027822,-0.016474,-0.003048,0.053583,0.086266,0.153812,0.284910,0.594466,0.947787,2.920469
1981-03-20,0.016220,Training,-0.183846,-0.058408,-0.040007,-0.014547,0.053799,0.078065,0.166106,0.319886,0.770522,1.232554,3.880837
1981-03-21,0.016220,Training,-0.095917,-0.035949,-0.022436,-0.002544,0.057277,0.095468,0.171465,0.321585,0.685879,1.086008,3.267067
1981-03-22,0.016220,Training,-0.195487,-0.054459,-0.042161,-0.011939,0.052707,0.098883,0.198030,0.371760,0.899034,1.444895,4.535917
1981-03-23,0.016220,Training,-0.099435,-0.021706,-0.017081,0.010463,0.058864,0.127785,0.209094,0.379252,0.809687,1.279845,3.815323
1981-03-24,0.016220,Training,-0.059860,-0.019474,-0.015571,0.000633,0.045132,0.108561,0.173858,0.309395,0.626174,1.012367,3.062274
1981-03-25,0.016220,Training,-0.069335,-0.030156,-0.024470,-0.012290,0.041351,0.081068,0.148348,0.273602,0.567669,0.913509,2.823115
1981-03-26,0.016220,Training,-0.056851,-0.019480,-0.014108,-0.005759,0.044899,0.083687,0.147096,0.266842,0.540834,0.873368,2.733013
1981-03-27,0.016220,Training,-0.292754,-0.113538,-0.083691,-0.030424,0.059237,0.096493,0.207991,0.412759,0.974446,1.548197,4.738624
1981-03-28,0.016220,Training,-0.589415,-0.360887,-0.281747,-0.073063,0.156640,0.386708,0.668793,1.551046,4.088134,6.762403,18.363394
1981-03-29,0.048660,Training,-0.787733,-0.599617,-0.460371,-0.109897,0.364912,0.802969,1.462886,3.692483,10.690354,19.992075,44.512997
1981-03-30,0.048660,Training,-0.679768,-0.405777,-0.212788,0.179358,0.656167,1.106285,1.810238,3.835300,9.740291,16.550026,37.308117
1981-03-31,0.632575,Training,-0.392580,-0.144082,-0.000666,0.226624,0.459145,0.781984,1.156169,2.187649,4.502669,6.778240,14.183204
1981-04-01,0.616355,Training,-0.842136,-0.598216,-0.363211,0.182007,1.045241,1.888576,2.817918,6.555523,15.958667,26.884377,47.305565
1981-04-02,5.028160,Training,-0.721862,-0.381800,-0.083789,0.564551,1.457551,2.277212,3.507061,7.127438,17.274582,29.277454,58.356060
1981-04-03,2.952016,Training,-0.545113,-0.199773,0.032426,0.465496,0.917861,1.449264,2.036883,3.831174,8.075369,12.548282,24.780487
1981-04-04,1.605767,Training,-0.294493,-0.042601,0.059973,0.236890,0.398958,0.665342,0.941527,1.690953,3.210547,4.717820,10.247089
1981-04-05,1.119171,Training,-0.188244,0.002132,0.060240,0.155769,0.238204,0.417097,0.599326,1.032395,1.899341,2.743800,6.547965
1981-04-06,0.892093,Training,-0.273141,-0.040664,0.024375,0.128219,0.216639,0.362506,0.537288,0.945556,1.895560,2.801414,6.960958
1981-04-07,0.713674,Training,-0.174401,-0.013931,0.032986,0.102622,0.165538,0.294468,0.437051,0.742781,1.381709,2.013090,5.064600
1981-04-08,0.437937,Training,-0.126104,-0.006382,0.028671,0.072177,0.117683,0.230667,0.346528,0.580158,1.067710,1.588717,4.169148
1981-04-09,0.324397,Training,-0.671446,-0.374267,-0.269853,0.016820,0.286202,0.626036,0.912300,1.970158,4.634691,7.453854,18.135778
1981-04-10,0.308178,Training,-0.874785,-0.651695,-0.440148,0.278303,1.431947,2.798857,4.274824,10.928429,28.412437,54.312874,107.912392
1981-04-11,0.616355,Training,-0.631006,-0.293474,-0.047328,0.552382,1.200060,1.919788,2.839020,5.518034,12.433291,20.279739,42.322006
1981-04-12,0.470376,Training,-0.747199,-0.445771,-0.285596,0.120420,0.569016,1.030985,1.624665,3.276314,7.571179,12.782867,27.742990
1981-04-13,0.437937,Training,-0.805448,-0.521600,-0.353063,0.120993,0.679603,1.208688,1.845322,3.761843,8.549803,14.398294,28.327482
1981-04-14,0.713674,Training,-0.570927,-0.222830,-0.032484,0.462199,0.908744,1.395450,1.904833,3.261166,6.184115,9.334564,17.461945
1981-04-15,0.535256,Training,-0.461359,-0.156427,-0.031741,0.276219,0.510690,0.811192,1.114579,1.872813,3.374834,4.902591,9.839130
1981-04-16,0.421717,Training,-0.456957,-0.173707,-0.070256,0.164370,0.331627,0.533333,0.766028,1.338214,2.636145,3.906973,8.552384
1981-04-17,0.340617,Training,-0.305434,-0.096595,-0.033502,0.096845,0.190899,0.338732,0.509797,0.882877,1.700033,2.486756,5.964074
1981-04-18,0.275738,Training,-0.235810,-0.068713,-0.019816,0.070390,0.138577,0.266216,0.410035,0.698498,1.318757,1.938878,4.845331
1981-04-19,0.243298,Training,-0.229364,-0.066075,-0.023399,0.066880,0.129931,0.251385,0.387204,0.645712,1.197263,1.752702,4.400298
1981-04-20,0.227078,Training,-0.182679,-0.061790,-0.024014,0.029138,0.091517,0.170771,0.289351,0.506256,0.972038,1.442661,3.790146
1981-04-21,0.178419,Training,-0.187059,-0.077563,-0.030927,0.015153,0.079735,0.138332,0.245687,0.445645,0.883441,1.333467,3.539061
1981-04-22,0.145979,Training,-0.358478,-0.162759,-0.099134,-0.023587,0.068528,0.123074,0.263452,0.518203,1.219877,1.891608,5.138752
1981-04-23,0.129759,Training,-0.222342,-0.098889,-0.048836,0.013579,0.086238,0.154130,0.276348,0.515942,1.067294,1.631127,4.269633
1981-04-24,0.113539,Training,-0.195402,-0.088613,-0.047783,0.008364,0.077973,0.151086,0.272305,0.494866,0.981330,1.488293,3.884616
1981-04-25,0.097319,Training,-0.276180,-0.120734,-0.072517,0.001587,0.073695,0.134216,0.255746,0.483492,1.068790,1.638276,4.357448
1981-04-26,0.081099,Training,-0.242369,-0.123393,-0.066274,0.003877,0.080496,0.141309,0.261138,0.475780,0.947882,1.392880,3.584026
1981-04-27,0.064879,Training,-0.537791,-0.281645,-0.188211,-0.008315,0.145603,0.262715,0.465899,0.908585,2.082716,3.110318,7.520111
1981-04-28,0.081099,Training,-0.364972,-0.189524,-0.111457,0.008501,0.125090,0.221074,0.403016,0.774859,1.759621,2.647219,6.614076
1981-04-29,0.081099,Training,-0.230178,-0.099360,-0.061135,0.002488,0.090013,0.176699,0.315147,0.605887,1.330536,2.038938,5.499503
1981-04-30,0.081099,Training,-0.191291,-0.061497,-0.040467,0.010258,0.073891,0.156511,0.270769,0.502426,1.072383,1.625948,4.619982
1981-05-01,0.097319,Training,-0.121809,-0.039257,-0.027483,-0.000257,0.053290,0.116760,0.198992,0.363130,0.730189,1.128013,3.351596
1981-05-02,0.113539,Training,-0.097554,-0.033233,-0.022657,-0.006938,0.052868,0.096783,0.168928,0.310977,0.613535,0.952961,2.912102
1981-05-03,0.113539,Training,-0.083749,-0.022380,-0.012834,-0.001461,0.055664,0.096248,0.164017,0.296766,0.573897,0.895794,2.785438
1981-05-04,0.097319,Training,-0.081170,-0.020618,-0.008707,0.001208,0.059660,0.094571,0.162221,0.293898,0.565654,0.881720,2.748402
1981-05-05,0.097319,Training,-0.055810,-0.003747,0.000939,0.008917,0.049804,0.097165,0.149762,0.258595,0.490026,0.796726,2.580374
1981-05-06,0.064879,Training,-0.060075,-0.004749,0.000764,0.011451,0.047580,0.098068,0.144439,0.244508,0.465111,0.769718,2.534312
1981-05-07,0.032440,Training,-0.302204,-0.093006,-0.071660,-0.006127,0.079066,0.131431,0.233863,0.445408,0.982261,1.532309,4.857584
1981-05-08,0.032440,Training,-0.335453,-0.146930,-0.116027,-0.040088,0.061278,0.126560,0.262445,0.547477,1.281866,2.067918,6.161145
1981-05-09,0.016220,Training,-0.433181,-0.234792,-0.184942,-0.067698,0.059914,0.171101,0.362866,0.783162,1.995218,3.285419,9.213963
1981-05-10,0.016220,Training,-0.386532,-0.195819,-0.139376,-0.026038,0.093812,0.218411,0.415530,0.860485,2.118205,3.410579,9.129599
1981-05-11,0.032440,Training,-0.270948,-0.099986,-0.068528,0.007366,0.090680,0.200301,0.347117,0.677702,1.552113,2.398307,6.690891
1981-05-12,0.032440,Training,-0.164335,-0.056737,-0.038461,0.009486,0.073850,0.168262,0.277625,0.517591,1.052190,1.580666,4.411263
1981-05-13,0.064879,Training,-0.142623,-0.037543,-0.022764,0.015111,0.070281,0.154490,0.250384,0.457692,0.910765,1.363772,3.909312
1981-05-14,0.081099,Training,-0.129982,-0.031464,-0.015908,0.014668,0.068270,0.138818,0.226178,0.411475,0.810369,1.214739,3.547334
1981-05-15,0.032440,Training,-0.195561,-0.043802,-0.018286,0.021114,0.075886,0.138852,0.233984,0.434092,0.930697,1.410215,4.167562
1981-05-16,0.032440,Training,-0.113879,-0.018353,-0.002725,0.018949,0.069266,0.125267,0.202559,0.364105,0.717534,1.095789,3.318892
1981-05-17,0.016220,Training,-0.133118,-0.016359,-0.001762,0.020770,0.067446,0.118064,0.193348,0.346112,0.722558,1.120600,3.486839
1981-05-18,0.016220,Training,-0.089651,-0.012884,-0.004462,0.011957,0.055950,0.111937,0.179616,0.314374,0.606302,0.946586,2.943391
1981-05-19,0.016220,Training,-0.084822,-0.006350,0.000915,0.015602,0.052936,0.111074,0.172819,0.296542,0.574310,0.911308,2.879277
1981-05-20,0.016220,Training,-0.178574,-0.029684,-0.019496,0.004314,0.051072,0.093503,0.171460,0.308789,0.705584,1.124231,3.670841
1981-05-21,0.016220,Training,-0.122380,-0.022160,-0.008791,0.012584,0.063648,0.104367,0.177422,0.320516,0.658078,1.023364,3.213584
1981-05-22,0.016220,Training,-0.088846,-0.016132,-0.006492,0.008974,0.053757,0.105457,0.172577,0.301315,0.583976,0.922470,2.894253
1981-05-23,0.016220,Training,-0.087711,-0.015779,-0.011838,0.005169,0.040387,0.096223,0.153782,0.264190,0.521649,0.845943,2.724628
1981-05-24,0.016220,Training,-0.097718,-0.020955,-0.013823,0.004130,0.044877,0.094113,0.157167,0.273120,0.537595,0.855919,2.740362
1981-05-25,0.016220,Training,-0.209182,-0.056415,-0.034575,0.002486,0.061524,0.092447,0.180070,0.334356,0.748829,1.159366,3.621070
1981-05-26,0.000000,Training,-0.111063,-0.034189,-0.018880,0.000711,0.058583,0.089783,0.158499,0.290251,0.562812,0.876657,2.764587
1981-05-27,0.000000,Training,-0.087008,-0.020284,-0.010482,0.002583,0.052866,0.084957,0.143127,0.254180,0.491118,0.784968,2.579105
1981-05-28,0.000000,Training,-0.078759,-0.017238,-0.015525,-0.000730,0.036992,0.075465,0.115857,0.197571,0.389988,0.662270,2.307666
1981-05-29,0.000000,Training,-0.084748,-0.021472,-0.015872,-0.000276,0.036595,0.070611,0.105022,0.176191,0.347760,0.604127,2.179205
1981-05-30,0.000000,Training,-0.076762,-0.008179,-0.004924,0.007764,0.043988,0.066698,0.102954,0.176174,0.358949,0.615096,2.245563
1981-05-31,0.000000,Training,-0.065900,-0.006788,-0.003050,0.007400,0.043108,0.064543,0.100252,0.171307,0.341899,0.589390,2.168284
1981-06-01,0.000000,Training,-0.166000,-0.034954,-0.028691,-0.007996,0.034539,0.046091,0.094795,0.172605,0.425837,0.738170,2.767329
1981-06-02,0.000000,Training,-0.075236,-0.008765,-0.003831,0.009023,0.050571,0.065062,0.106813,0.189723,0.383451,0.640494,2.325837
1981-06-03,0.000000,Training,-0.085492,-0.011105,-0.004709,0.009451,0.048336,0.061650,0.101137,0.178260,0.377990,0.639279,2.344373
1981-06-04,0.000000,Training,-0.064461,-0.012489,-0.010980,0.000725,0.034110,0.053559,0.087755,0.152088,0.314706,0.554697,2.088418
1981-06-05,0.000000,Training,-0.065219,-0.015239,-0.012074,-0.000310,0.027007,0.050721,0.078700,0.131804,0.280472,0.517339,2.003325
1981-06-06,0.000000,Training,-0.068443,-0.017011,-0.013105,-0.001043,0.025946,0.048569,0.075654,0.126172,0.272724,0.506143,1.983352
1981-06-07,0.000000,Training,-0.069156,-0.017994,-0.012872,-0.001207,0.025652,0.047737,0.075040,0.125706,0.272519,0.505622,1.982689
1981-06-08,0.000000,Training,-0.065390,-0.014645,-0.008220,0.002704,0.028698,0.048157,0.072475,0.118876,0.253382,0.476847,1.914700
1981-06-09,0.000000,Training,-0.062804,-0.012093,-0.005836,0.004679,0.028679,0.046223,0.069873,0.113966,0.248663,0.471122,1.912847
1981-06-10,0.000000,Training,-0.066333,-0.016070,-0.007679,0.003355,0.026997,0.045530,0.067985,0.108723,0.237590,0.456248,1.875369
1981-06-11,0.000000,Training,-0.085869,-0.024111,-0.009851,0.007205,0.030644,0.051083,0.070241,0.108110,0.237593,0.455757,1.887955
1981-06-12,0.000000,Training,-0.093008,-0.027005,-0.010141,0.010619,0.032680,0.054228,0.070544,0.107724,0.238436,0.457751,1.895908
1981-06-13,0.000000,Training,-0.096334,-0.025359,-0.006245,0.018551,0.036762,0.057885,0.069357,0.102034,0.230558,0.448365,1.886796
1981-06-14,0.000000,Training,-0.091045,-0.028303,-0.006944,0.018299,0.034515,0.056922,0.066346,0.095903,0.215419,0.428745,1.820447
1981-06-15,0.000000,Training,-0.089065,-0.029372,-0.009473,0.011688,0.028478,0.048056,0.060222,0.088654,0.206651,0.418326,1.806025
1981-06-16,0.000000,Training,-0.140276,-0.033453,-0.012162,0.017677,0.031580,0.044165,0.056037,0.081384,0.248807,0.493419,2.134264
1981-06-17,0.000000,Training,-0.091140,-0.033642,-0.014193,0.007372,0.024081,0.044072,0.057399,0.086809,0.207346,0.422695,1.823750
1981-06-18,0.000000,Training,-0.094688,-0.038502,-0.017623,0.003778,0.019573,0.039401,0.052785,0.078542,0.201390,0.418280,1.807854
1981-06-19,0.000000,Training,-0.093213,-0.038707,-0.022982,-0.004150,0.011887,0.029046,0.044486,0.066826,0.189621,0.401837,1.775589
1981-06-20,0.000000,Training,-0.087508,-0.034462,-0.017236,-0.001579,0.016922,0.029783,0.043807,0.065839,0.173106,0.373048,1.695621
1981-06-21,0.000000,Training,-0.081104,-0.031867,-0.015723,-0.002883,0.014751,0.026087,0.040503,0.061487,0.165968,0.363429,1.672439
1981-06-22,0.000000,Training,-0.096556,-0.025936,-0.011112,0.004497,0.017933,0.025421,0.038008,0.057109,0.182775,0.392033,1.808154
1981-06-23,0.000000,Training,-0.118647,-0.031216,-0.016890,-0.001027,0.012946,0.015177,0.031057,0.050508,0.196667,0.420844,1.940320
1981-06-24,0.000000,Training,-0.079957,-0.030502,-0.016371,-0.003985,0.010085,0.021525,0.035182,0.056056,0.164901,0.367204,1.696960
1981-06-25,0.000000,Training,-0.082106,-0.036646,-0.021640,-0.010209,0.005352,0.017436,0.031210,0.049442,0.151829,0.349363,1.631038
1981-06-26,0.000000,Training,-0.074448,-0.030093,-0.019125,-0.009559,0.008124,0.015137,0.031996,0.056706,0.163359,0.357881,1.646205
1981-06-27,0.000000,Training,-0.115235,-0.030075,-0.017144,-0.003684,0.014043,0.012196,0.030353,0.056237,0.200270,0.413768,1.892207
1981-06-28,0.000000,Training,-0.075014,-0.032412,-0.020291,-0.011630,0.003356,0.013509,0.027458,0.049906,0.149933,0.344002,1.614631
1981-06-29,0.000000,Training,-0.081412,-0.037433,-0.023607,-0.014903,-0.000961,0.011240,0.023362,0.041998,0.139952,0.334763,1.587041
1981-06-30,0.000000,Training,-0.094027,-0.038902,-0.027018,-0.015654,-0.002591,0.009883,0.019592,0.034724,0.135720,0.330089,1.595137
1981-07-01,0.000000,Validation,-0.209111,-0.081747,-0.066411,-0.039667,-0.020773,-0.012077,0.006582,0.026033,0.186783,0.439337,2.029930
1981-07-02,0.000000,Validation,-0.094408,-0.037268,-0.026574,-0.013269,0.000008,0.015709,0.027944,0.055456,0.169729,0.378864,1.725722
1981-07-03,0.000000,Validation,-0.093602,-0.046313,-0.032148,-0.021433,-0.006191,0.010762,0.024368,0.050672,0.157262,0.361673,1.641422
1981-07-04,0.000000,Validation,-0.099506,-0.048069,-0.037436,-0.026471,-0.015691,0.003864,0.012944,0.027537,0.127895,0.326156,1.566212
1981-07-05,0.000000,Validation,-0.097540,-0.046336,-0.033919,-0.025538,-0.013744,0.003700,0.012034,0.026489,0.117907,0.309177,1.519585
1981-07-06,0.000000,Validation,-0.101092,-0.048246,-0.034016,-0.026095,-0.014710,0.002657,0.009489,0.021784,0.108975,0.297333,1.493026
1981-07-07,0.000000,Validation,-0.099455,-0.047930,-0.033417,-0.026450,-0.015304,0.001146,0.007708,0.020123,0.104858,0.291431,1.475832
1981-07-08,0.000000,Validation,-0.095064,-0.044319,-0.030174,-0.024360,-0.012188,0.001511,0.009875,0.026926,0.112721,0.298067,1.487746
1981-07-09,0.000000,Validation,-0.096341,-0.044423,-0.029732,-0.024171,-0.011131,0.000783,0.009716,0.028323,0.114017,0.297683,1.485632
1981-07-10,0.000000,Validation,-0.099539,-0.049283,-0.034364,-0.028615,-0.018231,-0.003239,0.002287,0.014323,0.094014,0.277243,1.434878
1981-07-11,0.000000,Validation,-0.112938,-0.057172,-0.039346,-0.031301,-0.021700,-0.004910,-0.001389,0.004946,0.082724,0.264709,1.413953
1981-07-12,0.000000,Validation,-0.120396,-0.061798,-0.040969,-0.031116,-0.020761,-0.003871,-0.002107,0.002819,0.075587,0.254260,1.384252
1981-07-13,0.000000,Validation,-0.124920,-0.065488,-0.042683,-0.030225,-0.021101,-0.002827,-0.003359,0.000500,0.072389,0.251579,1.373494
1981-07-14,0.000000,Validation,-0.127228,-0.068136,-0.044243,-0.030160,-0.021831,-0.002768,-0.004842,-0.001663,0.069384,0.248826,1.362282
1981-07-15,0.000000,Validation,-0.127799,-0.069593,-0.045975,-0.032625,-0.024346,-0.005963,-0.007718,-0.004758,0.065572,0.244791,1.354463
1981-07-16,0.000000,Validation,-0.126483,-0.070403,-0.046165,-0.034376,-0.025402,-0.008783,-0.009778,-0.007852,0.057859,0.233390,1.326631
1981-07-17,0.000000,Validation,-0.121424,-0.068473,-0.046559,-0.038397,-0.028494,-0.014106,-0.012770,-0.010580,0.053182,0.226790,1.313924
1981-07-18,0.000000,Validation,-0.116628,-0.066711,-0.046410,-0.039764,-0.030829,-0.017243,-0.015251,-0.013491,0.050309,0.224152,1.307567
1981-07-19,0.000000,Validation,-0.121889,-0.071299,-0.050952,-0.041665,-0.037046,-0.020837,-0.018680,-0.022631,0.050084,0.230593,1.336573
1981-07-20,0.000000,Validation,-0.124535,-0.071924,-0.047659,-0.039324,-0.027470,-0.016767,-0.016659,-0.015994,0.039003,0.204786,1.252448
1981-07-21,0.000000,Validation,-0.125715,-0.073690,-0.048817,-0.039958,-0.028448,-0.017699,-0.017976,-0.018018,0.036027,0.201580,1.244554
1981-07-22,0.000000,Validation,-0.113756,-0.068482,-0.047312,-0.042624,-0.030257,-0.021889,-0.019541,-0.016997,0.035145,0.199656,1.235982
1981-07-23,0.000000,Validation,-0.107452,-0.063997,-0.044079,-0.040807,-0.027478,-0.021612,-0.017503,-0.011278,0.040648,0.203510,1.240939
1981-07-24,0.000000,Validation,-0.107628,-0.064391,-0.044358,-0.041412,-0.028227,-0.023018,-0.019424,-0.014502,0.035106,0.196090,1.222994
1981-07-25,0.000000,Validation,-0.116140,-0.070313,-0.048335,-0.044022,-0.031304,-0.024919,-0.023283,-0.022825,0.024106,0.183943,1.197476
1981-07-26,0.000000,Validation,-0.125152,-0.075360,-0.050651,-0.043604,-0.031150,-0.023765,-0.023942,-0.025439,0.020509,0.179779,1.189527
1981-07-27,0.000000,Validation,-0.127815,-0.077592,-0.051791,-0.043115,-0.031124,-0.023046,-0.024375,-0.026155,0.019142,0.178776,1.185482
1981-07-28,0.000000,Validation,-0.128343,-0.078898,-0.053015,-0.044401,-0.032131,-0.024387,-0.025494,-0.027108,0.017162,0.176574,1.180074
1981-07-29,0.000000,Validation,-0.128599,-0.079601,-0.053695,-0.045251,-0.032713,-0.025564,-0.026528,-0.028256,0.014775,0.173403,1.172186
1981-07-30,0.000000,Validation,-0.133171,-0.075454,-0.051696,-0.042665,-0.031088,-0.026262,-0.027477,-0.029266,0.020195,0.181933,1.215512
1981-07-31,0.000000,Validation,-0.112684,-0.069810,-0.049368,-0.045488,-0.030381,-0.027653,-0.023558,-0.017754,0.024578,0.181622,1.186790
1981-08-01,0.000000,Validation,-0.122732,-0.065188,-0.045409,-0.039404,-0.024295,-0.025653,-0.021528,-0.013942,0.038490,0.198387,1.253246
1981-08-02,0.000000,Validation,-0.116127,-0.071541,-0.051612,-0.046858,-0.032396,-0.029439,-0.026737,-0.023916,0.016456,0.172606,1.167151
1981-08-03,0.000000,Validation,-0.129006,-0.075702,-0.053661,-0.045841,-0.032931,-0.029174,-0.029344,-0.030847,0.012248,0.170562,1.176560
1981-08-04,0.000000,Validation,-0.126616,-0.078517,-0.056334,-0.049248,-0.034623,-0.030463,-0.029790,-0.031099,0.005676,0.160241,1.138709
1981-08-05,0.000000,Validation,-0.128521,-0.080866,-0.057534,-0.049954,-0.035003,-0.030652,-0.030258,-0.032174,0.002582,0.156308,1.126124
1981-08-06,0.000000,Validation,-0.124057,-0.078805,-0.057025,-0.050523,-0.035246,-0.032084,-0.031023,-0.032073,0.001184,0.153996,1.117998
1981-08-07,0.000000,Validation,-0.121945,-0.077892,-0.056544,-0.050550,-0.035069,-0.032841,-0.031532,-0.032421,-0.000740,0.151030,1.109297
1981-08-08,0.000000,Validation,-0.118475,-0.075421,-0.055073,-0.049905,-0.033858,-0.033083,-0.030942,-0.030768,-0.000497,0.149831,1.105318
1981-08-09,0.000000,Validation,-0.124275,-0.079069,-0.056784,-0.050033,-0.034366,-0.033145,-0.032384,-0.034979,-0.006114,0.143588,1.092261
1981-08-10,0.000000,Validation,-0.126642,-0.080468,-0.057476,-0.049855,-0.034024,-0.032885,-0.032417,-0.035743,-0.007857,0.141400,1.087884
1981-08-11,0.000000,Validation,-0.124858,-0.080158,-0.057799,-0.050367,-0.034379,-0.033694,-0.032879,-0.035864,-0.008721,0.140717,1.084982
1981-08-12,0.000000,Validation,-0.123307,-0.079773,-0.057908,-0.050695,-0.034535,-0.034551,-0.033446,-0.036392,-0.010168,0.138912,1.079603
1981-08-13,0.000000,Validation,-0.128713,-0.082428,-0.058631,-0.049577,-0.033454,-0.033231,-0.033121,-0.037771,-0.012459,0.135908,1.073941
1981-08-14,0.000000,Validation,-0.130991,-0.083858,-0.059073,-0.048480,-0.032600,-0.031907,-0.032614,-0.037834,-0.013041,0.135554,1.072182
1981-08-15,0.000000,Validation,-0.129239,-0.081700,-0.059052,-0.049089,-0.032973,-0.033506,-0.033346,-0.037659,-0.011694,0.138135,1.083237
1981-08-16,0.000000,Validation,-0.122549,-0.080555,-0.059456,-0.051414,-0.034281,-0.035767,-0.034060,-0.037220,-0.014162,0.134138,1.065742
1981-08-17,0.000000,Validation,-0.120279,-0.078545,-0.058372,-0.050992,-0.033167,-0.036102,-0.033607,-0.036270,-0.014449,0.132275,1.061028
1981-08-18,0.000000,Validation,-0.119042,-0.076719,-0.057244,-0.050100,-0.031220,-0.035630,-0.031976,-0.033657,-0.012823,0.132331,1.061891
1981-08-19,0.000000,Validation,-0.118943,-0.076486,-0.057150,-0.049816,-0.030577,-0.035560,-0.031674,-0.033167,-0.012947,0.131878,1.060955
1981-08-20,0.000000,Validation,-0.122214,-0.072484,-0.054193,-0.045702,-0.025363,-0.033510,-0.028144,-0.026869,-0.002036,0.143603,1.102325
1981-08-21,0.000000,Validation,-0.121501,-0.077447,-0.058213,-0.049260,-0.031066,-0.035513,-0.032571,-0.035976,-0.014411,0.132807,1.069014
1981-08-22,0.000000,Validation,-0.123556,-0.082177,-0.060375,-0.050228,-0.032784,-0.035607,-0.034041,-0.040044,-0.020480,0.127005,1.048171
1981-08-23,0.000000,Validation,-0.124114,-0.082331,-0.060477,-0.049920,-0.032168,-0.035380,-0.033941,-0.040264,-0.021705,0.125023,1.043034
1981-08-24,0.000000,Validation,-0.126559,-0.083641,-0.060694,-0.048915,-0.031085,-0.034101,-0.033225,-0.040048,-0.022005,0.124643,1.041667
1981-08-25,0.000000,Validation,-0.128823,-0.084878,-0.060781,-0.047743,-0.029888,-0.032583,-0.032208,-0.039440,-0.021646,0.125163,1.042719
1981-08-26,0.000000,Validation,-0.128804,-0.085342,-0.061170,-0.047759,-0.029714,-0.032436,-0.031945,-0.039000,-0.021335,0.125910,1.043769
1981-08-27,0.000000,Validation,-0.125823,-0.084562,-0.061620,-0.049105,-0.030723,-0.034244,-0.032993,-0.039474,-0.022190,0.125121,1.040812
1981-08-28,0.000000,Validation,-0.121477,-0.081284,-0.061221,-0.050828,-0.030584,-0.036419,-0.032764,-0.037366,-0.021316,0.123924,1.039540
1981-08-29,0.000000,Validation,-0.120570,-0.078424,-0.059340,-0.049361,-0.027245,-0.035339,-0.029799,-0.031976,-0.016276,0.127015,1.048711
1981-08-30,0.000000,Validation,-0.120439,-0.077679,-0.058884,-0.048781,-0.025901,-0.034769,-0.028538,-0.029765,-0.014082,0.128773,1.052948
1981-08-31,0.000000,Validation,-0.120498,-0.077235,-0.058740,-0.048574,-0.024323,-0.034241,-0.026788,-0.026216,-0.010257,0.132212,1.060079
1981-09-01,0.000000,Validation,-0.120992,-0.078410,-0.059750,-0.049018,-0.025635,-0.033926,-0.027521,-0.028484,-0.013134,0.130462,1.054633
1981-09-02,0.000000,Validation,-0.121727,-0.080081,-0.060962,-0.049666,-0.027256,-0.034104,-0.028983,-0.031815,-0.016929,0.127670,1.046349
1981-09-03,0.000000,Validation,-0.124656,-0.084030,-0.061519,-0.047747,-0.028175,-0.032239,-0.030587,-0.036755,-0.021140,0.126102,1.038049
1981-09-04,0.000000,Validation,-0.128436,-0.085528,-0.060690,-0.044704,-0.025518,-0.028411,-0.027960,-0.034573,-0.018458,0.129559,1.045500
1981-09-05,0.000000,Validation,-0.126792,-0.085651,-0.061862,-0.046509,-0.026872,-0.030091,-0.028923,-0.034685,-0.018605,0.129864,1.045366
1981-09-06,0.000000,Validation,-0.126092,-0.085821,-0.062835,-0.048023,-0.027948,-0.031630,-0.029827,-0.035291,-0.019164,0.129266,1.044196
1981-09-07,0.000000,Validation,-0.124521,-0.084789,-0.063200,-0.049624,-0.028685,-0.033632,-0.030739,-0.035814,-0.020503,0.126511,1.039354
1981-09-08,0.000000,Validation,-0.125819,-0.085711,-0.061921,-0.046829,-0.027216,-0.031020,-0.029575,-0.035608,-0.019475,0.128730,1.043030
1981-09-09,0.000000,Validation,-0.149095,-0.082607,-0.058116,-0.037238,-0.020793,-0.027325,-0.028889,-0.037020,0.000004,0.161040,1.174989
1981-09-10,0.000000,Validation,-0.126083,-0.085504,-0.065978,-0.051779,-0.028431,-0.032417,-0.026522,-0.027257,-0.009195,0.141214,1.077848
1981-09-11,0.000000,Validation,-0.152097,-0.082627,-0.063758,-0.045953,-0.023291,-0.032825,-0.027224,-0.029657,0.010182,0.171539,1.211532
1981-09-12,0.000000,Validation,-0.130177,-0.086127,-0.069213,-0.053505,-0.027736,-0.031623,-0.023954,-0.021392,-0.000701,0.150383,1.098480
1981-09-13,0.000000,Validation,-0.129697,-0.087344,-0.068159,-0.053129,-0.029553,-0.032080,-0.026619,-0.027010,-0.007460,0.143983,1.079859
1981-09-14,0.000000,Validation,-0.131396,-0.088403,-0.068961,-0.052588,-0.030577,-0.032417,-0.029862,-0.032697,-0.014415,0.135592,1.056484
1981-09-15,0.000000,Validation,-0.130077,-0.087668,-0.064929,-0.048115,-0.027863,-0.029050,-0.028540,-0.031605,-0.014199,0.136140,1.054741
1981-09-16,0.000000,Validation,-0.138996,-0.082975,-0.061059,-0.042005,-0.023663,-0.026858,-0.028045,-0.031257,-0.003749,0.151999,1.122652
1981-09-17,0.000000,Validation,-0.128401,-0.086624,-0.065356,-0.050260,-0.028427,-0.030429,-0.027831,-0.028206,-0.010346,0.140233,1.068412
1981-09-18,0.000000,Validation,-0.130269,-0.082238,-0.063169,-0.049110,-0.024562,-0.030315,-0.024717,-0.021774,-0.001802,0.146801,1.095452
1981-09-19,0.000000,Validation,-0.132738,-0.082312,-0.063316,-0.048061,-0.025332,-0.029590,-0.026012,-0.024745,-0.002586,0.147937,1.102080
1981-09-20,0.000000,Validation,-0.130168,-0.081793,-0.062809,-0.048808,-0.024749,-0.029409,-0.024294,-0.020678,-0.000014,0.149364,1.101007
1981-09-21,0.000000,Validation,-0.268400,-0.140752,-0.123373,-0.081645,-0.040596,-0.039309,-0.019553,-0.001774,0.071090,0.286000,1.539340
1981-09-22,0.000000,Validation,-0.144769,-0.097436,-0.083981,-0.060003,-0.022096,-0.014189,0.005244,0.037732,0.091466,0.281157,1.395200
1981-09-23,0.000000,Validation,-0.141229,-0.092340,-0.075986,-0.057075,-0.024393,-0.017058,-0.001573,0.022383,0.069694,0.245449,1.310787
1981-09-24,0.000000,Validation,-0.137382,-0.085190,-0.070442,-0.055995,-0.026248,-0.028240,-0.017401,-0.003772,0.027114,0.182948,1.175843
1981-09-25,0.000000,Validation,-0.231165,-0.119173,-0.103987,-0.078630,-0.042485,-0.045401,-0.027028,-0.013814,0.058890,0.259901,1.488245
1981-09-26,0.000000,Validation,-0.318368,-0.169872,-0.165953,-0.067576,0.011680,0.058329,0.111692,0.196164,0.433358,0.837115,3.013328
1981-09-27,0.000000,Validation,-0.196764,-0.112800,-0.118140,-0.053072,0.013165,0.055690,0.120023,0.215433,0.470518,0.840115,2.969436
1981-09-28,0.000000,Validation,-0.155922,-0.097182,-0.094176,-0.059724,-0.021614,0.018765,0.048149,0.102545,0.220409,0.457594,1.855992
1981-09-29,0.000000,Validation,-0.146525,-0.078786,-0.070425,-0.048097,-0.028314,0.009440,0.019074,0.044978,0.119029,0.319249,1.524508
1981-09-30,0.000000,Validation,-0.141512,-0.080165,-0.067142,-0.050044,-0.033318,-0.002825,0.000391,0.017312,0.069363,0.254247,1.349712
1981-10-01,0.000000,Training,-0.154115,-0.073105,-0.059448,-0.043341,-0.024963,-0.008948,-0.005091,0.013529,0.075238,0.258584,1.415457
1981-10-02,0.000000,Training,-0.146702,-0.074913,-0.060925,-0.046629,-0.023886,-0.012361,-0.005425,0.018609,0.074937,0.252919,1.381160
1981-10-03,0.000000,Training,-0.210140,-0.100085,-0.085595,-0.065726,-0.038605,-0.027180,-0.013295,0.008896,0.100702,0.316023,1.639680
1981-10-04,0.000000,Training,-0.158257,-0.081167,-0.071118,-0.048313,-0.025109,0.000134,0.008504,0.042625,0.122917,0.333423,1.587982
1981-10-05,0.000000,Training,-0.329135,-0.151786,-0.151805,-0.027979,0.035065,0.123797,0.157168,0.259925,0.563289,1.050854,3.604279
1981-10-06,0.000000,Training,-0.201713,-0.106034,-0.119687,-0.044323,0.014621,0.086127,0.146891,0.262765,0.565525,0.994135,3.374425
1981-10-07,0.000000,Training,-0.152962,-0.080146,-0.081076,-0.045037,-0.013439,0.056575,0.086704,0.162280,0.324928,0.604082,2.225412
1981-10-08,0.000000,Training,-0.185174,-0.075973,-0.068408,-0.042112,-0.029147,0.015848,0.023389,0.054556,0.182597,0.424013,1.900298
1981-10-09,0.000000,Training,-0.145977,-0.077800,-0.070110,-0.049403,-0.032804,0.013646,0.021817,0.059675,0.149452,0.367764,1.629897
1981-10-10,0.000000,Training,-0.141775,-0.077649,-0.063390,-0.049324,-0.030710,0.002102,0.006551,0.039702,0.104001,0.296688,1.445251
1981-10-11,0.000000,Training,-0.138688,-0.074750,-0.060975,-0.048709,-0.031138,-0.005256,-0.003063,0.024646,0.079125,0.259219,1.357936
1981-10-12,0.000000,Training,-0.133746,-0.074057,-0.057747,-0.046948,-0.033176,-0.007436,-0.007817,0.015585,0.066636,0.246272,1.328331
1981-10-13,0.000000,Training,-0.128223,-0.072401,-0.056006,-0.045635,-0.036252,-0.007859,-0.007966,0.012462,0.072892,0.259865,1.370310
1981-10-14,0.000000,Training,-0.126650,-0.071776,-0.054273,-0.044964,-0.034105,-0.007587,-0.007048,0.013973,0.071477,0.254815,1.355560
1981-10-15,0.000000,Training,-0.129768,-0.072355,-0.052354,-0.044333,-0.024483,-0.009368,-0.007937,0.018790,0.063817,0.231459,1.283737
1981-10-16,0.000000,Training,-0.130902,-0.071890,-0.050360,-0.041335,-0.024741,-0.008078,-0.008927,0.014730,0.061110,0.230897,1.290110
1981-10-17,0.000000,Training,-0.130585,-0.071338,-0.050361,-0.042644,-0.023126,-0.009143,-0.006989,0.020588,0.068941,0.237269,1.304899
1981-10-18,0.000000,Training,-0.160052,-0.071859,-0.050529,-0.038640,-0.021000,-0.009296,-0.008261,0.018165,0.094299,0.280026,1.481137
1981-10-19,0.000000,Training,-0.130077,-0.076943,-0.054795,-0.043941,-0.026997,-0.003057,-0.003013,0.026783,0.082752,0.265290,1.360201
1981-10-20,0.000000,Training,-0.129867,-0.078085,-0.054261,-0.044176,-0.028756,-0.005951,-0.006387,0.020257,0.077558,0.258572,1.345387
1981-10-21,0.000000,Training,-0.133695,-0.077481,-0.058042,-0.049856,-0.028326,-0.015465,-0.009368,0.020914,0.085499,0.259711,1.364735
1981-10-22,0.000000,Training,-0.140370,-0.084283,-0.061487,-0.054752,-0.025813,-0.023753,-0.014198,0.018983,0.080143,0.244735,1.323600
1981-10-23,0.000000,Training,-0.136319,-0.083544,-0.061315,-0.054954,-0.029368,-0.022775,-0.011209,0.021021,0.095050,0.269497,1.396258
1981-10-24,0.000000,Training,-0.138824,-0.080971,-0.056320,-0.048912,-0.016115,-0.013856,-0.003875,0.034031,0.094357,0.257116,1.338010
1981-10-25,0.000000,Training,-0.151750,-0.095677,-0.067878,-0.059523,-0.020367,-0.027197,-0.013796,0.025804,0.090778,0.250796,1.318217
1981-10-26,0.000000,Training,-0.152491,-0.096412,-0.068636,-0.059852,-0.020342,-0.026014,-0.012223,0.029401,0.098742,0.261658,1.344909
1981-10-27,0.000000,Training,-0.154910,-0.099153,-0.069906,-0.060470,-0.020503,-0.025704,-0.011587,0.030271,0.099987,0.263664,1.345475
1981-10-28,0.000000,Training,-0.147847,-0.090840,-0.063065,-0.053798,-0.017206,-0.015930,-0.002571,0.039727,0.111155,0.278387,1.387413
1981-10-29,0.000000,Training,-0.149529,-0.092207,-0.063930,-0.054290,-0.017298,-0.015769,-0.002152,0.041221,0.115128,0.283487,1.398488
1981-10-30,0.000000,Training,-0.158668,-0.101427,-0.071443,-0.060358,-0.020373,-0.022222,-0.007797,0.037697,0.115319,0.284385,1.393407
1981-10-31,0.000000,Training,-0.142571,-0.084131,-0.056393,-0.046899,-0.013802,-0.005305,0.006308,0.050773,0.126308,0.299422,1.439457
1981-11-01,0.000000,Training,-0.134994,-0.077441,-0.049586,-0.039448,-0.012982,0.004260,0.011358,0.053077,0.126237,0.304633,1.451045
1981-11-02,0.000000,Training,-0.134023,-0.076950,-0.048576,-0.037886,-0.013010,0.006065,0.011932,0.052873,0.126353,0.305984,1.454358
1981-11-03,0.000000,Training,-0.130579,-0.073879,-0.045066,-0.035184,-0.010903,0.007990,0.013220,0.053957,0.126932,0.305963,1.455958
1981-11-04,0.000000,Training,-0.128119,-0.071665,-0.042584,-0.033331,-0.008718,0.009134,0.014649,0.055908,0.129911,0.308437,1.464512
1981-11-05,0.000000,Training,-0.125992,-0.070147,-0.040844,-0.031753,-0.007286,0.010787,0.016290,0.058002,0.133964,0.313481,1.478574
1981-11-06,0.000000,Training,-0.124518,-0.069133,-0.039003,-0.029912,-0.005983,0.012644,0.018731,0.059732,0.135945,0.315635,1.485475
1981-11-07,0.000000,Training,-0.124617,-0.068612,-0.038359,-0.029362,-0.003915,0.013300,0.020716,0.063574,0.142155,0.321596,1.501254
1981-11-08,0.000000,Training,-0.128537,-0.071257,-0.040667,-0.032020,-0.001615,0.009966,0.020972,0.067416,0.150576,0.327565,1.517492
1981-11-09,0.000000,Training,-0.128528,-0.068912,-0.038503,-0.028697,0.000555,0.014079,0.024390,0.071593,0.158353,0.338657,1.550209
1981-11-10,0.000000,Training,-0.126074,-0.067791,-0.037257,-0.027005,0.001398,0.017062,0.027165,0.074924,0.162822,0.345368,1.565108
1981-11-11,0.000000,Training,-0.121400,-0.065811,-0.034888,-0.023652,0.000921,0.022081,0.029645,0.075619,0.162437,0.348903,1.570431
1981-11-12,0.000000,Training,-0.119895,-0.064693,-0.033484,-0.021728,0.001896,0.024267,0.031087,0.076714,0.163919,0.351268,1.576284
1981-11-13,0.000000,Training,-0.120270,-0.062788,-0.031665,-0.019152,0.003864,0.026015,0.032670,0.078504,0.169114,0.357985,1.601796
1981-11-14,0.000000,Training,-0.118509,-0.062682,-0.031556,-0.019794,0.005233,0.025402,0.034230,0.081847,0.173397,0.360851,1.607615
1981-11-15,0.000000,Training,-0.119964,-0.063353,-0.032210,-0.020696,0.007038,0.023605,0.035008,0.084657,0.180292,0.366737,1.626719
1981-11-16,0.000000,Training,-0.120206,-0.063212,-0.032209,-0.020397,0.008375,0.023892,0.036375,0.087100,0.185416,0.372237,1.642513
1981-11-17,0.000000,Training,-0.176062,-0.074897,-0.042751,-0.023457,0.010608,0.017739,0.035953,0.091041,0.242871,0.459690,1.989178
1981-11-18,0.000000,Training,-0.125987,-0.070229,-0.041024,-0.023046,0.009306,0.031479,0.049679,0.112825,0.234835,0.445165,1.830296
1981-11-19,0.000000,Training,-0.124588,-0.067903,-0.037930,-0.020176,0.007976,0.034286,0.050384,0.109727,0.233277,0.444804,1.826515
1981-11-20,0.000000,Training,-0.127284,-0.066087,-0.039785,-0.020987,0.006491,0.031936,0.047320,0.103712,0.228137,0.434813,1.809099
1981-11-21,0.000000,Training,-0.122318,-0.061597,-0.034268,-0.017377,0.008460,0.033542,0.047676,0.103112,0.222608,0.427108,1.791860
1981-11-22,0.000000,Training,-0.122695,-0.061633,-0.033962,-0.017845,0.010168,0.031247,0.047095,0.103717,0.224260,0.426396,1.792226
1981-11-23,0.000000,Training,-0.118476,-0.057078,-0.030089,-0.013664,0.011692,0.035792,0.050355,0.106297,0.226699,0.431252,1.806320
1981-11-24,0.000000,Training,-0.121722,-0.054496,-0.028298,-0.010382,0.014376,0.037962,0.052658,0.109403,0.237037,0.445369,1.856736
1981-11-25,0.000000,Training,-0.119382,-0.056988,-0.030886,-0.013639,0.013608,0.036015,0.053177,0.111590,0.237840,0.444492,1.840662
1981-11-26,0.000000,Training,-0.124277,-0.060924,-0.034598,-0.016867,0.013748,0.032056,0.051734,0.111887,0.242662,0.448861,1.849035
1981-11-27,0.000000,Training,-0.129111,-0.064838,-0.038517,-0.019861,0.013266,0.028653,0.049956,0.111644,0.246386,0.453065,1.856079
1981-11-28,0.000000,Training,-0.132273,-0.067316,-0.041009,-0.021335,0.012861,0.027649,0.050023,0.113361,0.252382,0.461839,1.874860
1981-11-29,0.000000,Training,-0.139914,-0.074109,-0.047081,-0.025372,0.010528,0.024197,0.047693,0.113430,0.258282,0.471917,1.891414
1981-11-30,0.000000,Training,-0.145249,-0.078225,-0.051075,-0.027566,0.009265,0.023366,0.047934,0.115980,0.266579,0.484585,1.916410
1981-12-01,0.000000,Training,-0.143896,-0.075330,-0.049568,-0.025674,0.011100,0.027418,0.053328,0.122983,0.278439,0.499820,1.955335
1981-12-02,0.000000,Training,-0.152905,-0.083349,-0.056262,-0.030018,0.008222,0.023673,0.050589,0.122543,0.283794,0.509359,1.965998
1981-12-03,0.000000,Training,-0.168940,-0.098872,-0.068130,-0.038717,0.001638,0.014856,0.042422,0.116580,0.284111,0.511720,1.954900
1981-12-04,0.000000,Training,-0.179993,-0.108581,-0.075754,-0.044932,-0.002374,0.010094,0.039818,0.115867,0.292515,0.519281,1.972455
1981-12-05,0.000000,Training,-0.182570,-0.110068,-0.077927,-0.045635,-0.001300,0.012199,0.045311,0.125178,0.313186,0.548125,2.039031
1981-12-06,0.000000,Training,-0.185575,-0.115096,-0.080044,-0.050328,-0.004243,0.005271,0.036695,0.112343,0.291633,0.510041,1.960811
1981-12-07,0.000000,Training,-0.192361,-0.121909,-0.086698,-0.056739,-0.009533,-0.000304,0.032320,0.110289,0.294747,0.508272,1.968027
1981-12-08,0.000000,Training,-0.177668,-0.103639,-0.072308,-0.040839,0.006380,0.017002,0.051213,0.133359,0.326443,0.566647,2.103572
1981-12-09,0.000000,Training,-0.312916,-0.152711,-0.125638,-0.056795,0.009274,0.042566,0.110588,0.253474,0.655246,1.082680,3.786334
1981-12-10,0.000000,Training,-0.252015,-0.137376,-0.118792,-0.043401,0.025739,0.085357,0.182542,0.371358,0.930151,1.508294,5.044147
1981-12-11,0.000000,Training,-0.222789,-0.112423,-0.091851,-0.025984,0.030497,0.100553,0.183248,0.359605,0.864472,1.376739,4.530807
1981-12-12,0.000000,Training,-0.207100,-0.093754,-0.076629,-0.022351,0.025564,0.081780,0.145762,0.287970,0.692356,1.091155,3.670487
1981-12-13,0.000000,Training,-0.245041,-0.100809,-0.083097,-0.027645,0.020238,0.075924,0.143831,0.288312,0.742477,1.184546,4.090773
1981-12-14,0.000000,Training,-0.259638,-0.110980,-0.094432,-0.034000,0.020519,0.082991,0.159587,0.324806,0.830794,1.335117,4.576221
1981-12-15,0.000000,Training,-0.246658,-0.106846,-0.089953,-0.028141,0.029035,0.099726,0.180497,0.362628,0.898976,1.437036,4.811714
1981-12-16,0.000000,Training,-0.290088,-0.131497,-0.115635,-0.046834,0.019508,0.089749,0.182719,0.385038,0.999957,1.604164,5.394202
1981-12-17,0.000000,Training,-0.522539,-0.333620,-0.312910,-0.150959,-0.035693,0.091569,0.262525,0.717245,2.222897,3.766465,12.371481
1981-12-18,0.000000,Training,-0.472314,-0.315149,-0.262969,-0.110305,0.013891,0.144480,0.338976,0.837629,2.362819,3.770042,11.169223
1981-12-19,0.000000,Training,-0.351149,-0.223738,-0.182679,-0.093114,-0.014474,0.097437,0.219139,0.547743,1.373169,2.053696,6.051114
1981-12-20,0.000000,Training,-0.790746,-0.622982,-0.555391,-0.321722,-0.120757,0.100456,0.353834,1.297861,4.593712,8.050197,23.026527
1981-12-21,0.000000,Training,-0.912491,-0.775034,-0.634690,-0.144784,0.601223,1.377337,2.418606,7.203721,22.947742,47.348980,112.554726
1981-12-22,0.000000,Training,-0.833906,-0.580673,-0.357406,0.240376,1.037862,1.880526,3.054787,7.328028,20.513453,36.965347,97.896072
1981-12-23,0.000000,Training,-0.705624,-0.415477,-0.239699,0.179700,0.581877,1.099708,1.665609,3.678171,9.149349,14.805765,39.030350
1981-12-24,0.000000,Training,-0.674013,-0.411205,-0.284080,0.014751,0.270112,0.589173,0.937265,2.148443,5.457364,8.824505,22.904011
1981-12-25,0.405497,Training,-0.495880,-0.266209,-0.160356,0.062563,0.226589,0.483049,0.731668,1.539492,3.402391,5.054408,12.196849
1981-12-26,0.519036,Training,-0.914330,-0.727774,-0.459142,0.519251,2.239982,3.922200,5.799672,15.811823,40.668598,73.294746,125.740349
1981-12-27,6.390629,Training,-0.661950,0.251537,1.638204,6.164113,14.978973,22.587620,33.161293,68.580208,145.146271,234.376572,370.570831
1981-12-28,58.099576,Training,-0.061139,1.967697,6.222767,18.108912,39.537895,56.539173,82.331352,155.310165,313.945648,477.589203,704.550903
1981-12-29,549.010175,Training,0.933210,5.262320,12.252145,30.822254,57.993980,75.823975,105.922966,164.960709,286.762634,383.789398,594.691040
1981-12-30,144.551486,Training,1.114559,6.102642,13.951136,36.379662,66.541740,88.496536,121.825706,192.694656,334.911835,455.651581,725.375610
1981-12-31,76.119852,Training,1.521261,6.682071,13.288980,29.574749,51.230377,63.220669,86.598328,127.844757,207.715286,269.262360,453.026093
1982-01-01,41.733727,Training,0.450044,3.067828,5.861629,12.329303,21.005169,25.438725,33.097912,48.986561,74.021736,92.069405,144.579819
1982-01-02,25.043480,Training,-0.176091,1.366923,2.671044,5.794840,9.787642,12.323883,15.550024,23.796577,35.665306,45.655502,74.232872
1982-01-03,15.392657,Training,-0.476022,0.772508,1.756716,4.338994,7.596230,9.982931,12.944191,20.497066,33.668705,46.189308,87.686752
1982-01-04,5.449876,Training,-0.323105,0.909295,1.817295,4.145933,6.729252,8.909050,11.063168,17.093609,26.586269,35.195492,61.476822
1982-01-05,4.849741,Training,-0.451274,0.445395,1.021553,2.460636,3.909953,5.329405,6.521394,10.299870,16.328447,22.084366,40.817326
1982-01-06,4.363145,Training,-0.460766,0.288110,0.712101,1.775173,2.763074,3.725348,4.539167,7.112544,11.128660,14.943666,27.750885
1982-01-07,3.649471,Training,-0.466415,0.204438,0.565648,1.449816,2.222285,2.979473,3.609149,5.508229,8.548090,11.370070,21.419464
1982-01-08,3.114215,Training,-0.447168,0.134053,0.411148,1.070648,1.598289,2.207979,2.685430,4.196042,6.672256,9.038277,17.854422
1982-01-09,2.870917,Training,-0.428842,0.080433,0.301869,0.806295,1.180377,1.684830,2.069429,3.302207,5.424850,7.454860,15.571593
1982-01-10,3.162875,Training,-0.840949,-0.477173,-0.107253,0.926050,2.492858,3.982885,5.547734,11.317184,23.905594,37.897785,73.021591
1982-01-11,8.710070,Training,-0.642679,0.183847,1.262544,4.408130,9.707814,13.289426,19.513630,35.173717,69.273598,102.047874,180.850296
1982-01-12,9.148007,Training,-0.547821,0.555844,1.970462,6.100678,12.960973,17.337490,24.769274,43.100605,79.576660,112.961311,194.155930
1982-01-13,7.152963,Training,-0.385773,0.893620,2.345836,6.205795,11.609251,14.859931,20.214430,32.039345,56.476330,75.846291,130.800110
1982-01-14,5.125479,Training,-0.507619,0.568110,1.621034,4.390965,8.121423,10.572234,14.153985,22.867147,40.048409,54.266804,99.300835
1982-01-15,3.795450,Training,-0.561134,0.448493,1.495070,4.184548,8.082493,10.596096,14.480555,23.911558,42.528866,58.729973,108.464890
1982-01-16,17.290382,Training,-0.481979,0.787651,2.315583,6.519376,13.471417,18.480925,25.677153,44.935307,81.064804,116.017220,195.551010
1982-01-17,10.121199,Training,-0.362295,0.727801,1.962261,4.867199,9.030828,11.801044,15.782591,25.725847,42.971519,55.965008,88.766571
1982-01-18,5.514756,Training,-0.780070,-0.308316,0.151941,1.285466,3.068212,4.488290,6.463769,12.580567,25.470760,38.155109,74.157784
1982-01-19,30.071640,Training,-0.808992,-0.412058,0.003972,1.082769,2.897232,4.427665,6.594701,13.956674,30.594345,49.063934,95.702530
1982-01-20,14.954721,Training,-0.624297,-0.139907,0.329373,1.334792,2.659043,3.853195,5.240384,9.673251,18.244894,26.017109,44.790699
1982-01-21,7.947737,Training,-0.560258,-0.043245,0.299762,1.089944,1.940816,2.816542,3.666305,6.624459,11.803464,16.882933,31.053099
1982-01-22,6.098671,Training,-0.492110,-0.065130,0.168533,0.657639,1.105763,1.635653,2.130114,3.862657,6.966952,9.922215,19.481422
1982-01-23,4.849741,Training,-0.463574,-0.063038,0.156362,0.566835,0.926988,1.384616,1.791196,3.168128,5.646486,7.882009,15.518126
1982-01-24,4.217166,Training,-0.431146,-0.038837,0.160057,0.532095,0.844971,1.268173,1.626160,2.847621,5.016825,7.043853,14.010935
1982-01-25,3.649471,Training,-0.408372,-0.021249,0.158929,0.510804,0.792406,1.193775,1.521287,2.647401,4.618785,6.523928,13.135943
1982-01-26,3.114215,Training,-0.399519,-0.017494,0.156557,0.497114,0.764324,1.146905,1.460599,2.514124,4.366845,6.140968,12.405281
1982-01-27,2.757378,Training,-0.399517,-0.007377,0.171882,0.526288,0.804320,1.189640,1.507869,2.547894,4.375058,6.101517,12.216890
1982-01-28,2.416761,Training,-0.421208,-0.000558,0.205499,0.616533,0.947477,1.358982,1.711773,2.786594,4.697634,6.349725,12.408771
1982-01-29,2.108583,Training,-0.402387,-0.047438,0.119842,0.425636,0.664159,0.999612,1.286610,2.174364,3.797732,5.151025,10.514046
1982-01-30,1.832845,Training,-0.346200,-0.067038,0.065511,0.270761,0.438987,0.688965,0.927525,1.610581,2.939885,4.045459,8.711602
1982-01-31,1.654427,Training,-0.260864,-0.092244,-0.015127,0.078178,0.176787,0.318891,0.480209,0.894075,1.760061,2.502779,6.040599
1982-02-01,1.573327,Training,-0.269081,-0.107843,-0.032433,0.054560,0.149366,0.274626,0.426942,0.804078,1.614066,2.293849,5.652204
1982-02-02,1.573327,Training,-0.253563,-0.111206,-0.041402,0.036057,0.125440,0.234113,0.375506,0.713574,1.422549,2.039725,5.104933
1982-02-03,1.654427,Training,-0.624387,-0.386067,-0.291800,-0.086486,0.119975,0.322864,0.591473,1.402576,3.594412,5.743953,14.540325
1982-02-04,1.832845,Training,-0.268214,-0.153176,-0.096594,0.029488,0.158986,0.331659,0.555656,1.123623,2.491802,3.851709,9.720473
1982-02-05,1.654427,Training,-0.278092,-0.122541,-0.057685,0.052990,0.167742,0.356368,0.566422,1.122593,2.360693,3.535410,8.837926
1982-02-06,1.313810,Training,-0.196323,-0.080213,-0.038927,0.021257,0.101160,0.215422,0.356396,0.694569,1.428814,2.108287,5.635911
1982-02-07,1.476008,Training,-0.388635,-0.184821,-0.129931,-0.046875,0.064580,0.153374,0.309394,0.659644,1.620119,2.517335,7.371621
1982-02-08,2.497860,Training,-0.217979,-0.100398,-0.059907,0.008754,0.095902,0.202026,0.341143,0.674908,1.486446,2.292880,6.304110
1982-02-09,1.832845,Training,-0.170499,-0.082758,-0.046638,0.002039,0.079185,0.183532,0.306384,0.592124,1.230739,1.876972,5.074741
1982-02-10,1.411129,Training,-0.164390,-0.081710,-0.049265,-0.009654,0.059682,0.138695,0.242350,0.477283,0.991627,1.507616,4.199384
1982-02-11,1.248930,Training,-0.213501,-0.082559,-0.046991,-0.000267,0.069593,0.141713,0.247694,0.492020,1.092154,1.672644,4.780862
1982-02-12,1.167831,Training,-0.162506,-0.077844,-0.042264,-0.006248,0.061972,0.131404,0.228770,0.448343,0.930992,1.421641,3.970136
1982-02-13,1.297590,Training,-0.375265,-0.168107,-0.114929,-0.032695,0.072941,0.166955,0.324060,0.676450,1.620633,2.545495,7.257594
1982-02-14,1.605767,Training,-0.588919,-0.361189,-0.266647,-0.073968,0.134884,0.343475,0.648819,1.481181,3.912863,6.417480,16.459454
1982-02-15,18.587972,Training,-0.834638,-0.644776,-0.469640,-0.062037,0.537385,1.085669,1.908700,4.775939,13.391166,23.571720,50.475483
1982-02-16,4.428025,Training,-0.611583,-0.352866,-0.102797,0.358573,0.882014,1.410528,2.134002,4.260986,9.566433,14.501545,27.878918
1982-02-17,1.865285,Training,-0.497090,-0.244054,-0.069204,0.214148,0.495292,0.837219,1.242985,2.407176,5.105875,7.453115,15.405108
1982-02-18,1.330029,Training,-0.536320,-0.249685,-0.101943,0.159205,0.406758,0.682086,1.021162,2.011789,4.500113,6.831400,15.354157
1982-02-19,1.216490,Training,-0.336768,-0.123940,-0.005189,0.166707,0.325993,0.560565,0.811974,1.528445,3.030657,4.412206,9.586294
1982-02-20,1.135391,Training,-0.293231,-0.083615,0.024391,0.166188,0.296335,0.508038,0.725151,1.330657,2.553370,3.693280,8.141505
1982-02-21,1.086731,Training,-0.485823,-0.161509,-0.028710,0.222768,0.435989,0.710908,1.002303,1.877504,3.887062,5.899118,13.277738
1982-02-22,1.184051,Training,-0.250022,-0.072974,0.012851,0.119405,0.225814,0.396682,0.583754,1.075462,2.123451,3.097001,7.150540
1982-02-23,1.135391,Training,-0.287461,-0.092421,0.003511,0.115817,0.225574,0.398395,0.587136,1.073160,2.163664,3.095701,7.133600
1982-02-24,1.054292,Training,-0.274307,-0.086783,0.005419,0.117275,0.228409,0.398126,0.584953,1.065595,2.086564,2.922106,6.643922
1982-02-25,1.119171,Training,-0.535933,-0.219977,-0.077985,0.174593,0.411434,0.683332,0.994124,1.868640,4.014991,6.138729,13.491508
1982-02-26,1.151611,Training,-0.277098,-0.087102,-0.002091,0.134044,0.261017,0.463124,0.677694,1.258510,2.530610,3.756713,8.473511
1982-02-27,1.054292,Training,-0.246167,-0.050205,0.016030,0.129786,0.232689,0.431385,0.626233,1.145864,2.282055,3.375012,7.994657
1982-02-28,1.005632,Training,-0.201940,-0.025809,0.026036,0.119575,0.202336,0.374141,0.545348,0.982632,1.902906,2.766832,6.755080
1982-03-01,0.989412,Training,-0.201120,-0.016739,0.039694,0.132207,0.214778,0.381535,0.550116,0.982174,1.881982,2.727798,6.614545
1982-03-02,0.973192,Training,-0.180238,-0.024206,0.035209,0.110025,0.190882,0.333121,0.490256,0.876597,1.659639,2.402418,5.779692
1982-03-03,0.924533,Training,-0.185737,0.004624,0.073796,0.170686,0.259381,0.428477,0.602405,1.039335,1.883315,2.687603,6.270572
1982-03-04,0.892093,Training,-0.167788,-0.027382,0.035045,0.098066,0.175793,0.297782,0.441861,0.780036,1.455124,2.103222,5.084960
1982-03-05,0.859653,Training,-0.148856,-0.058226,-0.009457,0.025311,0.097215,0.172469,0.283049,0.516526,1.013732,1.497315,3.915493
1982-03-06,0.648795,Training,-0.117747,-0.049250,-0.016929,0.006484,0.075374,0.132105,0.221925,0.409423,0.820827,1.247636,3.461558
1982-03-07,0.421717,Training,-0.119087,-0.050452,-0.018492,0.005448,0.074657,0.131281,0.221748,0.409823,0.822598,1.251726,3.464568
1982-03-08,0.356837,Training,-0.129005,-0.055479,-0.018892,0.007604,0.079090,0.138469,0.233926,0.430328,0.864753,1.302181,3.551191
1982-03-09,0.340617,Training,-0.120795,-0.062380,-0.029865,-0.008266,0.061764,0.105189,0.188680,0.353887,0.724086,1.111631,3.152211
1982-03-10,0.308178,Training,-0.111523,-0.054608,-0.026348,-0.005756,0.062557,0.107455,0.190685,0.357669,0.724591,1.120604,3.180936
1982-03-11,0.275738,Training,-0.087939,-0.030043,-0.011234,0.004598,0.067705,0.121199,0.206402,0.375738,0.743796,1.144583,3.288627
1982-03-12,0.227078,Training,-0.067254,-0.024744,-0.011973,-0.001667,0.055839,0.097525,0.169224,0.306226,0.609478,0.962382,2.906840
1982-03-13,0.194638,Training,-0.062817,-0.021543,-0.009870,-0.000670,0.055015,0.096168,0.166294,0.299756,0.596545,0.944766,2.873695
1982-03-14,0.178419,Training,-0.061023,-0.021203,-0.009054,-0.000917,0.055114,0.094038,0.164278,0.295576,0.587160,0.931210,2.840634
1982-03-15,0.162199,Training,-0.062307,-0.016942,-0.004417,0.003954,0.058438,0.100056,0.172002,0.306652,0.606409,0.958579,2.912723
1982-03-16,0.162199,Training,-0.064266,-0.030139,-0.015256,-0.006520,0.054139,0.079114,0.145078,0.264312,0.527342,0.847314,2.620852
1982-03-17,0.145979,Training,-0.064902,-0.031272,-0.016156,-0.007039,0.053678,0.077635,0.143002,0.260850,0.521311,0.839707,2.601172
1982-03-18,0.129759,Training,-0.074003,-0.039819,-0.021477,-0.010197,0.052090,0.073738,0.138645,0.256563,0.517138,0.835653,2.573965
1982-03-19,0.113539,Training,-0.062111,-0.028569,-0.015234,-0.006387,0.053651,0.078785,0.143889,0.260465,0.518471,0.835397,2.596936
1982-03-20,0.097319,Training,-0.061039,-0.027467,-0.014878,-0.006395,0.053024,0.078789,0.143750,0.259298,0.515941,0.831929,2.591143
1982-03-21,0.081099,Training,-0.042015,-0.010923,-0.004257,0.002974,0.049874,0.087717,0.144066,0.250086,0.488915,0.803284,2.555163
1982-03-22,0.064879,Training,-0.040315,-0.009272,-0.002356,0.005830,0.048426,0.090494,0.142524,0.244900,0.476257,0.791015,2.528388
1982-03-23,0.064879,Training,-0.037994,-0.008009,-0.001330,0.005768,0.048405,0.088887,0.140791,0.241982,0.470049,0.781147,2.506450
1982-03-24,0.048660,Training,-0.043876,-0.014389,-0.005261,-0.000949,0.053143,0.078222,0.138671,0.245026,0.482051,0.784095,2.503038
1982-03-25,0.032440,Training,-0.066976,-0.035312,-0.017896,-0.008625,0.051374,0.068529,0.129371,0.239023,0.480892,0.784257,2.460669
1982-03-26,0.032440,Training,-0.071250,-0.036214,-0.018119,-0.007230,0.052607,0.068750,0.128654,0.238239,0.483180,0.788073,2.477495
1982-03-27,0.016220,Training,-0.061591,-0.030668,-0.015728,-0.006673,0.052643,0.070966,0.131173,0.239831,0.479139,0.781687,2.464183
1982-03-28,0.016220,Training,-0.156994,-0.048349,-0.030767,-0.010481,0.056122,0.065694,0.141261,0.264717,0.624614,1.012770,3.275331
1982-03-29,0.097319,Training,-0.321735,-0.133356,-0.096067,-0.022470,0.081153,0.126549,0.247422,0.482383,1.104244,1.733470,5.223408
1982-03-30,0.145979,Training,-0.409761,-0.210543,-0.166735,-0.044987,0.093698,0.207520,0.419432,0.856625,2.145926,3.511477,10.106875
1982-03-31,0.405497,Training,-0.559340,-0.334725,-0.258153,-0.055810,0.159160,0.373525,0.730117,1.603250,4.354859,7.430248,19.955881
1982-04-01,0.924533,Training,-0.457885,-0.224795,-0.111678,0.096770,0.306850,0.545779,0.907236,1.824256,4.519972,7.215016,17.735064
1982-04-02,0.665015,Training,-0.243839,-0.081296,-0.011757,0.099261,0.221835,0.407970,0.640202,1.206496,2.540270,3.765824,8.986267
1982-04-03,0.437937,Training,-0.215883,-0.033454,0.004293,0.080622,0.164181,0.300559,0.472172,0.870050,1.863871,2.774415,7.318381
1982-04-04,0.308178,Training,-0.363352,-0.118753,-0.075344,0.021754,0.130892,0.260973,0.457900,0.889820,2.093488,3.255267,9.010106
1982-04-05,0.227078,Training,-0.237637,-0.063053,-0.015850,0.057489,0.142672,0.264132,0.424810,0.794180,1.738408,2.651124,6.956017
1982-04-06,0.178419,Training,-0.135229,-0.029696,0.005877,0.050844,0.120998,0.231322,0.362854,0.653471,1.286760,1.921510,4.930684
1982-04-07,0.145979,Training,-0.096815,-0.002531,0.013632,0.046222,0.093138,0.199198,0.304696,0.529072,1.023188,1.540970,4.197721
1982-04-08,0.129759,Training,-0.085448,0.003226,0.016282,0.044985,0.081803,0.184397,0.274337,0.468746,0.896588,1.366182,3.810225
1982-04-09,0.129759,Training,-0.081743,0.001598,0.018000,0.039939,0.078681,0.169452,0.257491,0.440948,0.836332,1.275849,3.584491
1982-04-10,0.113539,Training,-0.117357,0.002861,0.020790,0.048387,0.084169,0.167472,0.254723,0.438695,0.887884,1.371626,3.965318
1982-04-11,0.097319,Training,-0.371479,-0.123852,-0.085944,0.006788,0.100365,0.208733,0.360830,0.699410,1.564240,2.440223,7.033173
1982-04-12,0.081099,Training,-0.512904,-0.252838,-0.192073,-0.021457,0.146246,0.344142,0.589096,1.250197,3.004803,4.921892,13.202347
1982-04-13,0.097319,Training,-0.461268,-0.220258,-0.163579,-0.000089,0.158523,0.370573,0.657144,1.334440,3.283242,5.548851,14.776988
1982-04-14,0.097319,Training,-0.208626,-0.073819,-0.035702,0.053861,0.141657,0.315980,0.497590,0.912561,1.846228,2.819585,6.952963
1982-04-15,0.081099,Training,-0.228995,-0.070223,-0.028135,0.058393,0.141273,0.287582,0.450414,0.815171,1.596584,2.367111,5.805070
1982-04-16,0.097319,Training,-0.228271,-0.062032,-0.022723,0.057948,0.128283,0.249917,0.391089,0.699122,1.367970,2.022563,5.121489
1982-04-17,0.113539,Training,-0.274626,-0.095950,-0.045891,0.023495,0.098890,0.182078,0.312828,0.595225,1.294321,1.979307,5.219075
1982-04-18,0.097319,Training,-0.280530,-0.107743,-0.063423,-0.004442,0.072744,0.136858,0.262528,0.518037,1.190188,1.861142,5.135478
1982-04-19,0.081099,Training,-0.136454,-0.045360,-0.022901,0.008874,0.069271,0.134277,0.231736,0.429915,0.875038,1.354560,3.800318
1982-04-20,0.081099,Training,-0.112193,-0.029098,-0.018711,0.006049,0.054929,0.120706,0.204618,0.368980,0.751403,1.178371,3.440223
1982-04-21,0.081099,Training,-0.096647,-0.026904,-0.021206,0.001926,0.040270,0.112505,0.183172,0.324227,0.651284,1.041751,3.103608
1982-04-22,0.081099,Training,-0.092575,-0.024237,-0.015541,0.003399,0.042053,0.109073,0.179261,0.316496,0.627793,1.003431,3.007665
1982-04-23,0.064879,Training,-0.099357,-0.010045,-0.004215,0.013158,0.047240,0.102930,0.165461,0.290923,0.614457,0.997366,3.138282
1982-04-24,0.064879,Training,-0.065733,-0.005335,-0.001073,0.009773,0.043389,0.094481,0.151477,0.263773,0.533416,0.876588,2.799648
1982-04-25,0.048660,Training,-0.051368,-0.005259,-0.000836,0.006063,0.040963,0.088412,0.145427,0.252689,0.502513,0.829511,2.657983
1982-04-26,0.048660,Training,-0.259722,-0.083623,-0.066655,-0.025709,0.044951,0.076936,0.178730,0.351896,0.843361,1.357402,4.330990
1982-04-27,0.048660,Training,-0.073342,-0.020018,-0.012172,0.002541,0.052673,0.098317,0.174355,0.314206,0.626992,0.998963,3.055019
1982-04-28,0.048660,Training,-0.079056,-0.021404,-0.013945,0.003698,0.044368,0.105516,0.178637,0.313470,0.627163,1.013013,3.068755
1982-04-29,0.032440,Training,-0.105706,-0.031567,-0.024016,0.002755,0.040845,0.106694,0.180645,0.314132,0.622067,0.994276,2.996916
1982-04-30,0.032440,Training,-0.074722,-0.018251,-0.013085,0.001713,0.037637,0.090267,0.147787,0.256731,0.504839,0.832420,2.653008
1982-05-01,0.016220,Training,-0.049640,-0.005788,-0.003981,0.004690,0.039417,0.080758,0.127110,0.220440,0.433925,0.732327,2.445647
1982-05-02,0.016220,Training,-0.040183,0.000947,0.002608,0.010707,0.042693,0.081037,0.118868,0.201035,0.388871,0.669104,2.307404
1982-05-03,0.016220,Training,-0.037348,0.005934,0.006340,0.013330,0.045174,0.079620,0.118015,0.200513,0.391792,0.671328,2.327852
1982-05-04,0.016220,Training,-0.037418,0.001509,0.004640,0.007804,0.051279,0.070787,0.118771,0.209954,0.409108,0.677776,2.327982
1982-05-05,0.016220,Training,-0.068084,-0.024880,-0.012395,-0.003659,0.049217,0.058295,0.109671,0.209018,0.422501,0.696207,2.333395
1982-05-06,0.016220,Training,-0.060276,-0.019083,-0.008965,-0.001501,0.049515,0.058082,0.107829,0.202627,0.406966,0.673543,2.295125
1982-05-07,0.016220,Training,-0.041674,-0.004664,0.000351,0.004925,0.050516,0.061174,0.106673,0.191243,0.376302,0.630351,2.218370
1982-05-08,0.016220,Training,-0.037658,-0.001271,0.001138,0.005921,0.046220,0.061604,0.104143,0.183501,0.362310,0.615830,2.192293
1982-05-09,0.000000,Training,-0.036120,0.000066,0.001294,0.006395,0.042411,0.062289,0.102354,0.178159,0.352489,0.607136,2.173153
1982-05-10,0.000000,Training,-0.060730,0.002045,0.003766,0.012394,0.050724,0.063719,0.106699,0.188100,0.396848,0.667732,2.391251
1982-05-11,0.000000,Training,-0.070364,-0.012994,-0.006029,0.003640,0.051257,0.056820,0.104519,0.193119,0.403628,0.669975,2.354814
1982-05-12,0.000000,Training,-0.038232,0.002109,0.003470,0.008810,0.045044,0.065991,0.107636,0.185991,0.367102,0.627676,2.233569
1982-05-13,0.000000,Training,-0.038989,-0.000458,0.000094,0.006625,0.039373,0.065693,0.104190,0.177069,0.350894,0.611949,2.188661
1982-05-14,0.000000,Training,-0.049774,-0.004540,-0.003360,0.005602,0.038057,0.067591,0.105449,0.178966,0.355766,0.620505,2.212216
1982-05-15,0.000000,Training,-0.050793,0.006169,0.006264,0.017116,0.047013,0.069279,0.100694,0.167934,0.341367,0.598913,2.211323
1982-05-16,0.000000,Training,-0.033372,0.004392,0.006328,0.011349,0.047464,0.064644,0.101699,0.173192,0.332767,0.574799,2.103408
1982-05-17,0.000000,Training,-0.031951,0.005525,0.007311,0.012550,0.046008,0.065897,0.100818,0.169490,0.325535,0.568041,2.087140
1982-05-18,0.000000,Training,-0.041190,0.009361,0.009587,0.017975,0.048022,0.069018,0.100904,0.167436,0.332126,0.580783,2.155806
1982-05-19,0.000000,Training,-0.034898,0.004305,0.006185,0.013223,0.043490,0.067024,0.098039,0.161935,0.311460,0.552779,2.058435
1982-05-20,0.000000,Training,-0.052335,-0.002077,0.003974,0.016267,0.045679,0.073782,0.101066,0.161708,0.309600,0.551708,2.071136
1982-05-21,0.000000,Training,-0.058190,-0.003324,0.004012,0.017970,0.048232,0.076578,0.103401,0.164186,0.312192,0.552916,2.081640
1982-05-22,0.000000,Training,-0.046578,-0.000877,0.003895,0.014115,0.044467,0.069493,0.097768,0.158685,0.304441,0.543589,2.047347
1982-05-23,0.000000,Training,-0.037665,0.002697,0.005942,0.013254,0.044297,0.065182,0.095348,0.157817,0.303262,0.539411,2.030182
1982-05-24,0.000000,Training,-0.053503,-0.002805,0.004477,0.017101,0.045825,0.070034,0.095196,0.151653,0.291957,0.525252,2.017712
1982-05-25,0.000000,Training,-0.165358,-0.032605,-0.024038,0.003790,0.036074,0.052405,0.087658,0.149890,0.376998,0.685033,2.670810
1982-05-26,0.000000,Training,-0.068366,0.009642,0.011323,0.025585,0.051668,0.067446,0.098924,0.167089,0.363546,0.634838,2.421911
1982-05-27,0.000000,Training,-0.039076,-0.000798,0.003737,0.013217,0.043839,0.064672,0.098283,0.166905,0.326204,0.573980,2.127179
1982-05-28,0.000000,Training,-0.061584,0.004390,0.003459,0.017921,0.041363,0.058166,0.085128,0.143222,0.318364,0.569825,2.203259
1982-05-29,0.000000,Training,-0.098986,-0.002432,-0.002270,0.013952,0.042336,0.049029,0.081940,0.142721,0.351208,0.618591,2.428684
1982-05-30,0.000000,Training,-0.080303,0.002485,0.003934,0.018917,0.045161,0.054629,0.085803,0.149144,0.346678,0.607791,2.370281
1982-05-31,0.000000,Training,-0.043816,-0.002499,-0.001085,0.010135,0.033913,0.055965,0.083174,0.140807,0.290330,0.529447,2.045326
1982-06-01,0.000000,Training,-0.055724,-0.009395,-0.008103,0.006097,0.027563,0.052700,0.075229,0.123872,0.267105,0.502310,1.982288
1982-06-02,0.000000,Training,-0.072415,-0.000064,-0.001220,0.015171,0.036384,0.053027,0.076865,0.129780,0.303170,0.549729,2.177992
1982-06-03,0.000000,Training,-0.048211,-0.004032,-0.001212,0.008595,0.035305,0.050239,0.078108,0.134849,0.280943,0.507481,1.997879
1982-06-04,0.000000,Training,-0.046528,-0.004155,-0.000412,0.009088,0.032095,0.049849,0.074740,0.126680,0.267120,0.493822,1.961555
1982-06-05,0.000000,Training,-0.049478,-0.005360,-0.002104,0.008382,0.029677,0.048651,0.070930,0.118227,0.253513,0.477171,1.925657
1982-06-06,0.000000,Training,-0.049172,-0.004642,-0.000452,0.009474,0.030133,0.047596,0.069540,0.115840,0.250225,0.472566,1.919953
1982-06-07,0.000000,Training,-0.054976,-0.008502,-0.002171,0.008982,0.028716,0.047690,0.067386,0.109532,0.238838,0.458853,1.889626
1982-06-08,0.000000,Training,-0.061558,-0.011048,-0.002781,0.009745,0.029533,0.048794,0.067549,0.107773,0.235945,0.454628,1.886150
1982-06-09,0.000000,Training,-0.061588,-0.011833,-0.003327,0.008824,0.028576,0.047068,0.065923,0.105159,0.232356,0.450109,1.875290
1982-06-10,0.000000,Training,-0.051024,-0.008642,-0.002136,0.007077,0.026554,0.041968,0.062701,0.103395,0.231481,0.449133,1.864561
1982-06-11,0.000000,Training,-0.057992,-0.003654,0.001882,0.012647,0.031161,0.041708,0.063731,0.107288,0.253718,0.479007,1.976238
1982-06-12,0.000000,Training,-0.050623,-0.010008,-0.003539,0.004741,0.024075,0.037101,0.061396,0.104088,0.240884,0.461330,1.898897
1982-06-13,0.000000,Training,-0.065499,-0.006385,0.000292,0.011926,0.031714,0.041906,0.062086,0.101758,0.240530,0.460627,1.927856
1982-06-14,0.000000,Training,-0.060296,-0.015121,-0.006394,0.003665,0.024904,0.037827,0.057432,0.091617,0.209268,0.417344,1.784848
1982-06-15,0.000000,Training,-0.078130,-0.023603,-0.010180,0.004107,0.025126,0.040108,0.057218,0.087609,0.205495,0.413487,1.787854
1982-06-16,0.000000,Training,-0.112851,-0.024330,-0.008616,0.014907,0.031772,0.044356,0.057587,0.085480,0.234131,0.460119,1.991834
1982-06-17,0.000000,Training,-0.065672,-0.016182,-0.007403,0.003893,0.023071,0.034256,0.052979,0.086041,0.207178,0.417456,1.807450
1982-06-18,0.000000,Training,-0.058797,-0.018478,-0.007854,0.000571,0.021314,0.031074,0.051903,0.084989,0.198758,0.403102,1.744697
1982-06-19,0.000000,Training,-0.062916,-0.020750,-0.010906,-0.001774,0.017903,0.027566,0.046140,0.073984,0.182974,0.382548,1.697416
1982-06-20,0.000000,Training,-0.062048,-0.020024,-0.009773,-0.001657,0.018744,0.026798,0.046024,0.075412,0.183875,0.381627,1.694126
1982-06-21,0.000000,Training,-0.069985,-0.024345,-0.012552,-0.003233,0.015418,0.025439,0.042039,0.065635,0.170928,0.368014,1.671055
1982-06-22,0.000000,Training,-0.109248,-0.023107,-0.011475,0.001806,0.019471,0.020487,0.039435,0.064466,0.211875,0.433126,1.947520
1982-06-23,0.000000,Training,-0.064470,-0.022305,-0.011034,-0.003253,0.016803,0.024448,0.043856,0.074082,0.181724,0.378774,1.693252
1982-06-24,0.000000,Training,-0.068662,-0.026019,-0.013517,-0.005759,0.013798,0.022341,0.041090,0.069280,0.176582,0.374470,1.675267
1982-06-25,0.000000,Training,-0.080935,-0.024299,-0.015022,-0.004051,0.013720,0.021061,0.037553,0.063124,0.178812,0.378929,1.717665
1982-06-26,0.000000,Training,-0.078500,-0.025421,-0.014573,-0.005360,0.013714,0.020028,0.037330,0.064877,0.176000,0.372292,1.691679
1982-06-27,0.000000,Training,-0.075250,-0.030353,-0.018608,-0.011083,0.006669,0.016420,0.031933,0.055153,0.155551,0.348803,1.615367
1982-06-28,0.000000,Training,-0.092193,-0.039475,-0.024621,-0.014471,0.002892,0.015585,0.027884,0.044191,0.140243,0.331123,1.581522
1982-06-29,0.000000,Training,-0.099086,-0.043119,-0.026547,-0.015237,0.001946,0.015031,0.025801,0.040765,0.134746,0.323986,1.566566
1982-06-30,0.000000,Training,-0.103872,-0.046640,-0.028043,-0.015525,0.000661,0.014474,0.023713,0.037199,0.129787,0.318685,1.554223
1982-07-01,0.000000,Training,-0.108295,-0.049597,-0.028987,-0.014774,0.000029,0.014745,0.021659,0.034021,0.124790,0.313176,1.538598
1982-07-02,0.000000,Training,-0.086213,-0.040304,-0.025716,-0.018876,-0.003725,0.007302,0.018493,0.035086,0.124538,0.312236,1.526119
1982-07-03,0.000000,Training,-0.099995,-0.034442,-0.019270,-0.010771,0.008087,0.009093,0.024123,0.049789,0.161003,0.352711,1.661577
1982-07-04,0.000000,Training,-0.294921,-0.114299,-0.089610,-0.005965,0.033146,0.071364,0.090109,0.157033,0.389761,0.723642,2.702766
1982-07-05,0.000000,Training,-0.106734,-0.063591,-0.052709,-0.029622,-0.010228,0.031487,0.052480,0.095069,0.232019,0.493386,1.955854
1982-07-06,0.000000,Training,-0.120656,-0.070293,-0.053667,-0.034733,-0.019037,0.017924,0.033276,0.061020,0.183205,0.416963,1.758960
1982-07-07,0.000000,Training,-0.122541,-0.060347,-0.047663,-0.030704,-0.019872,0.017185,0.030072,0.046574,0.166348,0.386761,1.706870
1982-07-08,0.000000,Training,-0.106044,-0.051409,-0.038018,-0.028497,-0.018679,0.010151,0.020414,0.037265,0.141738,0.349190,1.608304
1982-07-09,0.000000,Training,-0.103663,-0.051355,-0.036284,-0.028681,-0.019434,0.005968,0.014396,0.028743,0.124073,0.323968,1.546504
1982-07-10,0.000000,Training,-0.109989,-0.055345,-0.038291,-0.030203,-0.021423,0.002505,0.009244,0.019475,0.109840,0.304843,1.506759
1982-07-11,0.000000,Training,-0.099587,-0.050353,-0.034215,-0.028771,-0.018421,0.000747,0.009568,0.023663,0.109393,0.299197,1.483829
1982-07-12,0.000000,Training,-0.099845,-0.050111,-0.033479,-0.028404,-0.016850,-0.000486,0.009231,0.025219,0.109650,0.296303,1.475231
1982-07-13,0.000000,Training,-0.101231,-0.050327,-0.033156,-0.028489,-0.015252,-0.002202,0.008440,0.026388,0.109969,0.293156,1.466530
1982-07-14,0.000000,Training,-0.101513,-0.051880,-0.034895,-0.030193,-0.018558,-0.004186,0.004883,0.019723,0.099392,0.281824,1.438828
1982-07-15,0.000000,Training,-0.102634,-0.054763,-0.037836,-0.033184,-0.023517,-0.007520,-0.000648,0.009484,0.084520,0.266084,1.400911
1982-07-16,0.000000,Training,-0.103970,-0.055992,-0.039019,-0.034495,-0.025138,-0.009476,-0.003369,0.005579,0.078090,0.258074,1.381277
1982-07-17,0.000000,Training,-0.104991,-0.056553,-0.039609,-0.035194,-0.025702,-0.010680,-0.004771,0.003949,0.074767,0.253225,1.369061
1982-07-18,0.000000,Training,-0.106474,-0.058639,-0.041564,-0.037215,-0.028128,-0.012815,-0.007785,-0.001025,0.067046,0.244260,1.346080
1982-07-19,0.000000,Training,-0.107640,-0.057202,-0.040313,-0.035687,-0.025624,-0.012242,-0.006038,0.003389,0.073315,0.249880,1.362036
1982-07-20,0.000000,Training,-0.108842,-0.058786,-0.042219,-0.037342,-0.027752,-0.013745,-0.007499,0.000581,0.070371,0.247294,1.355900
1982-07-21,0.000000,Training,-0.111304,-0.062861,-0.047051,-0.041232,-0.033805,-0.016547,-0.010061,-0.006388,0.065780,0.246294,1.354079
1982-07-22,0.000000,Training,-0.121691,-0.068612,-0.055247,-0.044917,-0.041144,-0.016593,-0.006538,-0.009200,0.075534,0.265491,1.406260
1982-07-23,0.000000,Training,-0.108672,-0.062778,-0.043854,-0.040671,-0.027713,-0.019150,-0.016104,-0.010345,0.040820,0.204098,1.240383
1982-07-24,0.000000,Training,-0.112845,-0.066262,-0.046280,-0.042558,-0.029893,-0.020919,-0.019045,-0.015813,0.032999,0.195148,1.220181
1982-07-25,0.000000,Training,-0.119252,-0.069947,-0.048416,-0.043612,-0.030699,-0.021500,-0.020451,-0.018974,0.028202,0.189059,1.208730
1982-07-26,0.000000,Training,-0.120554,-0.071299,-0.049491,-0.044438,-0.031338,-0.022267,-0.021354,-0.020096,0.025786,0.186009,1.200950
1982-07-27,0.000000,Training,-0.113571,-0.068259,-0.048228,-0.044504,-0.031244,-0.023457,-0.021530,-0.017974,0.027102,0.187154,1.198512
1982-07-28,0.000000,Training,-0.130793,-0.061199,-0.042381,-0.035425,-0.022669,-0.021019,-0.018692,-0.011836,0.052591,0.220603,1.329715
1982-07-29,0.000000,Training,-0.147647,-0.066714,-0.047819,-0.039301,-0.025287,-0.025358,-0.021322,-0.014476,0.060329,0.236285,1.397837
1982-07-30,0.000000,Training,-0.119119,-0.068430,-0.049995,-0.043149,-0.027754,-0.019923,-0.015205,-0.003690,0.049060,0.215740,1.273046
1982-07-31,0.000000,Training,-0.139670,-0.068271,-0.050635,-0.040607,-0.026039,-0.022126,-0.018888,-0.010149,0.057155,0.229801,1.347882
1982-08-01,0.000000,Training,-0.207624,-0.099871,-0.083900,-0.067555,-0.043939,-0.044470,-0.032258,-0.022305,0.069710,0.267096,1.513010
1982-08-02,0.000000,Training,-0.127506,-0.077001,-0.061589,-0.050058,-0.030957,-0.017948,-0.011424,0.006706,0.061788,0.236534,1.308459
1982-08-03,0.000000,Training,-0.130211,-0.082285,-0.065140,-0.054932,-0.038183,-0.024496,-0.021395,-0.012661,0.035735,0.204845,1.224824
1982-08-04,0.000000,Training,-0.132260,-0.080861,-0.064876,-0.055389,-0.040035,-0.030621,-0.030930,-0.030137,0.008427,0.166508,1.142824
1982-08-05,0.000000,Training,-0.126034,-0.076862,-0.059935,-0.052698,-0.037388,-0.030611,-0.030711,-0.028642,0.005779,0.160774,1.129100
1982-08-06,0.000000,Training,-0.123805,-0.075606,-0.057737,-0.051327,-0.036022,-0.030677,-0.030746,-0.028641,0.003635,0.156945,1.120009
1982-08-07,0.000000,Training,-0.130272,-0.079318,-0.058434,-0.050528,-0.035572,-0.030313,-0.031773,-0.032482,-0.001983,0.149926,1.106938
1982-08-08,0.000000,Training,-0.132198,-0.080614,-0.058359,-0.049409,-0.034692,-0.029562,-0.031658,-0.032974,-0.003414,0.148245,1.103318
1982-08-09,0.000000,Training,-0.133204,-0.081729,-0.058718,-0.048937,-0.034309,-0.029172,-0.031612,-0.033163,-0.004252,0.147667,1.100945
1982-08-10,0.000000,Training,-0.134183,-0.082745,-0.058949,-0.048182,-0.033807,-0.028688,-0.031695,-0.033805,-0.005555,0.146361,1.096624
1982-08-11,0.000000,Training,-0.134459,-0.083341,-0.059157,-0.047778,-0.033505,-0.028632,-0.031916,-0.034451,-0.006928,0.144871,1.092183
1982-08-12,0.000000,Training,-0.134573,-0.081249,-0.058565,-0.047569,-0.033093,-0.029962,-0.032509,-0.034803,-0.005822,0.146746,1.104845
1982-08-13,0.000000,Training,-0.122587,-0.077472,-0.058149,-0.050832,-0.034841,-0.033785,-0.033429,-0.033157,-0.007448,0.143220,1.087115
1982-08-14,0.000000,Training,-0.119931,-0.074976,-0.056426,-0.049880,-0.032679,-0.033790,-0.032054,-0.030536,-0.005989,0.142475,1.084687
1982-08-15,0.000000,Training,-0.119212,-0.073838,-0.055726,-0.049193,-0.031644,-0.034152,-0.032171,-0.030745,-0.006833,0.140353,1.081232
1982-08-16,0.000000,Training,-0.118790,-0.075136,-0.056756,-0.050006,-0.033186,-0.035529,-0.033775,-0.034449,-0.010854,0.136838,1.074320
1982-08-17,0.000000,Training,-0.119226,-0.076435,-0.057396,-0.050342,-0.033759,-0.035927,-0.034260,-0.036736,-0.014618,0.132869,1.064529
1982-08-18,0.000000,Training,-0.120985,-0.078697,-0.058597,-0.050445,-0.035082,-0.036980,-0.036386,-0.041292,-0.018556,0.130037,1.060459
1982-08-19,0.000000,Training,-0.120882,-0.079467,-0.059020,-0.049856,-0.036748,-0.038337,-0.037837,-0.045888,-0.019304,0.132412,1.075670
1982-08-20,0.000000,Training,-0.124673,-0.079340,-0.058598,-0.048769,-0.032044,-0.035503,-0.034392,-0.040027,-0.017639,0.130301,1.064917
1982-08-21,0.000000,Training,-0.120490,-0.079894,-0.059599,-0.051049,-0.033000,-0.036872,-0.034222,-0.038942,-0.019677,0.126560,1.048396
1982-08-22,0.000000,Training,-0.122276,-0.081459,-0.060076,-0.050594,-0.032935,-0.036650,-0.034794,-0.040846,-0.022049,0.124238,1.042041
1982-08-23,0.000000,Training,-0.127186,-0.077426,-0.057885,-0.046779,-0.029805,-0.035428,-0.034144,-0.039990,-0.015534,0.133319,1.082428
1982-08-24,0.000000,Training,-0.123882,-0.082853,-0.060926,-0.050088,-0.032194,-0.035714,-0.034109,-0.040360,-0.022047,0.124808,1.042699
1982-08-25,0.000000,Training,-0.126580,-0.083970,-0.060839,-0.048670,-0.031007,-0.034268,-0.033330,-0.040308,-0.021577,0.125858,1.045721
1982-08-26,0.000000,Training,-0.121721,-0.080315,-0.060864,-0.050848,-0.030791,-0.036359,-0.032573,-0.036644,-0.019376,0.125944,1.046274
1982-08-27,0.000000,Training,-0.120392,-0.077158,-0.058560,-0.049168,-0.026173,-0.034932,-0.028247,-0.027992,-0.010995,0.131911,1.060331
1982-08-28,0.000000,Training,-0.258598,-0.134182,-0.115985,-0.080207,-0.039255,-0.049616,-0.028368,-0.015060,0.051185,0.248043,1.443200
1982-08-29,0.000000,Training,-0.133555,-0.093220,-0.077402,-0.056924,-0.032061,-0.020821,-0.010990,0.001143,0.037673,0.217075,1.245332
1982-08-30,0.000000,Training,-0.136049,-0.093451,-0.074079,-0.055325,-0.034566,-0.025157,-0.019210,-0.015826,0.020181,0.192199,1.191284
1982-08-31,0.000000,Training,-0.132992,-0.088898,-0.070089,-0.053951,-0.035275,-0.033066,-0.031834,-0.038467,-0.017704,0.136897,1.066078
1982-09-01,0.000000,Training,-0.129671,-0.086825,-0.066552,-0.051843,-0.033525,-0.032984,-0.032303,-0.038834,-0.020817,0.131422,1.052941
1982-09-02,0.000000,Training,-0.127013,-0.085192,-0.064847,-0.051227,-0.032714,-0.033460,-0.032391,-0.038376,-0.021562,0.129213,1.048345
1982-09-03,0.000000,Training,-0.126540,-0.084943,-0.063445,-0.049590,-0.031454,-0.032596,-0.031932,-0.038118,-0.021673,0.128624,1.046596
1982-09-04,0.000000,Training,-0.125652,-0.084541,-0.062846,-0.049147,-0.030968,-0.032628,-0.031819,-0.037883,-0.021757,0.128093,1.045397
1982-09-05,0.000000,Training,-0.125463,-0.084545,-0.062531,-0.048683,-0.030519,-0.032335,-0.031533,-0.037538,-0.021416,0.128434,1.045879
1982-09-06,0.000000,Training,-0.123394,-0.081513,-0.062441,-0.050560,-0.029656,-0.034154,-0.030282,-0.033751,-0.018746,0.128459,1.050249
1982-09-07,0.000000,Training,-0.123681,-0.083150,-0.062712,-0.050064,-0.030676,-0.033858,-0.031583,-0.036723,-0.021353,0.127154,1.044113
1982-09-08,0.000000,Training,-0.124013,-0.083698,-0.062181,-0.048801,-0.030191,-0.032750,-0.031318,-0.037014,-0.021232,0.127986,1.044782
1982-09-09,0.000000,Training,-0.123386,-0.082744,-0.062470,-0.049966,-0.030140,-0.033723,-0.031041,-0.035784,-0.020615,0.127519,1.045596
1982-09-10,0.000000,Training,-0.123543,-0.080646,-0.061761,-0.049808,-0.028056,-0.033385,-0.028765,-0.031201,-0.016017,0.130728,1.056586
1982-09-11,0.000000,Training,-0.123449,-0.082942,-0.062517,-0.049824,-0.030124,-0.033394,-0.030710,-0.035409,-0.019786,0.128898,1.048627
1982-09-12,0.000000,Training,-0.125437,-0.084619,-0.060526,-0.045108,-0.027768,-0.028437,-0.028533,-0.034207,-0.016822,0.134741,1.057429
1982-09-13,0.000000,Training,-0.125803,-0.084902,-0.060326,-0.044400,-0.027372,-0.027526,-0.027887,-0.033343,-0.015195,0.137321,1.063711
1982-09-14,0.000000,Training,-0.125115,-0.085473,-0.061352,-0.045607,-0.029042,-0.028938,-0.028906,-0.034527,-0.014596,0.139583,1.071062
1982-09-15,0.000000,Training,-0.121431,-0.082981,-0.062881,-0.049328,-0.033601,-0.034296,-0.031616,-0.038480,-0.012958,0.144203,1.098543
1982-09-16,0.000000,Training,-0.141569,-0.080222,-0.060107,-0.043450,-0.023083,-0.031083,-0.028396,-0.031867,-0.000058,0.155732,1.156200
1982-09-17,0.000000,Training,-0.165811,-0.087793,-0.067812,-0.049377,-0.026264,-0.036424,-0.030194,-0.032990,0.014589,0.183050,1.263757
1982-09-18,0.000000,Training,-0.292846,-0.161163,-0.144285,-0.084024,-0.040567,-0.020733,0.002257,0.027471,0.129041,0.395449,1.822751
1982-09-19,0.000000,Training,-0.302047,-0.169905,-0.173471,-0.079714,-0.005799,0.047458,0.118886,0.194492,0.447553,0.888190,3.221531
1982-09-20,0.000000,Training,-0.262286,-0.129379,-0.145314,-0.056395,0.023180,0.080913,0.174094,0.272282,0.602532,1.081491,3.835166
1982-09-21,0.000000,Training,-0.154759,-0.091813,-0.097847,-0.045273,-0.004749,0.056746,0.095118,0.160774,0.321395,0.605529,2.240047
1982-09-22,0.000000,Training,-0.167911,-0.070887,-0.068205,-0.037506,-0.015383,0.023657,0.039940,0.071241,0.188923,0.414479,1.850021
1982-09-23,0.000000,Training,-0.142210,-0.071193,-0.064609,-0.045510,-0.023579,0.009210,0.021680,0.047676,0.119899,0.314148,1.511458
1982-09-24,0.000000,Training,-0.152614,-0.069143,-0.058227,-0.040202,-0.022258,0.000943,0.008374,0.028583,0.103841,0.298414,1.521111
1982-09-25,0.000000,Training,-0.326343,-0.151103,-0.147416,-0.041944,0.021385,0.089224,0.119311,0.199235,0.441319,0.847975,3.029476
1982-09-26,0.000000,Training,-0.170083,-0.112994,-0.116180,-0.062149,-0.005906,0.050713,0.098271,0.190457,0.379434,0.704804,2.436315
1982-09-27,0.000000,Training,-0.145060,-0.077074,-0.073693,-0.045839,-0.014024,0.035546,0.061685,0.117957,0.239105,0.479266,1.911425
1982-09-28,0.000000,Training,-0.150356,-0.063467,-0.056583,-0.034936,-0.017899,0.017221,0.025608,0.054213,0.139511,0.345171,1.630947
1982-09-29,0.000000,Training,-0.176682,-0.074696,-0.064570,-0.044447,-0.023722,-0.000823,0.009555,0.036491,0.135099,0.349534,1.698100
1982-09-30,0.000000,Training,-0.139638,-0.078303,-0.067474,-0.050795,-0.026926,0.000829,0.012079,0.046720,0.113632,0.311547,1.487760
1982-10-01,0.016220,Validation,-0.133573,-0.072114,-0.060159,-0.045914,-0.028370,0.000606,0.006790,0.033049,0.089734,0.279314,1.409585
1982-10-02,0.016220,Validation,-0.132792,-0.070476,-0.059403,-0.046498,-0.029964,-0.005963,-0.002457,0.018764,0.065883,0.244093,1.325963
1982-10-03,0.016220,Validation,-0.130783,-0.070295,-0.057430,-0.046682,-0.029522,-0.009885,-0.005805,0.015444,0.060358,0.234903,1.305027
1982-10-04,0.016220,Validation,-0.128778,-0.069812,-0.056400,-0.046852,-0.029612,-0.012434,-0.007475,0.013568,0.059893,0.233620,1.304356
1982-10-05,0.016220,Validation,-0.141095,-0.065345,-0.052935,-0.039969,-0.027965,-0.010785,-0.007460,0.010065,0.077511,0.264830,1.431362
1982-10-06,0.016220,Validation,-0.137631,-0.082473,-0.069085,-0.057579,-0.036082,-0.024446,-0.010483,0.013103,0.085076,0.270474,1.404183
1982-10-07,0.016220,Validation,-0.150829,-0.096858,-0.078890,-0.067163,-0.037519,-0.037965,-0.023685,0.002942,0.069028,0.244721,1.328065
1982-10-08,0.016220,Validation,-0.156651,-0.103954,-0.084096,-0.072462,-0.036093,-0.043691,-0.029710,-0.000339,0.054423,0.218081,1.244787
1982-10-09,0.016220,Validation,-0.197611,-0.098632,-0.080378,-0.064636,-0.027502,-0.034201,-0.018844,0.010002,0.091242,0.274789,1.486283
1982-10-10,0.016220,Validation,-0.152578,-0.096474,-0.079735,-0.063741,-0.027648,-0.019556,-0.004518,0.034803,0.094119,0.272045,1.368103
1982-10-11,0.016220,Validation,-0.156629,-0.100146,-0.081080,-0.066709,-0.031354,-0.026729,-0.011630,0.023511,0.083046,0.254673,1.327130
1982-10-12,0.016220,Validation,-0.149111,-0.089122,-0.073624,-0.060520,-0.032938,-0.024734,-0.016017,0.010420,0.060968,0.227607,1.275191
1982-10-13,0.016220,Validation,-0.273157,-0.139132,-0.126751,-0.089674,-0.054924,-0.030904,-0.008655,0.029560,0.155597,0.411384,1.897781
1982-10-14,0.016220,Validation,-0.171673,-0.116995,-0.101214,-0.075952,-0.028171,-0.013030,0.010860,0.070721,0.161776,0.372933,1.589521
1982-10-15,0.016220,Validation,-0.174134,-0.116881,-0.095616,-0.077107,-0.032486,-0.025564,-0.005817,0.044506,0.126786,0.315253,1.450919
1982-10-16,0.016220,Validation,-0.213111,-0.111174,-0.093105,-0.074306,-0.032443,-0.036364,-0.019039,0.018809,0.121268,0.315077,1.582480
1982-10-17,0.016220,Validation,-0.175109,-0.098151,-0.082054,-0.061949,-0.025376,-0.014050,0.000397,0.047975,0.142203,0.341420,1.586092
1982-10-18,0.016220,Validation,-0.200819,-0.118120,-0.096429,-0.074500,-0.033157,-0.030237,-0.013495,0.034705,0.141341,0.342363,1.592932
1982-10-19,0.016220,Validation,-0.183004,-0.123601,-0.102722,-0.083031,-0.039970,-0.035590,-0.020008,0.028410,0.108072,0.291348,1.396629
1982-10-20,0.016220,Validation,-0.167836,-0.105273,-0.085022,-0.070759,-0.031974,-0.024980,-0.011321,0.033290,0.106020,0.281895,1.385571
1982-10-21,0.016220,Validation,-0.154717,-0.089378,-0.071113,-0.058175,-0.027930,-0.011605,-0.003649,0.036396,0.100424,0.274919,1.373381
1982-10-22,0.016220,Validation,-0.171741,-0.103855,-0.081255,-0.068362,-0.029732,-0.028730,-0.017406,0.025733,0.095243,0.263774,1.346187
1982-10-23,0.016220,Validation,-0.181501,-0.119215,-0.092316,-0.077935,-0.036352,-0.038657,-0.027764,0.018781,0.086726,0.255961,1.300405
1982-10-24,0.016220,Validation,-0.177342,-0.115494,-0.088368,-0.074803,-0.033280,-0.034595,-0.023355,0.024272,0.093341,0.263709,1.318325
1982-10-25,0.016220,Validation,-0.167155,-0.103732,-0.079150,-0.067228,-0.027098,-0.024141,-0.011842,0.036501,0.108174,0.279655,1.367328
1982-10-26,0.016220,Validation,-0.158759,-0.094825,-0.071639,-0.060493,-0.024153,-0.016475,-0.004779,0.042067,0.115240,0.288531,1.398789
1982-10-27,0.016220,Validation,-0.150241,-0.086849,-0.064646,-0.053913,-0.023427,-0.008977,0.000342,0.044845,0.119768,0.298020,1.429294
1982-10-28,0.016220,Validation,-0.144712,-0.082112,-0.057979,-0.047519,-0.021054,-0.002313,0.003674,0.045141,0.112021,0.288845,1.402435
1982-10-29,0.016220,Validation,-0.140910,-0.078842,-0.054182,-0.044784,-0.019246,-0.000661,0.004662,0.045701,0.112094,0.288562,1.403768
1982-10-30,0.016220,Validation,-0.138993,-0.077506,-0.052572,-0.044364,-0.017820,-0.002158,0.004576,0.046359,0.115652,0.291515,1.415945
1982-10-31,0.016220,Validation,-0.133468,-0.074783,-0.049968,-0.041713,-0.018885,0.000842,0.006989,0.047599,0.123184,0.305728,1.458285
1982-11-01,0.016220,Validation,-0.133301,-0.073239,-0.046100,-0.037315,-0.010376,0.006903,0.011756,0.054629,0.120791,0.295650,1.416007
1982-11-02,0.016220,Validation,-0.131596,-0.072407,-0.044873,-0.035807,-0.009448,0.008274,0.012815,0.055766,0.124200,0.300661,1.430328
1982-11-03,0.016220,Validation,-0.157790,-0.070844,-0.043984,-0.030590,-0.004277,0.009223,0.014545,0.059357,0.161419,0.355294,1.641478
1982-11-04,0.016220,Validation,-0.135628,-0.075615,-0.047665,-0.036845,-0.004897,0.010717,0.020622,0.071534,0.152936,0.335843,1.524207
1982-11-05,0.016220,Validation,-0.248720,-0.122404,-0.093393,-0.067844,-0.020683,-0.007365,0.019004,0.082527,0.243385,0.490849,2.078759
1982-11-06,0.308178,Validation,-0.412895,-0.197555,-0.177935,0.075213,0.169094,0.267984,0.405328,0.841660,2.127885,3.317892,11.310890
1982-11-07,15.717054,Validation,-0.660917,-0.408201,-0.286213,0.171463,0.446438,0.778180,1.202300,2.736167,7.840536,13.866639,41.540627
1982-11-08,18.231134,Validation,-0.697657,-0.408735,-0.216325,0.172774,0.570549,0.967298,1.708992,3.702760,10.342984,17.899738,54.574516
1982-11-09,3.746790,Validation,-0.323656,-0.021553,0.094392,0.273403,0.425062,0.682757,1.000639,1.762981,3.837910,5.540042,15.095333
1982-11-10,1.832845,Validation,-0.124237,0.122709,0.136837,0.200961,0.238087,0.418546,0.528602,0.835659,1.629881,2.262622,6.620589
1982-11-11,0.973192,Validation,-0.074015,0.144689,0.145584,0.190609,0.199541,0.356322,0.416933,0.628068,1.164508,1.632355,4.897855
1982-11-12,0.583915,Validation,-0.069825,0.103326,0.118645,0.149631,0.151957,0.281854,0.324381,0.486405,0.894706,1.282562,3.969856
1982-11-13,0.437937,Validation,-0.128868,0.059868,0.086592,0.122135,0.124798,0.236317,0.278574,0.427334,0.881961,1.302868,4.258444
1982-11-14,0.389277,Validation,-0.145320,-0.027576,0.012443,0.055777,0.077631,0.177423,0.220066,0.375550,0.768297,1.156050,3.526183
1982-11-15,0.340617,Validation,-0.158672,-0.038063,0.002033,0.045965,0.065467,0.161146,0.202202,0.352473,0.742577,1.127338,3.499214
1982-11-16,0.259518,Validation,-0.174573,-0.063690,-0.021784,0.022677,0.044732,0.131642,0.172687,0.315244,0.677686,1.026029,3.205451
1982-11-17,0.210858,Validation,-0.180896,-0.076564,-0.036194,0.008768,0.031918,0.117808,0.159169,0.301043,0.653527,1.007066,3.152717
1982-11-18,0.178419,Validation,-0.191845,-0.091938,-0.052847,-0.007644,0.017198,0.098849,0.140163,0.277575,0.616259,0.961766,3.039791
1982-11-19,0.162199,Validation,-0.222695,-0.127676,-0.085073,-0.037723,-0.008374,0.063087,0.104183,0.234719,0.563121,0.888580,2.860580
1982-11-20,0.145979,Validation,-0.229695,-0.137473,-0.098877,-0.048112,-0.016364,0.052389,0.095371,0.225794,0.550007,0.882565,2.840590
1982-11-21,0.129759,Validation,-0.245070,-0.151092,-0.113846,-0.059334,-0.025346,0.039951,0.085559,0.213691,0.539331,0.870820,2.803600
1982-11-22,0.113539,Validation,-0.261439,-0.157832,-0.122901,-0.060072,-0.024698,0.042552,0.096063,0.223379,0.561531,0.900486,2.860388
1982-11-23,0.097319,Validation,-0.310632,-0.163645,-0.134114,-0.046406,-0.005416,0.070621,0.144679,0.280662,0.695100,1.066336,3.338885
1982-11-24,0.097319,Validation,-0.263847,-0.148196,-0.121214,-0.052930,-0.010052,0.050349,0.112563,0.224518,0.533124,0.842025,2.728850
1982-11-25,0.081099,Validation,-0.377401,-0.218043,-0.190722,-0.100109,-0.046982,-0.001814,0.067170,0.206377,0.648575,1.096194,3.754102
1982-11-26,0.081099,Validation,-0.269854,-0.197988,-0.164792,-0.097727,-0.041365,0.001018,0.057293,0.194030,0.516757,0.836349,2.810096
1982-11-27,0.081099,Validation,-0.345672,-0.213870,-0.177977,-0.104800,-0.039083,-0.004086,0.065890,0.212694,0.659080,1.091878,3.744081
1982-11-28,0.081099,Validation,-0.251102,-0.162719,-0.137442,-0.060206,0.000127,0.067673,0.136539,0.311803,0.737441,1.162804,3.602547
1982-11-29,0.081099,Validation,-0.253123,-0.165666,-0.127306,-0.071572,-0.018734,0.034503,0.085827,0.224250,0.553632,0.876021,2.845394
1982-11-30,0.081099,Validation,-0.272196,-0.170140,-0.136579,-0.084835,-0.038393,0.015019,0.057942,0.199980,0.519862,0.798540,2.718130
1982-12-01,0.081099,Validation,-0.257896,-0.165683,-0.128933,-0.085974,-0.037432,0.004386,0.042108,0.168534,0.439925,0.696253,2.436483
1982-12-02,0.081099,Validation,-0.243175,-0.160425,-0.123659,-0.086648,-0.040235,-0.008090,0.022831,0.133193,0.360154,0.594347,2.187536
1982-12-03,0.064879,Validation,-0.228138,-0.151725,-0.110539,-0.073597,-0.023072,0.001293,0.037483,0.138992,0.362113,0.595621,2.169586
1982-12-04,0.064879,Validation,-0.213595,-0.140901,-0.100057,-0.063984,-0.012408,0.008687,0.046468,0.143061,0.359701,0.600419,2.162742
1982-12-05,0.048660,Validation,-0.202140,-0.131224,-0.092480,-0.057248,-0.006220,0.013224,0.051029,0.145673,0.356405,0.602609,2.159660
1982-12-06,0.048660,Validation,-0.187205,-0.117387,-0.082435,-0.048849,0.000816,0.019656,0.057374,0.150480,0.355010,0.605945,2.168411
1982-12-07,0.048660,Validation,-0.184173,-0.108902,-0.076106,-0.042996,0.005732,0.022859,0.060678,0.152358,0.361067,0.615043,2.212870
1982-12-08,0.048660,Validation,-0.437879,-0.258541,-0.237964,-0.090993,-0.008506,0.080981,0.189368,0.459167,1.343043,2.201313,7.371970
1982-12-09,0.048660,Validation,-0.313514,-0.213908,-0.187175,-0.057588,0.036770,0.142357,0.300320,0.642233,1.607975,2.578715,7.818174
1982-12-10,0.048660,Validation,-0.292561,-0.160652,-0.129028,-0.044189,0.019502,0.108842,0.217207,0.461830,1.160016,1.814988,5.749279
1982-12-11,0.048660,Validation,-0.237147,-0.141167,-0.110393,-0.049766,0.005044,0.066471,0.138802,0.305406,0.716094,1.114811,3.493425
1982-12-12,0.048660,Validation,-0.338128,-0.175830,-0.143252,-0.070225,-0.008652,0.044658,0.129987,0.312064,0.863233,1.397454,4.631570
1982-12-13,0.064879,Validation,-0.357626,-0.213971,-0.173774,-0.078395,-0.006783,0.058354,0.164856,0.402091,1.094925,1.724739,5.386238
1982-12-14,0.064879,Validation,-0.262803,-0.180466,-0.140504,-0.080810,-0.015198,0.042036,0.120143,0.300672,0.738789,1.141284,3.585109
1982-12-15,0.081099,Validation,-0.254151,-0.163610,-0.124631,-0.070902,-0.009740,0.035571,0.104958,0.260196,0.642277,0.989828,3.167176
1982-12-16,0.081099,Validation,-0.218364,-0.135706,-0.100991,-0.060116,0.000966,0.032808,0.090928,0.223455,0.539970,0.851234,2.826526
1982-12-17,0.081099,Validation,-0.250051,-0.129706,-0.093698,-0.049090,0.010943,0.038768,0.099601,0.239899,0.618259,0.983120,3.312786
1982-12-18,0.113539,Validation,-0.222525,-0.141926,-0.105215,-0.066876,-0.005465,0.026716,0.087145,0.225869,0.546913,0.853334,2.858226
1982-12-19,0.097319,Validation,-0.224976,-0.141957,-0.104877,-0.067486,-0.006354,0.025811,0.086718,0.224962,0.548051,0.854715,2.848301
1982-12-20,0.081099,Validation,-0.411972,-0.226028,-0.196228,-0.096202,-0.005399,0.063176,0.180676,0.456946,1.252247,2.005504,6.539129
1982-12-21,0.097319,Validation,-0.630574,-0.462784,-0.409160,-0.223086,-0.062677,0.072082,0.330757,0.982102,3.169620,5.367229,16.477955
1982-12-22,0.145979,Validation,-0.485119,-0.340537,-0.289343,-0.142679,-0.021096,0.151096,0.353244,0.970104,2.505643,3.884288,10.915342
1982-12-23,0.145979,Validation,-0.398183,-0.252634,-0.199210,-0.095902,-0.007195,0.118646,0.267241,0.679564,1.689071,2.458877,7.063874
1982-12-24,0.129759,Validation,-0.342944,-0.210192,-0.160318,-0.073842,0.002079,0.099186,0.218336,0.531913,1.294184,1.867076,5.458517
1982-12-25,0.113539,Validation,-0.318120,-0.189528,-0.140343,-0.066243,0.001708,0.094873,0.199098,0.478220,1.123922,1.638932,4.783114
1982-12-26,0.097319,Validation,-0.325745,-0.186202,-0.133988,-0.054542,0.013630,0.118964,0.227979,0.533171,1.211627,1.755171,4.988892
1982-12-27,0.081099,Validation,-0.250442,-0.146789,-0.111957,-0.066941,-0.006743,0.057396,0.132176,0.336873,0.791579,1.184165,3.687652
1982-12-28,0.081099,Validation,-0.229988,-0.132606,-0.093318,-0.048162,0.015667,0.076837,0.158449,0.357298,0.817933,1.228365,3.752422
1982-12-29,0.081099,Validation,-0.226631,-0.135528,-0.096769,-0.054530,0.007532,0.061800,0.138419,0.323294,0.751016,1.133637,3.524740
1982-12-30,0.081099,Validation,-0.249907,-0.145559,-0.104445,-0.053900,0.008738,0.081006,0.168022,0.392436,0.903474,1.336360,4.011889
1982-12-31,0.064879,Validation,-0.224881,-0.136519,-0.099086,-0.059040,0.004275,0.056870,0.131565,0.316651,0.736873,1.107562,3.469429
1983-01-01,0.064879,Training,-0.229839,-0.148331,-0.130370,-0.099522,-0.045067,0.001297,0.052319,0.219638,0.552492,0.877240,2.958211
1983-01-02,0.048660,Training,-0.235092,-0.159246,-0.146816,-0.117074,-0.063060,-0.015802,0.034840,0.203023,0.540380,0.872860,2.977903
1983-01-03,0.048660,Training,-0.235759,-0.152319,-0.131372,-0.096860,-0.039337,0.011895,0.069572,0.252561,0.624145,0.967827,3.189413
1983-01-04,0.048660,Training,-0.239594,-0.153165,-0.125557,-0.086078,-0.024809,0.032648,0.100162,0.299757,0.720667,1.091320,3.479475
1983-01-05,0.048660,Training,-0.212782,-0.138748,-0.101158,-0.062321,0.003149,0.046415,0.118235,0.292198,0.684983,1.034070,3.300991
1983-01-06,0.032440,Training,-0.201342,-0.127969,-0.088731,-0.049414,0.017584,0.062841,0.138740,0.315426,0.716950,1.090538,3.401974
1983-01-07,0.032440,Training,-0.222833,-0.129711,-0.086538,-0.038267,0.029454,0.088563,0.175641,0.386686,0.860373,1.297642,3.890217
1983-01-08,0.032440,Training,-0.178411,-0.109914,-0.073754,-0.038961,0.026458,0.066536,0.135998,0.300537,0.657119,1.016789,3.189206
1983-01-09,0.032440,Training,-0.166488,-0.104091,-0.068753,-0.039937,0.026751,0.044592,0.100783,0.228646,0.505109,0.789466,2.630804
1983-01-10,0.032440,Training,-0.171069,-0.107204,-0.072159,-0.043474,0.023831,0.041757,0.098574,0.227957,0.508572,0.788138,2.632433
1983-01-11,0.016220,Training,-0.171846,-0.107549,-0.072427,-0.044128,0.023634,0.042765,0.100358,0.231908,0.516274,0.797512,2.652200
1983-01-12,0.016220,Training,-0.172517,-0.107913,-0.072864,-0.044503,0.023578,0.044122,0.102532,0.236342,0.525820,0.810087,2.680423
1983-01-13,0.016220,Training,-0.201020,-0.102807,-0.066670,-0.031349,0.038779,0.059709,0.124170,0.271532,0.632799,0.971901,3.191120
1983-01-14,0.016220,Training,-0.181827,-0.101924,-0.067413,-0.032162,0.038366,0.066838,0.133916,0.288214,0.643492,0.989253,3.166169
1983-01-15,0.016220,Training,-0.175245,-0.110247,-0.074317,-0.042088,0.029288,0.061544,0.129616,0.282614,0.622554,0.952162,3.010543
1983-01-16,0.016220,Training,-0.168265,-0.101973,-0.069145,-0.037010,0.034342,0.066813,0.133786,0.287188,0.623843,0.959943,3.013923
1983-01-17,0.016220,Training,-0.159681,-0.093733,-0.062340,-0.031849,0.038258,0.071144,0.136394,0.289161,0.617609,0.956580,2.994394
1983-01-18,0.016220,Training,-0.160442,-0.093972,-0.060656,-0.032093,0.038153,0.070520,0.135850,0.286669,0.613690,0.945729,2.965641
1983-01-19,0.016220,Training,-0.158752,-0.091865,-0.058390,-0.030705,0.039579,0.072970,0.138940,0.290878,0.620962,0.953838,2.982803
1983-01-20,0.016220,Training,-0.157655,-0.089755,-0.056403,-0.028956,0.041866,0.077335,0.145004,0.300306,0.638281,0.978127,3.033756
1983-01-21,0.016220,Training,-0.186732,-0.092477,-0.057227,-0.024241,0.048126,0.084688,0.157283,0.324391,0.723009,1.094751,3.404949
1983-01-22,0.016220,Training,-0.215841,-0.106493,-0.068797,-0.030760,0.044951,0.085395,0.165690,0.349875,0.811313,1.211925,3.762848
1983-01-23,0.016220,Training,-0.157959,-0.086996,-0.056350,-0.022172,0.052560,0.105063,0.186178,0.375911,0.788903,1.207868,3.573138
1983-01-24,0.016220,Training,-0.149316,-0.075084,-0.049013,-0.016426,0.055271,0.111454,0.190833,0.380047,0.788421,1.209478,3.578914
1983-01-25,0.016220,Training,-0.143428,-0.068511,-0.044420,-0.014056,0.055968,0.108843,0.184937,0.367924,0.758691,1.161259,3.463662
1983-01-26,0.016220,Training,-0.131883,-0.059705,-0.036469,-0.010202,0.057772,0.108355,0.181655,0.356664,0.726269,1.115595,3.356392
1983-01-27,0.016220,Training,-0.135965,-0.063900,-0.037569,-0.011308,0.057495,0.106055,0.179215,0.353043,0.721296,1.108297,3.315001
1983-01-28,0.016220,Training,-0.131803,-0.059483,-0.034160,-0.008394,0.060152,0.109549,0.183199,0.357775,0.726965,1.116113,3.331843
1983-01-29,0.016220,Training,-0.128423,-0.056068,-0.031523,-0.006158,0.062320,0.112644,0.186943,0.362197,0.732390,1.123844,3.345238
1983-01-30,0.016220,Training,-0.138573,-0.066103,-0.037508,-0.010921,0.059634,0.107102,0.182514,0.356492,0.730074,1.117250,3.305925
1983-01-31,0.016220,Training,-0.138427,-0.064643,-0.036069,-0.008943,0.062060,0.112025,0.189583,0.368382,0.752071,1.147911,3.370740
1983-02-01,0.016220,Training,-0.138235,-0.071378,-0.041290,-0.015751,0.055497,0.096622,0.170850,0.334833,0.690066,1.060112,3.157410
1983-02-02,0.016220,Training,-0.138928,-0.074057,-0.043426,-0.018113,0.053522,0.092159,0.166039,0.326240,0.675984,1.039227,3.105249
1983-02-03,0.016220,Training,-0.128471,-0.064633,-0.037925,-0.013046,0.056790,0.098190,0.171861,0.334870,0.683611,1.057945,3.152541
1983-02-04,0.016220,Training,-0.133490,-0.069657,-0.040644,-0.015431,0.055374,0.095682,0.169958,0.331923,0.682967,1.053980,3.131126
1983-02-05,0.016220,Training,-0.129860,-0.066830,-0.039048,-0.014129,0.056063,0.096623,0.170746,0.332798,0.682704,1.055508,3.135587
1983-02-06,0.016220,Training,-0.140060,-0.075482,-0.043490,-0.018332,0.054263,0.092739,0.168415,0.328635,0.684791,1.047799,3.110470
1983-02-07,0.016220,Training,-0.166196,-0.097910,-0.065288,-0.039224,0.033052,0.071369,0.144652,0.307654,0.667941,0.998098,3.024619
1983-02-08,0.016220,Training,-0.195343,-0.119320,-0.109606,-0.087307,-0.023151,0.021173,0.079039,0.251451,0.599093,0.936523,2.976815
1983-02-09,0.016220,Training,-0.194126,-0.158388,-0.156652,-0.139179,-0.071648,-0.038190,0.017401,0.168957,0.484120,0.809765,2.699053
1983-02-10,0.016220,Training,-0.194501,-0.178645,-0.177336,-0.160032,-0.089105,-0.066333,-0.014022,0.124763,0.416616,0.726740,2.518408
1983-02-11,0.016220,Training,-0.375981,-0.321392,-0.319720,-0.275188,-0.160538,-0.149752,-0.073882,0.122628,0.598743,1.057298,3.781352
1983-02-12,0.016220,Training,-0.234022,-0.252415,-0.249520,-0.217230,-0.125314,-0.095111,-0.023194,0.174582,0.603591,1.016751,3.357148
1983-02-13,0.016220,Training,-0.228232,-0.252177,-0.249058,-0.220166,-0.130564,-0.095882,-0.025864,0.169876,0.584451,0.983169,3.228932
1983-02-14,0.016220,Training,-0.286435,-0.245026,-0.245586,-0.206235,-0.124061,-0.086371,-0.009127,0.205718,0.753855,1.242707,4.199556
1983-02-15,0.016220,Training,-0.337577,-0.273942,-0.274448,-0.228051,-0.139644,-0.105309,-0.019833,0.203906,0.821553,1.371936,4.731647
1983-02-16,0.016220,Training,-0.238119,-0.198850,-0.193094,-0.150252,-0.082069,-0.015667,0.064949,0.303859,0.832815,1.293369,4.051859
1983-02-17,0.016220,Training,-0.537911,-0.341295,-0.299758,-0.168553,-0.036537,0.086014,0.273473,0.796480,2.299755,3.535456,10.907570
1983-02-18,0.016220,Training,-0.266970,-0.169388,-0.105440,0.031298,0.162578,0.307940,0.529159,1.101672,2.554125,3.886688,10.262655
1983-02-19,0.016220,Training,-0.289975,-0.135679,-0.080918,0.018082,0.121790,0.245657,0.425365,0.888248,2.137867,3.271968,9.301319
1983-02-20,0.016220,Training,-0.431903,-0.230636,-0.161439,-0.031454,0.103508,0.234347,0.456239,1.024609,2.677543,4.207918,12.113324
1983-02-21,0.032440,Training,-0.545108,-0.303005,-0.219937,-0.011826,0.192723,0.435570,0.772280,1.771334,4.765901,7.905343,22.709496
1983-02-22,0.032440,Training,-0.769602,-0.508132,-0.338214,0.092386,0.637577,1.273733,2.066722,5.069915,13.969940,24.858656,62.904003
1983-02-23,0.032440,Training,-0.543571,-0.200835,0.030612,0.561072,1.079907,1.767511,2.513112,5.039598,11.210335,17.691071,38.243141
1983-02-24,0.032440,Training,-0.373500,-0.085305,0.039967,0.319346,0.544270,0.939576,1.317750,2.521219,5.089654,7.625105,17.221083
1983-02-25,0.032440,Training,-0.646638,-0.313512,-0.186673,0.152887,0.460367,0.852536,1.281849,2.679143,6.226190,10.093329,25.116816
1983-02-26,0.032440,Training,-0.411559,-0.132552,-0.000674,0.274216,0.498082,0.836108,1.168437,2.237349,4.552646,6.911084,14.969872
1983-02-27,0.032440,Training,-0.306973,-0.075312,0.038863,0.214637,0.364892,0.626469,0.877564,1.633516,3.169034,4.684886,10.108024
1983-02-28,0.032440,Training,-0.280742,-0.049243,0.046439,0.207235,0.335599,0.560617,0.783782,1.432359,2.707834,3.942868,8.711285
1983-03-01,0.032440,Training,-0.263905,-0.010130,0.081598,0.252003,0.377097,0.616253,0.838630,1.490491,2.733868,3.946648,8.735206
1983-03-02,0.016220,Training,-0.153714,0.029947,0.079839,0.166660,0.228986,0.410544,0.571192,0.996321,1.843050,2.668592,6.552166
1983-03-03,0.016220,Training,-0.139648,0.029447,0.073229,0.147524,0.200451,0.367380,0.513777,0.890203,1.653542,2.404196,6.022056
1983-03-04,0.016220,Training,-0.141520,0.027636,0.070720,0.144385,0.195358,0.358904,0.501952,0.865568,1.614204,2.351592,5.917863
1983-03-05,0.016220,Training,-0.115992,0.031441,0.069294,0.130253,0.170809,0.325481,0.454415,0.773724,1.433205,2.101520,5.388042
1983-03-06,0.016220,Training,-0.098509,0.010932,0.040446,0.076993,0.120936,0.232991,0.347492,0.600854,1.139667,1.689890,4.511026
1983-03-07,0.016220,Training,-0.138359,0.003701,0.045760,0.103572,0.158339,0.281938,0.416674,0.720115,1.352317,1.974175,5.054303
1983-03-08,0.016220,Training,-0.088619,-0.009815,0.013560,0.035393,0.086667,0.162531,0.262519,0.463239,0.901444,1.363172,3.789128
1983-03-09,0.016220,Training,-0.098910,-0.017867,0.008132,0.033094,0.087661,0.161464,0.264350,0.469846,0.916466,1.383073,3.807108
1983-03-10,0.016220,Training,-0.092974,-0.017585,0.005280,0.028909,0.079841,0.151936,0.249314,0.440742,0.852641,1.295636,3.620309
1983-03-11,0.016220,Training,-0.074386,-0.017075,-0.000860,0.015270,0.060761,0.123056,0.203649,0.359245,0.698820,1.093814,3.198138
1983-03-12,0.016220,Training,-0.065252,-0.022218,-0.008646,0.001696,0.051250,0.096331,0.169005,0.302850,0.600523,0.956806,2.901275
1983-03-13,0.016220,Training,-0.062441,-0.021672,-0.010574,-0.001340,0.051952,0.082069,0.147270,0.267238,0.547007,0.881706,2.761102
1983-03-14,0.016220,Training,-0.062646,-0.029571,-0.015814,-0.006927,0.048933,0.075718,0.141463,0.260318,0.530632,0.858515,2.673186
1983-03-15,0.016220,Training,-0.080919,-0.043335,-0.023247,-0.010520,0.049065,0.074899,0.142791,0.268745,0.548934,0.884796,2.694304
1983-03-16,0.016220,Training,-0.067756,-0.035985,-0.020299,-0.008761,0.050179,0.071227,0.131562,0.243813,0.493301,0.804507,2.520595
1983-03-17,0.016220,Training,-0.040849,-0.012622,-0.005763,0.001341,0.051095,0.081424,0.137807,0.242083,0.477646,0.783603,2.518042
1983-03-18,0.016220,Training,-0.035344,-0.007620,-0.002113,0.007273,0.047074,0.087382,0.135062,0.231736,0.453792,0.761523,2.471826
1983-03-19,0.016220,Training,-0.050126,-0.003376,0.001218,0.014530,0.050844,0.089831,0.135207,0.231441,0.473424,0.794594,2.616433
1983-03-20,0.016220,Training,-0.041622,-0.000825,0.003708,0.015409,0.050637,0.089669,0.134143,0.228528,0.462035,0.778512,2.572885
1983-03-21,0.016220,Training,-0.197991,-0.050669,-0.040370,-0.009990,0.049143,0.079893,0.158925,0.290791,0.686538,1.137616,3.825002
1983-03-22,0.016220,Training,-0.121258,-0.016461,-0.012111,0.008385,0.054225,0.090816,0.159028,0.283172,0.655064,1.087402,3.605906
1983-03-23,0.016220,Training,-0.095434,-0.011795,-0.007861,0.011966,0.058127,0.102589,0.172351,0.304581,0.679994,1.112869,3.547866
1983-03-24,0.016220,Training,-0.132137,-0.061387,-0.042357,-0.015893,0.044228,0.073063,0.144961,0.283156,0.645445,1.046651,3.184033
1983-03-25,0.016220,Training,-0.115337,-0.073128,-0.050900,-0.029098,0.034764,0.063224,0.132013,0.261846,0.569166,0.916530,2.754333
1983-03-26,0.016220,Training,-0.101946,-0.059496,-0.042615,-0.023237,0.039186,0.068060,0.135034,0.264482,0.561183,0.908330,2.743685
1983-03-27,0.016220,Training,-0.122218,-0.065314,-0.044594,-0.022045,0.041730,0.066327,0.133130,0.263312,0.577567,0.926780,2.813965
1983-03-28,0.016220,Training,-0.155998,-0.072305,-0.045321,-0.019231,0.046717,0.066537,0.137609,0.273731,0.636920,1.010446,3.095562
1983-03-29,0.016220,Training,-0.098193,-0.056264,-0.037309,-0.020274,0.042467,0.070123,0.138421,0.271282,0.570216,0.917744,2.770027
1983-03-30,0.016220,Training,-0.086897,-0.043648,-0.029526,-0.015620,0.045174,0.075819,0.144835,0.276284,0.574074,0.921336,2.793020
1983-03-31,0.016220,Training,-0.092244,-0.046136,-0.031777,-0.016700,0.045270,0.073455,0.141758,0.272719,0.569409,0.911424,2.759970
1983-04-01,0.016220,Validation,-0.111216,-0.050448,-0.031128,-0.012798,0.049689,0.074185,0.142363,0.276441,0.592740,0.946965,2.868643
1983-04-02,0.016220,Validation,-0.118650,-0.065783,-0.037812,-0.019895,0.046994,0.069988,0.139529,0.271923,0.579933,0.913313,2.741001
1983-04-03,0.016220,Validation,-0.105981,-0.057863,-0.033740,-0.017197,0.048234,0.073034,0.142315,0.276188,0.577551,0.918321,2.744529
1983-04-04,0.016220,Validation,-0.104014,-0.054510,-0.032394,-0.015792,0.049011,0.073921,0.143129,0.276940,0.579569,0.922479,2.760911
1983-04-05,0.016220,Validation,-0.085502,-0.036992,-0.022566,-0.010061,0.052011,0.079176,0.149609,0.282572,0.582713,0.926177,2.804793
1983-04-06,0.016220,Validation,-0.099109,-0.035267,-0.020473,-0.005015,0.057827,0.084600,0.158088,0.297665,0.626688,0.989469,2.987304
1983-04-07,0.016220,Validation,-0.090498,-0.038076,-0.022914,-0.009267,0.055438,0.082428,0.158192,0.297783,0.614312,0.967478,2.897971
1983-04-08,0.016220,Validation,-0.067648,-0.017287,-0.009107,0.001562,0.057044,0.098027,0.172241,0.307951,0.610759,0.961930,2.907407
1983-04-09,0.016220,Validation,-0.056915,-0.011139,-0.004577,0.003454,0.059949,0.096455,0.163299,0.287629,0.559221,0.887219,2.730548
1983-04-10,0.016220,Validation,-0.051146,-0.009625,-0.002929,0.003644,0.059677,0.090782,0.152577,0.266614,0.511783,0.819837,2.572183
1983-04-11,0.016220,Validation,-0.057011,-0.018348,-0.007475,-0.001391,0.060497,0.078909,0.142002,0.253692,0.491317,0.786170,2.482126
1983-04-12,0.016220,Validation,-0.037067,-0.004175,0.001263,0.004548,0.057367,0.080675,0.136842,0.237609,0.453827,0.739752,2.403817
1983-04-13,0.016220,Validation,-0.032004,0.000448,0.004215,0.010349,0.052006,0.086467,0.131970,0.222752,0.421834,0.710040,2.346189
1983-04-14,0.016220,Validation,-0.041313,-0.003694,0.002295,0.012255,0.051925,0.089115,0.130657,0.218668,0.413336,0.700955,2.333055
1983-04-15,0.016220,Validation,-0.044090,-0.002824,0.004656,0.016377,0.054626,0.093034,0.132384,0.218981,0.411408,0.697941,2.338618
1983-04-16,0.016220,Validation,-0.039110,0.007129,0.009040,0.017796,0.054042,0.083290,0.123328,0.207047,0.409522,0.697768,2.387843
1983-04-17,0.016220,Validation,-0.317527,-0.082927,-0.049715,0.058780,0.170217,0.246310,0.352757,0.623005,1.284008,1.937704,6.039381
1983-04-18,0.016220,Validation,-0.231716,-0.109525,-0.084491,-0.032622,0.056270,0.097797,0.218009,0.435033,1.038394,1.710945,5.182484
1983-04-19,0.000000,Validation,-0.417601,-0.219830,-0.172519,-0.053135,0.074306,0.180387,0.363168,0.755511,1.906587,3.113724,8.946801
1983-04-20,0.000000,Validation,-0.397911,-0.205101,-0.158462,-0.050147,0.072525,0.183594,0.386282,0.797530,2.038157,3.360309,9.393659
1983-04-21,0.000000,Validation,-0.397365,-0.198718,-0.145000,-0.037837,0.080846,0.201906,0.402430,0.827366,2.098864,3.409407,9.328455
1983-04-22,0.000000,Validation,-0.721468,-0.505330,-0.397433,-0.138217,0.149487,0.440273,0.810582,2.014293,5.750672,9.969894,23.529099
1983-04-23,0.000000,Validation,-0.626246,-0.386468,-0.248132,0.028767,0.329314,0.626806,1.087495,2.354179,6.268166,10.651721,25.244057
1983-04-24,0.000000,Validation,-0.829207,-0.628091,-0.469681,-0.079783,0.461181,0.993973,1.663099,4.229895,11.891427,21.510357,45.182816
1983-04-25,0.032440,Validation,-0.657925,-0.379241,-0.174453,0.236211,0.714257,1.168862,1.831653,3.836955,9.557623,15.938739,34.769085
1983-04-26,0.032440,Validation,-0.518555,-0.243308,-0.097431,0.172223,0.430505,0.736109,1.109858,2.218770,5.049046,7.933132,17.869963
1983-04-27,0.032440,Validation,-0.326837,-0.104303,-0.013069,0.152873,0.295602,0.502556,0.744955,1.409047,2.854594,4.215750,9.678680
1983-04-28,0.016220,Validation,-0.436939,-0.165867,-0.071289,0.096992,0.242460,0.421332,0.653389,1.267590,2.795789,4.284403,10.396689
1983-04-29,0.032440,Validation,-0.754620,-0.492780,-0.362637,-0.019812,0.360899,0.761303,1.175699,2.716816,6.797657,11.461394,24.705177
1983-04-30,0.227078,Validation,-0.876171,-0.653586,-0.408144,0.350090,1.675335,2.966277,4.522749,11.029500,27.984844,52.000435,88.445183
1983-05-01,0.373057,Validation,-0.655698,-0.261286,0.105908,0.959793,2.036386,3.055822,4.380679,8.526443,18.247145,28.447964,52.201595
1983-05-02,0.340617,Validation,-0.638404,-0.234954,0.010692,0.616242,1.246186,1.850869,2.570166,4.729557,9.466423,14.134672,28.158730
1983-05-03,0.519036,Validation,-0.465687,-0.067582,0.084898,0.503381,0.843356,1.260541,1.686287,2.914393,5.218715,7.378292,15.074656
1983-05-04,0.421717,Validation,-0.392144,-0.002104,0.120280,0.465685,0.691761,1.045704,1.353002,2.183470,3.664010,5.062647,10.751583
1983-05-05,0.308178,Validation,-0.396641,0.071084,0.210066,0.628880,0.895360,1.259827,1.576315,2.402027,3.889464,5.259467,11.094508
1983-05-06,0.259518,Validation,-0.369955,-0.015828,0.070870,0.307360,0.433700,0.670041,0.875227,1.388189,2.479736,3.520111,8.348252
1983-05-07,0.194638,Validation,-0.247610,0.026169,0.094839,0.256652,0.344026,0.546698,0.722741,1.114996,1.851460,2.562572,6.070194
1983-05-08,0.129759,Validation,-0.225628,-0.006511,0.052853,0.164540,0.247625,0.384740,0.544522,0.873683,1.503115,2.082353,5.080866
1983-05-09,0.097319,Validation,-0.194148,-0.004498,0.039180,0.120172,0.185298,0.295982,0.431155,0.699408,1.230471,1.730380,4.451745
1983-05-10,0.097319,Validation,-0.180588,-0.022186,0.024932,0.088637,0.156878,0.241505,0.367664,0.613861,1.088338,1.543029,3.999184
1983-05-11,0.081099,Validation,-0.183201,-0.037507,-0.000999,0.046603,0.108556,0.168894,0.275491,0.482460,0.936209,1.381224,3.830729
1983-05-12,0.081099,Validation,-0.392971,-0.141547,-0.103770,0.000182,0.093520,0.192334,0.336638,0.658206,1.457558,2.259289,6.539059
1983-05-13,0.081099,Validation,-0.196759,-0.068271,-0.037468,0.019027,0.092084,0.169532,0.291767,0.542060,1.122755,1.732970,4.806236
1983-05-14,0.064879,Validation,-0.489766,-0.256680,-0.195082,-0.051051,0.082251,0.211077,0.402024,0.867516,2.140726,3.466665,9.243798
1983-05-15,0.048660,Validation,-0.293689,-0.133625,-0.084489,0.018264,0.116102,0.236119,0.403040,0.779452,1.705565,2.642369,6.801446
1983-05-16,0.032440,Validation,-0.505101,-0.252290,-0.194017,-0.046046,0.090157,0.247708,0.464230,0.988481,2.414962,3.914596,10.401222
1983-05-17,0.048660,Validation,-0.369410,-0.158465,-0.096298,0.040177,0.157133,0.312426,0.514947,1.004634,2.258614,3.464635,8.799566
1983-05-18,0.048660,Validation,-0.214650,-0.091805,-0.054477,0.007838,0.082879,0.187367,0.310702,0.587612,1.188725,1.788047,4.742083
1983-05-19,0.032440,Validation,-0.167123,-0.071120,-0.047946,-0.009337,0.054938,0.119049,0.206010,0.393120,0.801964,1.220795,3.508904
1983-05-20,0.032440,Validation,-0.198462,-0.077788,-0.048026,-0.006265,0.056451,0.107217,0.187872,0.366947,0.792719,1.216435,3.566505
1983-05-21,0.016220,Validation,-0.196822,-0.077712,-0.045753,-0.008505,0.053266,0.094638,0.170804,0.337130,0.738149,1.145331,3.431439
1983-05-22,0.016220,Validation,-0.142383,-0.061351,-0.036308,-0.009921,0.050812,0.094024,0.168095,0.320883,0.642307,0.997402,2.987246
1983-05-23,0.016220,Validation,-0.140219,-0.047026,-0.028024,-0.002911,0.054469,0.096107,0.169801,0.315485,0.641041,0.991984,3.032596
1983-05-24,0.016220,Validation,-0.110413,-0.029400,-0.018286,0.001167,0.049270,0.099072,0.167296,0.296726,0.579936,0.904071,2.825769
1983-05-25,0.016220,Validation,-0.098551,-0.024689,-0.015616,0.001722,0.037322,0.094788,0.150317,0.256083,0.499702,0.813113,2.621289
1983-05-26,0.016220,Validation,-0.104020,-0.026209,-0.015911,0.002424,0.038560,0.094467,0.148429,0.249876,0.486438,0.793811,2.579618
1983-05-27,0.016220,Validation,-0.092265,-0.019904,-0.010353,0.004514,0.041231,0.091040,0.145901,0.245938,0.475441,0.774472,2.534732
1983-05-28,0.016220,Validation,-0.091748,-0.018651,-0.006912,0.005785,0.050929,0.086779,0.148907,0.257488,0.497966,0.789237,2.575343
1983-05-29,0.016220,Validation,-0.090055,-0.018564,-0.007404,0.005913,0.048900,0.083554,0.145104,0.250033,0.487597,0.776185,2.555261
1983-05-30,0.016220,Validation,-0.096359,-0.017859,-0.006628,0.010643,0.050635,0.089554,0.152139,0.257739,0.497010,0.788414,2.581791
1983-05-31,0.016220,Validation,-0.218916,-0.059445,-0.047997,-0.017471,0.036810,0.057891,0.129722,0.244773,0.580165,0.956995,3.338692
1983-06-01,0.016220,Validation,-0.093557,-0.013298,-0.006126,0.012032,0.052516,0.088722,0.145063,0.252996,0.502504,0.813998,2.735319
1983-06-02,0.016220,Validation,-0.070991,-0.017410,-0.011272,0.001428,0.037042,0.074060,0.116676,0.199472,0.392211,0.671583,2.333460
1983-06-03,0.016220,Validation,-0.085700,-0.024739,-0.021022,-0.005278,0.024899,0.061923,0.097513,0.162624,0.336260,0.597147,2.176595
1983-06-04,0.016220,Validation,-0.084877,-0.022407,-0.015796,-0.000985,0.030669,0.059506,0.088331,0.144839,0.296975,0.537276,2.050099
1983-06-05,0.016220,Validation,-0.337599,-0.098981,-0.078107,0.062690,0.120556,0.218807,0.248205,0.413411,0.859486,1.429603,4.705934
1983-06-06,0.016220,Validation,-0.087015,-0.028184,-0.030790,0.006018,0.044032,0.112888,0.166834,0.288290,0.580166,0.995845,3.263713
1983-06-07,0.016220,Validation,-0.089206,-0.025871,-0.021392,0.003422,0.033312,0.090833,0.135250,0.232200,0.478249,0.820241,2.784972
1983-06-08,0.016220,Validation,-0.074576,-0.019810,-0.017856,-0.001411,0.021075,0.060508,0.096059,0.159144,0.344288,0.617064,2.265482
1983-06-09,0.000000,Validation,-0.076017,-0.020958,-0.015131,-0.001740,0.017824,0.053670,0.080438,0.128923,0.287285,0.539044,2.084298
1983-06-10,0.000000,Validation,-0.086203,-0.023804,-0.013276,0.002864,0.021254,0.055011,0.077638,0.119994,0.270123,0.512489,2.040076
1983-06-11,0.016220,Validation,-0.081987,-0.023029,-0.011682,0.003516,0.020306,0.050867,0.072352,0.111055,0.255369,0.492294,1.996048
1983-06-12,0.016220,Validation,-0.071678,-0.019797,-0.010300,0.001756,0.017208,0.044566,0.066595,0.103704,0.244054,0.477608,1.955244
1983-06-13,0.016220,Validation,-0.068288,-0.019834,-0.010388,0.000344,0.015505,0.040354,0.062373,0.097517,0.234215,0.463832,1.916726
1983-06-14,0.016220,Validation,-0.087583,-0.028077,-0.012745,0.003800,0.018649,0.044535,0.063028,0.093858,0.229408,0.456398,1.911729
1983-06-15,0.016220,Validation,-0.091884,-0.031030,-0.013740,0.004892,0.019128,0.044520,0.061302,0.090303,0.224519,0.450052,1.897206
1983-06-16,0.016220,Validation,-0.093306,-0.033499,-0.015558,0.003636,0.017005,0.041894,0.058080,0.085294,0.218896,0.444309,1.884918
1983-06-17,0.016220,Validation,-0.088808,-0.033906,-0.018147,-0.002014,0.011443,0.034045,0.052600,0.078606,0.212586,0.437564,1.871820
1983-06-18,0.016220,Validation,-0.093533,-0.037702,-0.021745,-0.004497,0.007404,0.031954,0.051364,0.075953,0.213500,0.441067,1.879715
1983-06-19,0.016220,Validation,-0.087196,-0.024655,-0.011816,0.002210,0.013728,0.028958,0.045493,0.068315,0.203402,0.424891,1.875270
1983-06-20,0.016220,Validation,-0.072368,-0.023593,-0.012558,-0.002093,0.009062,0.023333,0.041687,0.064810,0.192799,0.409944,1.813553
1983-06-21,0.016220,Validation,-0.064059,-0.026221,-0.014842,-0.007057,0.005070,0.019060,0.040110,0.063721,0.186546,0.399722,1.762176
1983-06-22,0.016220,Validation,-0.070548,-0.031246,-0.020177,-0.011406,-0.001108,0.015855,0.037949,0.057667,0.183571,0.399152,1.762122
1983-06-23,0.016220,Validation,-0.080385,-0.035793,-0.024928,-0.014346,-0.005596,0.017116,0.042037,0.061441,0.192742,0.413030,1.791219
1983-06-24,0.016220,Validation,-0.065381,-0.024119,-0.011662,-0.004690,0.013304,0.019478,0.036501,0.060308,0.161514,0.353939,1.631867
1983-06-25,0.016220,Validation,-0.066968,-0.024207,-0.011402,-0.004659,0.013631,0.018805,0.036244,0.060641,0.162766,0.354487,1.635886
1983-06-26,0.016220,Validation,-0.068263,-0.027553,-0.014337,-0.007885,0.008736,0.015936,0.031561,0.051923,0.149097,0.339609,1.597209
1983-06-27,0.016220,Validation,-0.075094,-0.032038,-0.017598,-0.010336,0.005216,0.014118,0.027575,0.043979,0.137814,0.327201,1.570177
1983-06-28,0.016220,Validation,-0.085321,-0.037031,-0.020569,-0.011818,0.003813,0.013894,0.025892,0.039675,0.131678,0.319566,1.557661
1983-06-29,0.016220,Validation,-0.093037,-0.040757,-0.022766,-0.012557,0.002668,0.013505,0.024112,0.036435,0.127945,0.315540,1.552195
1983-06-30,0.016220,Validation,-0.087146,-0.039726,-0.023265,-0.015275,-0.000139,0.010305,0.021591,0.034804,0.124052,0.310827,1.532524
1983-07-01,0.016220,Training,-0.084296,-0.039378,-0.023601,-0.016760,-0.002098,0.007840,0.019082,0.032729,0.120636,0.306834,1.516964
1983-07-02,0.016220,Training,-0.081727,-0.038287,-0.022985,-0.017234,-0.002651,0.006244,0.017674,0.032468,0.119042,0.303815,1.504997
1983-07-03,0.016220,Training,-0.090958,-0.035170,-0.020695,-0.012921,-0.000088,0.007168,0.017232,0.032390,0.128271,0.317511,1.564748
1983-07-04,0.016220,Training,-0.087033,-0.040509,-0.025207,-0.019208,-0.005373,0.003987,0.014018,0.027735,0.112635,0.296427,1.489244
1983-07-05,0.016220,Training,-0.092751,-0.042579,-0.026971,-0.020232,-0.007122,0.002936,0.011749,0.023881,0.109242,0.293743,1.486674
1983-07-06,0.016220,Training,-0.091142,-0.043182,-0.028032,-0.022229,-0.008240,0.001380,0.010657,0.023972,0.106019,0.287844,1.463251
1983-07-07,0.016220,Training,-0.090756,-0.043252,-0.027787,-0.022690,-0.007576,0.001153,0.011316,0.027069,0.107866,0.287913,1.456898
1983-07-08,0.016220,Training,-0.092215,-0.045177,-0.029505,-0.024629,-0.009926,-0.000672,0.008809,0.022969,0.101206,0.279997,1.435776
1983-07-09,0.016220,Training,-0.094811,-0.048119,-0.032058,-0.027225,-0.013413,-0.003089,0.005059,0.016313,0.091556,0.269380,1.409841
1983-07-10,0.016220,Training,-0.105566,-0.046980,-0.031299,-0.024076,-0.012572,-0.002936,0.002794,0.012213,0.094732,0.276647,1.453747
1983-07-11,0.016220,Training,-0.099147,-0.051723,-0.035086,-0.030152,-0.016989,-0.005908,0.000697,0.010188,0.081672,0.257794,1.381706
1983-07-12,0.016220,Training,-0.102283,-0.054415,-0.037029,-0.031988,-0.019026,-0.007489,-0.001625,0.006522,0.076211,0.251581,1.364818
1983-07-13,0.016220,Training,-0.108399,-0.058014,-0.039606,-0.033816,-0.020707,-0.008990,-0.004297,0.001756,0.068664,0.241657,1.342997
1983-07-14,0.016220,Training,-0.103443,-0.055957,-0.038334,-0.033693,-0.020968,-0.010231,-0.005299,0.002462,0.068027,0.240365,1.336187
1983-07-15,0.016220,Training,-0.101718,-0.055063,-0.037419,-0.033402,-0.020341,-0.010623,-0.005224,0.004315,0.068787,0.239905,1.332268
1983-07-16,0.016220,Training,-0.105801,-0.054031,-0.036572,-0.031656,-0.019444,-0.010654,-0.006253,0.003111,0.069867,0.241745,1.346924
1983-07-17,0.016220,Training,-0.131530,-0.054112,-0.036461,-0.028146,-0.017553,-0.013165,-0.009600,-0.001735,0.086368,0.270096,1.477102
1983-07-18,0.016220,Training,-0.126361,-0.054499,-0.037405,-0.028627,-0.017726,-0.011027,-0.007335,0.003406,0.087651,0.270438,1.464216
1983-07-19,0.016220,Training,-0.108734,-0.061821,-0.043720,-0.038138,-0.024314,-0.012517,-0.007021,0.005243,0.068923,0.242348,1.332374
1983-07-20,0.016220,Training,-0.112577,-0.063968,-0.046812,-0.040781,-0.026359,-0.015355,-0.010848,-0.000630,0.060299,0.230202,1.299917
1983-07-21,0.016220,Training,-0.114523,-0.063424,-0.046851,-0.040765,-0.026226,-0.016265,-0.012967,-0.003416,0.054525,0.221290,1.281133
1983-07-22,0.016220,Training,-0.111778,-0.063088,-0.045390,-0.040614,-0.025968,-0.016883,-0.013380,-0.003560,0.050964,0.215423,1.265068
1983-07-23,0.016220,Training,-0.111843,-0.064081,-0.045706,-0.041410,-0.027227,-0.018121,-0.015427,-0.007074,0.044946,0.208293,1.247666
1983-07-24,0.016220,Training,-0.111658,-0.064230,-0.045526,-0.041552,-0.027326,-0.018802,-0.016177,-0.008130,0.042373,0.204553,1.238680
1983-07-25,0.016220,Training,-0.115427,-0.060157,-0.041905,-0.036838,-0.022271,-0.016563,-0.013380,-0.002377,0.053523,0.216781,1.282326
1983-07-26,0.016220,Training,-0.118955,-0.060206,-0.042085,-0.036159,-0.022334,-0.016910,-0.014564,-0.004200,0.053472,0.218203,1.294486
1983-07-27,0.016220,Training,-0.112907,-0.065687,-0.046637,-0.042472,-0.027802,-0.020141,-0.017496,-0.008707,0.039093,0.200207,1.227654
1983-07-28,0.016220,Training,-0.116319,-0.069142,-0.049333,-0.044880,-0.030603,-0.022468,-0.021204,-0.015605,0.029171,0.188949,1.199039
1983-07-29,0.016220,Training,-0.122028,-0.072440,-0.051389,-0.045936,-0.031572,-0.023575,-0.023205,-0.020349,0.022071,0.179728,1.180421
1983-07-30,0.016220,Training,-0.114414,-0.067380,-0.048222,-0.044267,-0.029085,-0.023217,-0.021113,-0.014215,0.027638,0.184471,1.188061
1983-07-31,0.016220,Training,-0.122095,-0.064484,-0.046039,-0.039972,-0.025978,-0.022015,-0.021069,-0.014249,0.034429,0.194452,1.233451
1983-08-01,0.016220,Training,-0.115573,-0.069498,-0.050128,-0.045873,-0.030530,-0.025087,-0.023297,-0.017495,0.021585,0.177336,1.169421
1983-08-02,0.016220,Training,-0.117661,-0.071601,-0.051619,-0.047025,-0.031868,-0.026543,-0.025374,-0.021348,0.016395,0.171675,1.155320
1983-08-03,0.016220,Training,-0.123723,-0.075002,-0.053850,-0.047902,-0.032501,-0.027454,-0.027372,-0.025680,0.010109,0.163619,1.138636
1983-08-04,0.016220,Training,-0.119980,-0.073647,-0.053487,-0.048302,-0.032829,-0.028896,-0.028301,-0.025822,0.009036,0.162204,1.134164
1983-08-05,0.016220,Training,-0.118735,-0.073420,-0.053390,-0.048500,-0.032836,-0.029606,-0.028361,-0.026306,0.006945,0.159259,1.126350
1983-08-06,0.016220,Training,-0.310006,-0.160895,-0.135300,-0.076587,-0.051588,-0.027037,-0.024142,-0.009419,0.097742,0.351423,1.696978
1983-08-07,0.016220,Training,-0.311440,-0.177652,-0.167490,-0.102966,-0.061396,-0.010524,0.024694,0.076182,0.263362,0.629749,2.498726
1983-08-08,0.016220,Training,-0.151528,-0.105885,-0.096709,-0.062454,-0.034718,0.019947,0.044814,0.094259,0.224338,0.496850,1.928223
1983-08-09,0.016220,Training,-0.145638,-0.086768,-0.074098,-0.055163,-0.038988,-0.013479,-0.005991,0.009839,0.083336,0.280469,1.433936
1983-08-10,0.016220,Training,-0.137182,-0.074116,-0.062725,-0.049996,-0.036126,-0.019563,-0.015072,-0.006980,0.050397,0.227116,1.312479
1983-08-11,0.016220,Training,-0.125554,-0.072766,-0.058142,-0.050519,-0.035379,-0.022834,-0.018384,-0.009810,0.033513,0.200703,1.230700
1983-08-12,0.016220,Training,-0.126436,-0.068754,-0.053781,-0.045887,-0.032366,-0.022828,-0.020300,-0.013726,0.029162,0.194672,1.230930
1983-08-13,0.016220,Training,-0.125399,-0.067482,-0.052325,-0.044500,-0.030778,-0.023725,-0.021169,-0.014898,0.025927,0.189040,1.221310
1983-08-14,0.016220,Training,-0.118962,-0.070191,-0.053925,-0.047714,-0.032861,-0.026154,-0.022486,-0.016834,0.016334,0.175343,1.172458
1983-08-15,0.016220,Training,-0.118336,-0.069991,-0.053632,-0.047548,-0.032445,-0.027223,-0.023563,-0.018973,0.011949,0.168740,1.156126
1983-08-16,0.016220,Training,-0.119755,-0.068629,-0.052739,-0.046024,-0.031039,-0.027377,-0.024189,-0.020471,0.010223,0.165964,1.155112
1983-08-17,0.016220,Training,-0.118236,-0.071759,-0.055083,-0.048632,-0.034461,-0.029574,-0.027660,-0.027308,-0.000962,0.153779,1.119272
1983-08-18,0.016220,Training,-0.124178,-0.067390,-0.051774,-0.043449,-0.029472,-0.027812,-0.026021,-0.024672,0.007765,0.164343,1.164814
1983-08-19,0.016220,Training,-0.118875,-0.070074,-0.054082,-0.046826,-0.031315,-0.029254,-0.026054,-0.024392,0.002011,0.155623,1.128524
1983-08-20,0.016220,Training,-0.117833,-0.071366,-0.054990,-0.047930,-0.031765,-0.030255,-0.026516,-0.025128,-0.000596,0.151960,1.114839
1983-08-21,0.016220,Training,-0.118408,-0.072165,-0.055979,-0.048477,-0.032805,-0.031338,-0.028357,-0.029104,-0.005801,0.146172,1.101528
1983-08-22,0.016220,Training,-0.117957,-0.073034,-0.056685,-0.048969,-0.034002,-0.032627,-0.030078,-0.032637,-0.009908,0.142228,1.092925
1983-08-23,0.016220,Training,-0.117828,-0.076062,-0.058802,-0.050233,-0.038236,-0.035441,-0.034450,-0.041861,-0.017220,0.137915,1.085914
1983-08-24,0.016220,Training,-0.113863,-0.076414,-0.059819,-0.050044,-0.043340,-0.037207,-0.035399,-0.048864,-0.014744,0.148747,1.124808
1983-08-25,0.016220,Training,-0.114999,-0.075304,-0.058564,-0.049930,-0.036044,-0.036845,-0.033337,-0.040884,-0.015992,0.137086,1.087398
1983-08-26,0.016220,Training,-0.125083,-0.077763,-0.058835,-0.047688,-0.027958,-0.032708,-0.030829,-0.034295,-0.016296,0.129659,1.056120
1983-08-27,0.016220,Training,-0.124293,-0.081434,-0.060587,-0.049056,-0.029354,-0.032920,-0.031455,-0.035842,-0.020554,0.124958,1.035230
1983-08-28,0.016220,Training,-0.125910,-0.082245,-0.060542,-0.048004,-0.028637,-0.032138,-0.031160,-0.036284,-0.020573,0.125518,1.037628
1983-08-29,0.016220,Training,-0.125946,-0.083068,-0.061161,-0.048310,-0.028730,-0.032343,-0.031201,-0.036561,-0.021323,0.124652,1.034575
1983-08-30,0.016220,Training,-0.144923,-0.078626,-0.058903,-0.042907,-0.024806,-0.033280,-0.033076,-0.039640,-0.006401,0.149237,1.146334
1983-08-31,0.016220,Training,-0.226024,-0.120425,-0.102465,-0.077690,-0.046934,-0.056308,-0.041929,-0.042810,0.016541,0.207597,1.356083
1983-09-01,0.016220,Training,-0.136500,-0.086416,-0.070974,-0.051132,-0.025665,-0.022050,-0.012546,-0.001610,0.034768,0.205867,1.240272
1983-09-02,0.016220,Training,-0.138556,-0.090229,-0.073991,-0.054684,-0.030793,-0.026751,-0.019543,-0.015026,0.018422,0.183564,1.177800
1983-09-03,0.016220,Training,-0.132758,-0.087095,-0.072327,-0.056504,-0.033999,-0.035486,-0.031598,-0.034551,-0.015799,0.134334,1.059675
1983-09-04,0.016220,Training,-0.131760,-0.088149,-0.069062,-0.053042,-0.033420,-0.034050,-0.033401,-0.039011,-0.022180,0.128074,1.041447
1983-09-05,0.016220,Training,-0.133329,-0.087925,-0.065283,-0.047725,-0.029071,-0.029125,-0.030161,-0.035971,-0.019479,0.130701,1.046631
1983-09-06,0.016220,Training,-0.134449,-0.088387,-0.063839,-0.045428,-0.027085,-0.026675,-0.028213,-0.034174,-0.017601,0.132883,1.052724
1983-09-07,0.016220,Training,-0.134770,-0.088291,-0.063231,-0.044292,-0.026227,-0.025580,-0.027230,-0.032701,-0.014806,0.137094,1.064315
1983-09-08,0.016220,Training,-0.130492,-0.087576,-0.063449,-0.046088,-0.027709,-0.027809,-0.028421,-0.032828,-0.015541,0.136391,1.059622
1983-09-09,0.016220,Training,-0.125942,-0.083122,-0.064119,-0.050940,-0.028789,-0.033479,-0.029436,-0.030904,-0.015692,0.131784,1.055916
1983-09-10,0.016220,Training,-0.130242,-0.077180,-0.059891,-0.046075,-0.022401,-0.031537,-0.025832,-0.024173,-0.003321,0.144005,1.103178
1983-09-11,0.016220,Training,-0.124462,-0.079213,-0.061505,-0.049289,-0.024246,-0.032167,-0.025014,-0.021946,-0.005791,0.139547,1.076066
1983-09-12,0.016220,Training,-0.124783,-0.080709,-0.062289,-0.049573,-0.026481,-0.031582,-0.026339,-0.025685,-0.009592,0.137910,1.070152
1983-09-13,0.016220,Training,-0.125232,-0.081743,-0.062858,-0.049760,-0.027899,-0.031611,-0.027935,-0.029048,-0.013213,0.134910,1.061260
1983-09-14,0.016220,Training,-0.124835,-0.082000,-0.062402,-0.049294,-0.028228,-0.031523,-0.028678,-0.030472,-0.014693,0.133792,1.058159
1983-09-15,0.016220,Training,-0.124508,-0.080093,-0.061424,-0.048998,-0.026276,-0.031335,-0.026780,-0.026345,-0.010577,0.136472,1.067336
1983-09-16,0.016220,Training,-0.124123,-0.078609,-0.060599,-0.048732,-0.024162,-0.031509,-0.024909,-0.021601,-0.004647,0.141352,1.080843
1983-09-17,0.016220,Training,-0.126969,-0.077717,-0.060048,-0.046748,-0.024515,-0.030769,-0.025808,-0.024010,-0.002013,0.148026,1.108521
1983-09-18,0.016220,Training,-0.121006,-0.081274,-0.062080,-0.049491,-0.030575,-0.032501,-0.028452,-0.030616,-0.007959,0.145740,1.096501
1983-09-19,0.016220,Training,-0.125588,-0.083454,-0.062535,-0.049409,-0.026681,-0.030082,-0.025820,-0.025762,-0.008307,0.140518,1.071253
1983-09-20,0.016220,Training,-0.125482,-0.083999,-0.062195,-0.048762,-0.027207,-0.029791,-0.026667,-0.027509,-0.009744,0.139617,1.067954
1983-09-21,0.016220,Training,-0.125117,-0.084478,-0.061178,-0.047198,-0.026989,-0.028483,-0.026613,-0.027822,-0.009315,0.141247,1.069775
1983-09-22,0.016220,Training,-0.125656,-0.084662,-0.058542,-0.042785,-0.024371,-0.023820,-0.023935,-0.025068,-0.004927,0.147843,1.081686
1983-09-23,0.016220,Training,-0.128785,-0.083291,-0.058863,-0.042930,-0.024646,-0.025009,-0.025056,-0.025631,-0.002118,0.152237,1.103784
1983-09-24,0.016220,Training,-0.125945,-0.085475,-0.059687,-0.044361,-0.025654,-0.024431,-0.024112,-0.023743,-0.002525,0.151354,1.089530
1983-09-25,0.016220,Training,-0.125892,-0.085347,-0.059191,-0.043989,-0.025490,-0.023982,-0.023867,-0.023163,-0.001509,0.152488,1.091282
1983-09-26,0.016220,Training,-0.127373,-0.085259,-0.056397,-0.039206,-0.021926,-0.018221,-0.019802,-0.018714,0.004581,0.160252,1.105961
1983-09-27,0.016220,Training,-0.127346,-0.085382,-0.056632,-0.039638,-0.022312,-0.018289,-0.019762,-0.017736,0.006419,0.162897,1.112424
1983-09-28,0.016220,Training,-0.128280,-0.085149,-0.059852,-0.044875,-0.026119,-0.024231,-0.023831,-0.021035,0.004110,0.159952,1.114233
1983-09-29,0.016220,Training,-0.221179,-0.118096,-0.096014,-0.073377,-0.043559,-0.049320,-0.036195,-0.031893,0.034751,0.227982,1.404687
1983-09-30,0.016220,Training,-0.173674,-0.093869,-0.075452,-0.052928,-0.025716,-0.022033,-0.009990,0.007489,0.079036,0.275541,1.488010
1983-10-01,0.016220,Training,-0.138031,-0.095544,-0.075694,-0.056420,-0.031470,-0.015964,-0.005898,0.012966,0.061120,0.244086,1.309246
1983-10-02,0.016220,Training,-0.137017,-0.092765,-0.072747,-0.055828,-0.036136,-0.025911,-0.023295,-0.016350,0.019361,0.185911,1.174651
1983-10-03,0.016220,Training,-0.135601,-0.089926,-0.069634,-0.053631,-0.035113,-0.027186,-0.027232,-0.022405,0.008514,0.168724,1.133134
1983-10-04,0.016220,Training,-0.134717,-0.085733,-0.065001,-0.051382,-0.032431,-0.027430,-0.026770,-0.020359,0.009573,0.167433,1.140635
1983-10-05,0.016220,Training,-0.134555,-0.083327,-0.061461,-0.047884,-0.030384,-0.025183,-0.025561,-0.018509,0.014419,0.174227,1.162856
1983-10-06,0.016220,Training,-0.129690,-0.083740,-0.061552,-0.050337,-0.031131,-0.026078,-0.024309,-0.015101,0.014676,0.172117,1.147881
1983-10-07,0.016220,Training,-0.129603,-0.081636,-0.060155,-0.050223,-0.029164,-0.026058,-0.022246,-0.010209,0.020541,0.176365,1.160178
1983-10-08,0.016220,Training,-0.129614,-0.080117,-0.059055,-0.049926,-0.027491,-0.025681,-0.020566,-0.006081,0.026007,0.180864,1.171236
1983-10-09,0.016220,Training,-0.129339,-0.079099,-0.057935,-0.049364,-0.026467,-0.024794,-0.019220,-0.003043,0.030515,0.185715,1.182558
1983-10-10,0.016220,Training,-0.129961,-0.078614,-0.057503,-0.049738,-0.024996,-0.024962,-0.017909,0.000978,0.036678,0.191292,1.195448
1983-10-11,0.016220,Training,-0.129142,-0.077775,-0.056484,-0.048554,-0.025253,-0.022521,-0.016689,0.002187,0.038501,0.195172,1.203133
1983-10-12,0.016220,Training,-0.127712,-0.078146,-0.055701,-0.047020,-0.027145,-0.019817,-0.017124,-0.000787,0.035505,0.195514,1.201001
1983-10-13,0.016220,Training,-0.129900,-0.076507,-0.054859,-0.046846,-0.024500,-0.020070,-0.015175,0.004804,0.044218,0.203084,1.224306
1983-10-14,0.016220,Training,-0.132582,-0.079068,-0.057218,-0.050782,-0.023035,-0.024563,-0.015665,0.008934,0.051417,0.206780,1.230655
1983-10-15,0.016220,Training,-0.133204,-0.079332,-0.057376,-0.050871,-0.022938,-0.023997,-0.014879,0.010964,0.056222,0.213135,1.245784
1983-10-16,0.016220,Training,-0.136175,-0.075442,-0.054235,-0.045499,-0.021915,-0.019005,-0.012743,0.012003,0.064979,0.229293,1.302670
1983-10-17,0.016220,Training,-0.127711,-0.077034,-0.055648,-0.048298,-0.026163,-0.018733,-0.011386,0.013840,0.069492,0.238384,1.314766
1983-10-18,0.016220,Training,-0.131549,-0.079163,-0.055774,-0.047782,-0.021981,-0.016497,-0.009271,0.017719,0.067236,0.230074,1.280884
1983-10-19,0.016220,Training,-0.129950,-0.079706,-0.054271,-0.045266,-0.023320,-0.012986,-0.009225,0.013129,0.058750,0.222651,1.258052
1983-10-20,0.016220,Training,-0.128633,-0.079161,-0.052696,-0.043831,-0.022954,-0.011598,-0.009009,0.013022,0.058988,0.223533,1.258995
1983-10-21,0.016220,Training,-0.127675,-0.078579,-0.051320,-0.042555,-0.022264,-0.010242,-0.008360,0.013840,0.060536,0.225580,1.263034
1983-10-22,0.016220,Training,-0.129954,-0.077171,-0.051230,-0.044058,-0.019104,-0.011989,-0.005785,0.021673,0.071160,0.232994,1.285583
1983-10-23,0.016220,Training,-0.137544,-0.083240,-0.056589,-0.050728,-0.017582,-0.020376,-0.008608,0.024204,0.079704,0.236674,1.294864
1983-10-24,0.016220,Training,-0.174360,-0.093495,-0.065363,-0.054117,-0.016733,-0.027788,-0.014604,0.020935,0.105684,0.275952,1.447122
1983-10-25,0.016220,Training,-0.194124,-0.094048,-0.068801,-0.052317,-0.020942,-0.012088,0.001927,0.040448,0.150666,0.359923,1.716705
1983-10-26,0.016220,Training,-0.191346,-0.096826,-0.073205,-0.051354,-0.019398,0.001291,0.018150,0.067713,0.200555,0.435765,1.902968
1983-10-27,0.016220,Training,-0.312986,-0.167709,-0.156609,-0.086640,-0.024902,0.034044,0.086752,0.194954,0.486710,0.892939,3.267311
1983-10-28,0.016220,Training,-0.346965,-0.136933,-0.144451,0.056809,0.170615,0.288347,0.432666,0.752514,1.803320,2.871872,9.537393
1983-10-29,0.016220,Training,-0.318232,-0.064916,-0.066627,0.117039,0.258132,0.397319,0.626464,1.057712,2.432439,3.802310,12.592461
1983-10-30,0.016220,Training,-0.206120,-0.012866,-0.004016,0.095228,0.176208,0.299976,0.423384,0.716740,1.518555,2.214667,6.956781
1983-10-31,0.016220,Training,-0.160007,-0.013276,-0.006153,0.031628,0.070202,0.177219,0.229344,0.391201,0.777917,1.143321,3.671426
1983-11-01,0.016220,Training,-0.136118,0.001999,0.008324,0.032138,0.053205,0.151444,0.181302,0.300197,0.586769,0.890744,2.990366
1983-11-02,0.016220,Training,-0.202346,-0.032050,-0.019247,0.009598,0.028798,0.108442,0.136677,0.239828,0.564038,0.906702,3.278396
1983-11-03,0.016220,Training,-0.329113,-0.126681,-0.124415,-0.022705,0.032048,0.163390,0.238622,0.444022,1.091169,1.802588,6.055276
1983-11-04,0.016220,Training,-0.300788,-0.108957,-0.095757,0.026285,0.109705,0.253774,0.391695,0.691932,1.680604,2.700230,8.599854
1983-11-05,0.016220,Training,-0.499517,-0.260198,-0.235566,-0.010218,0.104642,0.312730,0.500654,0.992783,2.784402,4.751863,15.587590
1983-11-06,0.016220,Training,-0.281937,-0.073854,-0.029225,0.129191,0.224935,0.454785,0.633621,1.100593,2.390305,3.660370,10.374578
1983-11-07,0.016220,Training,-0.373270,-0.112289,-0.087577,0.033770,0.094919,0.256355,0.400612,0.709332,1.761156,2.757251,8.914360
1983-11-08,0.016220,Training,-0.695378,-0.436549,-0.357000,-0.043666,0.162101,0.524998,0.856903,1.818794,5.479764,10.068044,30.925402
1983-11-09,0.016220,Training,-0.900664,-0.712311,-0.497676,0.147298,1.050017,2.077802,3.343463,8.181670,23.798759,48.616459,111.688522
1983-11-10,0.016220,Training,-0.841913,-0.556691,-0.248482,0.418187,1.416230,2.155817,3.701037,7.757237,20.353161,35.447937,91.440216
1983-11-11,0.016220,Training,-0.803995,-0.485357,-0.248052,0.256761,0.878271,1.445586,2.421152,4.869504,12.729651,21.422157,60.980694
1983-11-12,0.178419,Training,-0.673812,-0.251964,0.010244,0.520742,1.007612,1.632494,2.385480,4.361699,10.143123,15.592647,42.311153
1983-11-13,0.243298,Training,-0.897242,-0.649548,-0.409125,0.271004,1.217556,2.093216,3.424912,7.192609,19.244579,33.846600,87.566444
1983-11-14,1.703086,Training,-0.825167,-0.257949,0.623728,3.291010,8.345833,11.180420,17.801912,33.200851,71.356300,110.728951,222.033066
1983-11-15,2.724938,Training,-0.850953,-0.380700,0.301108,2.272419,5.992802,7.948544,12.786017,24.248398,52.598778,81.945641,171.661270
1983-11-16,8.920929,Training,-0.834463,-0.374143,0.193520,1.637898,4.087589,5.330757,8.380645,15.310242,33.107224,50.180080,112.954979
1983-11-17,41.117372,Training,-0.770117,-0.237218,0.286389,1.525563,3.222709,4.237362,6.154994,10.622393,21.522778,30.662003,68.689713
1983-11-18,5.547196,Training,-0.701182,-0.085022,0.393561,1.544723,2.867877,3.823151,5.275938,8.592163,16.207357,21.980198,49.621498
1983-11-19,81.456189,Training,-0.863195,-0.394016,0.142400,1.818436,4.428049,6.215373,9.288074,16.699553,36.177052,55.207355,126.339531
1983-11-20,261.740050,Training,-0.464876,1.218103,3.776008,12.166035,25.438978,34.846565,49.229298,81.420021,155.246826,232.301315,410.443695
1983-11-21,253.338157,Training,0.007890,2.762836,6.587506,16.912317,31.764782,39.884953,56.596748,86.034622,151.414627,207.510330,398.222534
1983-11-22,45.610276,Training,-0.184066,1.893773,4.258240,10.278406,18.214424,22.203281,29.883776,44.348625,74.528763,96.079544,188.660492
1983-11-23,15.360217,Training,-0.226380,1.494113,3.024412,6.936081,11.503716,13.740379,17.672703,24.929697,38.295750,46.258266,87.313095
1983-11-24,9.229106,Training,-0.403473,0.929032,1.879623,4.473042,7.144132,8.803445,11.077778,15.463102,23.923704,29.075087,58.687550
1983-11-25,6.877225,Training,-0.435421,0.699463,1.361158,3.251279,4.973080,6.270230,7.769183,10.519416,16.084429,19.274815,40.145947
1983-11-26,5.530976,Training,-0.489913,0.438548,0.928104,2.322196,3.550980,4.456678,5.537931,7.412787,11.485614,13.680115,29.100733
1983-11-27,4.687543,Training,-0.578110,0.200530,0.592096,1.719270,2.618582,3.421225,4.263782,5.830242,9.771675,12.183981,28.555880
1983-11-28,4.282046,Training,-0.555057,0.081629,0.390874,1.226304,1.889419,2.536457,3.215731,4.543724,7.654184,9.627245,21.921972
1983-11-29,3.779230,Training,-0.544028,0.012358,0.251705,0.899680,1.369247,1.887747,2.410511,3.429341,5.885882,7.451768,17.467876
1983-11-30,3.373733,Training,-0.495293,-0.010959,0.144655,0.602898,0.867864,1.272417,1.626348,2.300658,4.004976,5.108792,12.685270
1983-12-01,3.114215,Training,-0.497519,-0.060880,0.065399,0.465059,0.700985,1.023170,1.334237,1.825936,3.143518,3.915334,9.955214
1983-12-02,2.870917,Training,-0.470561,-0.136449,-0.047605,0.225234,0.381250,0.593174,0.821258,1.195763,2.198803,2.836994,7.329177
1983-12-03,2.643839,Training,-0.423730,-0.172639,-0.103671,0.084299,0.180337,0.326976,0.484792,0.773834,1.531892,2.088851,5.473169
1983-12-04,2.416761,Training,-0.354455,-0.163754,-0.113739,0.013959,0.074607,0.183919,0.296160,0.518180,1.095594,1.571482,4.326436
1983-12-05,2.027484,Training,-0.308851,-0.157405,-0.118595,-0.023451,0.025147,0.106350,0.192458,0.367811,0.825662,1.237463,3.590232
1983-12-06,1.735526,Training,-0.311486,-0.171215,-0.133752,-0.044274,0.004633,0.068864,0.148247,0.300532,0.712083,1.080411,3.243084
1983-12-07,1.654427,Training,-0.350638,-0.194008,-0.154774,-0.046241,0.010731,0.073801,0.163358,0.320005,0.748898,1.105003,3.290617
1983-12-08,1.573327,Training,-0.290904,-0.170769,-0.135761,-0.063288,-0.015519,0.023889,0.090148,0.211781,0.544451,0.839090,2.736244
1983-12-09,1.492228,Training,-0.244529,-0.132382,-0.099102,-0.047301,-0.001585,0.018251,0.068379,0.171330,0.471601,0.768082,2.668945
1983-12-10,1.411129,Training,-0.191550,-0.117290,-0.085387,-0.050093,0.002122,0.017440,0.060528,0.156279,0.383986,0.642784,2.280777
1983-12-11,1.411129,Training,-0.197842,-0.126239,-0.091064,-0.059145,-0.005985,0.005304,0.045029,0.135128,0.348466,0.580783,2.144802
1983-12-12,1.411129,Training,-0.188867,-0.117743,-0.084939,-0.053061,0.002458,0.011732,0.053195,0.143397,0.358850,0.598503,2.179323
1983-12-13,1.346249,Training,-0.208486,-0.132930,-0.104289,-0.074180,-0.022499,-0.010130,0.025044,0.122074,0.331751,0.556022,2.115127
1983-12-14,1.297590,Training,-0.415687,-0.245069,-0.210119,-0.110900,-0.023742,0.021048,0.114590,0.323042,0.941716,1.460756,5.000658
1983-12-15,2.903357,Training,-0.811218,-0.686679,-0.615848,-0.340012,-0.092703,0.136109,0.492152,1.703032,6.408945,12.227105,35.439850
1983-12-16,14.938501,Training,-0.782192,-0.594705,-0.452800,-0.102183,0.264792,0.607550,1.218089,3.165314,9.979357,17.852674,49.548126
1983-12-17,9.245326,Training,-0.771124,-0.559398,-0.418131,-0.125651,0.173059,0.480491,0.963786,2.534578,7.685174,12.841269,37.041309
1983-12-18,26.032892,Training,-0.885175,-0.636787,-0.321809,0.620476,2.269543,4.139142,6.539464,17.683430,49.607758,91.280792,190.831055
1983-12-19,28.141475,Training,-0.798081,-0.244633,0.597716,2.765347,7.037237,10.669302,17.059214,37.011497,85.054428,135.889420,268.826874
1983-12-20,189.318328,Training,-0.726212,0.124578,1.501079,6.025525,14.918167,22.733799,33.603073,73.096252,155.423676,248.853333,415.235107
1983-12-21,34.905161,Training,-0.404289,1.112994,3.298069,8.567696,17.995134,24.260134,35.190113,62.350277,117.519798,164.340668,292.531128
1983-12-22,11.516108,Training,-0.626946,0.163095,0.932963,2.735371,5.388067,7.506891,10.289217,19.144514,35.590687,49.664005,96.379738
1983-12-23,6.504168,Training,-0.563338,0.010638,0.379749,1.132055,1.971505,2.893368,3.793047,7.064149,12.987544,18.608372,37.405327
1983-12-24,4.687543,Training,-0.479219,0.026056,0.283768,0.789025,1.236519,1.871338,2.396804,4.372652,7.945646,11.428515,24.026430
1983-12-25,3.503492,Training,-0.418931,0.060726,0.269225,0.674479,0.990086,1.517858,1.916139,3.400208,6.093961,8.721342,18.888437
1983-12-26,2.838477,Training,-0.389735,0.061069,0.245667,0.596688,0.851769,1.308964,1.643666,2.856922,5.086261,7.237343,15.948541
1983-12-27,2.530300,Training,-0.368939,0.061995,0.229708,0.550578,0.772090,1.186608,1.489928,2.542777,4.510011,6.364062,14.317590
1983-12-28,2.205902,Training,-0.365905,0.041975,0.205609,0.507749,0.716035,1.095463,1.381844,2.346209,4.171056,5.871337,13.205364
1983-12-29,1.913945,Training,-0.373987,0.013751,0.172991,0.465814,0.667669,1.019906,1.294272,2.190807,3.892976,5.459398,12.252369
1983-12-30,1.654427,Training,-0.384495,-0.021393,0.134664,0.413046,0.607258,0.928445,1.190338,2.013664,3.582645,4.992768,11.155902
1983-12-31,1.492228,Training,-0.379939,-0.038820,0.099800,0.359561,0.536125,0.830189,1.076404,1.825289,3.242385,4.507382,10.249329
1984-01-01,1.411129,Validation,-0.395837,-0.089157,0.039116,0.278704,0.441547,0.691623,0.920018,1.567406,2.801794,3.852184,8.824967
1984-01-02,1.654427,Validation,-0.382790,-0.126731,-0.013607,0.172899,0.303247,0.506567,0.706749,1.251203,2.331690,3.190433,7.533144
1984-01-03,1.913945,Validation,-0.343483,-0.138572,-0.050876,0.086475,0.187822,0.346158,0.513062,0.952541,1.849563,2.600331,6.399622
1984-01-04,1.832845,Validation,-0.334215,-0.154884,-0.074344,0.042264,0.135063,0.268819,0.419849,0.801231,1.578286,2.209521,5.566513
1984-01-05,1.654427,Validation,-0.334364,-0.173545,-0.110415,-0.014949,0.064474,0.181992,0.306404,0.650134,1.313998,1.860733,4.888125
1984-01-06,1.492228,Validation,-0.256994,-0.132129,-0.078931,-0.008765,0.066103,0.151762,0.265038,0.536217,1.098845,1.620054,4.443629
1984-01-07,1.411129,Validation,-0.231721,-0.109807,-0.066790,-0.010137,0.058385,0.130901,0.231149,0.468138,0.988921,1.492666,4.309171
1984-01-08,1.573327,Validation,-0.805313,-0.647025,-0.556936,-0.237131,0.085123,0.441923,0.811031,2.612722,8.521087,15.681317,41.988445
1984-01-09,7.315162,Validation,-0.642575,-0.445302,-0.299290,0.045944,0.375433,0.722113,1.266819,2.942219,8.004764,13.212816,32.730957
1984-01-10,3.519712,Validation,-0.477728,-0.296273,-0.230598,-0.076434,0.062460,0.292208,0.538660,1.357515,3.271165,5.006513,13.657146
1984-01-11,2.319441,Validation,-0.348677,-0.183208,-0.147710,-0.066588,0.021077,0.178836,0.331993,0.814373,1.870752,2.725700,7.676707
1984-01-12,2.011264,Validation,-0.254863,-0.132418,-0.080101,-0.014553,0.069446,0.179027,0.309057,0.639912,1.402603,2.051534,5.712074
1984-01-13,1.832845,Validation,-0.232452,-0.128934,-0.077868,-0.028179,0.047215,0.133042,0.239264,0.496090,1.077776,1.580895,4.500370
1984-01-14,1.654427,Validation,-0.205378,-0.111245,-0.065733,-0.022223,0.047797,0.121076,0.215323,0.443108,0.943170,1.412843,4.080764
1984-01-15,1.573327,Validation,-0.187138,-0.096360,-0.056583,-0.016499,0.049717,0.117741,0.205751,0.418797,0.876890,1.334115,3.892266
1984-01-16,1.654427,Validation,-0.196226,-0.112993,-0.067795,-0.031535,0.037664,0.095894,0.182532,0.378001,0.807749,1.211981,3.564935
1984-01-17,1.735526,Validation,-0.196873,-0.115122,-0.070281,-0.035382,0.034269,0.088551,0.173980,0.363890,0.781988,1.169568,3.466078
1984-01-18,1.735526,Validation,-0.175578,-0.095884,-0.057084,-0.022799,0.044628,0.100196,0.183814,0.374663,0.779021,1.191998,3.504666
1984-01-19,1.654427,Validation,-0.298753,-0.128129,-0.088384,-0.031607,0.050539,0.114627,0.231301,0.486194,1.156472,1.804876,5.548746
1984-01-20,3.389953,Validation,-0.653270,-0.454702,-0.382058,-0.167278,0.041438,0.261258,0.568428,1.534054,4.474471,7.687224,22.011940
1984-01-21,5.255238,Validation,-0.523997,-0.326181,-0.201863,0.073684,0.321570,0.626569,1.033719,2.248648,5.535566,8.988528,21.518694
1984-01-22,3.081775,Validation,-0.481746,-0.232717,-0.135128,0.068193,0.242848,0.513837,0.816326,1.736847,4.145357,6.503858,17.414558
1984-01-23,2.578959,Validation,-0.475274,-0.222266,-0.129344,0.067336,0.233286,0.472108,0.746451,1.577421,3.724655,5.737702,15.108687
1984-01-24,2.643839,Validation,-0.356754,-0.173709,-0.094633,0.042645,0.162193,0.348893,0.551806,1.134912,2.466607,3.691669,9.208429
1984-01-25,2.530300,Validation,-0.315105,-0.152677,-0.073449,0.030763,0.137880,0.289979,0.464033,0.921695,1.925659,2.773541,6.828358
1984-01-26,2.465420,Validation,-0.564482,-0.304308,-0.200178,-0.012559,0.176553,0.381824,0.639673,1.389819,3.390148,5.223613,13.063683
1984-01-27,2.757378,Validation,-0.358527,-0.168079,-0.095004,0.029493,0.151831,0.350458,0.539394,1.138668,2.520012,3.679181,9.055860
1984-01-28,2.319441,Validation,-0.323292,-0.159617,-0.111803,-0.024251,0.072033,0.248854,0.397644,0.890914,1.941143,2.846805,7.214081
1984-01-29,2.011264,Validation,-0.478363,-0.236878,-0.158760,-0.017512,0.121167,0.308996,0.504188,1.120415,2.709565,4.055089,10.429671
1984-01-30,2.027484,Validation,-0.401208,-0.187794,-0.084780,0.070437,0.222294,0.432138,0.659847,1.329581,3.009706,4.403096,10.526206
1984-01-31,2.108583,Validation,-0.348270,-0.118674,-0.030758,0.118312,0.258455,0.489083,0.712868,1.404497,3.039590,4.571714,11.095249
1984-02-01,2.108583,Validation,-0.329602,-0.102781,-0.018432,0.120198,0.247359,0.459607,0.666989,1.303682,2.759218,4.104352,9.928647
1984-02-02,2.011264,Validation,-0.274542,-0.077299,0.007697,0.121837,0.238258,0.431228,0.627699,1.187642,2.416574,3.481472,8.216642
1984-02-03,1.832845,Validation,-0.242250,-0.040419,0.038771,0.145154,0.253587,0.445226,0.633337,1.177583,2.332737,3.358020,7.933410
1984-02-04,1.654427,Validation,-0.211607,-0.015587,0.060775,0.156836,0.258955,0.443253,0.623889,1.138996,2.201119,3.142941,7.408133
1984-02-05,1.492228,Validation,-0.212151,-0.019175,0.063366,0.154409,0.256428,0.432581,0.609691,1.097269,2.107597,2.975808,6.983233
1984-02-06,1.411129,Validation,-0.221876,-0.004113,0.085000,0.199042,0.309801,0.509885,0.698859,1.246256,2.319965,3.287202,7.493002
1984-02-07,1.346249,Validation,-0.196210,-0.029355,0.044954,0.118503,0.210494,0.358437,0.515339,0.925387,1.770538,2.504323,6.021218
1984-02-08,1.265150,Validation,-0.135434,-0.028960,0.003988,0.041228,0.113596,0.207727,0.314431,0.580368,1.141994,1.683397,4.528624
1984-02-09,1.200270,Validation,-0.129387,-0.026372,0.002622,0.037179,0.107634,0.199616,0.304228,0.560541,1.099247,1.624338,4.417410
1984-02-10,1.119171,Validation,-0.143450,-0.050977,-0.016994,0.016705,0.088143,0.164699,0.262389,0.495049,0.992472,1.479732,4.049668
1984-02-11,0.989412,Validation,-0.141792,-0.060682,-0.026746,0.002117,0.072996,0.136308,0.225686,0.429975,0.878203,1.315524,3.695382
1984-02-12,0.859653,Validation,-0.142365,-0.060799,-0.026143,0.002897,0.074905,0.139069,0.230112,0.436995,0.890189,1.332771,3.725501
1984-02-13,0.778554,Validation,-0.154750,-0.063956,-0.023332,0.010584,0.085548,0.158670,0.259498,0.488965,0.985351,1.458076,3.957579
1984-02-14,0.746114,Validation,-0.144699,-0.069749,-0.034566,-0.007422,0.066961,0.121182,0.206101,0.390907,0.810629,1.204379,3.441138
1984-02-15,0.729894,Validation,-0.151950,-0.076879,-0.040129,-0.012588,0.062958,0.116286,0.202818,0.388561,0.814724,1.203684,3.442284
1984-02-16,0.681235,Validation,-0.150671,-0.073595,-0.035793,-0.007047,0.070080,0.127891,0.220215,0.418945,0.866934,1.288808,3.603991
1984-02-17,0.632575,Validation,-0.144136,-0.079159,-0.043197,-0.017708,0.058527,0.102061,0.184384,0.353679,0.740054,1.111708,3.211918
1984-02-18,0.600135,Validation,-0.144400,-0.076999,-0.042786,-0.016565,0.057827,0.095962,0.175860,0.339285,0.717708,1.093916,3.197979
1984-02-19,0.648795,Validation,-0.258343,-0.107048,-0.071267,-0.027291,0.061353,0.098936,0.206597,0.413062,0.981095,1.536856,4.660368
1984-02-20,0.713674,Validation,-0.155175,-0.102710,-0.064649,-0.033166,0.045295,0.088488,0.177774,0.352662,0.765751,1.156855,3.345206
1984-02-21,0.762334,Validation,-0.163921,-0.093720,-0.057327,-0.022923,0.053687,0.102604,0.193388,0.376847,0.824691,1.260720,3.611077
1984-02-22,0.665015,Validation,-0.171631,-0.106447,-0.068513,-0.037604,0.039439,0.080739,0.167597,0.339073,0.751426,1.126304,3.280143
1984-02-23,0.600135,Validation,-0.232395,-0.108946,-0.067000,-0.026894,0.055810,0.093459,0.193821,0.389002,0.930567,1.428212,4.216735
1984-02-24,0.567695,Validation,-0.186916,-0.115697,-0.077078,-0.043233,0.033061,0.080169,0.168779,0.356722,0.802366,1.195547,3.469469
1984-02-25,0.535256,Validation,-0.199826,-0.132500,-0.112670,-0.085693,-0.018239,0.036967,0.108377,0.302122,0.701276,1.074746,3.209719
1984-02-26,0.502816,Validation,-0.200101,-0.128088,-0.103463,-0.075009,-0.004576,0.049818,0.124816,0.321255,0.731635,1.101337,3.251958
1984-02-27,0.502816,Validation,-0.339745,-0.175161,-0.133783,-0.076376,0.017484,0.074125,0.189830,0.444347,1.152575,1.733946,5.138289
1984-02-28,0.551476,Validation,-0.207760,-0.134900,-0.094440,-0.051211,0.030849,0.103672,0.208041,0.454640,1.016699,1.493908,4.136492
1984-02-29,0.665015,Validation,-0.432502,-0.241873,-0.209404,-0.125802,-0.019921,0.080155,0.221781,0.590077,1.598200,2.481760,7.191970
1984-03-01,0.713674,Validation,-0.246281,-0.156320,-0.106894,-0.041835,0.050825,0.154209,0.289621,0.627469,1.411016,2.051486,5.410042
1984-03-02,0.600135,Validation,-0.209339,-0.116547,-0.059208,-0.004323,0.088054,0.192259,0.331870,0.647200,1.405749,2.049856,5.307678
1984-03-03,0.519036,Validation,-0.162173,-0.075518,-0.033190,0.009464,0.085289,0.176864,0.295193,0.575244,1.194948,1.779693,4.717135
1984-03-04,0.470376,Validation,-0.129337,-0.046318,-0.012371,0.021169,0.087485,0.175002,0.281655,0.534993,1.080692,1.619817,4.360456
1984-03-05,0.405497,Validation,-0.129041,-0.045531,-0.006987,0.023684,0.089422,0.170381,0.273807,0.511331,1.031728,1.534826,4.132517
1984-03-06,0.356837,Validation,-0.111774,-0.031492,0.001036,0.028551,0.090598,0.169493,0.268938,0.498133,0.992299,1.487961,4.038544
1984-03-07,0.324397,Validation,-0.107076,-0.027730,0.003139,0.029294,0.090561,0.167782,0.266205,0.490403,0.972564,1.461327,3.973311
1984-03-08,0.291958,Validation,-0.103035,-0.018326,0.011072,0.038123,0.098279,0.180864,0.283925,0.517313,1.011713,1.512241,4.080461
1984-03-09,0.243298,Validation,-0.091867,-0.033788,-0.011557,0.006254,0.064863,0.120456,0.201193,0.376947,0.759104,1.171024,3.352280
1984-03-10,0.210858,Validation,-0.125762,-0.062527,-0.026626,-0.005780,0.060006,0.109603,0.193893,0.366025,0.763013,1.146294,3.264673
1984-03-11,0.194638,Validation,-0.133594,-0.070492,-0.032959,-0.011582,0.056227,0.104392,0.189562,0.361362,0.760333,1.135977,3.243148
1984-03-12,0.178419,Validation,-0.138121,-0.070615,-0.030655,-0.007091,0.063253,0.116608,0.207630,0.391501,0.815259,1.213466,3.390331
1984-03-13,0.145979,Validation,-0.278143,-0.133400,-0.095463,-0.053728,0.025275,0.063886,0.162445,0.361747,0.927780,1.402736,4.245835
1984-03-14,0.145979,Validation,-0.376872,-0.206506,-0.186488,-0.126727,-0.040304,0.025690,0.134919,0.405960,1.133022,1.772397,5.384375
1984-03-15,0.178419,Validation,-0.500975,-0.300438,-0.220371,-0.078381,0.080338,0.213169,0.465569,1.009564,2.761448,4.290595,11.506040
1984-03-16,0.535256,Validation,-0.767190,-0.564628,-0.416104,-0.100164,0.305221,0.638744,1.212253,2.893529,8.235654,13.879756,31.490845
1984-03-17,1.232710,Validation,-0.412544,-0.242824,-0.109202,0.109170,0.329636,0.575244,0.939338,1.904714,4.429300,6.760103,15.194170
1984-03-18,0.973192,Validation,-0.481101,-0.244885,-0.127424,0.069030,0.260039,0.479551,0.780312,1.603247,3.825141,5.976545,14.328260
1984-03-19,0.681235,Validation,-0.739210,-0.518960,-0.386360,-0.103410,0.237998,0.550955,0.994162,2.435243,6.654565,11.190704,26.029219
1984-03-20,2.076143,Validation,-0.761848,-0.521132,-0.337573,0.071315,0.602232,1.099843,1.846218,4.232060,11.264927,19.887117,43.896225
1984-03-21,3.535932,Validation,-0.785697,-0.511216,-0.274362,0.243150,0.976078,1.637007,2.618867,5.679159,14.071655,23.975111,49.019878
1984-03-22,2.806038,Validation,-0.589452,-0.278123,-0.030061,0.450774,0.971425,1.483193,2.137070,4.072783,8.677629,13.233413,25.152512
1984-03-23,1.297590,Validation,-0.484310,-0.190821,-0.014032,0.307121,0.606710,0.953965,1.352765,2.519521,5.124856,7.617444,15.244963
1984-03-24,3.763010,Validation,-0.843580,-0.580617,-0.375063,0.188573,1.029961,1.838279,2.758966,6.322300,14.909763,24.956749,49.351345
1984-03-25,2.416761,Validation,-0.701909,-0.348803,-0.042873,0.696085,1.610426,2.373346,3.453939,6.596792,14.468040,23.185139,43.680080
1984-03-26,1.638207,Validation,-0.634694,-0.251403,0.027049,0.650906,1.322917,1.958011,2.700787,4.906135,9.854545,14.994766,27.792633
1984-03-27,1.297590,Validation,-0.574994,-0.199348,0.006505,0.480733,0.921314,1.361363,1.860495,3.326221,6.526590,9.803174,19.111807
1984-03-28,2.676279,Validation,-0.811201,-0.478118,-0.253013,0.388430,1.230768,2.032561,2.944906,6.014065,12.993131,20.923098,40.972351
1984-03-29,3.422393,Validation,-0.532810,-0.142126,0.102666,0.726889,1.342020,1.996862,2.686889,4.765158,8.940302,13.360859,23.730240
1984-03-30,1.686867,Validation,-0.489024,-0.059875,0.124063,0.635168,1.051869,1.595277,2.082323,3.550134,6.448153,9.420057,18.523375
1984-03-31,9.504844,Validation,-0.816796,-0.433749,-0.132003,0.752455,2.003118,3.020257,4.264380,8.091516,16.217379,24.813419,44.488670
1984-04-01,12.700159,Training,-0.552931,-0.069287,0.251103,1.102243,1.959472,2.757445,3.622844,6.035947,10.933047,15.875365,27.554434
1984-04-02,3.957648,Training,-0.465471,-0.024602,0.182473,0.711056,1.158430,1.701257,2.195229,3.603825,6.244480,8.938657,16.779902
1984-04-03,2.676279,Training,-0.380028,-0.015464,0.104834,0.431208,0.653880,0.987492,1.291621,2.102279,3.638501,5.152171,10.745635
1984-04-04,2.108583,Training,-0.345178,-0.068020,0.020133,0.204241,0.335950,0.531473,0.741235,1.262454,2.375328,3.443397,7.800002
1984-04-05,1.654427,Training,-0.271406,-0.049809,0.034741,0.181867,0.299124,0.461498,0.651578,1.087351,1.912425,2.700682,5.955951
1984-04-06,1.330029,Training,-0.224530,-0.015357,0.050805,0.170042,0.262763,0.413530,0.586192,0.954089,1.650549,2.323706,5.401860
1984-04-07,1.200270,Training,-0.160124,-0.013706,0.023873,0.090322,0.142267,0.265097,0.387368,0.637508,1.136728,1.664870,4.237289
1984-04-08,1.557108,Training,-0.131150,-0.017971,0.010309,0.052535,0.096585,0.193014,0.292401,0.488020,0.894773,1.349885,3.639724
1984-04-09,1.005632,Training,-0.090357,-0.011325,0.008193,0.027277,0.074340,0.141969,0.228594,0.388251,0.724949,1.115874,3.178504
1984-04-10,0.924533,Training,-0.094499,-0.008880,0.009494,0.027236,0.077015,0.132421,0.219371,0.375586,0.719890,1.107469,3.215017
1984-04-11,1.605767,Training,-0.180329,-0.032762,-0.009902,0.018480,0.075319,0.119612,0.221874,0.394892,0.862824,1.345710,4.018845
1984-04-12,1.346249,Training,-0.347708,-0.117714,-0.086137,0.000249,0.100480,0.182613,0.319234,0.615186,1.362067,2.123993,6.380942
1984-04-13,1.167831,Training,-0.120278,-0.028478,-0.016775,0.018059,0.077005,0.152257,0.257386,0.463209,0.971955,1.552267,4.483448
1984-04-14,1.086731,Training,-0.362695,-0.148423,-0.120084,-0.034877,0.066861,0.161537,0.322846,0.643546,1.526560,2.463588,7.194840
1984-04-15,2.708718,Training,-0.204228,-0.073362,-0.047737,0.012949,0.087402,0.176930,0.311430,0.582253,1.267084,1.971628,5.384005
1984-04-16,2.546520,Training,-0.105717,-0.040976,-0.028443,-0.003462,0.055696,0.128249,0.220487,0.401065,0.804333,1.263318,3.604479
1984-04-17,1.443568,Training,-0.095987,-0.029036,-0.021439,0.000817,0.044222,0.118183,0.195001,0.345771,0.687498,1.092475,3.225861
1984-04-18,0.956972,Training,-0.097808,-0.027704,-0.017962,0.004574,0.040408,0.116543,0.181911,0.317055,0.618247,0.999147,2.995962
1984-04-19,0.778554,Training,-0.069582,-0.016169,-0.009929,0.004053,0.038483,0.097346,0.147155,0.255631,0.501472,0.836333,2.661096
1984-04-20,0.665015,Training,-0.066653,-0.013244,-0.005054,0.009241,0.041563,0.096774,0.141623,0.242285,0.472349,0.794929,2.581375
1984-04-21,0.535256,Training,-0.050588,-0.004361,0.000135,0.009122,0.040913,0.087845,0.133747,0.230645,0.455302,0.769364,2.530006
1984-04-22,0.486596,Training,-0.166566,-0.030983,-0.024947,-0.005179,0.039281,0.069565,0.139011,0.256422,0.618630,1.036249,3.509630
1984-04-23,0.454156,Training,-0.246221,-0.066269,-0.057141,-0.011771,0.048049,0.095187,0.183331,0.352581,0.809005,1.329860,4.404933
1984-04-24,0.437937,Training,-0.214622,-0.062182,-0.055850,-0.017622,0.040156,0.095133,0.194381,0.373539,0.887025,1.481618,4.786248
1984-04-25,0.519036,Training,-0.141136,-0.029069,-0.029101,0.004242,0.044788,0.111296,0.193513,0.354255,0.820272,1.358094,4.271060
1984-04-26,0.681235,Training,-0.089543,-0.023097,-0.025139,0.001885,0.030150,0.103689,0.163277,0.289890,0.616827,1.031901,3.220104
1984-04-27,0.567695,Training,-0.290112,-0.099079,-0.094140,-0.035659,0.017134,0.084689,0.181179,0.362744,0.918496,1.535473,4.953176
1984-04-28,0.535256,Training,-0.141891,-0.035858,-0.033965,0.001749,0.041056,0.103872,0.182800,0.343810,0.783839,1.270719,3.939790
1984-04-29,1.573327,Training,-0.318372,-0.119649,-0.107117,-0.038536,0.021618,0.103148,0.218126,0.445521,1.110485,1.844833,5.746039
1984-04-30,1.102951,Training,-0.142281,-0.052531,-0.042472,-0.001227,0.045292,0.118294,0.209888,0.395585,0.842815,1.339159,3.929062
1984-05-01,0.729894,Training,-0.350521,-0.155416,-0.129115,-0.052511,0.031179,0.087809,0.205300,0.447723,1.127261,1.840346,5.565921
1984-05-02,0.600135,Training,-0.348971,-0.168794,-0.141315,-0.060580,0.026611,0.092660,0.228979,0.511190,1.306144,2.148023,6.351490
1984-05-03,0.502816,Training,-0.138344,-0.066735,-0.053458,-0.012634,0.047696,0.120245,0.214139,0.417946,0.890987,1.423638,4.110744
1984-05-04,0.437937,Training,-0.142629,-0.068263,-0.053977,-0.021173,0.032953,0.089885,0.170729,0.339884,0.736338,1.167624,3.471574
1984-05-05,0.373057,Training,-0.128054,-0.051098,-0.042116,-0.014507,0.032937,0.083828,0.158281,0.309706,0.672854,1.061232,3.263329
1984-05-06,0.324397,Training,-0.117691,-0.037781,-0.028633,-0.006795,0.035339,0.084330,0.153454,0.294943,0.632611,1.006810,3.147304
1984-05-07,0.275738,Training,-0.101905,-0.033715,-0.023721,-0.006775,0.035087,0.081389,0.148951,0.282781,0.588416,0.940182,2.944562
1984-05-08,0.243298,Training,-0.381184,-0.156437,-0.126311,-0.031444,0.053437,0.127020,0.245649,0.518763,1.260350,2.006830,6.062523
1984-05-09,0.859653,Training,-0.159926,-0.051992,-0.040028,0.008764,0.058131,0.143309,0.245285,0.463931,1.001800,1.593275,4.639997
1984-05-10,1.978824,Training,-0.160665,-0.062186,-0.043434,0.002887,0.054466,0.147015,0.253253,0.472068,0.968127,1.505688,4.209610
1984-05-11,0.892093,Training,-0.155326,-0.053957,-0.039794,0.002250,0.048035,0.127386,0.221258,0.404536,0.824261,1.269429,3.657828
1984-05-12,0.519036,Training,-0.112881,-0.029138,-0.020044,0.004199,0.042039,0.109858,0.182537,0.326784,0.652299,1.030679,3.128348
1984-05-13,0.356837,Training,-0.096043,-0.021165,-0.011284,0.004606,0.046868,0.098550,0.166722,0.298475,0.589730,0.933697,2.910098
1984-05-14,0.275738,Training,-0.146624,-0.046755,-0.025578,-0.000416,0.051438,0.082803,0.155292,0.297245,0.639734,1.010162,3.126953
1984-05-15,0.227078,Training,-0.147122,-0.057721,-0.032076,-0.002838,0.052412,0.086173,0.163023,0.312363,0.645950,1.010286,3.040099
1984-05-16,0.178419,Training,-0.138689,-0.053117,-0.029289,-0.004572,0.052434,0.079412,0.149163,0.286681,0.598062,0.946860,2.919741
1984-05-17,0.178419,Training,-0.494579,-0.260268,-0.203379,-0.038509,0.093042,0.203825,0.354773,0.780881,1.950159,3.100728,8.417328
1984-05-18,0.194638,Training,-0.390384,-0.224439,-0.173287,-0.048044,0.080739,0.188492,0.401137,0.844351,2.152641,3.539314,9.753349
1984-05-19,0.210858,Training,-0.356811,-0.175637,-0.106401,0.017785,0.135646,0.288423,0.495741,0.991946,2.294507,3.557339,9.115230
1984-05-20,0.648795,Training,-0.518010,-0.269180,-0.209502,-0.061109,0.074261,0.224889,0.446666,0.983972,2.554064,4.109721,11.241690
1984-05-21,1.881505,Training,-0.719789,-0.507835,-0.416907,-0.160415,0.090146,0.355354,0.711004,1.839436,5.495533,9.737204,24.240993
1984-05-22,2.059924,Training,-0.502716,-0.263631,-0.135506,0.114101,0.346672,0.637409,1.016122,2.109148,5.132926,8.230172,19.536922
1984-05-23,1.135391,Training,-0.313210,-0.123387,-0.059305,0.058029,0.164886,0.333944,0.531339,1.039460,2.265101,3.371370,8.638896
1984-05-24,0.762334,Training,-0.298384,-0.079955,-0.039853,0.053865,0.136339,0.263709,0.429365,0.815942,1.837741,2.720645,7.634851
1984-05-25,0.551476,Training,-0.173837,-0.036603,-0.009212,0.050104,0.111464,0.223484,0.347249,0.620931,1.229977,1.779692,4.906537
1984-05-26,0.437937,Training,-0.217681,-0.049732,-0.009273,0.055176,0.115869,0.217064,0.335634,0.603780,1.219638,1.778348,4.869180
1984-05-27,0.356837,Training,-0.131545,-0.024323,-0.004010,0.027287,0.078452,0.151898,0.239904,0.420003,0.814533,1.204479,3.539479
1984-05-28,0.275738,Training,-0.132888,-0.034390,-0.009458,0.017191,0.069590,0.129392,0.211599,0.374257,0.727369,1.091909,3.242154
1984-05-29,0.227078,Training,-0.225353,-0.058847,-0.032680,0.005500,0.061488,0.110359,0.204804,0.376422,0.854846,1.314660,4.070349
1984-05-30,0.210858,Training,-0.116608,-0.022887,-0.007590,0.019420,0.060330,0.132083,0.207696,0.354086,0.674865,1.038633,3.149266
1984-05-31,0.210858,Training,-0.137629,-0.037733,-0.016477,0.012142,0.062765,0.121329,0.202301,0.351494,0.678013,1.032001,3.094299
1984-06-01,0.162199,Training,-0.211143,-0.053991,-0.033688,0.008927,0.060828,0.109302,0.196181,0.350666,0.770661,1.179728,3.635708
1984-06-02,0.145979,Training,-0.350184,-0.151868,-0.116556,-0.042274,0.035408,0.084756,0.194276,0.406445,0.972618,1.546519,4.625726
1984-06-03,0.162199,Training,-0.382495,-0.190288,-0.150636,-0.055004,0.037206,0.114347,0.258826,0.550885,1.345020,2.180847,6.269444
1984-06-04,0.162199,Training,-0.380211,-0.168532,-0.141147,-0.026041,0.063644,0.192830,0.370705,0.725945,1.759107,2.834741,8.262052
1984-06-05,0.145979,Training,-0.220879,-0.100534,-0.078440,-0.008153,0.062980,0.161031,0.279967,0.526871,1.113539,1.679433,4.707149
1984-06-06,0.145979,Training,-0.210482,-0.087651,-0.067185,-0.014689,0.044221,0.110176,0.198499,0.378235,0.819369,1.243108,3.680332
1984-06-07,0.145979,Training,-0.186549,-0.064016,-0.047804,-0.001386,0.046815,0.115160,0.196348,0.354116,0.727529,1.097825,3.316311
1984-06-08,0.178419,Training,-0.133442,-0.040998,-0.029507,-0.003070,0.031689,0.093421,0.150464,0.260607,0.520602,0.833740,2.700709
1984-06-09,0.129759,Training,-0.106032,-0.031076,-0.023499,-0.006751,0.024995,0.073651,0.116439,0.200266,0.408809,0.689759,2.377493
1984-06-10,0.097319,Training,-0.102978,-0.032061,-0.023406,-0.007956,0.021295,0.065648,0.102758,0.172770,0.359256,0.625977,2.233892
1984-06-11,0.081099,Training,-0.110740,-0.034372,-0.022509,-0.005219,0.022979,0.065859,0.099230,0.161377,0.338696,0.597481,2.189264
1984-06-12,0.048660,Training,-0.104997,-0.032814,-0.019985,-0.003981,0.022673,0.060436,0.090314,0.144738,0.308118,0.555976,2.101205
1984-06-13,0.048660,Training,-0.103381,-0.032796,-0.019642,-0.003786,0.021592,0.056975,0.085149,0.135884,0.294128,0.538074,2.063761
1984-06-14,0.032440,Training,-0.100295,-0.033056,-0.019850,-0.004680,0.019613,0.051505,0.078283,0.124246,0.276365,0.514750,2.014235
1984-06-15,0.016220,Training,-0.100524,-0.034816,-0.021186,-0.005838,0.017572,0.046818,0.072300,0.114673,0.262836,0.497294,1.976520
1984-06-16,0.016220,Training,-0.096186,-0.034173,-0.022021,-0.007868,0.014067,0.041500,0.067016,0.107062,0.253534,0.486497,1.952273
1984-06-17,0.016220,Training,-0.162093,-0.046780,-0.034008,-0.012602,0.008412,0.022758,0.051089,0.085254,0.285857,0.559188,2.320138
1984-06-18,0.032440,Training,-0.261213,-0.096577,-0.083427,-0.027296,0.002570,0.038551,0.076405,0.147987,0.409036,0.772058,2.948645
1984-06-19,0.016220,Training,-0.223023,-0.089085,-0.080436,-0.037531,-0.008630,0.034154,0.084660,0.163811,0.462287,0.873878,3.247952
1984-06-20,0.064879,Training,-0.162616,-0.059810,-0.055897,-0.017986,0.000905,0.048948,0.092039,0.161735,0.451219,0.828411,3.019753
1984-06-21,1.184051,Training,-0.109589,-0.043690,-0.041740,-0.015581,-0.000169,0.040372,0.070327,0.119360,0.314643,0.593747,2.246431
1984-06-22,0.567695,Training,-0.103093,-0.042908,-0.039637,-0.019441,-0.007512,0.031747,0.054494,0.088238,0.252164,0.503919,2.006200
1984-06-23,0.243298,Training,-0.110933,-0.044192,-0.035542,-0.017174,-0.004129,0.030872,0.046588,0.071743,0.210868,0.439755,1.861336
1984-06-24,0.113539,Training,-0.106628,-0.043095,-0.030978,-0.015380,-0.003218,0.026497,0.039825,0.062221,0.189693,0.409110,1.792269
1984-06-25,0.048660,Training,-0.102894,-0.041837,-0.028066,-0.013547,-0.003019,0.023020,0.034888,0.054632,0.176900,0.391918,1.758663
1984-06-26,0.032440,Training,-0.103390,-0.034670,-0.022792,-0.008287,-0.001650,0.019515,0.030107,0.048726,0.180671,0.400752,1.816726
1984-06-27,0.016220,Training,-0.089460,-0.036693,-0.024578,-0.013703,-0.005896,0.014759,0.026378,0.044894,0.161052,0.371390,1.706778
1984-06-28,0.016220,Training,-0.082776,-0.036549,-0.024312,-0.015768,-0.007437,0.011213,0.023811,0.042916,0.153694,0.359819,1.661294
1984-06-29,0.016220,Training,-0.084021,-0.036921,-0.025110,-0.016829,-0.008431,0.008911,0.020975,0.038931,0.146959,0.349866,1.635509
1984-06-30,0.016220,Training,-0.085267,-0.035084,-0.023106,-0.014978,-0.005829,0.008879,0.021743,0.042157,0.152060,0.353699,1.648162
1984-07-01,0.016220,Validation,-0.091992,-0.034237,-0.022513,-0.013034,-0.005380,0.008549,0.020094,0.039516,0.154227,0.358517,1.676697
1984-07-02,0.016220,Validation,-0.087310,-0.039857,-0.027393,-0.019803,-0.011877,0.004486,0.015435,0.031749,0.134319,0.333338,1.589553
1984-07-03,0.016220,Validation,-0.095315,-0.045531,-0.031975,-0.023286,-0.016589,0.001662,0.010422,0.021546,0.121577,0.320260,1.559948
1984-07-04,0.016220,Validation,-0.099754,-0.048568,-0.035061,-0.025351,-0.019724,-0.001038,0.007250,0.016046,0.117624,0.317126,1.556737
1984-07-05,0.016220,Validation,-0.107415,-0.054890,-0.041743,-0.028809,-0.026605,-0.004590,0.004866,0.009980,0.121783,0.329183,1.593255
1984-07-06,0.016220,Validation,-0.112756,-0.059033,-0.046990,-0.032322,-0.030750,-0.005813,0.007017,0.010560,0.127418,0.338283,1.609195
1984-07-07,0.016220,Validation,-0.097295,-0.050731,-0.037167,-0.029082,-0.022791,-0.006660,0.002523,0.009958,0.105858,0.300327,1.507901
1984-07-08,0.016220,Validation,-0.096004,-0.049077,-0.033321,-0.027934,-0.015723,-0.004508,0.002689,0.013383,0.091788,0.272336,1.422153
1984-07-09,0.016220,Validation,-0.096575,-0.049760,-0.033044,-0.028407,-0.014837,-0.004680,0.002356,0.013039,0.085484,0.261591,1.389710
1984-07-10,0.016220,Validation,-0.098869,-0.050072,-0.033312,-0.028366,-0.015706,-0.005736,0.000478,0.010288,0.082753,0.258815,1.388011
1984-07-11,0.016220,Validation,-0.100444,-0.047761,-0.031230,-0.025980,-0.012923,-0.004773,0.002036,0.014869,0.090109,0.266333,1.411546
1984-07-12,0.016220,Validation,-0.098347,-0.051134,-0.034037,-0.029963,-0.016362,-0.007111,-0.000328,0.011768,0.080631,0.253984,1.367954
1984-07-13,0.016220,Validation,-0.107242,-0.057886,-0.039261,-0.034090,-0.021588,-0.010084,-0.006081,0.000247,0.064953,0.237225,1.329733
1984-07-14,0.016220,Validation,-0.118223,-0.063629,-0.042554,-0.035292,-0.022651,-0.010261,-0.008006,-0.004173,0.058431,0.228878,1.314099
1984-07-15,0.016220,Validation,-0.119700,-0.065552,-0.043960,-0.036462,-0.024045,-0.011459,-0.009483,-0.006312,0.054977,0.224999,1.304612
1984-07-16,0.016220,Validation,-0.117583,-0.065569,-0.044671,-0.038182,-0.025582,-0.013464,-0.010938,-0.007391,0.052650,0.222189,1.295823
1984-07-17,0.016220,Validation,-0.116021,-0.065626,-0.044921,-0.039145,-0.026503,-0.015143,-0.012591,-0.008978,0.049213,0.217488,1.281895
1984-07-18,0.016220,Validation,-0.112581,-0.064602,-0.044520,-0.039690,-0.027132,-0.016810,-0.014156,-0.010028,0.046394,0.213488,1.268644
1984-07-19,0.016220,Validation,-0.108804,-0.062985,-0.043552,-0.039667,-0.027094,-0.018017,-0.015030,-0.009792,0.045126,0.210993,1.259580
1984-07-20,0.016220,Validation,-0.107035,-0.062261,-0.042915,-0.039566,-0.026927,-0.018980,-0.015557,-0.009898,0.043888,0.208417,1.253018
1984-07-21,0.016220,Validation,-0.111661,-0.065780,-0.045278,-0.041364,-0.029070,-0.020797,-0.018703,-0.015749,0.035470,0.198631,1.231315
1984-07-22,0.016220,Validation,-0.120374,-0.069968,-0.047561,-0.041965,-0.029620,-0.020982,-0.020116,-0.019316,0.030890,0.193016,1.223805
1984-07-23,0.016220,Validation,-0.120273,-0.071189,-0.048686,-0.043259,-0.030584,-0.022001,-0.021045,-0.020084,0.028222,0.189575,1.212871
1984-07-24,0.016220,Validation,-0.111996,-0.067644,-0.047269,-0.043510,-0.030663,-0.023309,-0.021161,-0.017586,0.029946,0.191317,1.210414
1984-07-25,0.016220,Validation,-0.110665,-0.066756,-0.046656,-0.043354,-0.030041,-0.023874,-0.021238,-0.016942,0.029373,0.189227,1.203894
1984-07-26,0.016220,Validation,-0.112961,-0.068764,-0.048025,-0.044511,-0.031403,-0.025438,-0.023625,-0.021318,0.022785,0.181198,1.185357
1984-07-27,0.016220,Validation,-0.117485,-0.071559,-0.049751,-0.045415,-0.032225,-0.026181,-0.025099,-0.024381,0.018158,0.175604,1.173938
1984-07-28,0.016220,Validation,-0.127907,-0.077332,-0.052124,-0.044293,-0.031602,-0.024272,-0.025566,-0.027157,0.014435,0.171424,1.165458
1984-07-29,0.016220,Validation,-0.141125,-0.075247,-0.050240,-0.037951,-0.027905,-0.021654,-0.025693,-0.028141,0.025096,0.189304,1.240316
1984-07-30,0.016220,Validation,-0.127520,-0.070641,-0.050575,-0.042664,-0.030940,-0.026261,-0.026190,-0.024212,0.027564,0.192248,1.241148
1984-07-31,0.016220,Validation,-0.146081,-0.071647,-0.051622,-0.042474,-0.030085,-0.030131,-0.028371,-0.026290,0.041198,0.214520,1.336514
1984-08-01,0.016220,Validation,-0.122710,-0.078259,-0.057411,-0.050507,-0.036069,-0.029125,-0.027225,-0.024950,0.016422,0.176275,1.172286
1984-08-02,0.016220,Validation,-0.128911,-0.081689,-0.059160,-0.051357,-0.036614,-0.029834,-0.028794,-0.028805,0.011028,0.169089,1.154344
1984-08-03,0.016220,Validation,-0.120838,-0.074429,-0.056381,-0.050048,-0.033282,-0.030208,-0.027225,-0.022662,0.014642,0.168509,1.148877
1984-08-04,0.016220,Validation,-0.119412,-0.073444,-0.054605,-0.049012,-0.032166,-0.030224,-0.027294,-0.022579,0.012210,0.164456,1.139007
1984-08-05,0.016220,Validation,-0.123031,-0.077507,-0.056749,-0.050465,-0.035151,-0.032181,-0.031614,-0.031805,0.000244,0.151945,1.110455
1984-08-06,0.016220,Validation,-0.129663,-0.080760,-0.057597,-0.049469,-0.034163,-0.030854,-0.031430,-0.033526,-0.002672,0.148188,1.104507
1984-08-07,0.016220,Validation,-0.128005,-0.080269,-0.057589,-0.049812,-0.034218,-0.031474,-0.031646,-0.033371,-0.003626,0.147030,1.101128
1984-08-08,0.016220,Validation,-0.125387,-0.079593,-0.057639,-0.050355,-0.034593,-0.032562,-0.032279,-0.033552,-0.004689,0.145933,1.096441
1984-08-09,0.016220,Validation,-0.127095,-0.080447,-0.057828,-0.050014,-0.034132,-0.032648,-0.032636,-0.034862,-0.007222,0.142392,1.088670
1984-08-10,0.016220,Validation,-0.123507,-0.078951,-0.057373,-0.050264,-0.034241,-0.033699,-0.033179,-0.034944,-0.008486,0.140623,1.082561
1984-08-11,0.016220,Validation,-0.124972,-0.079904,-0.057831,-0.050136,-0.034002,-0.033753,-0.033439,-0.035994,-0.010479,0.138137,1.076780
1984-08-12,0.016220,Validation,-0.125916,-0.080517,-0.058074,-0.049901,-0.033636,-0.033804,-0.033618,-0.036813,-0.012267,0.135755,1.071493
1984-08-13,0.016220,Validation,-0.122273,-0.079054,-0.057911,-0.050499,-0.033918,-0.034973,-0.034039,-0.036459,-0.012691,0.135197,1.068524
1984-08-14,0.016220,Validation,-0.119494,-0.076676,-0.056851,-0.050144,-0.032561,-0.035096,-0.032853,-0.033784,-0.010701,0.136188,1.070826
1984-08-15,0.016220,Validation,-0.118542,-0.075166,-0.055826,-0.049243,-0.030672,-0.034598,-0.031387,-0.031113,-0.008779,0.136912,1.072672
1984-08-16,0.016220,Validation,-0.118378,-0.073123,-0.054394,-0.047662,-0.027479,-0.033457,-0.028729,-0.025781,-0.003060,0.141633,1.084980
1984-08-17,0.016220,Validation,-0.118735,-0.075794,-0.056717,-0.049473,-0.030652,-0.034988,-0.031694,-0.032176,-0.010968,0.134698,1.067387
1984-08-18,0.016220,Validation,-0.119651,-0.078256,-0.058437,-0.050556,-0.032932,-0.036504,-0.034356,-0.037821,-0.016853,0.129722,1.056222
1984-08-19,0.016220,Validation,-0.120247,-0.079073,-0.058740,-0.050570,-0.032924,-0.036382,-0.034122,-0.039045,-0.019694,0.126363,1.047576
1984-08-20,0.016220,Validation,-0.119487,-0.077680,-0.058156,-0.050123,-0.031524,-0.036057,-0.032893,-0.036758,-0.017991,0.127253,1.050647
1984-08-21,0.016220,Validation,-0.127817,-0.072750,-0.054726,-0.044260,-0.025792,-0.033250,-0.030144,-0.032501,-0.005484,0.143117,1.113549
1984-08-22,0.016220,Validation,-0.166543,-0.081883,-0.063632,-0.050731,-0.025666,-0.042147,-0.032112,-0.031606,0.018921,0.181103,1.268759
1984-08-23,0.016220,Validation,-0.147717,-0.077166,-0.060527,-0.045094,-0.023066,-0.030500,-0.022988,-0.018052,0.028528,0.193953,1.269117
1984-08-24,0.016220,Validation,-0.127961,-0.083393,-0.066336,-0.052670,-0.030142,-0.029618,-0.021974,-0.016986,0.012082,0.170630,1.149830
1984-08-25,0.016220,Validation,-0.130816,-0.087174,-0.070544,-0.056359,-0.036255,-0.035993,-0.033204,-0.036901,-0.014730,0.137650,1.066802
1984-08-26,0.016220,Validation,-0.131061,-0.086165,-0.069153,-0.055083,-0.035012,-0.036669,-0.035301,-0.040511,-0.022531,0.125364,1.037498
1984-08-27,0.016220,Validation,-0.127342,-0.082000,-0.065018,-0.052802,-0.031540,-0.035868,-0.033216,-0.036271,-0.020823,0.124205,1.037693
1984-08-28,0.016220,Validation,-0.129051,-0.084726,-0.064105,-0.050275,-0.030992,-0.033851,-0.033711,-0.039025,-0.023833,0.122455,1.029804
1984-08-29,0.016220,Validation,-0.129941,-0.085080,-0.062900,-0.048174,-0.029083,-0.031773,-0.032154,-0.037470,-0.022403,0.124134,1.032989
1984-08-30,0.016220,Validation,-0.130887,-0.085579,-0.062401,-0.046910,-0.027760,-0.030216,-0.030850,-0.036034,-0.020991,0.125953,1.036513
1984-08-31,0.016220,Validation,-0.132690,-0.086565,-0.062251,-0.045644,-0.026503,-0.028437,-0.029478,-0.034798,-0.019533,0.127922,1.040503
1984-09-01,0.016220,Validation,-0.126932,-0.083817,-0.063276,-0.049460,-0.029186,-0.033295,-0.032103,-0.035700,-0.020630,0.126424,1.038964
1984-09-02,0.016220,Validation,-0.125376,-0.081730,-0.062692,-0.050094,-0.027973,-0.033932,-0.030748,-0.032864,-0.018757,0.126248,1.040002
1984-09-03,0.016220,Validation,-0.124165,-0.080799,-0.061907,-0.049739,-0.027082,-0.033836,-0.030103,-0.031904,-0.018680,0.125096,1.036592
1984-09-04,0.016220,Validation,-0.124146,-0.080580,-0.061804,-0.049536,-0.026590,-0.033485,-0.029433,-0.030827,-0.017428,0.126480,1.040048
1984-09-05,0.016220,Validation,-0.124219,-0.080693,-0.061892,-0.049462,-0.026414,-0.033169,-0.029080,-0.030337,-0.016830,0.127398,1.041851
1984-09-06,0.016220,Validation,-0.124721,-0.082682,-0.062540,-0.049219,-0.027781,-0.032949,-0.030626,-0.033649,-0.019556,0.126454,1.036917
1984-09-07,0.016220,Validation,-0.191888,-0.099902,-0.080390,-0.060526,-0.034670,-0.048523,-0.040894,-0.046986,0.003999,0.177774,1.267806
1984-09-08,0.016220,Validation,-0.131776,-0.087605,-0.069003,-0.050673,-0.028637,-0.027305,-0.023803,-0.020655,0.004304,0.164898,1.131444
1984-09-09,0.016220,Validation,-0.129902,-0.090022,-0.069828,-0.052927,-0.031381,-0.030438,-0.026406,-0.025803,0.000054,0.159374,1.112925
1984-09-10,0.016220,Validation,-0.130650,-0.085725,-0.069551,-0.054291,-0.030400,-0.035069,-0.030301,-0.031680,-0.014114,0.133732,1.060203
1984-09-11,0.016220,Validation,-0.128491,-0.086205,-0.067435,-0.052900,-0.031491,-0.034842,-0.031865,-0.035777,-0.020028,0.128348,1.046173
1984-09-12,0.016220,Validation,-0.126951,-0.084876,-0.065496,-0.051649,-0.030407,-0.034154,-0.031038,-0.034381,-0.018826,0.129252,1.049418
1984-09-13,0.016220,Validation,-0.125938,-0.083001,-0.063872,-0.050783,-0.028649,-0.033495,-0.029372,-0.031201,-0.015946,0.131077,1.055329
1984-09-14,0.016220,Validation,-0.125470,-0.083108,-0.063358,-0.050272,-0.028802,-0.032996,-0.029475,-0.031561,-0.016026,0.131656,1.055636
1984-09-15,0.016220,Validation,-0.125043,-0.083905,-0.062793,-0.049239,-0.029315,-0.032119,-0.030072,-0.033043,-0.016834,0.132357,1.054725
1984-09-16,0.016220,Validation,-0.124914,-0.084182,-0.061413,-0.047035,-0.028435,-0.029998,-0.029368,-0.032570,-0.015589,0.134954,1.058038
1984-09-17,0.016220,Validation,-0.124683,-0.083817,-0.061519,-0.047711,-0.028668,-0.030523,-0.029442,-0.032021,-0.015241,0.134898,1.058655
1984-09-18,0.016220,Validation,-0.124956,-0.081023,-0.061410,-0.049323,-0.026762,-0.031673,-0.027013,-0.025986,-0.009938,0.137139,1.069569
1984-09-19,0.016220,Validation,-0.124891,-0.082035,-0.061556,-0.049074,-0.028016,-0.031125,-0.027998,-0.028136,-0.011550,0.137074,1.066727
1984-09-20,0.016220,Validation,-0.124887,-0.081641,-0.061270,-0.048955,-0.027747,-0.030731,-0.027384,-0.026803,-0.009719,0.139092,1.071678
1984-09-21,0.016220,Validation,-0.124884,-0.079797,-0.060358,-0.048770,-0.025740,-0.030480,-0.025220,-0.021922,-0.004305,0.143233,1.083861
1984-09-22,0.016220,Validation,-0.124860,-0.080319,-0.060523,-0.048802,-0.026536,-0.030105,-0.025514,-0.022512,-0.004154,0.144566,1.086128
1984-09-23,0.016220,Validation,-0.125748,-0.078647,-0.059640,-0.048205,-0.024424,-0.030022,-0.023715,-0.017969,0.002886,0.151327,1.106774
1984-09-24,0.016220,Validation,-0.124858,-0.078791,-0.059895,-0.049007,-0.024632,-0.030917,-0.023605,-0.016610,0.005760,0.154418,1.114219
1984-09-25,0.016220,Validation,-0.122930,-0.078633,-0.059909,-0.049323,-0.026165,-0.031153,-0.023690,-0.017010,0.008952,0.160365,1.131405
1984-09-26,0.016220,Validation,-0.126351,-0.081438,-0.060805,-0.049316,-0.025340,-0.028375,-0.022248,-0.016409,0.004813,0.154325,1.106238
1984-09-27,0.016220,Validation,-0.126931,-0.080690,-0.060290,-0.049157,-0.024376,-0.028267,-0.021377,-0.014005,0.008153,0.157184,1.114472
1984-09-28,0.016220,Validation,-0.228169,-0.119487,-0.099665,-0.078151,-0.036379,-0.051875,-0.029391,-0.013642,0.054716,0.240317,1.430329
1984-09-29,0.016220,Validation,-0.141665,-0.091307,-0.074465,-0.056324,-0.022611,-0.019862,-0.004168,0.022841,0.070107,0.245411,1.322249
1984-09-30,0.016220,Validation,-0.138056,-0.090376,-0.071264,-0.055722,-0.026322,-0.020378,-0.007522,0.013584,0.056765,0.226788,1.269014
1984-10-01,0.000000,Validation,-0.155532,-0.083495,-0.067957,-0.051035,-0.024674,-0.027507,-0.019603,-0.006442,0.042461,0.207028,1.278576
1984-10-02,0.000000,Validation,-0.266068,-0.144497,-0.129153,-0.095829,-0.046012,-0.050010,-0.021186,0.010726,0.105967,0.324565,1.650708
1984-10-03,0.016220,Validation,-0.172813,-0.110879,-0.097818,-0.069752,-0.025988,-0.018964,0.004985,0.049952,0.141412,0.353464,1.608102
1984-10-04,0.016220,Validation,-0.269238,-0.147896,-0.137505,-0.098589,-0.046477,-0.031354,0.006261,0.053867,0.197247,0.463223,2.026485
1984-10-05,0.016220,Validation,-0.184098,-0.125305,-0.115931,-0.082308,-0.034275,-0.020096,0.006753,0.060480,0.165829,0.386455,1.661870
1984-10-06,0.016220,Validation,-0.178373,-0.122308,-0.105977,-0.082910,-0.039110,-0.030705,-0.008847,0.035726,0.119401,0.311603,1.461423
1984-10-07,0.016220,Validation,-0.160991,-0.100387,-0.085235,-0.070282,-0.034742,-0.030331,-0.016231,0.014765,0.071969,0.240582,1.308207
1984-10-08,0.016220,Validation,-0.150189,-0.089564,-0.073282,-0.060904,-0.031982,-0.022021,-0.012435,0.016076,0.065396,0.233491,1.291014
1984-10-09,0.016220,Validation,-0.143709,-0.084092,-0.066700,-0.055011,-0.031967,-0.016864,-0.011616,0.013372,0.057365,0.226555,1.272933
1984-10-10,0.016220,Validation,-0.139564,-0.080587,-0.062307,-0.052137,-0.030395,-0.015973,-0.011766,0.012413,0.054052,0.221412,1.260591
1984-10-11,0.016220,Validation,-0.136719,-0.077638,-0.058925,-0.050108,-0.028285,-0.015596,-0.011354,0.013235,0.054185,0.219677,1.256988
1984-10-12,0.016220,Validation,-0.133918,-0.075738,-0.056517,-0.048361,-0.027634,-0.014382,-0.011019,0.012992,0.053255,0.218663,1.253404
1984-10-13,0.016220,Validation,-0.131574,-0.075216,-0.054925,-0.046619,-0.028603,-0.012652,-0.011734,0.010011,0.049711,0.216842,1.246909
1984-10-14,0.016220,Validation,-0.130269,-0.074992,-0.053940,-0.045765,-0.028900,-0.012238,-0.012308,0.008665,0.048988,0.216837,1.245970
1984-10-15,0.016220,Validation,-0.130119,-0.074353,-0.053702,-0.046202,-0.028361,-0.013587,-0.012127,0.010285,0.053051,0.220544,1.258233
1984-10-16,0.016220,Validation,-0.127599,-0.074279,-0.053729,-0.046324,-0.030503,-0.013946,-0.012205,0.009218,0.058741,0.231154,1.289082
1984-10-17,0.016220,Validation,-0.131114,-0.074866,-0.052727,-0.045888,-0.023762,-0.012907,-0.009090,0.017411,0.060938,0.224467,1.262557
1984-10-18,0.016220,Validation,-0.152896,-0.082780,-0.060119,-0.051861,-0.020645,-0.024844,-0.015343,0.016940,0.079264,0.242449,1.335846
1984-10-19,0.016220,Validation,-0.319285,-0.159692,-0.143323,-0.064662,-0.009072,0.045546,0.071665,0.156126,0.374035,0.733976,2.714985
1984-10-20,0.016220,Validation,-0.179341,-0.132056,-0.124610,-0.080926,-0.027151,0.021533,0.066535,0.166444,0.371298,0.698136,2.419198
1984-10-21,0.016220,Validation,-0.170870,-0.110097,-0.092035,-0.069161,-0.027178,0.005949,0.033638,0.104885,0.245367,0.479435,1.878368
1984-10-22,0.016220,Validation,-0.147956,-0.082456,-0.065457,-0.050249,-0.024818,0.008732,0.024007,0.072299,0.179234,0.388452,1.683479
1984-10-23,0.016220,Validation,-0.142052,-0.080729,-0.057337,-0.045971,-0.021342,0.007041,0.015306,0.057917,0.136447,0.327658,1.510394
1984-10-24,0.016220,Validation,-0.137423,-0.079010,-0.053636,-0.043623,-0.021423,0.004466,0.010062,0.048984,0.120376,0.306338,1.459813
1984-10-25,0.016220,Validation,-0.152170,-0.079271,-0.053471,-0.043349,-0.015112,-0.004100,0.005281,0.047584,0.133419,0.316181,1.524902
1984-10-26,0.016220,Validation,-0.228094,-0.112220,-0.086412,-0.068039,-0.030135,-0.018040,0.003106,0.052922,0.190308,0.422317,1.912404
1984-10-27,0.016220,Validation,-0.299393,-0.158212,-0.145109,-0.083106,-0.031880,0.037263,0.082626,0.187954,0.465538,0.886149,3.265143
1984-10-28,0.016220,Validation,-0.163266,-0.107809,-0.096512,-0.049931,-0.005272,0.072142,0.112940,0.228325,0.466646,0.820771,2.752486
1984-10-29,0.016220,Validation,-0.153362,-0.088478,-0.070205,-0.044997,-0.020124,0.040747,0.056814,0.128977,0.279004,0.533338,2.035227
1984-10-30,0.016220,Validation,-0.154352,-0.077383,-0.056800,-0.040032,-0.018713,0.022157,0.031376,0.086900,0.208332,0.425386,1.794774
1984-10-31,0.016220,Validation,-0.194546,-0.083979,-0.060003,-0.040901,-0.020892,0.015606,0.024771,0.077395,0.233256,0.479363,2.049880
1984-11-01,7.234062,Validation,-0.297859,-0.153068,-0.137218,-0.086267,-0.036627,0.019405,0.060581,0.167354,0.445139,0.829177,3.115649
1984-11-02,3.487272,Validation,-0.345294,-0.201965,-0.198125,-0.100129,-0.017472,0.052481,0.151876,0.351864,0.931947,1.597326,5.493129
1984-11-03,1.184051,Validation,-0.307767,-0.185535,-0.171557,-0.076860,0.000060,0.067440,0.159124,0.367721,0.968620,1.600597,5.209639
1984-11-04,0.956972,Validation,-0.718441,-0.535189,-0.468266,-0.124925,0.028020,0.239931,0.445424,1.309430,4.209364,7.835976,24.002907
1984-11-05,0.940752,Validation,-0.730615,-0.467409,-0.269136,0.137362,0.541872,0.917023,1.610523,3.389946,9.221746,16.075531,44.060829
1984-11-06,1.297590,Validation,-0.757735,-0.491837,-0.355959,-0.022794,0.288202,0.606623,1.147271,2.478558,7.069829,12.188310,36.607052
1984-11-07,1.605767,Validation,-0.870148,-0.633920,-0.369737,0.365788,1.301958,2.420170,3.666216,9.216067,25.958529,49.701359,106.092476
1984-11-08,2.724938,Validation,-0.855824,-0.524896,-0.071774,0.957877,2.774979,4.403420,7.263991,16.294186,41.118698,73.173035,154.343231
1984-11-09,2.692498,Validation,-0.748176,-0.339978,0.054360,0.783386,1.727672,2.509887,3.842114,7.461931,17.157614,26.791454,63.352520
1984-11-10,2.043704,Validation,-0.484064,-0.085701,0.085673,0.393035,0.618791,0.993109,1.393585,2.444067,5.097300,7.364099,18.073076
1984-11-11,0.989412,Validation,-0.336410,0.041108,0.131671,0.332953,0.424393,0.715165,0.950113,1.569961,3.117093,4.405533,11.293461
1984-11-12,0.681235,Validation,-0.706720,-0.397039,-0.278092,0.029172,0.236652,0.554326,0.888985,1.829871,4.908143,8.210044,21.821001
1984-11-13,0.600135,Validation,-0.609571,-0.281607,-0.057750,0.356582,0.704093,1.145744,1.656954,3.027749,6.641594,10.065680,22.634533
1984-11-14,0.583915,Validation,-0.548752,-0.184848,-0.004262,0.318219,0.521195,0.863805,1.210521,2.132668,4.692716,6.996137,17.414719
1984-11-15,0.648795,Validation,-0.664807,-0.332801,-0.182403,0.138843,0.372207,0.692399,1.082473,2.082008,5.294333,8.523010,23.038544
1984-11-16,0.648795,Validation,-0.891671,-0.656258,-0.381663,0.375694,1.494218,2.588089,4.242171,9.538108,26.208122,49.031956,118.085770
1984-11-17,0.697454,Validation,-0.785175,-0.335386,0.219586,1.476066,3.340229,4.726658,7.266702,14.097883,32.429642,51.653965,117.984612
1984-11-18,1.686867,Validation,-0.833312,-0.419352,0.056756,1.209275,2.949217,4.127411,6.445567,12.366761,28.362823,44.752319,105.718292
1984-11-19,4.541564,Validation,-0.654039,0.146716,1.011627,3.127309,5.909540,7.563485,10.495652,17.093790,31.997141,43.239384,87.504066
1984-11-20,2.368101,Validation,-0.654262,0.069767,0.666152,2.122208,3.767179,4.886757,6.577702,10.429326,19.095938,25.275133,53.691757
1984-11-21,1.492228,Validation,-0.617588,0.099268,0.568637,1.757108,2.944731,3.899345,5.143560,7.988254,14.332156,18.708496,40.666046
1984-11-22,1.167831,Validation,-0.576287,0.097939,0.441589,1.338421,2.100515,2.851051,3.696885,5.532956,9.697857,12.455123,28.243124
1984-11-23,0.956972,Validation,-0.526713,0.000599,0.207092,0.726254,1.080817,1.563733,2.025699,3.124765,5.709966,7.601409,17.681587
1984-11-24,0.810994,Validation,-0.481234,0.021333,0.187135,0.615923,0.872993,1.293422,1.665615,2.507049,4.562790,6.023807,14.625958
1984-11-25,0.681235,Validation,-0.393792,0.012118,0.126104,0.399466,0.536207,0.842169,1.098181,1.674006,3.102898,4.131104,10.368511
1984-11-26,0.600135,Validation,-0.284720,-0.065166,-0.018849,0.095435,0.144915,0.292952,0.407934,0.671268,1.319974,1.824032,5.069379
1984-11-27,0.519036,Validation,-0.236424,-0.061333,-0.023848,0.057440,0.096842,0.218491,0.307046,0.518854,1.032056,1.462297,4.217892
1984-11-28,0.470376,Validation,-0.253669,-0.094210,-0.055245,0.025296,0.067473,0.173716,0.256627,0.450462,0.922498,1.332910,3.864462
1984-11-29,0.421717,Validation,-0.429974,-0.208828,-0.166527,-0.040083,0.021414,0.127041,0.239998,0.491217,1.268471,1.939521,5.833045
1984-11-30,0.502816,Validation,-0.940616,-0.838253,-0.755066,-0.337044,0.171877,0.614856,1.252366,3.632298,12.052178,24.389427,56.108200
1984-12-01,1.232710,Validation,-0.891898,-0.686905,-0.466676,0.275300,1.301282,1.933686,3.351263,7.126947,19.143190,32.618813,74.342827
1984-12-02,1.540888,Validation,-0.890156,-0.646541,-0.408529,0.322902,1.330730,1.939657,3.228013,6.584127,16.543371,26.006187,62.387733
1984-12-03,1.167831,Validation,-0.829382,-0.434548,-0.081705,0.978037,2.342884,3.377182,5.074061,9.514999,22.124170,32.619644,77.159920
1984-12-04,1.184051,Validation,-0.708041,-0.325612,-0.125818,0.438893,0.953711,1.530761,2.168773,4.021508,8.720696,12.459178,29.481785
1984-12-05,1.216490,Validation,-0.569093,-0.219832,-0.119656,0.177044,0.362434,0.676553,0.956554,1.809107,4.062120,5.899799,15.473728
1984-12-06,29.163327,Validation,-0.934409,-0.753931,-0.525103,0.396697,2.000587,3.604824,5.396608,13.967870,36.386982,67.947632,121.654770
1984-12-07,9.472404,Validation,-0.773079,-0.378543,0.047615,1.114315,2.605267,4.049644,5.887644,11.991162,27.002850,42.926331,83.278114
1984-12-08,4.298266,Validation,-0.764183,-0.402800,-0.156397,0.410247,1.039583,1.706949,2.472308,5.034783,11.759345,18.628763,44.327484
1984-12-09,2.968236,Validation,-0.509008,-0.116371,0.041009,0.397651,0.670864,1.123041,1.516809,2.828493,5.762510,8.373383,19.613773
1984-12-10,2.287002,Validation,-0.405933,-0.066385,0.047968,0.282195,0.424433,0.746489,0.995576,1.789791,3.556134,5.071028,12.403966
1984-12-11,1.881505,Validation,-0.344506,-0.027093,0.057521,0.250918,0.350315,0.613701,0.817100,1.422737,2.761754,3.853607,9.780839
1984-12-12,2.351881,Validation,-0.830875,-0.580698,-0.450143,-0.027938,0.393389,0.938937,1.411734,3.351822,9.312489,16.113371,40.758347
1984-12-13,10.899753,Validation,-0.783439,-0.459038,-0.154457,0.643268,1.612064,2.530625,3.669588,7.411246,17.487556,28.236738,58.929199
1984-12-14,4.152287,Validation,-0.679187,-0.330274,-0.091205,0.450729,0.973629,1.574220,2.183761,4.136772,8.694708,12.807390,27.106676
1984-12-15,3.389953,Validation,-0.640684,-0.260412,-0.085976,0.370629,0.721523,1.168085,1.578028,2.917910,6.060997,8.821526,20.703463
1984-12-16,3.681911,Validation,-0.551948,-0.186370,-0.035924,0.356130,0.627305,1.021434,1.358248,2.423504,4.736268,6.686031,15.311096
1984-12-17,2.692498,Validation,-0.542705,-0.169309,-0.001752,0.387851,0.657579,1.039478,1.359814,2.350708,4.422927,6.121756,13.601465
1984-12-18,2.287002,Validation,-0.455025,-0.170847,-0.071610,0.163333,0.301458,0.539894,0.747856,1.348732,2.652824,3.711412,8.905929
1984-12-19,2.011264,Validation,-0.330759,-0.170758,-0.114952,-0.015724,0.053854,0.164535,0.280779,0.567360,1.237027,1.783177,4.843673
1984-12-20,1.735526,Validation,-0.306556,-0.164954,-0.113381,-0.030780,0.035214,0.128655,0.234841,0.486871,1.079480,1.572914,4.401407
1984-12-21,1.573327,Validation,-0.239570,-0.120681,-0.085914,-0.023921,0.035077,0.114310,0.206422,0.417648,0.902208,1.365350,3.989327
1984-12-22,1.573327,Validation,-0.226214,-0.122344,-0.085638,-0.033968,0.024509,0.086499,0.169627,0.352809,0.773945,1.190926,3.563524
1984-12-23,1.411129,Validation,-0.245226,-0.136585,-0.093127,-0.038373,0.024408,0.086690,0.175983,0.368538,0.812813,1.228317,3.630937
1984-12-24,1.297590,Validation,-0.247547,-0.137704,-0.092198,-0.036734,0.026640,0.090808,0.182456,0.380466,0.833342,1.250781,3.684908
1984-12-25,1.248930,Validation,-0.203278,-0.121615,-0.085836,-0.053171,0.010825,0.038287,0.103470,0.241629,0.564362,0.871156,2.853295
1984-12-26,1.200270,Validation,-0.214477,-0.126557,-0.089615,-0.052678,0.012845,0.051912,0.124747,0.283556,0.657556,1.000064,3.173069
1984-12-27,1.151611,Validation,-0.199780,-0.121043,-0.085444,-0.053136,0.012100,0.035891,0.099813,0.235081,0.550281,0.851140,2.813003
1984-12-28,1.086731,Validation,-0.199001,-0.110083,-0.075846,-0.039858,0.024806,0.050710,0.117143,0.260103,0.601607,0.939872,3.052340
1984-12-29,1.005632,Validation,-0.184922,-0.109869,-0.076004,-0.041363,0.023003,0.051965,0.120356,0.264296,0.587692,0.924390,2.951930
1984-12-30,0.892093,Validation,-0.231659,-0.143601,-0.106290,-0.067246,-0.003061,0.038189,0.110078,0.278620,0.643354,0.975878,3.093692
1984-12-31,0.843433,Validation,-0.196894,-0.120328,-0.087737,-0.056657,0.011821,0.033553,0.094383,0.233353,0.540803,0.827936,2.763418
1985-01-01,0.762334,Validation,-0.185684,-0.114860,-0.080229,-0.050531,0.018247,0.033017,0.091917,0.219338,0.501858,0.777534,2.619193
1985-01-02,0.729894,Validation,-0.184645,-0.114085,-0.078880,-0.048890,0.020261,0.037545,0.097868,0.228998,0.520198,0.803759,2.679779
1985-01-03,0.729894,Validation,-0.190227,-0.116049,-0.082111,-0.051262,0.015711,0.030663,0.087538,0.216455,0.502267,0.777758,2.640420
1985-01-04,1.476008,Validation,-0.549232,-0.361086,-0.319965,-0.135224,0.014709,0.155675,0.358493,0.940664,2.823690,4.645505,15.115666
1985-01-05,17.014644,Validation,-0.848287,-0.698406,-0.574600,-0.192114,0.294861,0.754321,1.493545,4.398046,14.427421,27.720427,71.981155
1985-01-06,16.933545,Validation,-0.772733,-0.537625,-0.315653,0.157615,0.718946,1.256433,2.082193,4.911451,13.101419,21.361654,51.754719
1985-01-07,7.315162,Validation,-0.583570,-0.347018,-0.237194,-0.019944,0.179833,0.497077,0.817160,1.968728,4.561142,6.891751,17.672243
1985-01-08,4.784862,Validation,-0.449671,-0.291778,-0.235914,-0.117109,0.017248,0.213672,0.406293,1.083107,2.575673,3.897653,10.544451
1985-01-09,3.568372,Validation,-0.390234,-0.288897,-0.248704,-0.164160,-0.042671,0.101975,0.243162,0.763459,1.833911,2.803797,7.668678
1985-01-10,2.984456,Validation,-0.340874,-0.228600,-0.194047,-0.124982,-0.035907,0.099925,0.219679,0.638610,1.514852,2.308031,6.416292
1985-01-11,2.643839,Validation,-0.317565,-0.218532,-0.187746,-0.128279,-0.049363,0.070262,0.176932,0.538967,1.295342,1.983626,5.602800
1985-01-12,2.416761,Validation,-0.305505,-0.188098,-0.155927,-0.096612,-0.028066,0.095322,0.199168,0.553559,1.287019,1.933778,5.447757
1985-01-13,2.205902,Validation,-0.370647,-0.261034,-0.233420,-0.164732,-0.081719,0.019762,0.123686,0.472260,1.291638,2.046074,6.014418
1985-01-14,2.108583,Validation,-0.319836,-0.249249,-0.223763,-0.163738,-0.085552,0.014651,0.117234,0.442812,1.141536,1.779311,5.137694
1985-01-15,2.011264,Validation,-0.318986,-0.304190,-0.280542,-0.232146,-0.136551,-0.064566,0.025206,0.329059,0.920047,1.485853,4.396042
1985-01-16,1.832845,Validation,-0.428541,-0.320365,-0.297957,-0.224013,-0.131093,-0.050428,0.057415,0.395352,1.254156,2.046732,6.330801
1985-01-17,9.310206,Validation,-0.887226,-0.690464,-0.445905,0.414443,1.818114,3.281760,5.139912,14.382549,39.507355,73.928322,142.280548
1985-01-18,14.987160,Validation,-0.744871,-0.316154,0.299114,1.957569,4.477571,6.302393,9.609500,18.835983,39.822071,58.989281,105.451591
1985-01-19,7.023204,Validation,-0.892708,-0.630677,-0.256045,0.894582,3.155682,4.847735,7.753668,18.170055,41.864643,67.623161,130.285828
1985-01-20,95.291739,Validation,-0.395052,1.295227,4.001402,12.777601,27.402828,40.971397,59.270119,116.641350,231.453690,355.760895,564.675720
1985-01-21,263.524235,Validation,1.081170,5.968232,13.479068,36.596050,64.863274,87.213188,119.006294,184.149582,317.126129,433.285980,695.610718
1985-01-22,334.048232,Validation,2.134157,8.435140,17.780783,44.082245,73.622940,93.378349,124.138229,179.771439,294.381317,385.462799,597.180359
1985-01-23,101.909446,Validation,0.970405,4.623777,8.989768,19.151545,32.190804,38.773014,51.452930,74.042244,117.599190,147.093689,240.651657
1985-01-24,75.503497,Validation,-0.301551,0.944269,2.117460,4.789564,8.420645,10.770388,13.926097,21.946362,33.940918,42.423454,69.266670
1985-01-25,118.177976,Validation,-0.160915,1.868543,4.649298,12.522120,25.017216,33.245235,44.692802,76.413750,135.242828,182.652908,279.632080
1985-01-26,39.690023,Validation,0.800934,3.729584,7.277177,15.468738,25.957098,32.102383,41.950405,61.064289,95.806915,121.497879,183.840973
1985-01-27,12.683939,Validation,-0.084067,1.411819,2.930923,6.319165,10.701969,13.358976,17.115250,25.648531,39.248600,48.740559,76.619843
1985-01-28,10.624015,Validation,-0.335261,0.696189,1.533901,3.420997,5.632727,7.300701,9.207839,14.307830,22.302866,29.153547,47.613159
1985-01-29,8.369453,Validation,-0.399200,0.419315,1.000699,2.284135,3.606440,4.823827,5.973390,9.420897,14.838534,20.025372,33.922882
1985-01-30,7.169183,Validation,-0.416010,0.256108,0.680364,1.575774,2.403979,3.259528,4.001688,6.280959,9.949004,13.579731,23.944435
1985-01-31,6.163551,Validation,-0.394058,0.190324,0.499957,1.157654,1.697168,2.336298,2.857481,4.456992,7.080354,9.742546,18.287651
1985-02-01,5.530976,Validation,-0.361526,0.142996,0.375525,0.857877,1.217770,1.696645,2.088551,3.228421,5.141551,7.059722,14.053730
1985-02-02,5.011940,Validation,-0.337168,0.086746,0.269167,0.627721,0.880753,1.233500,1.544195,2.376265,3.795886,5.186891,10.751159
1985-02-03,4.525344,Validation,-0.310457,0.035827,0.177036,0.439539,0.619582,0.876106,1.127303,1.741157,2.794519,3.806663,8.239725
1985-02-04,4.071187,Validation,-0.410342,-0.055864,0.077575,0.343162,0.523166,0.747409,0.992238,1.591009,2.813563,3.993823,9.160299
1985-02-05,3.600811,Validation,-0.310213,-0.047615,0.052945,0.243170,0.373985,0.563962,0.771364,1.249946,2.122995,2.975599,6.798194
1985-02-06,3.503492,Validation,-0.603294,-0.274255,-0.166061,0.117172,0.344220,0.597948,0.894082,1.684496,3.480286,5.401368,13.174180
1985-02-07,14.581664,Validation,-0.867177,-0.552014,-0.165492,1.414566,4.163221,6.851312,10.321853,25.303581,57.086678,101.262360,173.715347
1985-02-08,28.774050,Validation,-0.704313,0.065080,1.095374,4.745032,11.531519,16.807570,25.659330,51.710911,105.966057,168.746368,278.732330
1985-02-09,191.702649,Validation,-0.648096,0.367851,1.728151,6.366884,14.906897,21.377716,31.762243,61.580948,119.606308,183.037964,320.768250
1985-02-10,74.238347,Validation,-0.471615,1.001774,2.898356,8.829716,19.275558,26.963749,38.999229,70.355049,130.815659,192.557297,321.895752
1985-02-11,77.628300,Validation,-0.235698,1.950014,4.589736,12.847726,25.954731,36.956558,51.429203,88.597115,160.119507,234.059982,403.715851
1985-02-12,72.032445,Validation,-0.045983,2.427932,5.036469,12.460881,23.459332,31.389828,43.560070,70.518425,124.164406,175.266327,313.972046
1985-02-13,56.591128,Validation,-0.271839,1.331332,2.829650,6.679706,12.068290,15.871461,21.498890,34.700840,60.991341,84.737022,153.414795
1985-02-14,91.074573,Validation,-0.333975,0.781967,1.624555,3.731178,6.176166,8.330217,10.631168,17.196327,28.440264,39.007790,67.142685
1985-02-15,21.896825,Validation,-0.444409,0.362559,0.891709,2.188857,3.510154,4.816047,6.076126,9.927404,16.593420,23.377430,41.852753
1985-02-16,18.782610,Validation,-0.690455,-0.010212,0.569130,2.026024,4.002303,5.775052,7.814933,13.902891,25.403873,37.870239,69.463066
1985-02-17,50.460017,Validation,-0.518101,0.595928,1.808612,5.070076,10.160316,14.196690,19.518999,33.478024,60.870560,89.539703,149.342072
1985-02-18,34.159047,Validation,-0.160088,1.372742,3.001359,6.960171,12.219496,15.506457,20.663290,31.316484,53.880051,72.534821,120.112923
1985-02-19,15.717054,Validation,-0.250311,1.080004,2.308853,5.346926,9.059549,11.405304,14.831493,22.229155,36.946243,49.068226,82.331406
1985-02-20,11.564768,Validation,-0.177927,1.618165,3.582151,8.913348,16.830126,21.936008,29.156221,45.751080,77.558136,105.686478,168.975159
1985-02-21,9.439965,Validation,0.379045,2.680469,5.232307,11.349881,18.907486,23.060223,30.333923,43.348137,71.355431,92.463188,149.073456
1985-02-22,7.704438,Validation,0.054576,1.617424,3.010391,6.422329,10.383741,12.780758,16.273829,23.372574,35.514397,45.050419,68.368225
1985-02-23,6.358189,Validation,-0.218524,0.926049,1.684564,3.736253,5.857970,7.386887,9.218786,13.559830,20.746853,27.049019,44.144951
1985-02-24,5.530976,Validation,-0.323022,0.555787,1.063164,2.454024,3.757378,4.807018,5.905308,8.697550,13.229410,17.435808,28.768734
1985-02-25,5.109259,Validation,-0.436583,0.328921,0.736104,1.877937,2.886673,3.790618,4.654120,6.959949,11.161601,15.242497,27.154747
1985-02-26,4.930841,Validation,-0.522681,0.127506,0.476622,1.415735,2.272275,3.049624,3.829525,5.908340,10.037729,14.168331,26.478958
1985-02-27,4.801082,Validation,-0.673535,-0.097216,0.299774,1.341099,2.536233,3.546242,4.731987,7.834445,14.299764,21.059528,39.328735
1985-02-28,4.671323,Validation,-0.624665,0.278449,1.241352,4.214677,8.922879,13.031773,17.904484,31.797939,58.696167,88.634193,146.457230
1985-03-01,6.536608,Validation,-0.245639,0.860674,1.996594,4.841932,8.459534,10.979926,14.479128,22.383200,37.284122,49.556702,74.021278
1985-03-02,4.817302,Validation,-0.469979,0.222889,0.773340,2.107006,3.658838,4.827505,6.286748,9.972186,16.604836,22.151924,35.390430
1985-03-03,3.925209,Validation,-0.511650,0.032694,0.372585,1.178924,1.975879,2.669586,3.457539,5.639861,9.847489,13.621125,23.923660
1985-03-04,3.779230,Validation,-0.522190,-0.053520,0.248486,0.861123,1.434795,1.991450,2.582880,4.211977,7.609017,10.571831,19.210543
1985-03-05,3.779230,Validation,-0.418343,0.006954,0.264431,0.756083,1.188096,1.667141,2.133338,3.423652,5.838770,7.980218,14.195376
1985-03-06,3.503492,Validation,-0.395881,0.080777,0.344158,0.894862,1.362552,1.867775,2.343917,3.651426,6.000110,8.155581,14.345146
1985-03-07,3.016896,Validation,-0.360144,0.031552,0.220837,0.596974,0.891106,1.259451,1.605776,2.573851,4.339264,6.000566,11.244658
1985-03-08,2.757378,Validation,-0.271025,-0.010804,0.100558,0.283189,0.428159,0.653326,0.880039,1.478612,2.601264,3.672192,7.705257
1985-03-09,2.643839,Validation,-0.231631,-0.029461,0.057324,0.179117,0.286331,0.453190,0.639257,1.090652,1.959516,2.785372,6.195882
1985-03-10,2.319441,Validation,-0.195301,-0.027222,0.036512,0.125706,0.209373,0.347542,0.509180,0.871643,1.579206,2.259689,5.352787
1985-03-11,2.011264,Validation,-0.146850,-0.036567,0.007760,0.050911,0.120853,0.214024,0.340941,0.607714,1.159396,1.706667,4.342441
1985-03-12,1.832845,Validation,-0.139917,-0.055998,-0.014927,0.016804,0.085105,0.151633,0.260606,0.477115,0.934478,1.406997,3.711624
1985-03-13,1.735526,Validation,-0.158827,-0.073617,-0.021311,0.012268,0.087135,0.148112,0.259019,0.470871,0.934642,1.383327,3.620277
1985-03-14,1.654427,Validation,-0.160496,-0.075655,-0.023695,0.011010,0.087541,0.147763,0.259166,0.471619,0.934746,1.384738,3.619297
1985-03-15,1.492228,Validation,-0.161359,-0.074554,-0.023742,0.013788,0.091293,0.153390,0.266395,0.484873,0.952069,1.414900,3.667713
1985-03-16,1.411129,Validation,-0.161366,-0.078671,-0.028858,0.008246,0.085528,0.142091,0.251725,0.460278,0.903932,1.348383,3.524129
1985-03-17,1.330029,Validation,-0.157858,-0.083368,-0.033302,0.000346,0.076481,0.124398,0.227198,0.416899,0.819863,1.226343,3.265987
1985-03-18,1.330029,Validation,-0.132786,-0.071267,-0.034801,-0.010795,0.059515,0.095019,0.182007,0.343164,0.695307,1.080082,3.048727
1985-03-19,1.492228,Validation,-0.217328,-0.084519,-0.051642,-0.018223,0.062902,0.090014,0.188007,0.362462,0.855944,1.348894,4.044518
1985-03-20,1.621987,Validation,-0.161420,-0.070503,-0.038731,-0.007179,0.066700,0.103571,0.192951,0.368199,0.819631,1.275577,3.696989
1985-03-21,1.735526,Validation,-0.230576,-0.084108,-0.058542,-0.019468,0.063677,0.112743,0.230619,0.442728,1.055888,1.668950,4.960190
1985-03-22,1.913945,Validation,-0.204755,-0.077465,-0.053606,-0.011439,0.067735,0.124701,0.241196,0.465317,1.087292,1.699546,4.925894
1985-03-23,1.995044,Validation,-0.139986,-0.087915,-0.058948,-0.026142,0.049245,0.101369,0.195608,0.380551,0.809636,1.260448,3.494509
1985-03-24,1.784186,Validation,-0.149227,-0.085538,-0.054587,-0.023553,0.051475,0.101088,0.193428,0.375175,0.796054,1.228093,3.411827
1985-03-25,1.735526,Validation,-0.245606,-0.095010,-0.063507,-0.019687,0.065326,0.113956,0.229866,0.449017,1.061059,1.652500,4.757811
1985-03-26,1.605767,Validation,-0.136603,-0.072690,-0.041136,-0.012014,0.063300,0.118692,0.213940,0.407989,0.833385,1.280379,3.508663
1985-03-27,1.443568,Validation,-0.138708,-0.067703,-0.035191,-0.007044,0.066453,0.124186,0.219266,0.412667,0.841375,1.292712,3.531022
1985-03-28,1.362469,Validation,-0.139516,-0.066960,-0.034330,-0.005965,0.068807,0.122913,0.216782,0.406102,0.821898,1.250220,3.416473
1985-03-29,1.216490,Validation,-0.125000,-0.054411,-0.024665,-0.000679,0.071469,0.124052,0.215357,0.400190,0.796799,1.217130,3.354650
1985-03-30,1.151611,Validation,-0.105047,-0.036395,-0.013505,0.004969,0.073880,0.126437,0.216430,0.395231,0.776254,1.185655,3.325015
1985-03-31,1.135391,Validation,-0.081355,-0.015753,-0.001206,0.011500,0.072940,0.128137,0.213658,0.380100,0.738457,1.131284,3.260628
1985-04-01,1.086731,Training,-0.069196,-0.007697,0.003650,0.013970,0.069825,0.126381,0.206557,0.362894,0.699802,1.080624,3.158049
1985-04-02,1.021852,Training,-0.060453,-0.001545,0.007380,0.018375,0.064133,0.128105,0.197670,0.340784,0.651712,1.026599,3.048536
1985-04-03,0.973192,Training,-0.053418,0.002303,0.010551,0.019972,0.063949,0.125373,0.191416,0.327416,0.623364,0.987819,2.967311
1985-04-04,0.973192,Training,-0.349477,-0.117298,-0.079253,0.003098,0.114043,0.192584,0.336753,0.641838,1.430909,2.195148,6.429752
1985-04-05,1.216490,Training,-0.326747,-0.137648,-0.097649,-0.025313,0.083157,0.162571,0.325450,0.648795,1.534745,2.463823,6.927446
1985-04-06,1.459788,Training,-0.289529,-0.105504,-0.071901,0.001759,0.103501,0.218118,0.398862,0.764044,1.806547,2.893853,8.029022
1985-04-07,1.605767,Training,-0.367834,-0.143401,-0.116834,-0.027395,0.075929,0.198833,0.380825,0.751898,1.818886,2.940407,8.474736
1985-04-08,1.735526,Training,-0.466218,-0.228600,-0.178809,-0.043907,0.098692,0.249193,0.477956,1.003106,2.495986,4.068423,10.983306
1985-04-09,1.962604,Training,-0.348460,-0.167274,-0.101282,0.014126,0.133956,0.271380,0.471689,0.932236,2.197160,3.457940,8.688465
1985-04-10,1.816625,Training,-0.289455,-0.131959,-0.077848,0.005291,0.097323,0.203867,0.357550,0.702227,1.599633,2.472042,6.362714
1985-04-11,1.573327,Training,-0.181243,-0.085495,-0.051908,0.000793,0.076309,0.164320,0.286933,0.549739,1.133027,1.712865,4.477872
1985-04-12,1.281370,Training,-0.132202,-0.037634,-0.019957,0.017342,0.074101,0.166719,0.273478,0.496975,0.986073,1.486832,4.073525
1985-04-13,1.135391,Training,-0.113775,-0.033863,-0.017913,0.007231,0.063742,0.132903,0.225829,0.412486,0.820713,1.247911,3.533946
1985-04-14,1.038072,Training,-0.103259,-0.027892,-0.010109,0.008709,0.063420,0.124962,0.212652,0.386094,0.758641,1.160131,3.325821
1985-04-15,0.924533,Training,-0.073096,-0.006260,0.005388,0.017403,0.060302,0.124900,0.201908,0.353981,0.681894,1.061417,3.136360
1985-04-16,0.827213,Training,-0.064394,-0.001010,0.008376,0.020064,0.055071,0.123250,0.190972,0.328023,0.628462,0.999058,3.000852
1985-04-17,0.794774,Training,-0.065414,-0.002043,0.007377,0.020458,0.052282,0.120538,0.182445,0.309792,0.594111,0.957036,2.914211
1985-04-18,0.746114,Training,-0.071746,0.003249,0.010874,0.025403,0.054939,0.117986,0.178061,0.302022,0.598793,0.969126,3.005743
1985-04-19,0.713674,Training,-0.160432,-0.019822,-0.010538,0.012917,0.049347,0.099991,0.176525,0.313775,0.728986,1.194562,3.832032
1985-04-20,0.713674,Training,-0.537706,-0.268952,-0.202961,-0.001641,0.174243,0.379414,0.590605,1.294985,3.134347,5.002383,13.903279
1985-04-21,0.810994,Training,-0.449718,-0.248095,-0.191455,-0.033569,0.127656,0.295483,0.576072,1.211660,3.085813,5.284015,13.998571
1985-04-22,1.086731,Training,-0.515620,-0.287285,-0.199815,-0.022939,0.151418,0.339319,0.617910,1.296587,3.236869,5.350083,13.151595
1985-04-23,1.167831,Training,-0.885517,-0.698948,-0.493346,0.084843,0.986077,1.805037,2.814981,7.225040,19.060215,32.942825,56.004730
1985-04-24,1.621987,Training,-0.826030,-0.548638,-0.248937,0.481680,1.684333,2.749090,4.522481,10.253887,26.996851,47.678963,93.135193
1985-04-25,2.416761,Training,-0.765268,-0.435581,-0.166312,0.434277,1.285288,2.055804,3.246287,6.914818,17.048161,28.495605,61.333458
1985-04-26,2.076143,Training,-0.630321,-0.245041,-0.061094,0.357322,0.821825,1.366199,2.042078,4.075779,9.509922,15.293160,36.021523
1985-04-27,1.767966,Training,-0.727210,-0.375695,-0.206053,0.220278,0.719543,1.345354,2.023845,4.405028,10.750847,17.991577,42.131641
1985-04-28,3.162875,Training,-0.402745,-0.058026,0.098588,0.437243,0.743490,1.226406,1.695170,3.180634,6.482131,9.847991,21.190285
1985-04-29,1.638207,Training,-0.228104,0.048664,0.119437,0.286161,0.388895,0.698571,0.941008,1.639670,3.058235,4.493518,10.598362
1985-04-30,1.248930,Training,-0.195334,0.047621,0.097469,0.224965,0.276890,0.514466,0.686548,1.142510,2.070386,3.009008,7.463531
1985-05-01,1.102951,Training,-0.293150,-0.014441,0.042690,0.164492,0.210405,0.406790,0.556036,0.945929,1.919385,2.921944,7.886347
1985-05-02,1.135391,Training,-0.473016,-0.162855,-0.102710,0.064702,0.161875,0.380729,0.574600,1.111295,2.479148,3.972925,10.989366
1985-05-03,2.027484,Training,-0.225227,-0.046095,0.009452,0.119675,0.196692,0.384408,0.562070,0.985520,1.892627,2.827613,6.956216
1985-05-04,1.427349,Training,-0.227615,-0.034437,0.009986,0.105798,0.163884,0.323937,0.473805,0.824462,1.593826,2.362668,6.036887
1985-05-05,1.184051,Training,-0.291101,-0.091489,-0.030700,0.077733,0.154033,0.270090,0.415024,0.754275,1.508057,2.220911,5.537539
1985-05-06,1.281370,Training,-0.564161,-0.290612,-0.193198,-0.000607,0.153591,0.312507,0.521312,1.064837,2.469597,3.825459,9.228612
1985-05-07,2.222122,Training,-0.364093,-0.156857,-0.067443,0.108628,0.242925,0.418471,0.623374,1.126814,2.164156,3.197654,7.114763
1985-05-08,2.108583,Training,-0.337482,-0.111901,-0.041924,0.120077,0.234873,0.411613,0.604286,1.054187,1.962754,2.840049,6.575899
1985-05-09,1.297590,Training,-0.242813,-0.072938,-0.040323,0.055343,0.117018,0.244195,0.377776,0.659614,1.255471,1.824742,4.729521
1985-05-10,1.102951,Training,-0.213349,-0.063635,-0.032538,0.041066,0.094409,0.197706,0.313669,0.545894,1.029374,1.508995,4.034616
1985-05-11,0.892093,Training,-0.199288,-0.063214,-0.029773,0.032647,0.088445,0.169858,0.280115,0.493893,0.932070,1.368977,3.710917
1985-05-12,0.746114,Training,-0.128861,-0.041186,-0.022490,0.003449,0.053233,0.101781,0.184146,0.338473,0.677795,1.044910,3.123530
1985-05-13,0.648795,Training,-0.124002,-0.046541,-0.026685,-0.005040,0.048555,0.080869,0.155050,0.293928,0.602486,0.946838,2.904890
1985-05-14,0.632575,Training,-0.120203,-0.049880,-0.029963,-0.010000,0.045074,0.069794,0.138858,0.267184,0.551046,0.876729,2.740917
1985-05-15,0.600135,Training,-0.208160,-0.079452,-0.052064,-0.021199,0.039980,0.051904,0.127911,0.264351,0.641342,1.037562,3.327571
1985-05-16,0.600135,Training,-0.103089,-0.048295,-0.031991,-0.014399,0.041905,0.059871,0.118715,0.234106,0.480187,0.782273,2.536634
1985-05-17,0.583915,Training,-0.072696,-0.019289,-0.013457,-0.001825,0.040694,0.073971,0.128505,0.230214,0.461185,0.759680,2.528399
1985-05-18,0.567695,Training,-0.084827,-0.017653,-0.017962,-0.001057,0.032361,0.070742,0.118612,0.208684,0.444691,0.747421,2.548166
1985-05-19,0.519036,Training,-0.124797,-0.021958,-0.018917,0.002774,0.035503,0.070244,0.124288,0.221344,0.512369,0.851787,2.915931
1985-05-20,0.454156,Training,-0.082512,-0.022387,-0.014933,-0.001720,0.041453,0.072641,0.131536,0.233165,0.464785,0.754757,2.520000
1985-05-21,1.021852,Training,-0.071977,-0.017693,-0.009581,-0.001155,0.048724,0.068646,0.121126,0.215153,0.418693,0.683764,2.339639
1985-05-22,0.875873,Training,-0.095138,-0.011929,-0.006484,0.006710,0.055249,0.070662,0.122182,0.217655,0.453501,0.734051,2.549981
1985-05-23,0.551476,Training,-0.088839,-0.021555,-0.012124,-0.000098,0.053459,0.065931,0.119090,0.217532,0.436666,0.705177,2.422245
1985-05-24,0.502816,Training,-0.080223,-0.020422,-0.010762,-0.000790,0.051012,0.069265,0.122933,0.220698,0.429238,0.695279,2.373333
1985-05-25,0.502816,Training,-0.066886,-0.010345,-0.005358,0.003991,0.050536,0.068964,0.113658,0.197886,0.381091,0.632093,2.234186
1985-05-26,0.486596,Training,-0.289867,-0.087597,-0.070453,0.003669,0.082005,0.121403,0.193582,0.352781,0.759395,1.202785,4.008644
1985-05-27,0.470376,Training,-0.115435,-0.022748,-0.018427,0.009598,0.063262,0.099632,0.165061,0.295706,0.617154,0.999645,3.312656
1985-05-28,0.454156,Training,-0.077851,-0.022800,-0.018203,0.002437,0.043630,0.100170,0.152292,0.261225,0.503021,0.838529,2.729286
1985-05-29,0.437937,Training,-0.171383,-0.038705,-0.034262,-0.008790,0.037585,0.066833,0.129569,0.233253,0.560119,0.926944,3.235913
1985-05-30,0.405497,Training,-0.269326,-0.082299,-0.078703,-0.021932,0.029081,0.085057,0.150144,0.283758,0.662903,1.124272,3.897049
1985-05-31,0.373057,Training,-0.214162,-0.063980,-0.062702,-0.021235,0.024303,0.084401,0.154744,0.288522,0.687216,1.184183,4.048671
1985-06-01,0.454156,Training,-0.291122,-0.103581,-0.102407,-0.032635,0.026662,0.106876,0.195564,0.379917,0.907867,1.534674,5.108956
1985-06-02,1.638207,Training,-0.140990,-0.038029,-0.039212,0.004470,0.042276,0.118108,0.185574,0.333279,0.734780,1.203801,3.849203
1985-06-03,1.232710,Training,-0.105448,-0.031320,-0.030601,-0.004811,0.026418,0.085889,0.135590,0.240434,0.511564,0.853867,2.842005
1985-06-04,0.827213,Training,-0.098733,-0.025967,-0.024360,-0.003457,0.021116,0.073064,0.117011,0.205006,0.447751,0.756335,2.607436
1985-06-05,0.632575,Training,-0.175219,-0.039721,-0.036289,-0.009429,0.014143,0.052340,0.100316,0.183081,0.497036,0.861665,3.126831
1985-06-06,0.486596,Training,-0.146861,-0.029040,-0.024007,0.000652,0.025887,0.060541,0.108067,0.198244,0.498098,0.845502,3.031584
1985-06-07,0.373057,Training,-0.090353,-0.026360,-0.020189,-0.002192,0.023363,0.065979,0.108572,0.192546,0.416099,0.716206,2.509696
1985-06-08,0.275738,Training,-0.090481,-0.028217,-0.024276,-0.007372,0.016449,0.054486,0.093353,0.164869,0.371298,0.651643,2.342107
1985-06-09,0.227078,Training,-0.090804,-0.029531,-0.027624,-0.010291,0.008383,0.047705,0.079692,0.137206,0.325951,0.595475,2.213764
1985-06-10,0.178419,Training,-0.095869,-0.032716,-0.026447,-0.009199,0.008361,0.045291,0.073535,0.122810,0.298763,0.558304,2.139152
1985-06-11,0.145979,Training,-0.100692,-0.035351,-0.026049,-0.007544,0.009078,0.043794,0.070206,0.114592,0.285951,0.540311,2.110026
1985-06-12,0.097319,Training,-0.095131,-0.034782,-0.026380,-0.008994,0.005614,0.038675,0.066510,0.109020,0.280943,0.535509,2.095633
1985-06-13,0.048660,Training,-0.092058,-0.033051,-0.026558,-0.009071,0.005410,0.038005,0.073470,0.124952,0.311049,0.573253,2.162672
1985-06-14,0.048660,Training,-0.083469,-0.016735,-0.011128,0.002661,0.018003,0.034161,0.060483,0.105820,0.283288,0.531556,2.129185
1985-06-15,0.032440,Training,-0.162783,-0.045982,-0.038163,-0.014971,0.002070,0.013177,0.047013,0.088603,0.319690,0.617510,2.516307
1985-06-16,0.016220,Training,-0.081855,-0.032659,-0.026593,-0.009321,0.002719,0.030225,0.057538,0.098238,0.268164,0.523193,2.073364
1985-06-17,0.016220,Training,-0.099387,-0.044042,-0.034487,-0.014089,-0.003229,0.028338,0.054786,0.087162,0.254290,0.507280,2.027935
1985-06-18,0.016220,Training,-0.104345,-0.037182,-0.030790,-0.009814,0.001416,0.025857,0.046602,0.072604,0.232990,0.473369,1.983815
1985-06-19,0.016220,Training,-0.075591,-0.029822,-0.023179,-0.011759,0.003949,0.022533,0.046266,0.078069,0.215425,0.438705,1.847456
1985-06-20,0.016220,Training,-0.072831,-0.026510,-0.017311,-0.007718,0.010431,0.024405,0.042061,0.069998,0.185763,0.392811,1.728756
1985-06-21,0.000000,Training,-0.069371,-0.024590,-0.015373,-0.006994,0.011158,0.022488,0.040894,0.068922,0.183498,0.387305,1.716305
1985-06-22,0.000000,Training,-0.068598,-0.024412,-0.014541,-0.006779,0.011661,0.020832,0.040299,0.069560,0.186169,0.389410,1.723427
1985-06-23,0.000000,Training,-0.070541,-0.027562,-0.017665,-0.009707,0.006402,0.017472,0.036007,0.061977,0.178801,0.383862,1.711716
1985-06-24,0.000000,Training,-0.077989,-0.031591,-0.019343,-0.010818,0.005752,0.017598,0.032746,0.053234,0.158409,0.356363,1.643771
1985-06-25,0.000000,Training,-0.090415,-0.036368,-0.020625,-0.009724,0.006600,0.019231,0.031969,0.048181,0.148639,0.342670,1.621160
1985-06-26,0.000000,Training,-0.093003,-0.039280,-0.022363,-0.011192,0.004523,0.017646,0.029414,0.044288,0.141971,0.334610,1.600038
1985-06-27,0.000000,Training,-0.095039,-0.041318,-0.023671,-0.012364,0.002480,0.015890,0.026692,0.040462,0.136308,0.328246,1.584112
1985-06-28,0.000000,Training,-0.091696,-0.040681,-0.024043,-0.014443,0.000133,0.012757,0.023805,0.037502,0.131331,0.322002,1.565676
1985-06-29,0.000000,Training,-0.090908,-0.041208,-0.024779,-0.016007,-0.001738,0.010399,0.021209,0.034439,0.126456,0.315930,1.547568
1985-06-30,0.000000,Training,-0.096640,-0.044594,-0.026808,-0.017227,-0.003174,0.009140,0.018889,0.030370,0.120799,0.308850,1.531648
1985-07-01,0.000000,Training,-0.096160,-0.042965,-0.026605,-0.017466,-0.004420,0.007091,0.016600,0.028077,0.120620,0.309943,1.539951
1985-07-02,0.000000,Training,-0.208532,-0.081701,-0.064858,-0.039696,-0.018161,-0.013596,0.010438,0.035905,0.198515,0.449488,2.044328
1985-07-03,0.000000,Training,-0.095667,-0.041580,-0.028982,-0.016519,-0.003646,0.009709,0.025759,0.052152,0.170462,0.380716,1.727929
1985-07-04,0.000000,Training,-0.096810,-0.052176,-0.035540,-0.025838,-0.011359,0.005670,0.017514,0.035779,0.129280,0.327317,1.548014
1985-07-05,0.000000,Training,-0.117621,-0.059411,-0.042501,-0.029225,-0.016728,0.002395,0.009661,0.016514,0.106914,0.298039,1.498220
1985-07-06,0.000000,Training,-0.120005,-0.060120,-0.040666,-0.027322,-0.015819,0.003119,0.007533,0.013908,0.099028,0.286592,1.469493
1985-07-07,0.000000,Training,-0.119477,-0.060973,-0.040480,-0.028036,-0.016786,0.001728,0.005776,0.012010,0.094512,0.280579,1.454217
1985-07-08,0.000000,Training,-0.114839,-0.055440,-0.037750,-0.027915,-0.017289,-0.001546,0.003453,0.010804,0.095645,0.282385,1.471011
1985-07-09,0.000000,Training,-0.103391,-0.054778,-0.037717,-0.031233,-0.019822,-0.005220,0.001113,0.009901,0.087385,0.269692,1.418503
1985-07-10,0.000000,Training,-0.109897,-0.058443,-0.039445,-0.032441,-0.021012,-0.006600,-0.001393,0.004667,0.079294,0.258751,1.394711
1985-07-11,0.000000,Training,-0.110021,-0.058931,-0.039860,-0.033236,-0.022048,-0.008370,-0.003778,0.001713,0.073655,0.250986,1.375236
1985-07-12,0.000000,Training,-0.113634,-0.061422,-0.041241,-0.034180,-0.023306,-0.009514,-0.005930,-0.001518,0.068216,0.244302,1.359715
1985-07-13,0.000000,Training,-0.109239,-0.059519,-0.040501,-0.034628,-0.024176,-0.011295,-0.007694,-0.002365,0.065952,0.241504,1.349474
1985-07-14,0.000000,Training,-0.104337,-0.058052,-0.039842,-0.035283,-0.024740,-0.012841,-0.008693,-0.001999,0.064321,0.238630,1.335691
1985-07-15,0.000000,Training,-0.104377,-0.058343,-0.040053,-0.035895,-0.025357,-0.014091,-0.010183,-0.003805,0.060600,0.233319,1.321282
1985-07-16,0.000000,Training,-0.108076,-0.060931,-0.041892,-0.037419,-0.027075,-0.015623,-0.012685,-0.008273,0.053791,0.225035,1.302274
1985-07-17,0.000000,Training,-0.114974,-0.064831,-0.044293,-0.038807,-0.028425,-0.016464,-0.014514,-0.012193,0.048080,0.218016,1.288991
1985-07-18,0.000000,Training,-0.107614,-0.060724,-0.042421,-0.038171,-0.028335,-0.017526,-0.014706,-0.009689,0.051461,0.222474,1.296408
1985-07-19,0.000000,Training,-0.109993,-0.063844,-0.045334,-0.040763,-0.031886,-0.020026,-0.017490,-0.014758,0.046448,0.218403,1.286874
1985-07-20,0.000000,Training,-0.117863,-0.069808,-0.051909,-0.044494,-0.039557,-0.023750,-0.019992,-0.023705,0.048840,0.229395,1.328529
1985-07-21,0.000000,Training,-0.123538,-0.071875,-0.048164,-0.041171,-0.028711,-0.019317,-0.019086,-0.018431,0.032762,0.195670,1.228952
1985-07-22,0.000000,Training,-0.126624,-0.074707,-0.049285,-0.040389,-0.028943,-0.018778,-0.020079,-0.020392,0.029969,0.193086,1.221779
1985-07-23,0.000000,Training,-0.130516,-0.075559,-0.049601,-0.038854,-0.028336,-0.018020,-0.020761,-0.021285,0.030499,0.194971,1.230837
1985-07-24,0.000000,Training,-0.134323,-0.075634,-0.049800,-0.037892,-0.027939,-0.018062,-0.021482,-0.022103,0.032020,0.198062,1.246406
1985-07-25,0.000000,Training,-0.117784,-0.072710,-0.050824,-0.045636,-0.032609,-0.024809,-0.023206,-0.020550,0.026429,0.188454,1.206100
1985-07-26,0.000000,Training,-0.111498,-0.067753,-0.047372,-0.043688,-0.029593,-0.024408,-0.020970,-0.014811,0.031885,0.191931,1.209898
1985-07-27,0.000000,Training,-0.111012,-0.067378,-0.047145,-0.043861,-0.029708,-0.025604,-0.022317,-0.017389,0.026908,0.184366,1.191988
1985-07-28,0.000000,Training,-0.110799,-0.066587,-0.046353,-0.043228,-0.028318,-0.025397,-0.021520,-0.015271,0.028119,0.184312,1.191533
1985-07-29,0.000000,Training,-0.122080,-0.063332,-0.044052,-0.038107,-0.025035,-0.023940,-0.021838,-0.016384,0.036860,0.198204,1.255633
1985-07-30,0.000000,Training,-0.112003,-0.066959,-0.047136,-0.043545,-0.027291,-0.025080,-0.020226,-0.011803,0.030813,0.186660,1.196457
1985-07-31,0.000000,Training,-0.113252,-0.068858,-0.048880,-0.045108,-0.029588,-0.026336,-0.022450,-0.016381,0.024513,0.180583,1.180257
1985-08-01,0.000000,Training,-0.116890,-0.072624,-0.052496,-0.047975,-0.033319,-0.029091,-0.027188,-0.025574,0.012148,0.166992,1.147755
1985-08-02,0.000000,Training,-0.126142,-0.077709,-0.054744,-0.048222,-0.033659,-0.028882,-0.028655,-0.030153,0.005595,0.159080,1.133364
1985-08-03,0.000000,Training,-0.127788,-0.078938,-0.055366,-0.048118,-0.033496,-0.028770,-0.028934,-0.030702,0.003948,0.157112,1.128702
1985-08-04,0.000000,Training,-0.130190,-0.080917,-0.056459,-0.047985,-0.033446,-0.028401,-0.029164,-0.031314,0.002676,0.156073,1.124940
1985-08-05,0.000000,Training,-0.117212,-0.073853,-0.053798,-0.048952,-0.033089,-0.030842,-0.028379,-0.026204,0.006783,0.159352,1.128281
1985-08-06,0.000000,Training,-0.116386,-0.072302,-0.052488,-0.047906,-0.031150,-0.030632,-0.027192,-0.023923,0.008274,0.159183,1.127850
1985-08-07,0.000000,Training,-0.121205,-0.076971,-0.055358,-0.049598,-0.034293,-0.032761,-0.031737,-0.033622,-0.003885,0.146409,1.098592
1985-08-08,0.000000,Training,-0.121859,-0.077531,-0.055901,-0.049785,-0.034298,-0.033018,-0.032030,-0.034166,-0.005436,0.144587,1.094130
1985-08-09,0.000000,Training,-0.116964,-0.073231,-0.053666,-0.048670,-0.031559,-0.032258,-0.029075,-0.027571,0.000534,0.149371,1.103980
1985-08-10,0.000000,Training,-0.117049,-0.072717,-0.053396,-0.048236,-0.030415,-0.032042,-0.028310,-0.026073,0.001208,0.149182,1.102898
1985-08-11,0.000000,Training,-0.117244,-0.073035,-0.053826,-0.048418,-0.030490,-0.032336,-0.028669,-0.026956,-0.000878,0.146623,1.096185
1985-08-12,0.000000,Training,-0.118773,-0.074869,-0.055428,-0.049327,-0.032339,-0.033481,-0.030997,-0.031923,-0.006754,0.141289,1.084533
1985-08-13,0.000000,Training,-0.118749,-0.075709,-0.056158,-0.049897,-0.032685,-0.034017,-0.031553,-0.033127,-0.009425,0.138020,1.075147
1985-08-14,0.000000,Training,-0.119055,-0.076226,-0.056593,-0.050056,-0.032718,-0.034458,-0.032080,-0.034242,-0.011507,0.135498,1.069000
1985-08-15,0.000000,Training,-0.118942,-0.076092,-0.056674,-0.049988,-0.032131,-0.034593,-0.031844,-0.033801,-0.011913,0.134445,1.066417
1985-08-16,0.000000,Training,-0.118468,-0.075062,-0.056058,-0.049334,-0.030549,-0.034130,-0.030518,-0.031234,-0.009994,0.135540,1.069196
1985-08-17,0.000000,Training,-0.121137,-0.078990,-0.058406,-0.050438,-0.033303,-0.035534,-0.033794,-0.038446,-0.017944,0.128687,1.052763
1985-08-18,0.000000,Training,-0.119861,-0.077900,-0.058083,-0.050341,-0.032578,-0.035756,-0.033275,-0.037203,-0.017268,0.128834,1.053908
1985-08-19,0.000000,Training,-0.119606,-0.077984,-0.058221,-0.050385,-0.032281,-0.035948,-0.033251,-0.037270,-0.018222,0.127403,1.050076
1985-08-20,0.000000,Training,-0.121613,-0.079991,-0.059118,-0.050226,-0.032675,-0.035951,-0.034244,-0.039778,-0.021226,0.124741,1.042974
1985-08-21,0.000000,Training,-0.121648,-0.080200,-0.059377,-0.050201,-0.032397,-0.035953,-0.034172,-0.039744,-0.021871,0.123900,1.040454
1985-08-22,0.000000,Training,-0.121180,-0.080010,-0.059546,-0.050330,-0.032071,-0.036098,-0.033973,-0.039309,-0.022133,0.123295,1.038477
1985-08-23,0.000000,Training,-0.119986,-0.078091,-0.058748,-0.049917,-0.030225,-0.035652,-0.032068,-0.035705,-0.019192,0.125034,1.043446
1985-08-24,0.000000,Training,-0.119191,-0.075349,-0.056850,-0.048264,-0.025973,-0.034260,-0.028051,-0.027743,-0.010947,0.131495,1.059527
1985-08-25,0.000000,Training,-0.119326,-0.074950,-0.056667,-0.048041,-0.024175,-0.034114,-0.026536,-0.024336,-0.007088,0.134700,1.066371
1985-08-26,0.000000,Training,-0.120143,-0.077871,-0.059038,-0.049365,-0.028186,-0.034388,-0.029616,-0.031876,-0.016038,0.128255,1.049444
1985-08-27,0.000000,Training,-0.123627,-0.082388,-0.060610,-0.048731,-0.030077,-0.033800,-0.032317,-0.038608,-0.022680,0.123794,1.035533
1985-08-28,0.000000,Training,-0.124146,-0.082746,-0.060608,-0.048265,-0.029454,-0.033401,-0.032073,-0.038525,-0.023056,0.123209,1.034115
1985-08-29,0.000000,Training,-0.122534,-0.082073,-0.061154,-0.049568,-0.029933,-0.034830,-0.032516,-0.038322,-0.023400,0.122267,1.032431
1985-08-30,0.000000,Training,-0.121381,-0.079972,-0.060602,-0.049849,-0.028250,-0.034997,-0.030596,-0.034332,-0.020046,0.123921,1.038348
1985-08-31,0.000000,Training,-0.121948,-0.081337,-0.061263,-0.049912,-0.029142,-0.035226,-0.031767,-0.036868,-0.022504,0.122194,1.033088
1985-09-01,0.000000,Training,-0.123296,-0.083127,-0.061614,-0.049045,-0.029257,-0.034343,-0.032126,-0.038306,-0.023502,0.122401,1.031460
1985-09-02,0.000000,Training,-0.123665,-0.083540,-0.061787,-0.048853,-0.028969,-0.033985,-0.031822,-0.037970,-0.023202,0.122906,1.032192
1985-09-03,0.000000,Training,-0.123048,-0.082971,-0.062307,-0.049972,-0.029016,-0.034823,-0.031529,-0.036836,-0.022488,0.122923,1.033252
1985-09-04,0.000000,Training,-0.124563,-0.084561,-0.062112,-0.048357,-0.028506,-0.033167,-0.031248,-0.037467,-0.022426,0.124324,1.034182
1985-09-05,0.000000,Training,-0.127803,-0.085950,-0.060953,-0.044902,-0.025818,-0.028972,-0.028460,-0.035092,-0.019185,0.128860,1.043142
1985-09-06,0.000000,Training,-0.127503,-0.086385,-0.061662,-0.045573,-0.026300,-0.029229,-0.028438,-0.034473,-0.018229,0.130620,1.046775
1985-09-07,0.000000,Training,-0.127560,-0.085818,-0.062374,-0.046589,-0.027165,-0.030640,-0.029402,-0.035043,-0.017492,0.132183,1.054338
1985-09-08,0.000000,Training,-0.138452,-0.082188,-0.059676,-0.041110,-0.023572,-0.029057,-0.029515,-0.036067,-0.007390,0.148354,1.124060
1985-09-09,0.000000,Training,-0.128056,-0.086953,-0.063210,-0.046545,-0.027051,-0.029129,-0.027705,-0.032159,-0.013129,0.138744,1.068350
1985-09-10,0.000000,Training,-0.132584,-0.087080,-0.061284,-0.042218,-0.023930,-0.024824,-0.025006,-0.030114,-0.007722,0.146525,1.090091
1985-09-11,0.000000,Training,-0.132672,-0.088867,-0.063260,-0.043956,-0.024782,-0.024948,-0.024850,-0.029450,-0.008716,0.144435,1.078492
1985-09-12,0.000000,Training,-0.128907,-0.087407,-0.065354,-0.049506,-0.028801,-0.031538,-0.029083,-0.032630,-0.013201,0.138186,1.068292
1985-09-13,0.000000,Training,-0.141196,-0.083731,-0.059842,-0.039519,-0.022495,-0.025861,-0.027122,-0.032402,-0.000265,0.158775,1.147672
1985-09-14,0.000000,Training,-0.131188,-0.088913,-0.061721,-0.042401,-0.023769,-0.022397,-0.022535,-0.025701,-0.004175,0.150708,1.091497
1985-09-15,0.000000,Training,-0.132803,-0.090189,-0.061875,-0.042002,-0.023435,-0.020946,-0.021336,-0.024453,-0.001942,0.154029,1.097523
1985-09-16,0.000000,Training,-0.131634,-0.089826,-0.063317,-0.044025,-0.025020,-0.023100,-0.023114,-0.025416,-0.003014,0.152477,1.092113
1985-09-17,0.000000,Training,-0.127892,-0.087597,-0.065501,-0.050747,-0.029252,-0.031288,-0.028130,-0.029440,-0.009925,0.141425,1.072895
1985-09-18,0.000000,Training,-0.126254,-0.086142,-0.063608,-0.049639,-0.028545,-0.031145,-0.028237,-0.029858,-0.010862,0.139316,1.068151
1985-09-19,0.000000,Training,-0.159358,-0.084175,-0.063400,-0.046144,-0.024376,-0.034297,-0.030224,-0.033048,0.010906,0.174198,1.230653
1985-09-20,0.000000,Training,-0.195819,-0.103993,-0.084583,-0.063524,-0.034437,-0.042643,-0.029745,-0.026552,0.035735,0.221993,1.386512
1985-09-21,0.000000,Training,-0.153233,-0.087754,-0.070750,-0.048110,-0.022894,-0.018893,-0.009369,0.003933,0.060321,0.244684,1.376373
1985-09-22,0.000000,Training,-0.138663,-0.094466,-0.077796,-0.057689,-0.032360,-0.023220,-0.015020,-0.004263,0.033767,0.204792,1.219262
1985-09-23,0.000000,Training,-0.137422,-0.090517,-0.074543,-0.057293,-0.034152,-0.030447,-0.026041,-0.021748,0.006310,0.164422,1.128700
1985-09-24,0.000000,Training,-0.135901,-0.086763,-0.070633,-0.055374,-0.031099,-0.030873,-0.026029,-0.020313,0.004212,0.156845,1.112936
1985-09-25,0.000000,Training,-0.132651,-0.085159,-0.066704,-0.052861,-0.030353,-0.029828,-0.026618,-0.021508,0.001030,0.153262,1.103378
1985-09-26,0.000000,Training,-0.129593,-0.085149,-0.063392,-0.049132,-0.030023,-0.026792,-0.026827,-0.023243,0.000045,0.154929,1.101073
1985-09-27,0.000000,Training,-0.128086,-0.084227,-0.060892,-0.046731,-0.028725,-0.025278,-0.026115,-0.022588,0.000929,0.156117,1.103259
1985-09-28,0.000000,Training,-0.127251,-0.083332,-0.060294,-0.047162,-0.028665,-0.025728,-0.025998,-0.021566,0.001675,0.156124,1.103895
1985-09-29,0.000000,Training,-0.126337,-0.082639,-0.056094,-0.041137,-0.025106,-0.019397,-0.022202,-0.017573,0.007866,0.165216,1.119438
1985-09-30,0.000000,Training,-0.126014,-0.082294,-0.055529,-0.040745,-0.024852,-0.018585,-0.021474,-0.015896,0.010428,0.168563,1.126912
1985-10-01,0.000000,Validation,-0.128602,-0.080995,-0.057831,-0.044723,-0.027212,-0.022872,-0.023855,-0.017091,0.011050,0.168813,1.139419
1985-10-02,0.000000,Validation,-0.127731,-0.079958,-0.059138,-0.048771,-0.027178,-0.026105,-0.022614,-0.012510,0.013194,0.166346,1.134387
1985-10-03,0.000000,Validation,-0.148058,-0.075118,-0.055642,-0.042287,-0.020999,-0.024289,-0.020880,-0.009274,0.036011,0.198133,1.262803
1985-10-04,0.000000,Validation,-0.142554,-0.076069,-0.057770,-0.044190,-0.021075,-0.021144,-0.015876,0.001279,0.046325,0.210399,1.274875
1985-10-05,0.000000,Validation,-0.132611,-0.081577,-0.062327,-0.052024,-0.024473,-0.024080,-0.014736,0.006764,0.044965,0.204222,1.222168
1985-10-06,0.000000,Validation,-0.134424,-0.081629,-0.063512,-0.052789,-0.025579,-0.024928,-0.016530,0.003785,0.042638,0.200354,1.212604
1985-10-07,0.000000,Validation,-0.131945,-0.079585,-0.061560,-0.051009,-0.026648,-0.023111,-0.017062,0.001415,0.040271,0.199263,1.211592
1985-10-08,0.000000,Validation,-0.129551,-0.079621,-0.060193,-0.050856,-0.027168,-0.024511,-0.017739,0.000004,0.040243,0.199468,1.216085
1985-10-09,0.000000,Validation,-0.132456,-0.080903,-0.059486,-0.050010,-0.023362,-0.022505,-0.015430,0.004151,0.039183,0.193485,1.192131
1985-10-10,0.000000,Validation,-0.129392,-0.082334,-0.057986,-0.047338,-0.026496,-0.019493,-0.017381,-0.003285,0.030799,0.189415,1.177691
1985-10-11,0.000000,Validation,-0.128478,-0.081885,-0.056617,-0.046156,-0.025968,-0.018367,-0.016963,-0.002603,0.032213,0.191311,1.181066
1985-10-12,0.000000,Validation,-0.127266,-0.081517,-0.054793,-0.044119,-0.025133,-0.016362,-0.016252,-0.001885,0.033942,0.194120,1.185175
1985-10-13,0.000000,Validation,-0.126798,-0.081120,-0.053845,-0.043345,-0.024672,-0.015373,-0.015520,-0.000483,0.036567,0.197421,1.192697
1985-10-14,0.000000,Validation,-0.126288,-0.080797,-0.052878,-0.042480,-0.024184,-0.014147,-0.014636,0.001058,0.039361,0.201068,1.200396
1985-10-15,0.000000,Validation,-0.128018,-0.080041,-0.053983,-0.045001,-0.024265,-0.016203,-0.014207,0.003929,0.042858,0.202803,1.209877
1985-10-16,0.000000,Validation,-0.127231,-0.079787,-0.052883,-0.043764,-0.023907,-0.014479,-0.013365,0.004950,0.045303,0.206643,1.216773
1985-10-17,0.000000,Validation,-0.127080,-0.079191,-0.052199,-0.043329,-0.023323,-0.013527,-0.012246,0.007140,0.048862,0.210753,1.226637
1985-10-18,0.000000,Validation,-0.127958,-0.078235,-0.051947,-0.043738,-0.022162,-0.013419,-0.010613,0.011138,0.054397,0.215739,1.241031
1985-10-19,0.000000,Validation,-0.127817,-0.077811,-0.051308,-0.043183,-0.021436,-0.012224,-0.009326,0.013562,0.058472,0.220615,1.252109
1985-10-20,0.000000,Validation,-0.128164,-0.077247,-0.050869,-0.043067,-0.020262,-0.011711,-0.007791,0.017018,0.064135,0.226458,1.267498
1985-10-21,0.000000,Validation,-0.126867,-0.077338,-0.049951,-0.041713,-0.020357,-0.009494,-0.007139,0.017199,0.066068,0.230826,1.275438
1985-10-22,0.000000,Validation,-0.130415,-0.075656,-0.048165,-0.038756,-0.018724,-0.007604,-0.005848,0.018195,0.072543,0.240365,1.312569
1985-10-23,0.000000,Validation,-0.126278,-0.077172,-0.049028,-0.040887,-0.019850,-0.007895,-0.004641,0.020461,0.072745,0.239632,1.300677
1985-10-24,0.000000,Validation,-0.127072,-0.076399,-0.048504,-0.041019,-0.018242,-0.007796,-0.002748,0.024849,0.079738,0.246133,1.318596
1985-10-25,0.000000,Validation,-0.128432,-0.075996,-0.048371,-0.041463,-0.016227,-0.008098,-0.001004,0.029484,0.087335,0.252594,1.335671
1985-10-26,0.000000,Validation,-0.137199,-0.083276,-0.054656,-0.048736,-0.015056,-0.017213,-0.004608,0.031073,0.095547,0.256186,1.345507
1985-10-27,0.000000,Validation,-0.131716,-0.077877,-0.049711,-0.043278,-0.013595,-0.008920,0.001458,0.037124,0.102030,0.267569,1.372621
1985-10-28,0.000000,Validation,-0.131151,-0.077103,-0.048639,-0.041937,-0.012772,-0.006558,0.003559,0.040059,0.107129,0.274706,1.389957
1985-10-29,0.000000,Validation,-0.129091,-0.075445,-0.046745,-0.038972,-0.012932,-0.001753,0.006161,0.041953,0.109373,0.280819,1.403951
1985-10-30,0.000000,Validation,-0.128028,-0.074381,-0.045309,-0.037433,-0.011921,0.000249,0.007771,0.043978,0.112521,0.284998,1.414321
1985-10-31,0.000000,Validation,-0.137976,-0.081945,-0.051895,-0.044583,-0.010647,-0.009190,0.003667,0.044683,0.120214,0.287945,1.424819
1985-11-01,0.000000,Validation,-0.140329,-0.084742,-0.054128,-0.046343,-0.010512,-0.010061,0.003786,0.046764,0.125108,0.293771,1.435642
1985-11-02,0.000000,Validation,-0.318653,-0.159015,-0.132731,-0.053962,0.009926,0.067021,0.101803,0.208196,0.486087,0.868435,3.126625
1985-11-03,0.000000,Validation,-0.295814,-0.160340,-0.158831,-0.065212,0.028879,0.098626,0.216294,0.413956,0.999408,1.656121,5.718494
1985-11-04,0.000000,Validation,-0.376146,-0.119622,-0.099845,0.185893,0.315400,0.521026,0.703364,1.247407,3.068874,4.957483,16.808178
1985-11-05,0.000000,Validation,-0.301523,0.027356,0.085005,0.307997,0.462823,0.732763,1.058418,1.733800,4.082646,6.459307,21.710499
1985-11-06,0.000000,Validation,-0.205965,0.106687,0.150349,0.270093,0.317997,0.575784,0.743786,1.164049,2.543388,3.745880,12.208378
1985-11-07,0.000000,Validation,-0.121696,0.100153,0.107592,0.168204,0.174263,0.386106,0.451285,0.678579,1.332401,1.924775,5.947381
1985-11-08,0.000000,Validation,-0.102948,0.081032,0.088729,0.133132,0.116209,0.298232,0.330265,0.479906,0.920206,1.368908,4.312641
1985-11-09,0.000000,Validation,-0.100576,0.069970,0.077483,0.115858,0.094113,0.241469,0.262508,0.382303,0.751542,1.140872,3.760628
1985-11-10,0.000000,Validation,-0.108899,0.035143,0.049191,0.082820,0.069437,0.193416,0.213714,0.323360,0.649611,1.006616,3.385607
1985-11-11,0.000000,Validation,-0.393863,-0.154772,-0.143740,0.021763,0.063360,0.259550,0.339087,0.617042,1.681670,2.790006,9.293969
1985-11-12,0.000000,Validation,-0.383088,-0.195275,-0.140682,0.033217,0.137188,0.315475,0.501033,0.972990,2.498116,4.040430,11.589893
1985-11-13,0.000000,Validation,-0.263934,-0.105292,-0.059921,0.042186,0.094996,0.246822,0.360768,0.665053,1.504571,2.265416,6.423248
1985-11-14,0.000000,Validation,-0.200722,-0.039821,-0.008562,0.060241,0.082634,0.207734,0.278067,0.480947,1.024504,1.520570,4.538327
1985-11-15,0.000000,Validation,-0.197356,-0.046278,-0.017249,0.047282,0.065275,0.178076,0.237730,0.415312,0.882649,1.319032,4.000422
1985-11-16,0.000000,Validation,-0.210946,-0.081210,-0.046680,0.012950,0.032269,0.127836,0.177900,0.332657,0.734696,1.124774,3.477046
1985-11-17,0.000000,Validation,-0.225217,-0.107444,-0.072136,-0.012809,0.010440,0.096871,0.144465,0.289258,0.663386,1.036798,3.242465
1985-11-18,0.000000,Validation,-0.248610,-0.137724,-0.100680,-0.038630,-0.010318,0.068008,0.116423,0.255328,0.618790,0.981162,3.090098
1985-11-19,0.000000,Validation,-0.282819,-0.172862,-0.133096,-0.065726,-0.032405,0.039307,0.093364,0.229644,0.607726,0.959076,3.044923
1985-11-20,0.000000,Validation,-0.318509,-0.190196,-0.144813,-0.061437,-0.026970,0.057910,0.132107,0.295057,0.777554,1.181008,3.570810
1985-11-21,0.000000,Validation,-0.290332,-0.196510,-0.160179,-0.096870,-0.058544,-0.009462,0.039042,0.155072,0.479383,0.779754,2.650823
1985-11-22,0.000000,Validation,-0.253621,-0.173457,-0.138290,-0.084277,-0.044656,-0.008812,0.032854,0.131247,0.397743,0.677145,2.384717
1985-11-23,0.000000,Validation,-0.223065,-0.153109,-0.116472,-0.077994,-0.034947,-0.014655,0.015508,0.100110,0.306092,0.540663,2.045686
1985-11-24,0.000000,Validation,-0.215606,-0.148020,-0.109746,-0.075180,-0.028337,-0.014338,0.013239,0.094258,0.278684,0.494596,1.924202
1985-11-25,0.000000,Validation,-0.497925,-0.338298,-0.320737,-0.148493,-0.077405,0.005511,0.110147,0.382636,1.365459,2.312894,7.881822
1985-11-26,0.000000,Validation,-0.809186,-0.658055,-0.582339,-0.255628,-0.001058,0.285034,0.714123,2.116781,7.597394,15.326908,46.588093
1985-11-27,0.000000,Validation,-0.630771,-0.412280,-0.283206,0.028109,0.266781,0.549308,0.969886,2.161201,5.841756,9.556166,25.740124
1985-11-28,0.000000,Validation,-0.489703,-0.269955,-0.187245,-0.020947,0.080344,0.274777,0.481387,1.036800,2.491659,3.544245,9.844895
1985-11-29,0.000000,Validation,-0.501664,-0.239377,-0.157266,0.028257,0.131868,0.325265,0.526382,1.062921,2.647067,3.822628,10.613150
1985-11-30,0.000000,Validation,-0.274405,-0.086411,-0.048607,0.038353,0.091642,0.227706,0.333472,0.628332,1.429975,2.092347,6.178367
1985-12-01,0.000000,Validation,-0.178413,-0.057401,-0.028650,0.025127,0.058348,0.181631,0.246287,0.434974,0.894214,1.338356,4.072899
1985-12-02,0.000000,Validation,-0.162452,-0.061278,-0.033861,0.010322,0.033020,0.138603,0.179660,0.313793,0.644844,1.004432,3.197269
1985-12-03,0.000000,Validation,-0.161184,-0.068431,-0.041943,-0.005727,0.023877,0.102757,0.142612,0.258440,0.537578,0.849690,2.805346
1985-12-04,0.000000,Validation,-0.305758,-0.129270,-0.102101,-0.038834,0.005590,0.082780,0.148439,0.302706,0.774341,1.258758,4.308342
1985-12-05,0.000000,Validation,-0.589297,-0.416661,-0.384941,-0.188685,-0.069247,0.085213,0.287719,0.825035,2.732954,4.804214,15.507452
1985-12-06,0.000000,Validation,-0.402420,-0.275268,-0.215948,-0.043179,0.083853,0.253800,0.476583,1.030722,2.564422,4.067980,11.018377
1985-12-07,0.000000,Validation,-0.497491,-0.293218,-0.239416,-0.094120,0.001238,0.137518,0.313208,0.750810,2.139950,3.439936,10.508788
1985-12-08,0.000000,Validation,-0.596463,-0.358198,-0.261392,-0.034976,0.126678,0.350091,0.618049,1.403202,3.864406,6.106356,16.817947
1985-12-09,0.000000,Validation,-0.429466,-0.252432,-0.184012,-0.047874,0.041500,0.210556,0.370144,0.828582,2.008135,2.927978,7.949561
1985-12-10,0.000000,Validation,-0.627454,-0.400333,-0.327755,-0.139532,-0.012073,0.157259,0.357813,0.931687,2.760100,4.338733,12.492455
1985-12-11,0.000000,Validation,-0.610555,-0.380597,-0.284304,-0.011737,0.176845,0.431128,0.708346,1.585654,4.177581,6.665078,17.541525
1985-12-12,0.000000,Validation,-0.513609,-0.301763,-0.213257,-0.014757,0.111620,0.319703,0.525109,1.102042,2.584395,3.769644,9.599892
1985-12-13,0.000000,Validation,-0.498773,-0.274170,-0.194818,0.002993,0.116898,0.298171,0.477504,0.961979,2.151417,3.036107,7.838598
1985-12-14,0.000000,Validation,-0.323898,-0.184056,-0.138751,-0.050674,0.009324,0.098622,0.192036,0.425110,0.991199,1.446493,4.227236
1985-12-15,0.000000,Validation,-0.239000,-0.134806,-0.099223,-0.050819,0.003668,0.060651,0.126695,0.290116,0.677439,1.034571,3.264605
1985-12-16,0.000000,Validation,-0.225834,-0.125703,-0.091590,-0.046193,0.006436,0.060681,0.125423,0.282658,0.654144,1.011507,3.199761
1985-12-17,0.000000,Validation,-0.231088,-0.128242,-0.093243,-0.046473,0.007634,0.063350,0.132800,0.296442,0.687070,1.054413,3.295568
1985-12-18,0.000000,Validation,-0.222424,-0.125520,-0.091623,-0.047406,0.005354,0.056619,0.124080,0.279919,0.656102,1.016919,3.215705
1985-12-19,0.000000,Validation,-0.221383,-0.122764,-0.090018,-0.045247,0.005902,0.053965,0.120441,0.273352,0.652251,1.019567,3.252200
1985-12-20,0.000000,Validation,-0.215640,-0.120685,-0.089254,-0.043619,0.008080,0.057210,0.126061,0.282865,0.662143,1.039867,3.276378
1985-12-21,0.000000,Validation,-0.231683,-0.120766,-0.089900,-0.036821,0.014235,0.067060,0.140872,0.310709,0.733306,1.149073,3.577045
1985-12-22,0.000000,Validation,-0.872416,-0.741666,-0.671381,-0.368698,-0.082223,0.215748,0.546027,1.963333,6.857304,13.096254,33.283512
1985-12-23,0.000000,Validation,-0.684382,-0.491919,-0.369310,-0.020592,0.294984,0.615309,1.098106,2.598339,7.093943,12.006944,29.657953
1985-12-24,0.016220,Validation,-0.518889,-0.290239,-0.227498,-0.054593,0.088376,0.291650,0.557932,1.298385,3.580638,5.817022,18.219500
1985-12-25,0.713674,Validation,-0.664958,-0.417361,-0.322179,-0.064703,0.172918,0.458261,0.834688,2.049938,5.802109,9.701012,28.196859
1985-12-26,0.275738,Validation,-0.700384,-0.495849,-0.403288,-0.162261,0.066818,0.310245,0.663294,1.789909,5.418271,9.338928,26.541317
1985-12-27,0.356837,Validation,-0.882405,-0.737274,-0.619532,-0.249503,0.236880,0.723451,1.394556,4.347305,13.990461,27.343224,69.815720
1985-12-28,0.324397,Validation,-0.865699,-0.644599,-0.399498,0.248305,1.228475,2.038626,3.395139,8.210240,22.200260,38.735107,88.742851
1985-12-29,0.389277,Validation,-0.674576,-0.432950,-0.258017,0.086772,0.429419,0.821347,1.302961,2.931386,7.208733,11.226806,26.649731
1985-12-30,0.259518,Validation,-0.476277,-0.289168,-0.231731,-0.091509,0.016662,0.208931,0.378195,0.995379,2.364501,3.543651,9.573622
1985-12-31,0.210858,Validation,-0.466087,-0.251725,-0.161920,0.000591,0.131094,0.308067,0.506284,1.126466,2.705167,3.999143,10.592215
1986-01-01,0.194638,Training,-0.725108,-0.479397,-0.382575,-0.097620,0.178939,0.534783,0.886047,2.297822,6.333395,10.857428,29.475384
1986-01-02,0.259518,Training,-0.830289,-0.603280,-0.409006,0.082663,0.751060,1.414205,2.271685,5.520783,14.795699,26.394236,59.558479
1986-01-03,0.275738,Training,-0.734556,-0.417114,-0.137755,0.461599,1.184827,1.928465,2.771967,5.747129,12.956401,19.884565,40.653347
1986-01-04,0.308178,Training,-0.621944,-0.298115,-0.089150,0.334398,0.749988,1.255542,1.752684,3.530520,7.289883,10.550284,22.050102
1986-01-05,0.356837,Training,-0.699816,-0.357965,-0.143473,0.323580,0.815882,1.325091,1.882186,3.880213,8.650466,13.225695,29.441269
1986-01-06,0.324397,Training,-0.582457,-0.229720,0.003752,0.472281,0.930967,1.475251,2.006678,3.903190,7.814751,11.235607,22.715958
1986-01-07,1.184051,Training,-0.866133,-0.555982,-0.162566,1.018148,3.150400,5.173688,7.424255,16.742344,37.371140,61.045006,104.576668
1986-01-08,10.056320,Training,-0.566938,0.380827,1.575482,4.683344,9.790426,13.688411,19.507368,36.102520,71.094353,105.046654,187.081070
1986-01-09,3.503492,Training,-0.422416,0.634812,1.674082,4.221708,7.650650,10.255542,13.475918,22.634752,38.028240,51.299828,85.402176
1986-01-10,2.108583,Training,-0.610757,-0.122321,0.234838,1.000269,1.845802,2.684446,3.539406,6.435313,11.677339,16.112885,30.089897
1986-01-11,1.411129,Training,-0.546750,-0.011022,0.352627,1.127036,1.931850,2.749728,3.531334,6.175769,10.800592,14.851514,27.210499
1986-01-12,1.184051,Training,-0.502086,0.026853,0.340045,1.013108,1.653388,2.393216,3.009251,5.232214,9.018785,12.668559,23.506102
1986-01-13,0.989412,Training,-0.479869,-0.006797,0.259638,0.786537,1.259470,1.847459,2.329596,4.025931,7.003658,9.760317,18.635998
1986-01-14,0.843433,Training,-0.434910,-0.051933,0.146788,0.490910,0.773764,1.190504,1.529616,2.701904,4.872624,6.759389,13.789091
1986-01-15,0.746114,Training,-0.315151,-0.066638,0.045283,0.197187,0.324124,0.553350,0.760726,1.399512,2.678504,3.765803,8.657632
1986-01-16,0.648795,Training,-0.234180,-0.051486,0.014839,0.106060,0.188495,0.352351,0.507088,0.951832,1.855733,2.678090,6.710576
1986-01-17,0.583915,Training,-0.242452,-0.071834,-0.002145,0.083369,0.166139,0.313847,0.463323,0.874470,1.726960,2.480702,6.212878
1986-01-18,0.519036,Training,-0.261950,-0.091821,-0.016883,0.071815,0.160339,0.302509,0.454889,0.859174,1.705770,2.419900,6.022577
1986-01-19,0.437937,Training,-0.278170,-0.095704,-0.015105,0.088392,0.184716,0.336270,0.497112,0.928391,1.802830,2.555719,6.223316
1986-01-20,0.405497,Training,-0.252390,-0.104142,-0.045007,0.024962,0.105073,0.211466,0.338867,0.662810,1.369959,2.002365,5.270265
1986-01-21,0.389277,Training,-0.201546,-0.097271,-0.053166,-0.007642,0.066148,0.143666,0.247689,0.493966,1.030401,1.536391,4.263838
1986-01-22,0.389277,Training,-0.205355,-0.110059,-0.063084,-0.021291,0.054303,0.123597,0.225510,0.454570,0.961084,1.420320,3.981349
1986-01-23,0.356837,Training,-0.225415,-0.103601,-0.055866,-0.002028,0.074677,0.153314,0.263589,0.526914,1.106606,1.648152,4.531297
1986-01-24,0.324397,Training,-0.192901,-0.094070,-0.053828,-0.011930,0.060559,0.124015,0.220472,0.442679,0.925122,1.401139,3.985533
1986-01-25,0.275738,Training,-0.207483,-0.117653,-0.066574,-0.023952,0.052921,0.113339,0.214184,0.432892,0.899195,1.325983,3.706448
1986-01-26,0.259518,Training,-0.193073,-0.108018,-0.069428,-0.035202,0.040716,0.097734,0.185341,0.387996,0.840917,1.234179,3.607913
1986-01-27,0.243298,Training,-0.175775,-0.106336,-0.071583,-0.043038,0.030866,0.067629,0.140175,0.302903,0.663381,0.991943,3.049956
1986-01-28,0.210858,Training,-0.191899,-0.109893,-0.077469,-0.046489,0.025776,0.063370,0.133681,0.302561,0.682078,1.020991,3.172630
1986-01-29,0.210858,Training,-0.405585,-0.208912,-0.153773,-0.061469,0.063789,0.141200,0.297912,0.637793,1.596916,2.415358,7.278000
1986-01-30,0.389277,Training,-0.495890,-0.307595,-0.249167,-0.106947,0.047768,0.185814,0.427577,1.015839,2.801901,4.382963,12.814772
1986-01-31,1.751746,Training,-0.362565,-0.227953,-0.189170,-0.077113,0.042099,0.208135,0.401836,0.978177,2.383119,3.589915,9.835169
1986-02-01,1.232710,Training,-0.352489,-0.193425,-0.136693,-0.036470,0.073035,0.221393,0.397916,0.904756,2.155047,3.120930,8.486946
1986-02-02,0.989412,Training,-0.363544,-0.201488,-0.167158,-0.082970,0.006666,0.135974,0.267709,0.699013,1.729478,2.570519,7.265771
1986-02-03,0.956972,Training,-0.346796,-0.177587,-0.122539,-0.033231,0.063845,0.195721,0.342097,0.778361,1.863446,2.726686,7.462344
1986-02-04,0.875873,Training,-0.290266,-0.143571,-0.084936,-0.004602,0.089751,0.220619,0.367309,0.776169,1.763075,2.544730,6.773438
1986-02-05,0.778554,Training,-0.295968,-0.133165,-0.085361,-0.009847,0.076701,0.209906,0.342691,0.748525,1.705485,2.480102,6.686833
1986-02-06,0.648795,Training,-0.247295,-0.118747,-0.090576,-0.036497,0.037347,0.162554,0.271427,0.630055,1.384873,2.018503,5.489288
1986-02-07,0.583915,Training,-0.813132,-0.616446,-0.457452,-0.108529,0.337857,0.861009,1.369358,3.549565,10.045761,16.794144,36.525898
1986-02-08,1.184051,Training,-0.731133,-0.426392,-0.077961,0.629884,1.624422,2.556099,3.974260,8.542882,21.926022,35.818108,73.943329
1986-02-09,1.573327,Training,-0.581794,-0.287657,-0.063730,0.337251,0.771545,1.337727,1.916116,4.015332,8.684923,13.024276,26.477371
1986-02-10,1.184051,Training,-0.459234,-0.158639,0.025378,0.313674,0.602227,0.995025,1.407024,2.734807,5.619620,8.037278,16.720427
1986-02-11,1.151611,Training,-0.565503,-0.217327,-0.018205,0.317634,0.668870,1.076631,1.530927,2.991893,6.579670,10.005034,21.785128
1986-02-12,1.102951,Training,-0.451887,-0.123246,0.068753,0.375163,0.665479,1.067153,1.457680,2.746641,5.660006,8.417792,17.439110
1986-02-13,3.000676,Training,-0.715958,-0.091622,0.818832,3.629762,8.366597,13.618904,19.312544,44.092503,99.185478,166.375656,264.134277
1986-02-14,44.555984,Training,0.183389,3.094668,7.349576,21.241264,40.949116,57.818939,80.621185,135.885117,247.335739,361.898499,568.194336
1986-02-15,12.229782,Training,0.777272,4.223835,8.502162,19.673805,33.456493,41.147186,56.255585,81.944572,137.676544,186.052795,310.750610
1986-02-16,12.229782,Training,0.172545,2.920243,5.761698,13.802488,24.392649,31.221891,42.688232,64.959511,109.890381,151.088135,263.741364
1986-02-17,34.888941,Training,0.166333,2.649188,5.307291,12.332908,22.233274,28.090748,37.994774,57.628922,96.315224,128.397858,209.704224
1986-02-18,28.546972,Training,0.131971,2.084563,4.084763,8.997728,15.086473,18.639858,24.334301,35.484821,57.182541,74.128731,116.766273
1986-02-19,12.813698,Training,-0.124736,1.823060,3.861995,9.418490,17.491529,22.563812,29.899101,46.226368,76.030266,103.092537,164.489731
1986-02-20,40.922733,Training,1.136845,5.389161,10.404250,25.479929,43.512234,55.093819,71.447014,104.759544,170.748367,229.281158,352.203278
1986-02-21,53.298494,Training,1.662467,6.484159,11.700702,25.654854,41.169689,49.904999,65.589470,91.253700,145.240128,192.877670,314.005585
1986-02-22,17.403921,Training,0.640720,3.791979,6.783940,14.764218,23.924026,28.946611,38.098518,53.184055,86.297531,113.814796,197.282959
1986-02-23,9.066908,Training,0.190288,2.191074,3.746811,7.946578,12.482721,15.559844,19.703260,28.229059,43.437675,55.706619,92.223038
1986-02-24,6.455508,Training,-0.393557,1.075791,2.291362,5.802330,10.281565,13.485675,17.992643,27.645155,46.099701,64.070000,116.621429
1986-02-25,5.011940,Training,-0.107505,1.256902,2.380390,5.292727,8.504183,10.636255,13.427002,19.529055,30.164728,39.304966,61.621731
1986-02-26,4.071187,Training,-0.326792,0.636408,1.291982,2.996333,4.744174,6.126528,7.602747,11.330892,17.541388,23.392490,38.028267
1986-02-27,3.243974,Training,-0.377152,0.422337,0.860580,2.074990,3.189576,4.166072,5.130703,7.727312,12.035608,16.255320,27.794268
1986-02-28,2.757378,Training,-0.431977,0.284488,0.677969,1.732043,2.661418,3.476745,4.259956,6.350812,10.076607,13.709591,23.813765
1986-03-01,2.319441,Training,-0.578004,0.073251,0.470200,1.516552,2.566465,3.355364,4.300876,6.517467,11.132475,15.604192,28.517662
1986-03-02,2.108583,Training,-0.468839,0.180928,0.581424,1.599557,2.526004,3.312533,4.118376,6.134399,10.123145,13.843719,24.098625
1986-03-03,3.503492,Training,-0.700537,-0.027146,0.692030,2.726513,5.921269,8.187991,11.094275,18.583899,33.337364,47.611370,75.728035
1986-03-04,4.379365,Training,-0.395393,0.683706,1.752986,4.708684,8.497506,11.088902,15.067601,23.595581,43.204796,60.688759,103.035965
1986-03-05,2.757378,Training,-0.371843,0.507292,1.160908,2.923701,4.913948,6.502022,8.375761,13.087190,21.457499,28.714739,46.228619
1986-03-06,2.108583,Training,-0.377800,0.414292,0.881966,2.152396,3.434243,4.496580,5.673879,8.764483,13.918523,18.645098,31.026453
1986-03-07,1.573327,Training,-0.589220,0.070983,0.528529,1.656059,2.913702,3.844950,5.076545,8.030622,14.173499,19.905474,35.793209
1986-03-08,1.411129,Training,-0.417851,0.121933,0.456891,1.198769,1.883941,2.572898,3.242939,5.120300,8.459432,11.650226,19.591629
1986-03-09,1.232710,Training,-0.401017,0.114251,0.409674,1.045168,1.604173,2.202695,2.752799,4.293748,6.987949,9.607181,16.464151
1986-03-10,1.232710,Training,-0.378916,0.034263,0.242169,0.664066,1.008026,1.415055,1.801774,2.882856,4.827505,6.653598,12.170348
1986-03-11,1.232710,Training,-0.298327,-0.014565,0.119026,0.333985,0.507594,0.762783,1.014044,1.699294,2.984657,4.190566,8.443577
1986-03-12,1.184051,Training,-0.495173,-0.184660,-0.050248,0.167622,0.373320,0.603036,0.884683,1.608395,3.384009,5.109467,11.224292
1986-03-13,1.232710,Training,-0.280372,-0.096989,0.006895,0.132580,0.259478,0.433766,0.640717,1.135559,2.240384,3.205577,7.037783
1986-03-14,1.265150,Training,-0.286372,-0.082640,0.021333,0.167916,0.304161,0.504681,0.722002,1.268268,2.402386,3.466756,7.369325
1986-03-15,1.184051,Training,-0.201361,-0.057484,0.003243,0.079519,0.169596,0.302097,0.461628,0.834763,1.611929,2.349760,5.571119
1986-03-16,1.151611,Training,-0.179328,-0.041978,0.011520,0.075760,0.156148,0.277510,0.425326,0.763842,1.466985,2.141388,5.207964
1986-03-17,1.070511,Training,-0.264726,-0.065727,-0.003323,0.081242,0.170238,0.292680,0.452442,0.826378,1.720528,2.569068,6.421885
1986-03-18,0.989412,Training,-0.224121,-0.062583,0.001008,0.080355,0.167436,0.288449,0.442168,0.800703,1.594510,2.350933,5.687569
1986-03-19,0.924533,Training,-0.194089,-0.047292,0.007362,0.081787,0.165780,0.292892,0.447297,0.794419,1.517334,2.215252,5.345152
1986-03-20,0.843433,Training,-0.157058,-0.043991,-0.003146,0.044831,0.119477,0.217477,0.348199,0.624950,1.201509,1.768925,4.472561
1986-03-21,0.746114,Training,-0.138379,-0.036964,-0.004424,0.034414,0.099639,0.186119,0.303854,0.543230,1.041249,1.543367,4.056020
1986-03-22,0.616355,Training,-0.094582,-0.021729,-0.000716,0.017492,0.080172,0.146316,0.242815,0.436557,0.854390,1.291384,3.595626
1986-03-23,0.551476,Training,-0.081624,-0.025827,-0.008981,0.002805,0.063754,0.112124,0.194913,0.353792,0.701021,1.084430,3.155181
1986-03-24,0.519036,Training,-0.120808,-0.037275,-0.012337,0.008252,0.072573,0.116298,0.202681,0.373950,0.775499,1.198687,3.452426
1986-03-25,0.486596,Training,-0.193864,-0.072064,-0.024530,0.009709,0.086071,0.132274,0.236396,0.435068,0.956216,1.432953,4.003889
1986-03-26,0.486596,Training,-0.124381,-0.069314,-0.033494,-0.012903,0.060150,0.097054,0.179924,0.335060,0.687836,1.052817,3.006140
1986-03-27,0.470376,Training,-0.102432,-0.048129,-0.024567,-0.006016,0.062772,0.105341,0.187032,0.345340,0.691025,1.077039,3.074985
1986-03-28,0.405497,Training,-0.115375,-0.054253,-0.028973,-0.007418,0.062333,0.101055,0.180843,0.336807,0.683595,1.062184,3.038073
1986-03-29,0.356837,Training,-0.135633,-0.055565,-0.026233,-0.001741,0.068105,0.103344,0.184336,0.343912,0.720367,1.115662,3.215880
1986-03-30,0.324397,Training,-0.105087,-0.047786,-0.021057,-0.002940,0.066591,0.106711,0.189023,0.349262,0.688934,1.065635,3.029236
1986-03-31,0.308178,Training,-0.084852,-0.038157,-0.019476,-0.006003,0.061313,0.091669,0.163458,0.298953,0.589494,0.928526,2.756749
1986-04-01,0.275738,Training,-0.072034,-0.016329,-0.006544,0.004431,0.064994,0.098593,0.167918,0.297356,0.588926,0.926453,2.832967
1986-04-02,0.259518,Training,-0.114214,-0.038980,-0.018049,0.001238,0.068493,0.092475,0.164550,0.303002,0.630915,0.991846,2.979948
1986-04-03,0.259518,Training,-0.100066,-0.044710,-0.021985,-0.004710,0.063972,0.088812,0.159854,0.295937,0.594042,0.935020,2.776037
1986-04-04,0.243298,Training,-0.090159,-0.036767,-0.016380,-0.001371,0.067012,0.095574,0.168155,0.306183,0.603022,0.946235,2.796968
1986-04-05,0.275738,Training,-0.384866,-0.164507,-0.108657,-0.000389,0.134291,0.209943,0.355054,0.676215,1.529764,2.329967,6.517499
1986-04-06,0.405497,Training,-0.367619,-0.187492,-0.141243,-0.039768,0.091632,0.187515,0.389933,0.782088,1.925442,3.139098,8.742073
1986-04-07,0.551476,Training,-0.225888,-0.131861,-0.071075,0.006288,0.113684,0.235806,0.408603,0.761217,1.660435,2.466697,6.166734
1986-04-08,0.713674,Training,-0.278967,-0.127877,-0.072955,-0.003528,0.088284,0.185834,0.329349,0.634162,1.451139,2.124353,5.628882
1986-04-09,0.486596,Training,-0.200549,-0.107773,-0.057641,-0.011851,0.072856,0.147837,0.263734,0.498676,1.048855,1.522512,4.020087
1986-04-10,0.356837,Training,-0.163372,-0.083377,-0.040191,-0.006431,0.070517,0.134645,0.234945,0.441393,0.893332,1.345934,3.604400
1986-04-11,0.275738,Training,-0.217995,-0.089795,-0.042024,0.000522,0.079940,0.133488,0.238396,0.450038,0.991059,1.495583,4.114237
1986-04-12,0.259518,Training,-0.159645,-0.085075,-0.040950,-0.011396,0.064568,0.113251,0.205259,0.388007,0.791971,1.190378,3.274995
1986-04-13,0.243298,Training,-0.152101,-0.087525,-0.045225,-0.019510,0.054826,0.093824,0.178339,0.340602,0.699736,1.065258,3.001334
1986-04-14,0.259518,Training,-0.148676,-0.077638,-0.041801,-0.014645,0.058137,0.093988,0.176317,0.337504,0.695496,1.070748,3.035750
1986-04-15,0.389277,Training,-0.222643,-0.095946,-0.052475,-0.016166,0.063489,0.091626,0.187394,0.364192,0.838692,1.295883,3.745880
1986-04-16,0.356837,Training,-0.333791,-0.153928,-0.105428,-0.040990,0.060798,0.107606,0.239103,0.487758,1.158496,1.820610,5.169693
1986-04-17,0.356837,Training,-0.307707,-0.156699,-0.097731,-0.030547,0.071230,0.131493,0.276569,0.545040,1.321672,2.024443,5.554242
1986-04-18,0.324397,Training,-0.219488,-0.128716,-0.076525,-0.018280,0.073525,0.148062,0.275623,0.531618,1.151699,1.715724,4.475474
1986-04-19,0.324397,Training,-0.224482,-0.110651,-0.066822,-0.012386,0.070368,0.133716,0.248582,0.489060,1.074052,1.626374,4.360665
1986-04-20,0.308178,Training,-0.174117,-0.092273,-0.057088,-0.017348,0.059331,0.115232,0.216204,0.424468,0.873877,1.322915,3.594656
1986-04-21,0.308178,Training,-0.372317,-0.174052,-0.124063,-0.045976,0.057770,0.120234,0.262481,0.549641,1.321271,2.072827,5.746407
1986-04-22,0.308178,Training,-0.266884,-0.126267,-0.072367,-0.003814,0.086524,0.155447,0.286227,0.566617,1.256527,1.913723,5.062733
1986-04-23,0.308178,Training,-0.400770,-0.197787,-0.130690,-0.026114,0.090829,0.180286,0.353833,0.720829,1.696709,2.657596,6.873432
1986-04-24,0.324397,Training,-0.592538,-0.358793,-0.276814,-0.082866,0.113012,0.281769,0.540125,1.225108,3.180984,5.155879,12.711427
1986-04-25,0.470376,Training,-0.446815,-0.250412,-0.161406,0.006151,0.177761,0.342282,0.608225,1.251488,3.091117,4.916907,12.071924
1986-04-26,0.405497,Training,-0.384124,-0.190578,-0.103790,0.031784,0.170655,0.329222,0.544813,1.084407,2.479392,3.749860,9.021923
1986-04-27,0.356837,Training,-0.276443,-0.132593,-0.073095,0.017129,0.119179,0.233515,0.393499,0.776057,1.648029,2.424672,6.014702
1986-04-28,0.308178,Training,-0.202402,-0.078034,-0.040341,0.019604,0.101521,0.198913,0.329226,0.628671,1.262038,1.850025,4.795822
1986-04-29,0.275738,Training,-0.153052,-0.033284,-0.007363,0.036602,0.104083,0.200414,0.318338,0.579987,1.116208,1.625130,4.353548
1986-04-30,0.243298,Training,-0.107516,-0.007029,0.007390,0.036076,0.078141,0.174860,0.262954,0.460219,0.866438,1.304852,3.695432
1986-05-01,0.194638,Training,-0.097516,-0.002831,0.011302,0.035710,0.072908,0.163367,0.242206,0.417195,0.778821,1.188805,3.431579
1986-05-02,0.178419,Training,-0.112781,-0.017835,0.007025,0.029107,0.088979,0.148383,0.242502,0.433522,0.818311,1.214640,3.432308
1986-05-03,0.162199,Training,-0.132702,-0.036035,-0.001194,0.026706,0.089844,0.141153,0.233368,0.426177,0.816636,1.219397,3.390892
1986-05-04,0.162199,Training,-0.335193,-0.126223,-0.079643,-0.009636,0.079344,0.138227,0.267709,0.536403,1.217286,1.891209,5.350242
1986-05-05,0.162199,Training,-0.367187,-0.153677,-0.117211,-0.030708,0.073169,0.161747,0.319553,0.661662,1.548542,2.474855,7.067838
1986-05-06,0.162199,Training,-0.178779,-0.079460,-0.049633,0.010241,0.092221,0.192541,0.325310,0.615284,1.275434,1.975573,5.235575
1986-05-07,0.162199,Training,-0.179889,-0.071985,-0.046763,-0.000030,0.068615,0.148957,0.256547,0.486337,1.004005,1.530956,4.207248
1986-05-08,0.162199,Training,-0.129442,-0.034374,-0.024416,0.009292,0.059737,0.141945,0.233356,0.419866,0.831881,1.262173,3.651069
1986-05-09,0.162199,Training,-0.129101,-0.031614,-0.019635,0.014116,0.048004,0.142034,0.214243,0.371187,0.717203,1.124051,3.309798
1986-05-10,0.162199,Training,-0.121200,-0.029037,-0.015412,0.012526,0.045778,0.126195,0.183188,0.312103,0.600527,0.961676,2.985658
1986-05-11,0.145979,Training,-0.121726,-0.027235,-0.010320,0.018064,0.050665,0.126345,0.180987,0.303462,0.574098,0.920917,2.899799
1986-05-12,0.162199,Training,-0.104038,-0.014140,-0.003004,0.019032,0.047591,0.108415,0.156759,0.263815,0.518741,0.852966,2.792174
1986-05-13,0.162199,Training,-0.049705,0.000675,0.005294,0.010915,0.047197,0.086481,0.135929,0.235393,0.449476,0.741143,2.477658
1986-05-14,0.145979,Training,-0.056430,-0.007099,0.001102,0.005649,0.051601,0.073670,0.126599,0.225466,0.436777,0.710776,2.403957
1986-05-15,0.145979,Training,-0.041806,0.003840,0.007530,0.011238,0.048102,0.076193,0.121500,0.209083,0.401143,0.668539,2.319863
1986-05-16,0.145979,Training,-0.040059,0.003559,0.006215,0.011996,0.041335,0.076409,0.114131,0.190808,0.368679,0.635949,2.249592
1986-05-17,0.145979,Training,-0.045363,-0.000315,0.003143,0.010775,0.038665,0.074054,0.109210,0.181128,0.354092,0.618702,2.218014
1986-05-18,0.129759,Training,-0.045989,0.000318,0.003631,0.011705,0.038172,0.072791,0.106921,0.176373,0.348243,0.611514,2.212177
1986-05-19,0.129759,Training,-0.043231,0.000602,0.003812,0.011019,0.037881,0.071149,0.105627,0.174576,0.343554,0.603832,2.189693
1986-05-20,0.129759,Training,-0.044983,0.000889,0.005449,0.009957,0.047426,0.066487,0.110234,0.190954,0.375336,0.630637,2.253342
1986-05-21,0.113539,Training,-0.039280,0.002652,0.005571,0.010558,0.042044,0.066750,0.105940,0.180306,0.355123,0.610875,2.206237
1986-05-22,0.113539,Training,-0.050998,-0.001839,0.002447,0.011845,0.037179,0.072484,0.105749,0.173717,0.342574,0.603765,2.198005
1986-05-23,0.113539,Training,-0.041945,0.000388,0.003623,0.010867,0.037606,0.063755,0.094718,0.157213,0.310848,0.556480,2.084282
1986-05-24,0.097319,Training,-0.048918,0.001888,0.006362,0.017882,0.043317,0.064302,0.088351,0.142323,0.284716,0.519134,2.021041
1986-05-25,0.097319,Training,-0.057958,-0.002851,0.005789,0.020678,0.045700,0.068552,0.090205,0.141175,0.277320,0.506915,1.998075
1986-05-26,0.081099,Training,-0.036755,0.002260,0.006948,0.015991,0.039090,0.058210,0.081535,0.130910,0.261445,0.487563,1.935394
1986-05-27,0.048660,Training,-0.045699,-0.000878,0.006044,0.017665,0.039723,0.060626,0.081901,0.128408,0.257125,0.481868,1.931176
1986-05-28,0.032440,Training,-0.043212,-0.000179,0.006454,0.017214,0.038872,0.058376,0.079489,0.125152,0.251881,0.474170,1.912275
1986-05-29,0.016220,Training,-0.036828,0.001586,0.006921,0.015628,0.037452,0.054967,0.077320,0.123581,0.250009,0.471364,1.899738
1986-05-30,0.016220,Training,-0.041893,-0.000378,0.005858,0.015653,0.037517,0.055447,0.077140,0.122055,0.248228,0.468937,1.898073
1986-05-31,0.016220,Training,-0.042497,-0.001416,0.005118,0.014664,0.036808,0.054133,0.076111,0.119997,0.244979,0.464074,1.886618
1986-06-01,0.000000,Training,-0.053217,-0.005282,0.003954,0.016358,0.038696,0.057026,0.077330,0.119366,0.243172,0.460781,1.888918
1986-06-02,0.000000,Training,-0.052113,-0.005110,0.004307,0.016514,0.037484,0.055430,0.074986,0.115171,0.236801,0.452742,1.873355
1986-06-03,0.000000,Training,-0.052170,-0.004848,0.004461,0.016661,0.036503,0.054002,0.072969,0.111933,0.233312,0.448949,1.869167
1986-06-04,0.000000,Training,-0.057394,-0.008003,0.003250,0.016720,0.036583,0.054462,0.072611,0.110029,0.229392,0.443126,1.856936
1986-06-05,0.000000,Training,-0.065238,-0.010561,0.002771,0.018716,0.038029,0.056208,0.072935,0.109075,0.229500,0.443320,1.866348
1986-06-06,0.000000,Training,-0.062716,-0.009943,0.002115,0.016694,0.035893,0.052880,0.070248,0.105907,0.226327,0.439772,1.859939
1986-06-07,0.000000,Training,-0.057585,-0.010870,0.000560,0.012993,0.032768,0.048623,0.066970,0.102076,0.218760,0.429590,1.823987
1986-06-08,0.000000,Training,-0.049732,-0.008701,0.001144,0.011248,0.029731,0.043741,0.062342,0.096402,0.210848,0.419785,1.794796
1986-06-09,0.000000,Training,-0.052148,-0.009921,0.000663,0.011121,0.029035,0.042706,0.060507,0.092656,0.205245,0.412122,1.779120
1986-06-10,0.000000,Training,-0.042355,-0.005702,0.002967,0.010538,0.029044,0.039121,0.059223,0.094345,0.208169,0.413740,1.775837
1986-06-11,0.000000,Training,-0.047268,-0.008942,0.000672,0.009159,0.026676,0.038027,0.056416,0.087998,0.199012,0.403583,1.753902
1986-06-12,0.000000,Training,-0.069882,-0.018108,-0.002642,0.011815,0.029190,0.043462,0.058437,0.085341,0.195456,0.398703,1.759234
1986-06-13,0.000000,Training,-0.077955,-0.022035,-0.003617,0.014146,0.030641,0.046157,0.058982,0.084422,0.194331,0.397576,1.758817
1986-06-14,0.000000,Training,-0.075394,-0.022598,-0.005500,0.010071,0.027071,0.041650,0.055757,0.081090,0.189974,0.392909,1.748198
1986-06-15,0.000000,Training,-0.072513,-0.022822,-0.006871,0.006643,0.023900,0.037361,0.052441,0.077047,0.184587,0.386306,1.730030
1986-06-16,0.000000,Training,-0.063660,-0.020087,-0.006585,0.003708,0.020744,0.032190,0.048511,0.073074,0.178999,0.379088,1.705748
1986-06-17,0.000000,Training,-0.054772,-0.016970,-0.005230,0.002526,0.019340,0.028210,0.045758,0.071786,0.177292,0.376122,1.690061
1986-06-18,0.000000,Training,-0.055601,-0.017788,-0.005849,0.001537,0.018269,0.026436,0.043854,0.068895,0.173236,0.370464,1.675732
1986-06-19,0.000000,Training,-0.054480,-0.016406,-0.004444,0.002085,0.020127,0.025737,0.044717,0.072351,0.178261,0.373856,1.682861
1986-06-20,0.000000,Training,-0.063089,-0.018308,-0.004668,0.001730,0.026002,0.023448,0.046942,0.080807,0.195906,0.388545,1.726687
1986-06-21,0.000000,Training,-0.062938,-0.019507,-0.005967,0.000121,0.023732,0.022725,0.045599,0.078391,0.190405,0.382316,1.706698
1986-06-22,0.000000,Training,-0.063586,-0.019533,-0.006766,-0.000142,0.020278,0.023244,0.043644,0.073321,0.182677,0.376759,1.694109
1986-06-23,0.000000,Training,-0.069953,-0.021011,-0.009447,-0.001104,0.015174,0.021922,0.038430,0.062672,0.171977,0.370147,1.691272
1986-06-24,0.000000,Training,-0.067219,-0.025756,-0.013466,-0.006837,0.010615,0.018563,0.035532,0.058804,0.159876,0.353657,1.630001
1986-06-25,0.000000,Training,-0.073413,-0.030354,-0.017321,-0.010161,0.006302,0.016139,0.031114,0.050056,0.147762,0.340690,1.599048
1986-06-26,0.000000,Training,-0.086239,-0.027594,-0.015465,-0.005569,0.008797,0.016784,0.029878,0.048054,0.157553,0.356288,1.673586
1986-06-27,0.000000,Training,-0.075511,-0.032294,-0.019232,-0.012635,0.003902,0.013281,0.027903,0.046912,0.142178,0.332849,1.578004
1986-06-28,0.000000,Training,-0.077461,-0.034027,-0.020443,-0.014155,0.002345,0.011849,0.026311,0.044907,0.139365,0.329545,1.566331
1986-06-29,0.000000,Training,-0.078424,-0.033181,-0.019701,-0.013768,0.004149,0.011512,0.026996,0.048229,0.143005,0.330629,1.567486
1986-06-30,0.000000,Training,-0.081524,-0.036684,-0.022737,-0.016728,-0.000827,0.008805,0.021584,0.038464,0.128351,0.315225,1.529855
1986-07-01,0.000000,Validation,-0.097244,-0.044855,-0.027675,-0.019183,-0.003553,0.008512,0.018587,0.030244,0.117057,0.302147,1.507203
1986-07-02,0.000000,Validation,-0.098940,-0.046324,-0.029038,-0.020787,-0.005306,0.007043,0.016636,0.027905,0.113072,0.297328,1.494377
1986-07-03,0.000000,Validation,-0.100885,-0.048152,-0.030619,-0.022485,-0.007181,0.005511,0.014639,0.025426,0.109173,0.292875,1.481552
1986-07-04,0.000000,Validation,-0.110430,-0.053735,-0.033347,-0.022656,-0.008004,0.005659,0.012511,0.021236,0.103437,0.286140,1.465524
1986-07-05,0.000000,Validation,-0.113403,-0.056155,-0.034901,-0.023554,-0.009317,0.004699,0.010545,0.018589,0.099169,0.281090,1.451605
1986-07-06,0.000000,Validation,-0.106034,-0.053587,-0.035071,-0.027265,-0.012379,0.000393,0.008149,0.017373,0.095959,0.276779,1.437657
1986-07-07,0.000000,Validation,-0.107142,-0.054836,-0.036102,-0.028643,-0.013820,-0.001419,0.005965,0.014420,0.091279,0.270730,1.420770
1986-07-08,0.000000,Validation,-0.115038,-0.059387,-0.038244,-0.028839,-0.014379,-0.001675,0.003732,0.010228,0.085069,0.262791,1.402188
1986-07-09,0.000000,Validation,-0.110926,-0.058103,-0.038281,-0.030732,-0.016524,-0.004569,0.001347,0.008002,0.080701,0.257221,1.388187
1986-07-10,0.000000,Validation,-0.105255,-0.056320,-0.037707,-0.031687,-0.018251,-0.007017,-0.001072,0.006181,0.076832,0.252626,1.372067
1986-07-11,0.000000,Validation,-0.102193,-0.054500,-0.036588,-0.031404,-0.018707,-0.008616,-0.003012,0.004690,0.074048,0.248743,1.361445
1986-07-12,0.000000,Validation,-0.099963,-0.054395,-0.036547,-0.032256,-0.019507,-0.010190,-0.004296,0.003710,0.070881,0.243795,1.345766
1986-07-13,0.000000,Validation,-0.114595,-0.062486,-0.041196,-0.034410,-0.021909,-0.011063,-0.007762,-0.004564,0.059581,0.230384,1.320978
1986-07-14,0.000000,Validation,-0.119316,-0.065526,-0.042856,-0.034664,-0.022595,-0.011150,-0.009360,-0.006802,0.055640,0.225836,1.309246
1986-07-15,0.000000,Validation,-0.122420,-0.068414,-0.044499,-0.034959,-0.023587,-0.011324,-0.010571,-0.008961,0.052747,0.223237,1.301788
1986-07-16,0.000000,Validation,-0.123512,-0.069995,-0.045716,-0.036124,-0.024767,-0.012677,-0.012244,-0.010858,0.049393,0.219170,1.290788
1986-07-17,0.000000,Validation,-0.125878,-0.072241,-0.046565,-0.035350,-0.024861,-0.012148,-0.013418,-0.012867,0.046077,0.215454,1.278111
1986-07-18,0.000000,Validation,-0.126574,-0.073522,-0.047165,-0.035463,-0.025431,-0.012832,-0.014965,-0.014838,0.042472,0.211016,1.265860
1986-07-19,0.000000,Validation,-0.126303,-0.074189,-0.048268,-0.038022,-0.027184,-0.015825,-0.016963,-0.016611,0.038979,0.206191,1.255968
1986-07-20,0.000000,Validation,-0.126192,-0.074776,-0.049006,-0.039490,-0.028305,-0.017727,-0.018534,-0.018446,0.035548,0.201469,1.244433
1986-07-21,0.000000,Validation,-0.126165,-0.075249,-0.049511,-0.040448,-0.029085,-0.019208,-0.019948,-0.020218,0.032171,0.196774,1.232821
1986-07-22,0.000000,Validation,-0.109851,-0.066612,-0.046055,-0.042149,-0.029682,-0.023080,-0.020200,-0.016093,0.035311,0.198980,1.233330
1986-07-23,0.000000,Validation,-0.111798,-0.062823,-0.043022,-0.038582,-0.026120,-0.021835,-0.018685,-0.012858,0.042001,0.205852,1.259543
1986-07-24,0.000000,Validation,-0.107424,-0.064151,-0.043956,-0.041068,-0.027238,-0.023324,-0.019134,-0.012829,0.036144,0.195989,1.223088
1986-07-25,0.000000,Validation,-0.118770,-0.061980,-0.042556,-0.036885,-0.025204,-0.022526,-0.020455,-0.015671,0.042517,0.207572,1.279565
1986-07-26,0.000000,Validation,-0.110171,-0.067090,-0.047076,-0.043642,-0.029837,-0.025084,-0.021678,-0.016704,0.029606,0.189033,1.205116
1986-07-27,0.000000,Validation,-0.119710,-0.073677,-0.051247,-0.046250,-0.032956,-0.026713,-0.025350,-0.025054,0.019119,0.177933,1.181109
1986-07-28,0.000000,Validation,-0.125244,-0.076456,-0.053128,-0.046698,-0.032977,-0.026743,-0.026221,-0.027068,0.015414,0.172477,1.169542
1986-07-29,0.000000,Validation,-0.129619,-0.079421,-0.054050,-0.045405,-0.032339,-0.025146,-0.026356,-0.027954,0.013635,0.170872,1.163990
1986-07-30,0.000000,Validation,-0.121984,-0.076220,-0.053691,-0.048107,-0.033982,-0.028559,-0.027438,-0.027145,0.013018,0.169648,1.160037
1986-07-31,0.000000,Validation,-0.114091,-0.071089,-0.050585,-0.046730,-0.031645,-0.028536,-0.025449,-0.021400,0.018283,0.173774,1.165486
1986-08-01,0.000000,Validation,-0.114077,-0.071242,-0.050653,-0.047011,-0.032083,-0.029643,-0.026962,-0.024327,0.013311,0.167151,1.149556
1986-08-02,0.000000,Validation,-0.117714,-0.074173,-0.052608,-0.048215,-0.033799,-0.030967,-0.029538,-0.029640,0.006050,0.159161,1.131429
1986-08-03,0.000000,Validation,-0.124006,-0.066477,-0.047244,-0.040928,-0.026805,-0.027549,-0.025684,-0.022195,0.023625,0.180832,1.210874
1986-08-04,0.000000,Validation,-0.114480,-0.068940,-0.049278,-0.045336,-0.026798,-0.028063,-0.022166,-0.013518,0.023481,0.174938,1.166816
1986-08-05,0.000000,Validation,-0.116063,-0.072357,-0.052474,-0.047923,-0.031703,-0.029995,-0.026621,-0.023141,0.011132,0.163963,1.138856
1986-08-06,0.000000,Validation,-0.118388,-0.074418,-0.054672,-0.049492,-0.033595,-0.031591,-0.029431,-0.028591,0.003281,0.154899,1.116529
1986-08-07,0.000000,Validation,-0.118093,-0.073759,-0.054151,-0.049064,-0.032893,-0.031696,-0.029541,-0.028681,0.001526,0.151995,1.109975
1986-08-08,0.000000,Validation,-0.117419,-0.073053,-0.053674,-0.048669,-0.031805,-0.031462,-0.028767,-0.027181,0.001670,0.151038,1.106704
1986-08-09,0.000000,Validation,-0.122265,-0.070975,-0.052310,-0.045600,-0.029526,-0.030357,-0.028544,-0.027277,0.005372,0.156624,1.133605
1986-08-10,0.000000,Validation,-0.121855,-0.071058,-0.052633,-0.045743,-0.028865,-0.030156,-0.027633,-0.025345,0.006310,0.157114,1.133111
1986-08-11,0.000000,Validation,-0.117616,-0.072067,-0.053309,-0.047624,-0.028278,-0.030644,-0.025601,-0.020699,0.007075,0.155089,1.115756
1986-08-12,0.000000,Validation,-0.118884,-0.074396,-0.055528,-0.049314,-0.031161,-0.032188,-0.028779,-0.027284,-0.001475,0.146824,1.095038
1986-08-13,0.000000,Validation,-0.119317,-0.075401,-0.056389,-0.049907,-0.032125,-0.033224,-0.030264,-0.030620,-0.006238,0.141527,1.082968
1986-08-14,0.000000,Validation,-0.122001,-0.078281,-0.057849,-0.050388,-0.033520,-0.034103,-0.032730,-0.035848,-0.012885,0.134878,1.067088
1986-08-15,0.000000,Validation,-0.121662,-0.078259,-0.057936,-0.050364,-0.033210,-0.034342,-0.032847,-0.036040,-0.014125,0.133095,1.062486
1986-08-16,0.000000,Validation,-0.121144,-0.077995,-0.057974,-0.050357,-0.032826,-0.034567,-0.032810,-0.035878,-0.014901,0.131795,1.058948
1986-08-17,0.000000,Validation,-0.122273,-0.073981,-0.055534,-0.047343,-0.028896,-0.032823,-0.029999,-0.030815,-0.007601,0.139157,1.085414
1986-08-18,0.000000,Validation,-0.151273,-0.074860,-0.056652,-0.044831,-0.026262,-0.035937,-0.032587,-0.035081,0.009434,0.168283,1.217310
1986-08-19,0.000000,Validation,-0.122048,-0.078813,-0.060586,-0.051019,-0.031077,-0.032092,-0.027739,-0.026145,-0.003647,0.146733,1.093057
1986-08-20,0.000000,Validation,-0.124442,-0.082201,-0.062424,-0.052300,-0.033520,-0.033927,-0.031104,-0.033110,-0.010877,0.139830,1.073149
1986-08-21,0.000000,Validation,-0.125712,-0.080859,-0.063544,-0.052892,-0.032877,-0.035596,-0.033121,-0.035964,-0.017094,0.128963,1.048353
1986-08-22,0.000000,Validation,-0.123977,-0.080067,-0.061848,-0.051809,-0.031961,-0.035665,-0.033179,-0.036361,-0.019435,0.125509,1.041153
1986-08-23,0.000000,Validation,-0.122411,-0.077532,-0.059588,-0.049962,-0.028834,-0.034405,-0.030468,-0.031383,-0.014829,0.128892,1.050893
1986-08-24,0.000000,Validation,-0.121632,-0.077085,-0.059008,-0.049418,-0.027769,-0.033987,-0.029567,-0.029872,-0.013913,0.129395,1.051283
1986-08-25,0.000000,Validation,-0.122119,-0.079054,-0.060197,-0.050070,-0.029595,-0.034654,-0.031632,-0.034294,-0.018883,0.125447,1.040484
1986-08-26,0.000000,Validation,-0.150819,-0.076521,-0.058626,-0.044314,-0.024159,-0.035618,-0.032653,-0.036558,0.001331,0.157617,1.184012
1986-08-27,0.000000,Validation,-0.122953,-0.077727,-0.060548,-0.049209,-0.024789,-0.031088,-0.024067,-0.019234,-0.000853,0.145836,1.089098
1986-08-28,0.000000,Validation,-0.123824,-0.078806,-0.060980,-0.049658,-0.025069,-0.031666,-0.024347,-0.020302,-0.001295,0.145503,1.085886
1986-08-29,0.000000,Validation,-0.126482,-0.081020,-0.064522,-0.051764,-0.028687,-0.033887,-0.029438,-0.030334,-0.014268,0.130909,1.050866
1986-08-30,0.000000,Validation,-0.126290,-0.083227,-0.064129,-0.051034,-0.030423,-0.034334,-0.032635,-0.036674,-0.022050,0.124002,1.032311
1986-08-31,0.000000,Validation,-0.128959,-0.080159,-0.061611,-0.047677,-0.027544,-0.032949,-0.031726,-0.035586,-0.017784,0.129431,1.057696
1986-09-01,0.000000,Validation,-0.127921,-0.082455,-0.062087,-0.047670,-0.027893,-0.032141,-0.031522,-0.035751,-0.019471,0.127911,1.046455
1986-09-02,0.000000,Validation,-0.127583,-0.084592,-0.062470,-0.047584,-0.027693,-0.031053,-0.030611,-0.034864,-0.019895,0.127414,1.038034
1986-09-03,0.000000,Validation,-0.128448,-0.085127,-0.062545,-0.047025,-0.027047,-0.030321,-0.030072,-0.034271,-0.019149,0.128301,1.039128
1986-09-04,0.000000,Validation,-0.126611,-0.084475,-0.063422,-0.049078,-0.028205,-0.032719,-0.031335,-0.034835,-0.020163,0.126467,1.036048
1986-09-05,0.000000,Validation,-0.125247,-0.083339,-0.063362,-0.049950,-0.028280,-0.033989,-0.031454,-0.034494,-0.019747,0.126050,1.038021
1986-09-06,0.000000,Validation,-0.124866,-0.082784,-0.062898,-0.049966,-0.027599,-0.033650,-0.030059,-0.033200,-0.019530,0.125300,1.036647
1986-09-07,0.000000,Validation,-0.124525,-0.081586,-0.062311,-0.049704,-0.026212,-0.033172,-0.028425,-0.030105,-0.016581,0.127495,1.042858
1986-09-08,0.000000,Validation,-0.128872,-0.078501,-0.060313,-0.046377,-0.022735,-0.031185,-0.026273,-0.026566,-0.008372,0.137564,1.080306
1986-09-09,0.000000,Validation,-0.207473,-0.108246,-0.089947,-0.068470,-0.036666,-0.050897,-0.036892,-0.037830,0.015568,0.194156,1.315430
1986-09-10,0.000000,Validation,-0.178198,-0.096579,-0.079141,-0.054838,-0.029432,-0.031360,-0.022436,-0.018672,0.042227,0.232322,1.388293
1986-09-11,0.000000,Validation,-0.327324,-0.181261,-0.167689,-0.070775,-0.016069,0.035007,0.063123,0.105313,0.275986,0.642068,2.445318
1986-09-12,0.000000,Validation,-0.189297,-0.115177,-0.117931,-0.058284,-0.017375,0.027778,0.061989,0.107007,0.271276,0.583080,2.269216
1986-09-13,0.000000,Validation,-0.156178,-0.099943,-0.095295,-0.057835,-0.031582,0.008212,0.023822,0.049780,0.140430,0.365762,1.633918
1986-09-14,0.000000,Validation,-0.211602,-0.108150,-0.098794,-0.069151,-0.044344,-0.032142,-0.019147,-0.016281,0.074916,0.290253,1.585032
1986-09-15,0.000000,Validation,-0.073993,0.293108,0.434324,1.003844,1.113926,1.372893,1.601528,2.351503,4.681614,6.813507,21.499380
1986-09-16,0.000000,Validation,-0.387385,0.136316,0.439479,1.273748,1.705291,2.328690,3.140593,5.517216,11.966180,18.778526,55.233051
1986-09-17,0.000000,Validation,-0.316517,0.231056,0.456887,0.870360,1.353852,1.761181,2.728124,4.264331,8.735326,13.284418,40.567661
1986-09-18,0.000000,Validation,-0.433625,0.087825,0.242490,0.625081,0.963103,1.362960,2.027922,2.858436,5.535185,7.676543,21.459986
1986-09-19,0.000000,Validation,-0.172359,0.161188,0.147398,0.272159,0.288499,0.547887,0.678837,0.820581,1.435812,2.035833,5.858574
1986-09-20,0.000000,Validation,-0.177803,0.109343,0.095043,0.190691,0.159592,0.347484,0.404356,0.446146,0.856808,1.319694,4.202203
1986-09-21,0.000000,Validation,-0.233666,0.027744,0.023110,0.111959,0.091629,0.244379,0.300289,0.321279,0.730202,1.234668,4.164496
1986-09-22,0.000000,Validation,-0.232913,0.006042,0.009097,0.111020,0.111511,0.276036,0.352610,0.406756,0.899506,1.479479,4.712477
1986-09-23,0.000000,Validation,-0.250985,-0.004391,-0.006290,0.101077,0.110795,0.270646,0.361658,0.424342,0.956464,1.581638,5.079907
1986-09-24,0.000000,Validation,-0.141229,0.024960,0.021173,0.101794,0.102445,0.258634,0.321371,0.392706,0.733707,1.161318,3.504589
1986-09-25,0.000000,Validation,-0.122146,0.036098,0.030322,0.087241,0.069397,0.198507,0.239035,0.276070,0.518989,0.847288,2.789970
1986-09-26,0.000000,Validation,-0.119519,0.022634,0.019338,0.063882,0.040250,0.146817,0.174826,0.192895,0.378385,0.655899,2.335057
1986-09-27,0.000000,Validation,-0.122717,0.017389,0.017934,0.061326,0.030802,0.144400,0.169669,0.178999,0.365033,0.649001,2.314253
1986-09-28,0.000000,Validation,-0.131148,-0.003263,0.001319,0.041365,0.011786,0.121986,0.143488,0.145972,0.318876,0.597814,2.185245
1986-09-29,0.000000,Validation,-0.127160,0.022685,0.030450,0.074477,0.038638,0.164947,0.195736,0.194496,0.397372,0.695652,2.402619
1986-09-30,0.000000,Validation,-0.134049,-0.029775,-0.022286,0.008443,-0.014927,0.077253,0.095224,0.093812,0.238154,0.497750,1.943039
1986-10-01,0.000000,Training,-0.134180,-0.029831,-0.020502,0.008990,-0.014266,0.079076,0.099642,0.095901,0.240879,0.500875,1.939581
1986-10-02,0.000000,Training,-0.120047,-0.024058,-0.014222,0.010127,-0.013473,0.075045,0.091220,0.086964,0.218499,0.469179,1.863257
1986-10-03,0.000000,Training,-0.137870,-0.042207,-0.032560,-0.007699,-0.025741,0.051840,0.065038,0.061087,0.182498,0.425771,1.780696
1986-10-04,0.000000,Training,-0.129644,-0.071377,-0.057437,-0.042347,-0.043637,-0.014798,-0.013363,-0.014233,0.049417,0.243175,1.373897
1986-10-05,0.000000,Training,-0.180049,-0.085025,-0.068118,-0.052577,-0.037091,-0.031161,-0.025982,-0.016925,0.062118,0.259644,1.486157
1986-10-06,0.000000,Training,-0.139514,-0.079371,-0.063432,-0.047385,-0.027802,-0.012109,-0.009782,0.012352,0.061816,0.242088,1.327929
1986-10-07,0.000000,Training,-0.305244,-0.156742,-0.142344,-0.078884,-0.037500,0.003373,0.022818,0.072230,0.218988,0.522565,2.158834
1986-10-08,0.000000,Training,-0.166342,-0.101803,-0.099685,-0.059031,-0.027774,0.020323,0.039237,0.096541,0.227134,0.501548,1.977177
1986-10-09,0.000000,Training,-0.145207,-0.093626,-0.081126,-0.056979,-0.038601,0.006479,0.016102,0.051802,0.147777,0.375834,1.639338
1986-10-10,0.000000,Training,-0.155404,-0.081874,-0.067313,-0.048207,-0.033054,-0.011559,-0.009231,0.010594,0.087710,0.282627,1.471793
1986-10-11,0.000000,Training,-0.331964,-0.161592,-0.154797,-0.043825,0.012065,0.094797,0.120936,0.209903,0.491933,0.943367,3.332022
1986-10-12,0.000000,Training,-0.270723,-0.136441,-0.148205,-0.060182,0.022913,0.094446,0.195389,0.338986,0.770455,1.337700,4.607842
1986-10-13,0.616355,Training,-0.181513,-0.075259,-0.077035,-0.019789,0.025954,0.106110,0.158966,0.276836,0.586524,0.974326,3.370362
1986-10-14,0.713674,Training,-0.314674,-0.135223,-0.140430,-0.049798,0.013754,0.099393,0.162877,0.292126,0.678717,1.167354,4.146435
1986-10-15,0.437937,Training,-0.205034,-0.074087,-0.080729,-0.011644,0.039198,0.132750,0.190061,0.327139,0.705286,1.167855,3.901348
1986-10-16,0.275738,Training,-0.151458,-0.058397,-0.055655,-0.022297,0.006468,0.092527,0.122899,0.221382,0.436212,0.740160,2.590804
1986-10-17,0.178419,Training,-0.152974,-0.055544,-0.046418,-0.027021,-0.010839,0.048664,0.059576,0.119773,0.261587,0.499541,2.004579
1986-10-18,0.145979,Training,-0.143445,-0.063668,-0.051846,-0.037785,-0.019313,0.027708,0.035882,0.089134,0.196583,0.409347,1.736487
1986-10-19,0.113539,Training,-0.142929,-0.069912,-0.054036,-0.043511,-0.022931,0.012607,0.020243,0.069902,0.164411,0.364783,1.621292
1986-10-20,0.081099,Training,-0.136526,-0.065757,-0.049083,-0.039898,-0.022807,0.012804,0.017267,0.063239,0.148833,0.345517,1.572818
1986-10-21,0.048660,Training,-0.131157,-0.063389,-0.045486,-0.036337,-0.024265,0.015170,0.015679,0.057332,0.137437,0.335719,1.546698
1986-10-22,0.032440,Training,-0.134352,-0.067636,-0.048796,-0.041206,-0.023627,0.006004,0.010917,0.055038,0.137831,0.330410,1.536775
1986-10-23,0.032440,Training,-0.150108,-0.065044,-0.046902,-0.035807,-0.020623,0.006676,0.010949,0.054646,0.161392,0.367213,1.682806
1986-10-24,0.032440,Training,-0.179504,-0.079904,-0.060241,-0.045987,-0.023462,-0.002207,0.008244,0.056818,0.188114,0.410295,1.835245
1986-10-25,0.016220,Training,-0.154581,-0.075489,-0.059493,-0.041039,-0.024256,0.018325,0.029117,0.084937,0.222460,0.464196,1.913373
1986-10-26,0.016220,Training,-0.149054,-0.085652,-0.064865,-0.052784,-0.023551,0.002470,0.014802,0.070655,0.172546,0.376715,1.634494
1986-10-27,0.016220,Training,-0.149661,-0.084119,-0.064392,-0.052668,-0.025398,-0.002044,0.007856,0.057939,0.152521,0.347084,1.567552
1986-10-28,0.016220,Training,-0.142474,-0.077567,-0.057834,-0.047257,-0.025826,0.000976,0.008417,0.054075,0.146744,0.342514,1.564506
1986-10-29,0.016220,Training,-0.139409,-0.076678,-0.057454,-0.045900,-0.029538,0.004430,0.015007,0.060158,0.174509,0.386518,1.687725
1986-10-30,0.016220,Training,-0.143653,-0.083397,-0.059292,-0.050310,-0.021724,-0.008855,0.002111,0.048620,0.139765,0.325438,1.521284
1986-10-31,0.016220,Training,-0.140868,-0.080404,-0.054601,-0.045884,-0.015329,-0.004207,0.005628,0.052518,0.134050,0.312579,1.479267
1986-11-01,0.032440,Training,-0.138589,-0.080796,-0.055082,-0.046186,-0.017685,-0.004344,0.007392,0.054051,0.146564,0.332685,1.539820
1986-11-02,0.113539,Training,-0.142716,-0.082359,-0.053948,-0.044598,-0.008296,-0.002364,0.009667,0.059376,0.140976,0.314600,1.474758
1986-11-03,0.113539,Training,-0.144835,-0.085235,-0.055259,-0.045524,-0.008105,-0.003631,0.009360,0.059058,0.141139,0.314075,1.471543
1986-11-04,0.097319,Training,-0.150261,-0.090885,-0.059758,-0.048916,-0.009215,-0.006964,0.006922,0.058604,0.144389,0.318592,1.478212
1986-11-05,0.048660,Training,-0.153658,-0.094557,-0.062616,-0.050584,-0.010021,-0.007984,0.006308,0.059528,0.148725,0.325303,1.491804
1986-11-06,0.016220,Training,-0.155322,-0.095929,-0.063745,-0.050672,-0.009758,-0.006757,0.007856,0.062808,0.155521,0.334771,1.513849
1986-11-07,0.016220,Training,-0.156013,-0.096284,-0.064211,-0.050197,-0.009351,-0.004828,0.010249,0.066661,0.163237,0.345265,1.540325
1986-11-08,0.016220,Training,-0.161028,-0.100587,-0.067880,-0.052154,-0.010560,-0.006099,0.009268,0.067447,0.168518,0.353452,1.557707
1986-11-09,0.016220,Training,-0.176365,-0.113404,-0.078211,-0.058352,-0.015440,-0.012880,0.001598,0.062311,0.170428,0.360283,1.568203
1986-11-10,0.016220,Training,-0.166945,-0.104283,-0.071826,-0.053149,-0.010067,-0.004152,0.012348,0.075387,0.187830,0.380496,1.625549
1986-11-11,0.016220,Training,-0.442455,-0.238829,-0.219704,0.008500,0.086095,0.177651,0.283476,0.664230,1.808293,2.850868,9.880140
1986-11-12,0.016220,Training,-0.261270,-0.139056,-0.117214,0.036638,0.145652,0.269739,0.445782,0.841601,1.930697,2.956692,8.703605
1986-11-13,0.016220,Training,-0.498199,-0.279097,-0.247173,-0.047794,0.050944,0.197795,0.381742,0.845948,2.511093,4.086630,14.260111
1986-11-14,0.032440,Training,-0.812417,-0.577817,-0.377293,0.178018,0.718707,1.431586,2.244000,5.625670,17.050024,31.789856,82.179413
1986-11-15,0.064879,Training,-0.572286,-0.294171,-0.073171,0.259619,0.565729,0.967328,1.527507,3.041219,7.331834,11.374879,28.494225
1986-11-16,0.064879,Training,-0.308569,-0.048469,0.036421,0.168038,0.250248,0.465155,0.674187,1.191808,2.576447,3.655034,10.078459
1986-11-17,0.032440,Training,-0.165932,0.050391,0.076434,0.149924,0.181138,0.342215,0.439863,0.725304,1.450825,2.045944,5.910325
1986-11-18,0.048660,Training,-0.143691,0.017120,0.049105,0.099304,0.119523,0.243938,0.304753,0.501698,0.983950,1.419308,4.242231
1986-11-19,0.064879,Training,-0.161540,-0.034197,0.006192,0.050717,0.074468,0.173007,0.221319,0.381556,0.769707,1.139921,3.491949
1986-11-20,0.064879,Training,-0.182615,-0.065697,-0.024610,0.021496,0.049356,0.135200,0.179670,0.326603,0.690419,1.049379,3.282757
1986-11-21,0.064879,Training,-0.190936,-0.077955,-0.041565,0.006036,0.036910,0.119890,0.166195,0.307297,0.665450,1.023980,3.257653
1986-11-22,0.064879,Training,-0.261486,-0.109624,-0.075623,-0.014509,0.020048,0.103010,0.164835,0.315395,0.791513,1.241061,4.122136
1986-11-23,0.048660,Training,-0.250831,-0.154804,-0.116148,-0.042960,0.003154,0.085143,0.150883,0.320608,0.754262,1.183622,3.622668
1986-11-24,0.048660,Training,-0.250790,-0.159080,-0.119726,-0.054486,-0.010052,0.062856,0.122565,0.272900,0.649078,1.022753,3.185458
1986-11-25,0.048660,Training,-0.243052,-0.141912,-0.109019,-0.046111,-0.004075,0.066167,0.124274,0.263949,0.614999,0.959047,3.049059
1986-11-26,0.032440,Training,-0.239969,-0.141734,-0.108297,-0.052142,-0.010536,0.046330,0.096885,0.215737,0.514924,0.826605,2.703047
1986-11-27,0.032440,Training,-0.229582,-0.133327,-0.102534,-0.051065,-0.009695,0.040829,0.089829,0.195919,0.465087,0.757082,2.527234
1986-11-28,0.016220,Training,-0.237438,-0.135636,-0.105421,-0.051887,-0.010725,0.037395,0.088143,0.189753,0.455950,0.745088,2.482809
1986-11-29,0.016220,Training,-0.262106,-0.143516,-0.113078,-0.046799,-0.001771,0.048086,0.108431,0.213447,0.496239,0.787503,2.559401
1986-11-30,0.016220,Training,-0.212933,-0.127949,-0.095534,-0.052779,-0.008245,0.019283,0.060955,0.148986,0.365685,0.621415,2.181770
1986-12-01,0.016220,Training,-0.237636,-0.136793,-0.104841,-0.050606,-0.004703,0.028580,0.079590,0.174361,0.418872,0.686448,2.322571
1986-12-02,0.016220,Training,-0.207687,-0.123214,-0.090414,-0.047827,-0.001955,0.021253,0.063674,0.150143,0.359971,0.609583,2.153439
1986-12-03,0.016220,Training,-0.167526,-0.095416,-0.066716,-0.039064,0.009876,0.024263,0.058716,0.141224,0.319742,0.553238,2.036980
1986-12-04,0.016220,Training,-0.174489,-0.102137,-0.071451,-0.042561,0.007421,0.019935,0.054945,0.138310,0.320587,0.556058,2.034874
1986-12-05,0.016220,Training,-0.174428,-0.101681,-0.071167,-0.042247,0.008321,0.020181,0.056273,0.140648,0.326183,0.563134,2.053903
1986-12-06,0.016220,Training,-0.173016,-0.099810,-0.069762,-0.041073,0.010058,0.022160,0.059437,0.145547,0.334688,0.574671,2.083310
1986-12-07,0.016220,Training,-0.166931,-0.091701,-0.064141,-0.036349,0.014729,0.027860,0.066774,0.154188,0.348782,0.592752,2.141155
1986-12-08,0.016220,Training,-0.361131,-0.181471,-0.155263,-0.060004,0.017393,0.070395,0.152272,0.341223,0.878096,1.420801,4.755820
1986-12-09,0.016220,Training,-0.255587,-0.188832,-0.156188,-0.080518,-0.001970,0.055746,0.151782,0.347683,0.834199,1.323011,4.017974
1986-12-10,0.016220,Training,-0.261423,-0.176729,-0.138292,-0.081857,-0.019019,0.032520,0.105572,0.266023,0.661873,1.032001,3.267267
1986-12-11,0.016220,Training,-0.230493,-0.142180,-0.107937,-0.064131,-0.004028,0.028560,0.087463,0.213592,0.529172,0.824796,2.765275
1986-12-12,0.016220,Training,-0.196541,-0.119785,-0.086409,-0.050553,0.007269,0.034354,0.086330,0.202026,0.469120,0.764114,2.566154
1986-12-13,0.032440,Training,-0.456367,-0.274224,-0.243682,-0.108082,-0.012800,0.075240,0.199509,0.506586,1.482486,2.418850,7.902943
1986-12-14,0.210858,Training,-0.300497,-0.219582,-0.183931,-0.065992,0.037097,0.141675,0.300613,0.655961,1.585955,2.516605,7.232327
1986-12-15,0.324397,Training,-0.268677,-0.139170,-0.105618,-0.032009,0.035948,0.128649,0.238826,0.494402,1.188735,1.842959,5.739757
1986-12-16,0.405497,Training,-0.229139,-0.125374,-0.094513,-0.038852,0.021462,0.080906,0.159795,0.341508,0.791954,1.224428,3.842127
1986-12-17,0.324397,Training,-0.226637,-0.143075,-0.102832,-0.062047,-0.000807,0.040072,0.106267,0.251275,0.601749,0.940308,3.041564
1986-12-18,0.259518,Training,-0.214209,-0.132553,-0.094861,-0.056840,0.004769,0.038399,0.101317,0.237840,0.562071,0.884764,2.888336
1986-12-19,0.194638,Training,-0.210093,-0.130044,-0.091659,-0.056024,0.005599,0.035116,0.096795,0.228141,0.538533,0.849001,2.795144
1986-12-20,0.162199,Training,-0.177667,-0.099239,-0.069506,-0.036085,0.021260,0.053797,0.114697,0.246393,0.545901,0.873498,2.866897
1986-12-21,0.129759,Training,-0.181647,-0.094625,-0.065376,-0.030905,0.024729,0.055366,0.115836,0.246780,0.556947,0.891756,2.944183
1986-12-22,0.129759,Training,-0.180015,-0.102578,-0.071006,-0.037551,0.019755,0.047330,0.108127,0.237421,0.534854,0.859909,2.825691
1986-12-23,0.129759,Training,-0.225261,-0.143042,-0.118336,-0.088153,-0.034688,-0.004500,0.044347,0.180351,0.461534,0.745820,2.595074
1986-12-24,0.113539,Training,-0.231747,-0.153611,-0.137596,-0.109561,-0.057807,-0.027187,0.018357,0.154245,0.427841,0.713055,2.545906
1986-12-25,0.097319,Training,-0.235359,-0.150802,-0.126798,-0.093794,-0.039108,-0.005516,0.047323,0.194648,0.495119,0.790072,2.708112
1986-12-26,0.081099,Training,-0.241147,-0.152105,-0.109714,-0.064130,-0.000004,0.043222,0.121502,0.292114,0.680873,1.028620,3.229512
1986-12-27,0.064879,Training,-0.169405,-0.100670,-0.069884,-0.037213,0.025905,0.051035,0.113283,0.248627,0.545467,0.870084,2.840310
1986-12-28,0.064879,Training,-0.183478,-0.113802,-0.077837,-0.045441,0.019150,0.041995,0.104250,0.236768,0.536771,0.848524,2.779433
1986-12-29,0.064879,Training,-0.185705,-0.115527,-0.078803,-0.047090,0.017767,0.039208,0.102101,0.233861,0.533364,0.836486,2.755908
1986-12-30,0.064879,Training,-0.192625,-0.119120,-0.080874,-0.048875,0.016333,0.038109,0.102430,0.236090,0.539224,0.838130,2.759217
1986-12-31,0.064879,Training,-0.191545,-0.115990,-0.077008,-0.042346,0.023901,0.055643,0.125936,0.276216,0.604339,0.935010,2.962336
1987-01-01,0.048660,Training,-0.170823,-0.092053,-0.061031,-0.029389,0.036416,0.053356,0.110915,0.241647,0.533434,0.844379,2.797400
1987-01-02,0.048660,Training,-0.160085,-0.087842,-0.058687,-0.028163,0.037177,0.057729,0.116237,0.250051,0.539045,0.854636,2.803872
1987-01-03,0.048660,Training,-0.173262,-0.106419,-0.071703,-0.043299,0.023787,0.037865,0.095123,0.218045,0.490564,0.767896,2.583575
1987-01-04,0.032440,Training,-0.177225,-0.109436,-0.075483,-0.046789,0.020453,0.034369,0.091155,0.215309,0.489048,0.760364,2.572744
1987-01-05,0.032440,Training,-0.179845,-0.111336,-0.077514,-0.048731,0.018860,0.034589,0.091636,0.219263,0.497461,0.769964,2.595808
1987-01-06,0.032440,Training,-0.174727,-0.107519,-0.072784,-0.043964,0.024886,0.041900,0.101118,0.230604,0.514899,0.797109,2.649843
1987-01-07,0.032440,Training,-0.172420,-0.105726,-0.070802,-0.041934,0.027243,0.045722,0.105818,0.237117,0.525178,0.813466,2.681463
1987-01-08,0.032440,Training,-0.227174,-0.101970,-0.068787,-0.028473,0.045037,0.065922,0.138736,0.298980,0.710004,1.112926,3.666143
1987-01-09,0.032440,Training,-0.750330,-0.582219,-0.502643,-0.184071,0.099872,0.414989,0.771354,2.347634,7.625065,13.867230,41.276585
1987-01-10,0.097319,Training,-0.660975,-0.458581,-0.289067,0.111941,0.506214,0.927729,1.577717,3.625067,9.525461,15.917689,37.019978
1987-01-11,0.129759,Training,-0.642869,-0.402893,-0.247857,0.040272,0.307544,0.635312,1.061370,2.419883,6.081676,9.420898,23.930574
1987-01-12,0.486596,Training,-0.828749,-0.465023,0.019205,1.543117,4.137873,6.994617,10.421972,27.607939,70.714394,122.755867,228.439789
1987-01-13,1.038072,Training,-0.693118,0.071364,1.248934,4.378787,10.143871,14.363010,22.463905,44.280735,93.769829,139.298630,261.239777
1987-01-14,0.746114,Training,-0.740893,-0.352121,0.090854,1.164647,2.907235,4.199415,6.014032,12.007739,22.594151,32.735004,64.530968
1987-01-15,0.648795,Training,-0.737469,-0.367556,-0.099435,0.517982,1.288644,2.073903,2.902708,5.979547,12.308320,18.441475,40.625362
1987-01-16,0.519036,Training,-0.623942,-0.316065,-0.124630,0.288159,0.745185,1.287571,1.771702,3.695109,7.399751,11.033793,23.492544
1987-01-17,0.389277,Training,-0.553600,-0.211182,-0.024927,0.326266,0.649537,1.133608,1.506259,3.031037,5.874436,8.476977,17.979515
1987-01-18,0.308178,Training,-0.487382,-0.160624,0.002655,0.287903,0.532777,0.927925,1.234115,2.441030,4.696680,6.686542,14.449468
1987-01-19,0.275738,Training,-0.429078,-0.132755,0.034290,0.277377,0.485607,0.811111,1.101317,2.076484,4.012303,5.614811,12.217943
1987-01-20,0.259518,Training,-0.392966,-0.130272,0.003021,0.190278,0.345517,0.613142,0.844597,1.619941,3.129568,4.386091,9.895905
1987-01-21,0.243298,Training,-0.370354,-0.135248,-0.020612,0.135764,0.265822,0.494455,0.697316,1.354144,2.633032,3.689230,8.536805
1987-01-22,0.210858,Training,-0.339135,-0.126602,-0.008871,0.136217,0.264584,0.462191,0.670137,1.247306,2.437890,3.403349,7.907155
1987-01-23,0.178419,Training,-0.303903,-0.109325,-0.011249,0.116801,0.228829,0.404682,0.591936,1.102694,2.125718,3.036385,7.189098
1987-01-24,0.162199,Training,-0.273480,-0.088634,-0.010849,0.100526,0.195698,0.355511,0.524135,0.974559,1.863246,2.686721,6.612672
1987-01-25,0.162199,Training,-0.353609,-0.115817,-0.039212,0.089417,0.191213,0.351855,0.529044,1.008389,2.104474,3.129564,8.180350
1987-01-26,0.210858,Training,-0.881416,-0.700133,-0.562088,-0.089340,0.566408,1.265480,2.042736,5.524724,14.927994,27.464815,61.866829
1987-01-27,1.573327,Training,-0.872192,-0.560601,-0.196429,1.129728,3.535026,5.698020,9.282745,21.860611,52.901390,93.741676,194.938538
1987-01-28,2.108583,Training,-0.844421,-0.414227,0.159588,2.235572,6.394099,9.755860,15.095292,33.884659,73.373711,121.685814,222.406143
1987-01-29,6.082451,Training,-0.570648,0.567637,2.087152,6.854974,15.421970,20.935589,30.950575,56.344040,106.411285,155.180176,262.363739
1987-01-30,11.110611,Training,-0.443082,0.902430,2.483746,6.828129,13.853852,17.810217,25.362505,42.098846,76.404198,105.453598,188.020920
1987-01-31,5.352557,Training,-0.544284,0.318026,1.085634,3.080283,5.760897,7.788856,10.428643,17.848284,31.557291,43.496475,76.830383
1987-02-01,3.000676,Training,-0.699593,-0.083445,0.409320,1.645482,3.341305,4.802374,6.673812,12.371256,24.045582,35.872372,72.399338
1987-02-02,18.863709,Training,-0.711716,0.025773,0.821001,3.075977,6.921538,10.167724,14.406218,27.645340,53.372234,81.808838,146.443481
1987-02-03,11.662087,Training,-0.393848,0.622017,1.656352,4.159353,7.547229,10.101554,13.344590,22.112144,37.746307,51.567459,82.232079
1987-02-04,4.687543,Training,-0.456626,0.326469,0.953891,2.414709,4.165496,5.579190,7.182605,11.807440,19.345203,26.218801,43.006927
1987-02-05,3.000676,Training,-0.466088,0.166715,0.591449,1.531877,2.512778,3.385276,4.313153,7.071486,11.705867,15.960264,27.524994
1987-02-06,2.319441,Training,-0.449088,0.123880,0.480597,1.231565,1.946793,2.670186,3.354163,5.447911,9.009364,12.360435,21.655085
1987-02-07,1.930165,Training,-0.427626,0.108800,0.416113,1.055341,1.625323,2.252064,2.801764,4.520156,7.431957,10.281340,18.330116
1987-02-08,1.573327,Training,-0.398333,0.109990,0.362034,0.913869,1.364241,1.917129,2.369323,3.826663,6.261841,8.764513,16.229839
1987-02-09,1.411129,Training,-0.600241,-0.104769,0.207116,0.855175,1.499580,2.078154,2.707186,4.438706,8.128488,11.615171,22.294273
1987-02-10,2.108583,Training,-0.750787,-0.227112,0.421877,2.107006,4.935549,7.129948,9.923379,17.966728,34.709858,50.056648,81.626488
1987-02-11,9.553504,Training,-0.413671,0.829517,2.298499,6.397772,12.715549,17.163801,24.385416,41.086830,77.249886,112.376816,190.447800
1987-02-12,6.861005,Training,-0.338014,0.693166,1.750024,4.319264,7.643835,9.802135,12.934611,19.969011,33.508907,43.358658,68.436279
1987-02-13,3.779230,Training,-0.496247,0.419699,1.116571,2.993584,5.200468,6.835654,8.949764,14.234209,24.727983,33.915066,61.489376
1987-02-14,3.779230,Training,-0.432403,0.297204,0.792398,2.040838,3.335269,4.472039,5.676544,9.134353,15.009930,20.429714,34.599789
1987-02-15,2.757378,Training,-0.450943,0.154286,0.529109,1.398950,2.232306,3.058968,3.839961,6.208363,10.204727,14.077875,24.227070
1987-02-16,2.319441,Training,-0.540205,-0.023917,0.249096,0.902980,1.494249,2.124170,2.724599,4.627686,8.365427,12.123026,23.381081
1987-02-17,2.530300,Training,-0.563401,-0.163536,0.027195,0.442747,0.814887,1.261992,1.702459,3.091983,6.165331,9.384251,19.793369
1987-02-18,2.530300,Training,-0.574004,-0.242252,-0.046470,0.295866,0.629644,1.002221,1.418152,2.600499,5.533752,8.310015,17.119059
1987-02-19,2.108583,Training,-0.487032,-0.175961,-0.040675,0.277848,0.549238,0.954149,1.267971,2.395414,4.529102,6.585748,13.022539
1987-02-20,1.751746,Training,-0.466048,-0.179477,-0.069865,0.190449,0.409506,0.747654,1.009842,1.954742,3.788052,5.521344,11.420377
1987-02-21,6.861005,Training,-0.721030,-0.468825,-0.368698,-0.091511,0.201071,0.556459,0.877974,2.053066,4.948611,8.109487,18.355005
1987-02-22,8.596531,Training,-0.486051,-0.213469,-0.042203,0.274222,0.571269,0.983461,1.363315,2.655529,5.464974,7.925085,15.614345
1987-02-23,14.678983,Training,-0.787074,-0.483685,-0.212246,0.349803,1.127925,1.879574,2.808130,5.686661,13.082899,20.267532,38.616726
1987-02-24,19.626043,Training,-0.780687,-0.299311,0.237842,1.828029,4.560607,7.298213,10.838232,22.992548,51.264736,86.615791,156.818008
1987-02-25,141.972526,Training,-0.666680,0.008127,0.726367,2.644690,5.582798,7.998215,11.647808,21.412867,44.417210,69.124451,127.450844
1987-02-26,16.690247,Training,-0.536638,0.095718,0.635944,1.964216,3.574820,4.926063,6.567482,11.241091,20.083466,28.477331,47.431824
1987-02-27,9.066908,Training,-0.449750,0.178575,0.544347,1.499239,2.453776,3.403888,4.376948,7.252603,12.144175,16.952045,29.982395
1987-02-28,6.082451,Training,-0.371908,0.147326,0.356798,0.935655,1.341988,1.993555,2.487404,4.104690,6.844852,9.770902,19.316881
1987-03-01,5.011940,Training,-0.246591,0.068546,0.165046,0.389151,0.505229,0.841658,1.075577,1.827479,3.182091,4.595614,10.284101
1987-03-02,4.379365,Training,-0.139958,0.061075,0.117862,0.215254,0.260249,0.474235,0.624819,1.061052,1.891608,2.749002,6.764851
1987-03-03,4.071187,Training,-0.111890,0.061977,0.110663,0.182176,0.224585,0.400822,0.542089,0.916910,1.641059,2.377656,5.971603
1987-03-04,3.779230,Training,-0.075580,0.052092,0.087228,0.126674,0.163607,0.293718,0.414073,0.702977,1.283664,1.875888,4.948384
1987-03-05,3.243974,Training,-0.059073,0.053341,0.081833,0.115090,0.142279,0.267084,0.371637,0.623589,1.140589,1.689367,4.569085
1987-03-06,3.000676,Training,-0.058330,0.049974,0.077165,0.110811,0.134830,0.258917,0.358080,0.597552,1.094896,1.631550,4.444424
1987-03-07,2.757378,Training,-0.061459,0.032241,0.057689,0.083331,0.118204,0.218473,0.321335,0.546807,1.020532,1.518573,4.176803
1987-03-08,2.319441,Training,-0.058446,0.016876,0.038863,0.056343,0.095294,0.175475,0.270533,0.467303,0.891137,1.344159,3.793314
1987-03-09,1.573327,Training,-0.072964,0.010134,0.025694,0.041680,0.077781,0.142906,0.225009,0.393941,0.800489,1.241431,3.694211
1987-03-10,1.265150,Training,-0.052821,0.004908,0.018932,0.031409,0.068457,0.135439,0.214527,0.373821,0.732680,1.142540,3.374708
1987-03-11,1.265150,Training,-0.065315,0.019123,0.037027,0.057477,0.085433,0.173001,0.256447,0.437783,0.844585,1.305777,3.764631
1987-03-12,1.184051,Training,-0.254224,-0.081372,-0.056793,-0.014568,0.055439,0.106661,0.222595,0.430789,1.022852,1.634951,5.030190
1987-03-13,1.151611,Training,-0.156631,-0.035291,-0.012044,0.024459,0.078589,0.149097,0.257446,0.475611,1.036121,1.622574,4.694805
1987-03-14,1.102951,Training,-0.075623,-0.030958,-0.017557,0.002081,0.054283,0.119023,0.203355,0.368169,0.737820,1.171045,3.391344
1987-03-15,1.038072,Training,-0.087467,-0.035755,-0.026608,-0.007791,0.044758,0.091357,0.164192,0.305859,0.644847,1.032685,3.128038
1987-03-16,0.875873,Training,-0.077895,-0.033806,-0.026739,-0.010981,0.042999,0.074147,0.136834,0.256580,0.543562,0.882576,2.774196
1987-03-17,0.810994,Training,-0.069087,-0.036423,-0.025439,-0.013751,0.040728,0.068067,0.128631,0.242762,0.504352,0.826512,2.607029
1987-03-18,0.746114,Training,-0.070213,-0.037029,-0.024679,-0.013232,0.041517,0.067999,0.128937,0.243549,0.505902,0.828045,2.604376
1987-03-19,0.681235,Training,-0.090389,-0.054002,-0.033615,-0.018556,0.040072,0.063655,0.125861,0.244195,0.514673,0.838853,2.590839
1987-03-20,0.583915,Training,-0.106875,-0.066271,-0.038932,-0.022525,0.040210,0.062993,0.128258,0.248619,0.531236,0.848515,2.599827
1987-03-21,0.519036,Training,-0.129079,-0.065487,-0.036437,-0.015156,0.049168,0.072909,0.142353,0.272775,0.599860,0.945508,2.875270
1987-03-22,0.470376,Training,-0.102518,-0.059756,-0.034894,-0.017328,0.046490,0.074726,0.143978,0.275791,0.575233,0.918116,2.745190
1987-03-23,0.405497,Training,-0.097246,-0.054651,-0.032220,-0.015583,0.047357,0.077839,0.148093,0.281450,0.582591,0.931237,2.773475
1987-03-24,0.405497,Training,-0.295259,-0.116711,-0.086249,-0.032628,0.059176,0.100586,0.219033,0.431574,1.026495,1.627112,4.912983
1987-03-25,0.519036,Training,-0.338641,-0.140428,-0.112082,-0.034518,0.071735,0.157418,0.320996,0.639247,1.534838,2.460632,7.337009
1987-03-26,0.989412,Training,-0.137479,-0.071356,-0.044012,0.010352,0.096372,0.205896,0.350957,0.647714,1.353930,2.093565,5.450348
1987-03-27,1.070511,Training,-0.136485,-0.058707,-0.035123,0.002026,0.074387,0.164350,0.283868,0.525957,1.085092,1.654871,4.453267
1987-03-28,0.746114,Training,-0.156673,-0.060783,-0.034507,0.002674,0.071436,0.142605,0.251865,0.473278,0.999098,1.522013,4.181540
1987-03-29,0.519036,Training,-0.158910,-0.081050,-0.038558,-0.007243,0.065310,0.126417,0.227618,0.427715,0.878277,1.324941,3.568935
1987-03-30,0.470376,Training,-0.156451,-0.074423,-0.029672,0.002927,0.076394,0.137659,0.240896,0.446844,0.889741,1.340058,3.554814
1987-03-31,0.389277,Training,-0.117860,-0.052816,-0.022556,-0.001639,0.066575,0.115080,0.202956,0.374896,0.740823,1.142578,3.188440
1987-04-01,0.324397,Validation,-0.130179,-0.052988,-0.025248,-0.003434,0.061081,0.097522,0.178973,0.335440,0.698911,1.095979,3.175308
1987-04-02,0.308178,Validation,-0.363131,-0.161748,-0.107504,-0.028779,0.080289,0.139041,0.279625,0.554790,1.289930,2.008975,5.632062
1987-04-03,0.389277,Validation,-0.547385,-0.332670,-0.238775,-0.071715,0.110387,0.255570,0.516959,1.081021,2.828826,4.457976,11.195033
1987-04-04,0.551476,Validation,-0.728575,-0.520454,-0.380122,-0.079920,0.283703,0.591668,1.135915,2.584021,7.217386,12.544658,28.058453
1987-04-05,1.751746,Validation,-0.517814,-0.269479,-0.129480,0.152349,0.427469,0.734687,1.166506,2.334414,5.551681,8.924222,20.123573
1987-04-06,2.108583,Validation,-0.682744,-0.382646,-0.269938,0.030091,0.337955,0.721382,1.192070,2.597564,6.594110,11.038619,28.104498
1987-04-07,76.444249,Validation,-0.862387,-0.532840,-0.168367,1.103441,3.270123,5.996104,8.894768,22.255873,55.004162,100.035332,192.183411
1987-04-08,67.166484,Validation,-0.768142,-0.125693,0.703865,3.513366,8.919017,13.656975,20.988846,42.824745,93.448364,154.609924,270.235077
1987-04-09,31.644967,Validation,-0.626216,-0.054990,0.534984,2.039377,4.121716,5.574626,7.819573,13.592158,25.236746,35.675701,59.553078
1987-04-10,10.056320,Validation,-0.594646,-0.162963,0.102483,0.775957,1.438535,2.018773,2.679899,4.449671,7.679162,10.845539,19.162779
1987-04-11,6.082451,Validation,-0.515119,-0.083799,0.113296,0.632875,1.055008,1.493671,1.941410,3.156604,5.357259,7.566230,14.337508
1987-04-12,4.687543,Validation,-0.409898,-0.047733,0.099995,0.436120,0.676449,0.987478,1.296897,2.078616,3.490727,4.892790,9.898218
1987-04-13,3.503492,Validation,-0.313154,-0.020207,0.073846,0.285464,0.397296,0.643193,0.852709,1.339026,2.270759,3.227282,7.252079
1987-04-14,2.757378,Validation,-0.287535,-0.033018,0.043478,0.214109,0.294615,0.499919,0.672748,1.044657,1.788219,2.561461,5.982163
1987-04-15,2.319441,Validation,-0.269661,-0.047327,0.017255,0.158421,0.225965,0.396914,0.550569,0.856895,1.489545,2.149951,5.165243
1987-04-16,1.930165,Validation,-0.371945,-0.104939,-0.040077,0.107859,0.191968,0.327408,0.495216,0.826482,1.678160,2.537745,6.489624
1987-04-17,1.573327,Validation,-0.269412,-0.064093,-0.014722,0.099757,0.158468,0.286398,0.426803,0.699946,1.336584,1.991833,5.087992
1987-04-18,1.265150,Validation,-0.214033,-0.057569,-0.016723,0.069224,0.124099,0.236263,0.367821,0.602406,1.110124,1.646615,4.212901
1987-04-19,1.184051,Validation,-0.204204,-0.054422,-0.022995,0.055674,0.105947,0.209070,0.329754,0.540336,1.001513,1.492085,3.902623
1987-04-20,1.102951,Validation,-0.201684,-0.034546,-0.001265,0.083251,0.130609,0.240728,0.358901,0.572384,1.020337,1.504790,3.943804
1987-04-21,0.989412,Validation,-0.181643,-0.033787,-0.006237,0.060260,0.098429,0.194858,0.298972,0.486741,0.903797,1.366808,3.737003
1987-04-22,0.843433,Validation,-0.136477,-0.030454,-0.009318,0.032406,0.070780,0.147174,0.242632,0.404249,0.759337,1.165765,3.296125
1987-04-23,0.746114,Validation,-0.427381,-0.165107,-0.128822,0.007972,0.093408,0.224052,0.351125,0.682634,1.546489,2.478054,7.397184
1987-04-24,0.713674,Validation,-0.631496,-0.396747,-0.332163,-0.092428,0.132244,0.393849,0.697773,1.647177,4.370538,7.603616,20.692425
1987-04-25,0.713674,Validation,-0.234764,-0.104606,-0.066334,0.050878,0.152512,0.349964,0.573362,1.082723,2.312405,3.695776,9.546283
1987-04-26,0.746114,Validation,-0.102684,-0.028141,-0.022647,0.013684,0.047061,0.167558,0.254257,0.440668,0.870928,1.410161,4.068586
1987-04-27,0.713674,Validation,-0.086565,0.001311,-0.001058,0.023395,0.050792,0.139282,0.210117,0.357570,0.730209,1.172647,3.594788
1987-04-28,1.102951,Validation,-0.102860,-0.007417,-0.001916,0.014254,0.051039,0.106775,0.176049,0.313749,0.673316,1.078528,3.418177
1987-04-29,1.070511,Validation,-0.069713,-0.008193,-0.001940,0.008120,0.046542,0.094741,0.158022,0.280962,0.570097,0.920651,2.931659
1987-04-30,0.989412,Validation,-0.048765,-0.000678,0.002283,0.010163,0.037544,0.091601,0.142413,0.244511,0.488040,0.818034,2.671869
1987-05-01,0.956972,Validation,-0.052014,-0.003370,-0.000522,0.009711,0.032730,0.087068,0.130689,0.220722,0.445853,0.764332,2.556055
1987-05-02,0.875873,Validation,-0.051424,-0.004430,-0.000817,0.008714,0.032286,0.082633,0.125507,0.212302,0.430391,0.741463,2.502838
1987-05-03,0.843433,Validation,-0.069201,-0.001298,0.002320,0.016490,0.037871,0.085252,0.126700,0.213574,0.454331,0.779775,2.665078
1987-05-04,0.778554,Validation,-0.048064,-0.003174,0.000264,0.008680,0.033711,0.079500,0.124257,0.210938,0.427210,0.733792,2.483655
1987-05-05,0.713674,Validation,-0.040714,-0.000325,0.003769,0.006664,0.040256,0.070969,0.121770,0.211587,0.426970,0.717523,2.441366
1987-05-06,0.648795,Validation,-0.035579,0.003274,0.005007,0.008511,0.036114,0.071728,0.116967,0.198368,0.401028,0.688043,2.378701
1987-05-07,0.616355,Validation,-0.043765,-0.001123,0.002330,0.009964,0.032755,0.074201,0.112991,0.186837,0.380455,0.667769,2.342328
1987-05-08,0.583915,Validation,-0.040951,-0.001197,0.001573,0.007837,0.031515,0.070111,0.110866,0.185010,0.379605,0.665345,2.335785
1987-05-09,0.681235,Validation,-0.040739,-0.000518,0.001872,0.007080,0.032928,0.067791,0.113302,0.191085,0.395031,0.682421,2.379659
1987-05-10,1.573327,Validation,-0.088522,-0.001531,0.002289,0.014157,0.040436,0.068374,0.122650,0.210699,0.487588,0.818994,2.854736
1987-05-11,1.573327,Validation,-0.066262,-0.000939,0.003941,0.015391,0.042432,0.083872,0.142165,0.240651,0.489161,0.806156,2.689362
1987-05-12,1.573327,Validation,-0.036059,0.002141,0.004703,0.008793,0.040057,0.068693,0.112173,0.191088,0.376749,0.646554,2.280653
1987-05-13,1.184051,Validation,-0.032298,0.004968,0.005878,0.012029,0.049603,0.061130,0.097787,0.168943,0.330693,0.568324,2.096367
1987-05-14,0.486596,Validation,-0.031667,0.008179,0.008797,0.015148,0.049450,0.062833,0.097420,0.166635,0.327546,0.566391,2.106161
1987-05-15,0.308178,Validation,-0.031962,0.005609,0.007834,0.013374,0.050229,0.061705,0.097887,0.168916,0.328685,0.564870,2.092906
1987-05-16,0.243298,Validation,-0.055860,-0.002097,0.003127,0.012305,0.055447,0.057401,0.096888,0.173522,0.355353,0.597812,2.202523
1987-05-17,0.178419,Validation,-0.052533,-0.008479,-0.001429,0.006848,0.051968,0.052836,0.092990,0.168955,0.339515,0.574540,2.117104
1987-05-18,0.129759,Validation,-0.047251,0.007689,0.009846,0.018717,0.053561,0.063297,0.098701,0.170043,0.346402,0.592245,2.210331
1987-05-19,0.097319,Validation,-0.034591,0.003915,0.005768,0.012651,0.045471,0.061818,0.095355,0.162575,0.316868,0.554441,2.070610
1987-05-20,0.064879,Validation,-0.044794,-0.002457,0.000514,0.011359,0.038494,0.063607,0.090553,0.149159,0.294644,0.535193,2.026506
1987-05-21,0.032440,Validation,-0.059283,-0.006082,0.000188,0.015044,0.042929,0.070168,0.094982,0.152393,0.297021,0.535712,2.042306
1987-05-22,0.016220,Validation,-0.088377,0.002665,0.004632,0.018510,0.047113,0.059807,0.092281,0.155366,0.358874,0.631206,2.421514
1987-05-23,0.016220,Validation,-0.045019,0.006460,0.008204,0.017558,0.049204,0.065116,0.098193,0.166733,0.332328,0.577138,2.164425
1987-05-24,0.016220,Validation,-0.045911,-0.003329,0.002631,0.009541,0.048461,0.058350,0.096296,0.167622,0.328546,0.563610,2.092082
1987-05-25,0.016220,Validation,-0.043736,0.000166,0.001811,0.010098,0.044238,0.058863,0.092496,0.157610,0.311202,0.543681,2.049689
1987-05-26,0.016220,Validation,-0.052572,0.004439,0.005773,0.016154,0.047088,0.061962,0.093125,0.157273,0.321157,0.561211,2.132025
1987-05-27,0.016220,Validation,-0.045191,0.000201,0.002844,0.011316,0.042801,0.059564,0.090791,0.153519,0.304467,0.538318,2.046265
1987-05-28,0.016220,Validation,-0.044765,-0.001561,0.001764,0.009843,0.041049,0.058985,0.089807,0.151409,0.299313,0.532535,2.023726
1987-05-29,0.016220,Validation,-0.052445,-0.005422,-0.000685,0.010115,0.037943,0.059424,0.085238,0.138144,0.275950,0.505292,1.968442
1987-05-30,0.000000,Validation,-0.057688,-0.007455,-0.000873,0.011171,0.038680,0.060433,0.085071,0.135912,0.271671,0.498988,1.961709
1987-05-31,0.000000,Validation,-0.051835,-0.005762,-0.000020,0.010272,0.037569,0.057227,0.082336,0.133116,0.267236,0.492861,1.943076
1987-06-01,0.000000,Validation,-0.057109,-0.007314,-0.000114,0.011598,0.038092,0.058117,0.081771,0.130397,0.263277,0.487588,1.939159
1987-06-02,0.000000,Validation,-0.057773,-0.008107,-0.000121,0.011611,0.037744,0.057159,0.080198,0.127357,0.257518,0.479270,1.920846
1987-06-03,0.000000,Validation,-0.050547,-0.003567,0.002262,0.012209,0.037233,0.053414,0.076808,0.124722,0.256547,0.478360,1.921201
1987-06-04,0.000000,Validation,-0.046378,-0.004133,0.002035,0.010795,0.035382,0.050264,0.073711,0.119880,0.246791,0.464562,1.881890
1987-06-05,0.000000,Validation,-0.050812,-0.006588,0.001103,0.011234,0.033767,0.049621,0.070677,0.112204,0.235131,0.450536,1.856240
1987-06-06,0.000000,Validation,-0.050657,-0.006998,0.000932,0.010875,0.032460,0.047790,0.068394,0.107780,0.228668,0.442166,1.839731
1987-06-07,0.000000,Validation,-0.043075,-0.003649,0.003039,0.010901,0.032541,0.044897,0.067098,0.108474,0.230333,0.442672,1.837507
1987-06-08,0.000000,Validation,-0.048272,-0.006031,0.003004,0.009506,0.039712,0.041242,0.070471,0.120584,0.253032,0.460533,1.881260
1987-06-09,0.000000,Validation,-0.057911,-0.013316,-0.002434,0.004508,0.039759,0.035881,0.068355,0.121327,0.260310,0.466619,1.895283
1987-06-10,0.000000,Validation,-0.064020,-0.006347,0.003194,0.012476,0.043546,0.041205,0.070651,0.120725,0.265307,0.476323,1.955189
1987-06-11,0.000000,Validation,-0.072984,-0.002658,0.004335,0.016677,0.037475,0.043777,0.066525,0.107813,0.258597,0.484434,2.023233
1987-06-12,0.000000,Validation,-0.052439,-0.011892,-0.003894,0.004861,0.026767,0.039204,0.061830,0.100349,0.220420,0.431427,1.811729
1987-06-13,0.000000,Validation,-0.195523,-0.058098,-0.046609,-0.015995,0.016658,0.025331,0.063028,0.115646,0.324693,0.612679,2.485247
1987-06-14,0.000000,Validation,-0.079501,-0.024871,-0.014889,-0.001047,0.035123,0.034738,0.068220,0.124597,0.276623,0.496094,1.993891
1987-06-15,0.000000,Validation,-0.086158,-0.027264,-0.015175,-0.001198,0.031962,0.035499,0.067149,0.120402,0.276356,0.501680,2.005162
1987-06-16,0.000000,Validation,-0.068929,-0.020936,-0.014985,-0.003539,0.020128,0.033380,0.058776,0.098957,0.231278,0.446106,1.854342
1987-06-17,0.000000,Validation,-0.073235,-0.026085,-0.018339,-0.007143,0.011717,0.030165,0.049501,0.079857,0.199955,0.413222,1.773511
1987-06-18,0.000000,Validation,-0.075757,-0.026120,-0.017844,-0.007117,0.011823,0.028431,0.047276,0.076689,0.195688,0.406350,1.762106
1987-06-19,0.000000,Validation,-0.069206,-0.023346,-0.014613,-0.006301,0.014136,0.027210,0.048079,0.080771,0.198448,0.405478,1.751716
1987-06-20,0.000000,Validation,-0.075004,-0.027111,-0.016986,-0.007928,0.010727,0.025401,0.043421,0.070451,0.183478,0.388896,1.716461
1987-06-21,0.000000,Validation,-0.089418,-0.034180,-0.020167,-0.008422,0.010595,0.026591,0.042539,0.065433,0.175252,0.377629,1.698240
1987-06-22,0.000000,Validation,-0.099010,-0.039241,-0.021694,-0.006577,0.011364,0.028350,0.041571,0.062270,0.170917,0.372655,1.688695
1987-06-23,0.000000,Validation,-0.097382,-0.039438,-0.022730,-0.009190,0.008799,0.024879,0.038656,0.058976,0.166287,0.367237,1.676726
1987-06-24,0.000000,Validation,-0.119514,-0.036678,-0.020407,-0.002651,0.012100,0.024546,0.036395,0.055133,0.186533,0.401614,1.830193
1987-06-25,0.000000,Validation,-0.102134,-0.042964,-0.025684,-0.011422,0.006014,0.021782,0.034813,0.054164,0.161213,0.362199,1.668723
1987-06-26,0.000000,Validation,-0.100237,-0.045124,-0.028006,-0.015784,0.002458,0.017678,0.031670,0.050193,0.154591,0.354022,1.637821
1987-06-27,0.000000,Validation,-0.155143,-0.052048,-0.032699,-0.009792,0.005260,0.014376,0.025274,0.038649,0.184794,0.410238,1.898289
1987-06-28,0.000000,Validation,-0.186401,-0.069500,-0.049040,-0.021302,-0.004780,0.005634,0.020220,0.036662,0.198774,0.445996,2.040414
1987-06-29,0.000000,Validation,-0.206509,-0.085374,-0.065361,-0.033091,-0.015537,0.003166,0.022913,0.046728,0.229556,0.508097,2.226473
1987-06-30,0.000000,Validation,-0.172104,-0.070831,-0.055192,-0.023899,-0.011190,0.013104,0.029076,0.050826,0.231345,0.499555,2.159976
1987-07-01,0.000000,Training,-0.160029,-0.069396,-0.057383,-0.024592,-0.017701,0.014198,0.027128,0.043751,0.217407,0.475603,2.045687
1987-07-02,0.000000,Training,-0.212282,-0.087149,-0.072983,-0.038133,-0.023895,0.000064,0.013739,0.028490,0.212018,0.479993,2.133747
1987-07-03,0.000000,Training,-0.173613,-0.068367,-0.056249,-0.023395,-0.014766,0.016603,0.023277,0.041459,0.208860,0.461119,2.034603
1987-07-04,0.000000,Training,-0.241010,-0.105704,-0.091276,-0.051347,-0.036833,-0.002842,0.012068,0.034119,0.235108,0.533056,2.307022
1987-07-05,0.000000,Training,-0.257407,-0.116779,-0.108869,-0.061655,-0.046060,-0.000342,0.019436,0.053975,0.283925,0.621950,2.575341
1987-07-06,0.000000,Training,-0.204748,-0.090483,-0.083396,-0.042545,-0.031332,0.020416,0.035946,0.071157,0.299558,0.623539,2.526650
1987-07-07,0.000000,Training,-0.148663,-0.079783,-0.069917,-0.040573,-0.033058,0.021707,0.028201,0.054373,0.199745,0.448531,1.881312
1987-07-08,0.000000,Training,-0.149425,-0.074118,-0.061154,-0.036152,-0.034461,0.015678,0.016328,0.032786,0.161946,0.390766,1.739785
1987-07-09,0.000000,Training,-0.175842,-0.066307,-0.053717,-0.026245,-0.030361,0.011940,0.008719,0.020994,0.177138,0.420257,1.920397
1987-07-10,0.000000,Training,-0.139988,-0.066225,-0.052049,-0.032887,-0.032929,0.009177,0.006688,0.021638,0.133737,0.351035,1.656054
1987-07-11,0.000000,Training,-0.134766,-0.066907,-0.050416,-0.034337,-0.033844,0.003716,0.001325,0.013678,0.115754,0.325286,1.579732
1987-07-12,0.000000,Training,-0.236495,-0.100585,-0.085838,-0.055271,-0.051779,-0.022528,-0.018865,-0.007639,0.155170,0.420589,1.993824
1987-07-13,0.000000,Training,-0.221919,-0.097502,-0.084531,-0.053049,-0.048985,-0.011722,-0.005546,0.016286,0.191580,0.478618,2.155930
1987-07-14,0.000000,Training,-0.132441,-0.077999,-0.066639,-0.043928,-0.040197,0.010784,0.016259,0.046917,0.173930,0.424498,1.799860
1987-07-15,0.000000,Training,-0.132640,-0.073161,-0.063480,-0.044404,-0.045060,-0.005207,-0.003539,0.012963,0.125273,0.347374,1.613318
1987-07-16,0.000000,Training,-0.152457,-0.064081,-0.057256,-0.034223,-0.041426,-0.009034,-0.010043,-0.000420,0.133850,0.362016,1.730765
1987-07-17,0.000000,Training,-0.151132,-0.063035,-0.053778,-0.033485,-0.040212,-0.011785,-0.013484,-0.005256,0.123114,0.348296,1.709566
1987-07-18,0.000000,Training,-0.117501,-0.061253,-0.048999,-0.037869,-0.034589,-0.008153,-0.006419,0.011426,0.100385,0.298458,1.494362
1987-07-19,0.000000,Training,-0.118055,-0.062632,-0.050031,-0.040249,-0.037147,-0.012154,-0.012056,0.000118,0.081186,0.272759,1.428014
1987-07-20,0.000000,Training,-0.119775,-0.065583,-0.053674,-0.042925,-0.042777,-0.017774,-0.019052,-0.013938,0.066101,0.256451,1.396541
1987-07-21,0.000000,Training,-0.121044,-0.066543,-0.051277,-0.042629,-0.040234,-0.018533,-0.021158,-0.017715,0.051538,0.233463,1.338216
1987-07-22,0.000000,Training,-0.118619,-0.067972,-0.053101,-0.043428,-0.044228,-0.022084,-0.022938,-0.022685,0.053586,0.240927,1.362901
1987-07-23,0.000000,Training,-0.111780,-0.062268,-0.047304,-0.039877,-0.036891,-0.020803,-0.018801,-0.012527,0.061423,0.243409,1.365760
1987-07-24,0.000000,Training,-0.109504,-0.061682,-0.044426,-0.040170,-0.031317,-0.020086,-0.019271,-0.010616,0.046410,0.215075,1.279227
1987-07-25,0.000000,Training,-0.115647,-0.066956,-0.047409,-0.042988,-0.032705,-0.021638,-0.022339,-0.017718,0.032069,0.196353,1.228840
1987-07-26,0.000000,Training,-0.121227,-0.070133,-0.049150,-0.043794,-0.033340,-0.022324,-0.023838,-0.021091,0.026768,0.189574,1.215608
1987-07-27,0.000000,Training,-0.126806,-0.073468,-0.050784,-0.043519,-0.033673,-0.021970,-0.025008,-0.023701,0.023275,0.185985,1.208177
1987-07-28,0.000000,Training,-0.127044,-0.074725,-0.051891,-0.044505,-0.034663,-0.023125,-0.025797,-0.025223,0.020296,0.182716,1.199642
1987-07-29,0.000000,Training,-0.123105,-0.069861,-0.050171,-0.043258,-0.035333,-0.025568,-0.027827,-0.026866,0.023806,0.189936,1.229863
1987-07-30,0.000000,Training,-0.118646,-0.073850,-0.053735,-0.047278,-0.041399,-0.030485,-0.031494,-0.034194,0.017325,0.185081,1.216643
1987-07-31,0.000000,Training,-0.125292,-0.077215,-0.054170,-0.046832,-0.037096,-0.028812,-0.030361,-0.032844,0.011622,0.172389,1.177695
1987-08-01,0.000000,Training,-0.130617,-0.079713,-0.055030,-0.046454,-0.032388,-0.025818,-0.027365,-0.027839,0.009657,0.164676,1.144992
1987-08-02,0.000000,Training,-0.132839,-0.081806,-0.055930,-0.045403,-0.031955,-0.024812,-0.027761,-0.028856,0.008160,0.163580,1.139558
1987-08-03,0.000000,Training,-0.133228,-0.082677,-0.056739,-0.045849,-0.032287,-0.025619,-0.028689,-0.029921,0.006388,0.161610,1.134589
1987-08-04,0.000000,Training,-0.131404,-0.082450,-0.057565,-0.048394,-0.034006,-0.028924,-0.030073,-0.031838,0.003131,0.157447,1.128143
1987-08-05,0.000000,Training,-0.117863,-0.074872,-0.054538,-0.049437,-0.033993,-0.032029,-0.029549,-0.028322,0.005235,0.158295,1.127598
1987-08-06,0.000000,Training,-0.130707,-0.069066,-0.049871,-0.042020,-0.027899,-0.030327,-0.028705,-0.027445,0.018882,0.177029,1.211531
1987-08-07,0.000000,Training,-0.133243,-0.069642,-0.050807,-0.042159,-0.027998,-0.030646,-0.028875,-0.027515,0.020463,0.180296,1.225778
1987-08-08,0.000000,Training,-0.118835,-0.076418,-0.056711,-0.050513,-0.034126,-0.032344,-0.028776,-0.026679,0.006303,0.160400,1.131428
1987-08-09,0.000000,Training,-0.121161,-0.078147,-0.058633,-0.051963,-0.035352,-0.033995,-0.031121,-0.031174,-0.000152,0.152068,1.108978
1987-08-10,0.000000,Training,-0.124077,-0.079683,-0.060033,-0.052511,-0.035866,-0.035068,-0.033454,-0.035660,-0.007536,0.142244,1.085607
1987-08-11,0.000000,Training,-0.133587,-0.084294,-0.060229,-0.049203,-0.033542,-0.031649,-0.032781,-0.037846,-0.010693,0.138661,1.080515
1987-08-12,0.000000,Training,-0.132343,-0.084445,-0.060404,-0.049633,-0.033548,-0.032036,-0.032678,-0.037131,-0.011093,0.138304,1.079051
1987-08-13,0.000000,Training,-0.129770,-0.082506,-0.060214,-0.050319,-0.033976,-0.033664,-0.033384,-0.036948,-0.010209,0.140160,1.086487
1987-08-14,0.000000,Training,-0.124017,-0.079604,-0.059118,-0.050773,-0.033974,-0.035262,-0.033873,-0.036440,-0.011010,0.138259,1.079850
1987-08-15,0.000000,Training,-0.122361,-0.079267,-0.058776,-0.050868,-0.033680,-0.035807,-0.034116,-0.037025,-0.013595,0.134103,1.067516
1987-08-16,0.000000,Training,-0.121172,-0.076108,-0.056877,-0.049205,-0.030958,-0.034878,-0.032016,-0.033182,-0.009811,0.136761,1.076897
1987-08-17,0.000000,Training,-0.121415,-0.079454,-0.058993,-0.050949,-0.033271,-0.036176,-0.034232,-0.037767,-0.016734,0.129671,1.054689
1987-08-18,0.000000,Training,-0.127369,-0.082764,-0.059762,-0.049445,-0.032177,-0.034247,-0.033777,-0.039294,-0.018755,0.127803,1.050883
1987-08-19,0.000000,Training,-0.128968,-0.083594,-0.060042,-0.048721,-0.031318,-0.033200,-0.033074,-0.038773,-0.018791,0.127897,1.050854
1987-08-20,0.000000,Training,-0.131866,-0.085528,-0.060615,-0.047436,-0.030273,-0.031230,-0.032043,-0.038293,-0.018385,0.129033,1.051974
1987-08-21,0.000000,Training,-0.128891,-0.082221,-0.060105,-0.047993,-0.030713,-0.033489,-0.033311,-0.038345,-0.016667,0.132121,1.065699
1987-08-22,0.000000,Training,-0.121026,-0.078796,-0.059526,-0.050412,-0.029912,-0.035180,-0.031141,-0.032283,-0.014084,0.131225,1.056738
1987-08-23,0.000000,Training,-0.120089,-0.077158,-0.058170,-0.049282,-0.027846,-0.034802,-0.029895,-0.030219,-0.012664,0.131017,1.056471
1987-08-24,0.000000,Training,-0.119787,-0.076047,-0.057505,-0.048568,-0.026060,-0.034422,-0.028577,-0.027636,-0.010172,0.132544,1.060539
1987-08-25,0.000000,Training,-0.120027,-0.077956,-0.058954,-0.049553,-0.028488,-0.035213,-0.030633,-0.032713,-0.015959,0.128092,1.050067
1987-08-26,0.000000,Training,-0.121554,-0.081485,-0.060619,-0.050031,-0.031074,-0.035893,-0.033446,-0.039399,-0.022920,0.122879,1.035940
1987-08-27,0.000000,Training,-0.121938,-0.081851,-0.060598,-0.049596,-0.030605,-0.035583,-0.033362,-0.039654,-0.023613,0.122062,1.033832
1987-08-28,0.000000,Training,-0.345242,-0.181142,-0.152517,-0.041596,-0.003093,0.045359,0.042140,0.063909,0.196289,0.526082,2.058282
1987-08-29,0.000000,Training,-0.317457,-0.181327,-0.186470,-0.080127,-0.006415,0.058157,0.134684,0.208655,0.499947,1.001049,3.556815
1987-08-30,0.000000,Training,-0.272403,-0.140452,-0.150601,-0.064170,0.006779,0.070400,0.158532,0.242567,0.567875,1.055699,3.778687
1987-08-31,0.000000,Training,-0.275624,-0.144875,-0.152904,-0.081619,-0.028318,0.026494,0.088180,0.144677,0.388575,0.784873,3.020471
1987-09-01,0.000000,Training,-0.154916,-0.082682,-0.086171,-0.041045,-0.015157,0.052685,0.076130,0.117726,0.254516,0.525015,2.039506
1987-09-02,0.000000,Training,-0.141152,-0.070255,-0.065200,-0.041007,-0.027799,0.023063,0.030793,0.047342,0.125783,0.337741,1.570158
1987-09-03,0.000000,Training,-0.129621,-0.063237,-0.054808,-0.038914,-0.028920,0.005938,0.008622,0.013972,0.065154,0.250198,1.358039
1987-09-04,0.000000,Training,-0.125273,-0.066052,-0.054158,-0.040942,-0.030446,-0.004107,-0.002699,0.000857,0.041239,0.217750,1.278863
1987-09-05,0.000000,Training,-0.122321,-0.067695,-0.054115,-0.041860,-0.031089,-0.010269,-0.009641,-0.007600,0.026189,0.197325,1.229059
1987-09-06,0.000000,Training,-0.121882,-0.071809,-0.054599,-0.041239,-0.033242,-0.013028,-0.016014,-0.018215,0.012480,0.183158,1.189502
1987-09-07,0.000000,Training,-0.124591,-0.073525,-0.052255,-0.036351,-0.029466,-0.009289,-0.014560,-0.018093,0.011390,0.181683,1.183138
1987-09-08,0.000000,Training,-0.125068,-0.074529,-0.052577,-0.036243,-0.028988,-0.009829,-0.015213,-0.018840,0.009404,0.179061,1.176101
1987-09-09,0.000000,Training,-0.120282,-0.073963,-0.056179,-0.043221,-0.033696,-0.018368,-0.020592,-0.023325,0.002732,0.169874,1.155624
1987-09-10,0.000000,Training,-0.120163,-0.074303,-0.055067,-0.041658,-0.032826,-0.018221,-0.021257,-0.025363,0.000162,0.166406,1.145336
1987-09-11,0.000000,Training,-0.121500,-0.074699,-0.052695,-0.037597,-0.029854,-0.014962,-0.019524,-0.024764,0.000852,0.167015,1.145136
1987-09-12,0.000000,Training,-0.123449,-0.076520,-0.053203,-0.036944,-0.029395,-0.014265,-0.019154,-0.024833,0.001586,0.168721,1.149625
1987-09-13,0.000000,Training,-0.126083,-0.078879,-0.054589,-0.036940,-0.029941,-0.014312,-0.019466,-0.026228,0.002167,0.171056,1.157926
1987-09-14,0.000000,Training,-0.123636,-0.079808,-0.056106,-0.038339,-0.032926,-0.016899,-0.021077,-0.029151,0.003694,0.176614,1.174699
1987-09-15,0.000000,Training,-0.116846,-0.077533,-0.055761,-0.035941,-0.038003,-0.013568,-0.016109,-0.029820,0.021575,0.210662,1.268914
1987-09-16,0.000000,Training,-0.119550,-0.082084,-0.057761,-0.039946,-0.034342,-0.022729,-0.025129,-0.035093,0.001098,0.173484,1.170051
1987-09-17,0.000000,Training,-0.123736,-0.084496,-0.058215,-0.039945,-0.030018,-0.023837,-0.026180,-0.033890,-0.002760,0.162406,1.138021
1987-09-18,0.000000,Training,-0.123167,-0.085678,-0.058973,-0.041636,-0.028579,-0.024479,-0.025432,-0.031104,-0.003165,0.158301,1.120137
1987-09-19,0.000000,Training,-0.142676,-0.083049,-0.058515,-0.038822,-0.022287,-0.025405,-0.026435,-0.029830,0.007067,0.169789,1.182872
1987-09-20,0.000000,Training,-0.323110,-0.175814,-0.152576,-0.064259,-0.019798,0.020282,0.033272,0.062067,0.190989,0.504847,2.064583
1987-09-21,0.000000,Training,-0.150120,-0.112805,-0.102225,-0.063534,-0.027560,0.010803,0.036472,0.076469,0.168464,0.418508,1.724385
1987-09-22,0.000000,Training,-0.144848,-0.096161,-0.081748,-0.055614,-0.029499,-0.001346,0.014057,0.037192,0.107820,0.311658,1.486974
1987-09-23,0.000000,Training,-0.142958,-0.083678,-0.068678,-0.048793,-0.029356,-0.018240,-0.012106,-0.006173,0.042085,0.217888,1.294902
1987-09-24,0.000000,Training,-0.134057,-0.084293,-0.065864,-0.049986,-0.031556,-0.021229,-0.017038,-0.012054,0.026010,0.196221,1.223859
1987-09-25,0.000000,Training,-0.205964,-0.106244,-0.087783,-0.067290,-0.040387,-0.040064,-0.026351,-0.020482,0.054813,0.255038,1.486262
1987-09-26,0.000000,Training,-0.158660,-0.085927,-0.070867,-0.048435,-0.025465,-0.013716,-0.004363,0.013845,0.082972,0.280538,1.484129
1987-09-27,0.000000,Training,-0.151377,-0.086585,-0.070052,-0.048233,-0.028331,-0.011880,-0.005014,0.011018,0.076322,0.271273,1.437762
1987-09-28,0.000000,Training,-0.136723,-0.089495,-0.073411,-0.056381,-0.036881,-0.022357,-0.018070,-0.008152,0.031108,0.204175,1.229792
1987-09-29,0.000000,Training,-0.139219,-0.086101,-0.069127,-0.052257,-0.035492,-0.022995,-0.022362,-0.015946,0.022920,0.192512,1.210936
1987-09-30,0.000000,Training,-0.137177,-0.082461,-0.065851,-0.051370,-0.033053,-0.024013,-0.022304,-0.014189,0.020662,0.184355,1.193277
1987-10-01,0.000000,Training,-0.131878,-0.080681,-0.063035,-0.051551,-0.031163,-0.024541,-0.020606,-0.009248,0.021832,0.181537,1.178390
1987-10-02,0.000000,Training,-0.154272,-0.076720,-0.059767,-0.046326,-0.023549,-0.025422,-0.019477,-0.004930,0.047915,0.215104,1.315776
1987-10-03,0.000000,Training,-0.144409,-0.078633,-0.062384,-0.049361,-0.023774,-0.023021,-0.014855,0.006081,0.054912,0.221438,1.300649
1987-10-04,0.000000,Training,-0.289939,-0.151341,-0.136668,-0.087252,-0.038345,-0.019711,0.007566,0.054907,0.180406,0.444125,1.959913
1987-10-05,0.000000,Training,-0.242925,-0.138804,-0.137138,-0.090698,-0.033183,-0.004496,0.045847,0.116185,0.316311,0.647995,2.537591
1987-10-06,0.000000,Training,-0.169107,-0.099052,-0.094918,-0.057809,-0.019686,0.023632,0.053048,0.118655,0.270299,0.539621,2.090979
1987-10-07,0.000000,Training,-0.163128,-0.088892,-0.080203,-0.055388,-0.030249,0.000423,0.014627,0.053796,0.155649,0.371820,1.680418
1987-10-08,0.000000,Training,-0.150998,-0.083583,-0.073700,-0.054201,-0.037626,-0.005710,0.002074,0.028892,0.109939,0.312377,1.519437
1987-10-09,0.000000,Training,-0.255856,-0.127894,-0.115085,-0.088119,-0.047359,-0.033646,-0.011182,0.028322,0.145986,0.379511,1.806726
1987-10-10,0.000000,Training,-0.197048,-0.125433,-0.110014,-0.081313,-0.036045,-0.025353,-0.006994,0.051394,0.159455,0.379519,1.651634
1987-10-11,0.000000,Training,-0.209150,-0.115261,-0.099412,-0.075465,-0.032969,-0.023903,-0.004138,0.048227,0.175651,0.399179,1.776097
1987-10-12,0.000000,Training,-0.164550,-0.103226,-0.090012,-0.071961,-0.034532,-0.020257,-0.005368,0.041524,0.121223,0.313000,1.477048
1987-10-13,0.000000,Training,-0.162885,-0.100807,-0.085766,-0.070607,-0.036081,-0.023319,-0.009321,0.034055,0.115217,0.301973,1.454939
1987-10-14,0.000000,Training,-0.160686,-0.091152,-0.076418,-0.062707,-0.030173,-0.019532,-0.010172,0.028686,0.093837,0.266433,1.371356
1987-10-15,0.000000,Training,-0.280665,-0.138606,-0.125769,-0.088738,-0.053521,-0.020210,-0.003624,0.043982,0.173294,0.435656,1.951844
1987-10-16,0.000000,Training,-0.232638,-0.125105,-0.117174,-0.079847,-0.033399,0.003262,0.037181,0.113763,0.305234,0.614413,2.411931
1987-10-17,0.000000,Training,-0.171956,-0.110376,-0.098624,-0.070626,-0.028574,0.012745,0.038912,0.115945,0.254152,0.505030,1.931323
1987-10-18,0.000000,Training,-0.179581,-0.090087,-0.076407,-0.056456,-0.028222,-0.002477,0.007567,0.056511,0.165637,0.377484,1.695186
1987-10-19,0.000000,Training,-0.301721,-0.151709,-0.145907,-0.098909,-0.052712,-0.011456,0.015998,0.089354,0.274114,0.580551,2.365378
1987-10-20,0.000000,Training,-0.261736,-0.155446,-0.149090,-0.099670,-0.040666,-0.003848,0.040536,0.143488,0.404347,0.767083,2.805101
1987-10-21,0.000000,Training,-0.201121,-0.136068,-0.124097,-0.086855,-0.039974,0.004920,0.034843,0.128488,0.310796,0.594356,2.139987
1987-10-22,0.000000,Training,-0.198845,-0.118558,-0.103496,-0.076370,-0.042896,-0.011842,0.005754,0.071403,0.221750,0.461394,1.867889
1987-10-23,0.000000,Training,-0.221608,-0.126203,-0.107366,-0.080554,-0.043939,-0.027209,-0.015421,0.045904,0.187803,0.412638,1.771426
1987-10-24,0.000000,Training,-0.185486,-0.096023,-0.080466,-0.059444,-0.026087,0.002670,0.013997,0.078171,0.202736,0.422631,1.787090
1987-10-25,0.000000,Training,-0.220407,-0.100496,-0.085476,-0.062581,-0.031730,0.001122,0.015588,0.077250,0.237819,0.490113,2.066647
1987-10-26,0.000000,Training,-0.297327,-0.148825,-0.145049,-0.092314,-0.051021,0.016342,0.049646,0.146034,0.404202,0.788875,2.976160
1987-10-27,0.000000,Training,-0.325215,-0.182916,-0.186259,-0.105560,-0.032647,0.033646,0.115398,0.279872,0.747838,1.311217,4.525551
1987-10-28,0.000000,Training,-0.227915,-0.156994,-0.145432,-0.087088,-0.026269,0.037422,0.081579,0.225764,0.510359,0.880476,2.820007
1987-10-29,0.000000,Training,-0.209822,-0.132372,-0.112571,-0.081693,-0.039000,0.002310,0.021956,0.113952,0.285649,0.540462,1.998207
1987-10-30,0.000000,Training,-0.339469,-0.160430,-0.158067,-0.087730,-0.037161,0.040581,0.079823,0.208327,0.548543,0.975215,3.548757
1987-10-31,0.000000,Training,-0.408498,-0.206242,-0.213138,-0.045208,0.043220,0.183461,0.313856,0.620138,1.622662,2.762936,9.187656
1987-11-01,0.000000,Training,-0.220830,-0.078594,-0.068164,0.044104,0.111386,0.281026,0.388235,0.685399,1.424888,2.218773,6.502580
1987-11-02,0.000000,Training,-0.363030,-0.138134,-0.137291,-0.027688,0.019452,0.163418,0.255681,0.475691,1.211760,1.993346,6.799507
1987-11-03,0.000000,Training,-0.317385,-0.102575,-0.094339,0.014738,0.082976,0.234440,0.348788,0.620275,1.501399,2.406408,7.724805
1987-11-04,0.000000,Training,-0.225038,-0.045167,-0.029428,0.048119,0.082082,0.242003,0.314011,0.539391,1.169334,1.805403,5.643924
1987-11-05,0.000000,Training,-0.190765,-0.041011,-0.027693,0.023071,0.035798,0.167728,0.202430,0.349327,0.734664,1.158624,3.742496
1987-11-06,0.000000,Training,-0.405013,-0.172211,-0.170898,-0.038518,0.002629,0.162188,0.244600,0.473976,1.270564,2.120534,7.059251
1987-11-07,0.000000,Training,-0.848938,-0.682967,-0.583834,-0.174177,0.135677,0.591183,0.971795,2.672590,8.685049,18.208214,48.451035
1987-11-08,0.000000,Training,-0.667046,-0.386617,-0.228092,0.128809,0.469488,0.837094,1.423080,2.862962,7.698425,13.231841,38.292030
1987-11-09,0.000000,Training,-0.372362,-0.115211,-0.036669,0.133573,0.246476,0.485096,0.715836,1.279837,2.789930,4.101514,11.203746
1987-11-10,0.000000,Training,-0.233912,0.016496,0.046320,0.139865,0.177710,0.367633,0.488469,0.803389,1.629272,2.319455,6.661932
1987-11-11,0.000000,Training,-0.231866,-0.014559,0.013545,0.099702,0.123629,0.277158,0.366424,0.607750,1.235129,1.781611,5.138147
1987-11-12,0.000000,Training,-0.242459,-0.059035,-0.024959,0.056733,0.077591,0.208434,0.282917,0.485819,1.015692,1.497198,4.350980
1987-11-13,0.016220,Training,-0.321370,-0.109658,-0.068309,0.032816,0.056469,0.181664,0.265740,0.474916,1.123295,1.697496,5.111057
1987-11-14,0.064879,Training,-0.275779,-0.125062,-0.086377,0.003636,0.037515,0.157530,0.232232,0.432930,0.956025,1.455728,4.203368
1987-11-15,0.064879,Training,-0.248640,-0.122406,-0.085935,-0.016298,0.012980,0.114016,0.169491,0.333377,0.744876,1.158566,3.487537
1987-11-16,0.064879,Training,-0.254917,-0.121795,-0.089034,-0.017114,0.012667,0.112404,0.171939,0.329654,0.735860,1.130061,3.437262
1987-11-17,0.048660,Training,-0.275129,-0.131478,-0.097947,-0.018787,0.010476,0.118830,0.191682,0.353023,0.806068,1.224668,3.688836
1987-11-18,0.048660,Training,-0.239633,-0.122338,-0.093538,-0.033304,-0.004863,0.081665,0.135278,0.265290,0.610441,0.961644,3.070110
1987-11-19,0.032440,Training,-0.205481,-0.107575,-0.080756,-0.036158,-0.006567,0.061449,0.100564,0.211767,0.480040,0.783204,2.644156
1987-11-20,0.032440,Training,-0.231686,-0.130165,-0.102675,-0.048335,-0.015565,0.049459,0.097761,0.212854,0.514220,0.835109,2.758311
1987-11-21,0.016220,Training,-0.209570,-0.121673,-0.093921,-0.049608,-0.013843,0.035250,0.074331,0.177596,0.427647,0.715130,2.462540
1987-11-22,0.016220,Training,-0.217013,-0.135419,-0.102004,-0.058794,-0.019281,0.016496,0.049933,0.145329,0.363544,0.628190,2.216652
1987-11-23,0.016220,Training,-0.276260,-0.159664,-0.123043,-0.063435,-0.022756,0.009653,0.051157,0.151040,0.439380,0.734890,2.571733
1987-11-24,0.016220,Training,-0.310825,-0.197433,-0.161445,-0.085842,-0.038956,0.005780,0.063737,0.184110,0.514103,0.810403,2.709013
1987-11-25,0.016220,Training,-0.267110,-0.176137,-0.138846,-0.079013,-0.031220,0.002406,0.050382,0.151870,0.412124,0.670573,2.329412
1987-11-26,0.016220,Training,-0.238075,-0.158797,-0.123559,-0.080280,-0.032918,-0.011667,0.021246,0.110783,0.319505,0.540141,2.021267
1987-11-27,0.016220,Training,-0.225002,-0.150520,-0.113352,-0.076248,-0.028469,-0.011738,0.016512,0.101620,0.286121,0.491885,1.905451
1987-11-28,0.016220,Training,-0.227659,-0.151802,-0.115766,-0.079616,-0.032661,-0.015393,0.011282,0.099007,0.281411,0.485033,1.896387
1987-11-29,0.016220,Training,-0.221682,-0.147571,-0.109315,-0.073292,-0.023526,-0.008601,0.021553,0.108324,0.295410,0.502926,1.930459
1987-11-30,0.016220,Training,-0.209951,-0.137800,-0.099314,-0.063709,-0.011476,0.002168,0.035314,0.121424,0.311615,0.531845,1.980150
1987-12-01,0.016220,Training,-0.218504,-0.124633,-0.089478,-0.048768,0.001745,0.015702,0.050642,0.142724,0.370006,0.627107,2.271520
1987-12-02,0.016220,Training,-0.520652,-0.358882,-0.337742,-0.158627,-0.072929,0.018212,0.142126,0.459565,1.604809,2.713011,9.064305
1987-12-03,0.259518,Training,-0.829251,-0.683703,-0.603605,-0.264687,0.030970,0.363418,0.836363,2.532877,9.055517,18.548342,54.641228
1987-12-04,1.508448,Training,-0.802035,-0.594745,-0.440824,-0.044206,0.364495,0.760644,1.431516,3.592551,10.950163,19.929516,55.439102
1987-12-05,1.654427,Training,-0.818719,-0.606772,-0.467007,-0.137712,0.190806,0.541868,1.063236,2.769840,8.393556,14.521121,40.737999
1987-12-06,1.281370,Training,-0.901122,-0.699087,-0.480401,0.087989,0.955959,1.832317,3.146004,8.073812,23.167400,41.949123,98.284729
1987-12-07,1.151611,Training,-0.868999,-0.565064,-0.209932,0.667385,2.133353,3.493831,5.587477,12.732645,32.688942,55.524429,122.323990
1987-12-08,8.255914,Training,-0.701970,0.176423,1.628731,6.349169,15.265868,22.426767,32.992584,68.296799,143.373779,222.598953,344.600861
1987-12-09,28.530752,Training,-0.190118,1.824165,4.706393,11.652390,23.206669,30.805531,44.107327,74.172989,135.376511,186.112442,322.099762
1987-12-10,28.628071,Training,-0.560455,0.842103,2.683219,8.268188,18.201353,25.754032,36.575073,66.335327,127.370415,189.340912,340.658569
1987-12-11,171.671109,Training,0.629184,4.955029,11.275167,30.849323,57.732025,76.696899,103.955521,166.757278,294.058899,402.308685,651.914429
1987-12-12,40.030640,Training,1.431794,7.020667,14.700908,36.526630,64.376480,83.021919,111.575111,163.957916,277.485870,371.611542,617.125122
1987-12-13,71.302551,Training,1.187055,6.091522,12.615722,31.209587,55.151680,69.025925,91.622940,135.051636,225.181686,299.934692,489.716522
1987-12-14,27.654879,Training,0.794553,4.733648,9.235437,20.362728,35.426838,42.706020,57.442371,84.018936,136.258301,177.171707,310.538239
1987-12-15,20.193739,Training,-0.120505,2.259369,4.498280,10.536206,18.554512,23.970097,31.953674,48.958366,82.094276,111.136162,215.008575
1987-12-16,12.002704,Training,-0.134208,1.769099,3.273518,7.307302,11.776970,15.590635,19.409216,29.364202,46.159630,60.432499,110.428787
1987-12-17,6.909665,Training,-0.313858,1.000806,1.838861,4.131046,6.344385,8.565547,10.367937,15.627307,23.757978,31.057682,57.983231
1987-12-18,5.352557,Training,-0.455868,0.577624,1.150954,2.825547,4.344894,5.767012,6.974934,10.431040,16.277330,21.270531,42.048542
1987-12-19,4.152287,Training,-0.463970,0.428745,0.891720,2.228449,3.387529,4.486369,5.411657,8.025280,12.474521,16.147120,32.015739
1987-12-20,3.308854,Training,-0.471239,0.283629,0.644755,1.657886,2.487194,3.329074,4.016760,5.945410,9.238344,11.942542,24.305859
1987-12-21,2.757378,Training,-0.481746,0.183152,0.482456,1.307822,1.953465,2.646162,3.204211,4.821367,7.623628,9.981530,20.631075
1987-12-22,2.416761,Training,-0.484805,0.119012,0.399560,1.124403,1.687537,2.310868,2.810259,4.322306,6.981875,9.308084,19.051699
1987-12-23,2.205902,Training,-0.499318,0.051472,0.331617,0.986924,1.503501,2.063878,2.529731,3.916721,6.439931,8.598001,17.406370
1987-12-24,2.011264,Training,-0.489849,0.023595,0.290708,0.875429,1.334918,1.858143,2.298957,3.597542,6.010703,8.034094,16.383453
1987-12-25,1.832845,Training,-0.472736,0.006446,0.250486,0.763447,1.156247,1.642530,2.047781,3.265531,5.549291,7.508448,15.548989
1987-12-26,1.654427,Training,-0.447178,-0.016518,0.187405,0.607781,0.909314,1.329527,1.677721,2.732403,4.720973,6.471990,13.864298
1987-12-27,1.492228,Training,-0.419843,-0.077083,0.077347,0.370144,0.566091,0.879177,1.149551,1.946516,3.506686,4.863766,10.943480
1987-12-28,1.411129,Training,-0.385646,-0.100304,0.022716,0.244123,0.387548,0.634115,0.859666,1.493397,2.750793,3.836037,8.978595
1987-12-29,1.411129,Training,-0.347787,-0.123558,-0.027772,0.129013,0.232829,0.417685,0.599338,1.085020,2.068540,2.912529,7.118896
1987-12-30,1.330029,Training,-0.298694,-0.142725,-0.076127,0.017388,0.091680,0.210313,0.342032,0.672164,1.379082,1.978822,5.231100
1987-12-31,2.092363,Training,-0.529144,-0.315814,-0.259917,-0.111575,0.008624,0.143158,0.329477,0.838070,2.296807,3.670812,10.780622
1988-01-01,2.205902,Validation,-0.302050,-0.196222,-0.150803,-0.038897,0.068143,0.196014,0.369980,0.795866,1.900874,2.910920,8.020242
1988-01-02,1.913945,Validation,-0.340555,-0.170939,-0.128119,-0.037877,0.051368,0.158109,0.307457,0.671954,1.712165,2.669879,8.105434
1988-01-03,2.108583,Validation,-0.198574,-0.101200,-0.078810,-0.021825,0.050029,0.116150,0.209119,0.431900,0.965618,1.473636,4.537156
1988-01-04,1.913945,Validation,-0.190478,-0.101851,-0.073774,-0.029837,0.035551,0.087761,0.163905,0.346665,0.773970,1.206440,3.753346
1988-01-05,2.011264,Validation,-0.382977,-0.185822,-0.157834,-0.066586,0.033851,0.113919,0.247320,0.565369,1.446960,2.274085,7.404129
1988-01-06,12.894797,Validation,-0.362016,-0.212922,-0.166110,-0.054623,0.059211,0.161861,0.336049,0.751570,1.933824,3.047678,9.080721
1988-01-07,4.898401,Validation,-0.301569,-0.188686,-0.135741,-0.051636,0.046045,0.163755,0.317462,0.690763,1.619264,2.395606,6.703888
1988-01-08,3.049336,Validation,-0.259292,-0.150511,-0.105525,-0.045338,0.036143,0.121873,0.236747,0.512994,1.166466,1.710586,4.929313
1988-01-09,2.530300,Validation,-0.237867,-0.130518,-0.089165,-0.035735,0.041002,0.120025,0.221922,0.474979,1.050431,1.550084,4.473377
1988-01-10,2.205902,Validation,-0.226330,-0.119379,-0.076401,-0.029269,0.043804,0.122516,0.219664,0.461243,1.004826,1.481229,4.275701
1988-01-11,2.108583,Validation,-0.213369,-0.101230,-0.060483,-0.013960,0.056138,0.137314,0.233578,0.478038,1.024745,1.524793,4.380180
1988-01-12,2.011264,Validation,-0.416160,-0.209509,-0.149731,-0.060045,0.044560,0.147517,0.298661,0.670515,1.706993,2.574013,7.527558
1988-01-13,14.387025,Validation,-0.783194,-0.597754,-0.484869,-0.192801,0.150659,0.512980,0.968861,2.712256,8.136757,14.542458,36.227749
1988-01-14,35.018700,Validation,-0.867998,-0.670013,-0.453841,0.097493,0.981338,1.814528,3.074447,7.906030,21.959124,38.813602,84.089493
1988-01-15,63.452133,Validation,-0.857964,-0.608129,-0.317754,0.395962,1.587023,2.609040,4.245507,9.979701,25.428656,42.433598,90.625992
1988-01-16,23.632351,Validation,-0.781137,-0.438336,-0.075912,0.751214,1.955032,2.971055,4.449072,9.279557,21.331905,33.078796,67.441101
1988-01-17,10.915973,Validation,-0.627080,-0.264622,0.002227,0.577785,1.214238,1.904204,2.657537,5.321677,10.932881,16.374046,32.460747
1988-01-18,7.607119,Validation,-0.546093,-0.147834,0.091390,0.595443,1.084582,1.651209,2.208384,4.177231,7.883623,11.388514,22.553722
1988-01-19,6.763686,Validation,-0.784682,-0.487055,-0.282633,0.171472,0.742279,1.325868,1.976755,4.426405,10.264853,16.391476,35.263302
1988-01-20,5.644515,Validation,-0.601564,-0.244572,0.029540,0.580202,1.180351,1.846770,2.524457,4.887418,9.838812,14.606340,27.561172
1988-01-21,5.174139,Validation,-0.487712,-0.159414,0.032932,0.369018,0.689057,1.136770,1.536031,2.934038,5.742460,8.427189,17.030895
1988-01-22,4.363145,Validation,-0.416282,-0.093375,0.058154,0.336310,0.570603,0.919966,1.233898,2.315979,4.378567,6.316914,13.416192
1988-01-23,3.925209,Validation,-0.401783,-0.045325,0.114726,0.422727,0.668145,1.049692,1.363542,2.474530,4.476188,6.420709,13.374190
1988-01-24,3.779230,Validation,-0.400684,-0.068419,0.052541,0.276760,0.445335,0.743897,0.993105,1.859282,3.672449,5.427500,12.712224
1988-01-25,4.363145,Validation,-0.622515,-0.284739,-0.147210,0.159242,0.447291,0.848029,1.223547,2.560364,5.796347,9.304285,22.596754
1988-01-26,9.634603,Validation,-0.688605,-0.335338,-0.123171,0.398809,0.967861,1.656359,2.386330,4.898961,11.449014,18.935583,42.927963
1988-01-27,175.207041,Validation,-0.798526,-0.303498,0.305400,2.312312,5.987599,9.922633,14.249080,31.670897,69.325439,117.667160,200.574905
1988-01-28,23.664791,Validation,-0.386937,0.819521,2.297146,6.209503,11.983804,16.110603,22.341230,37.937607,69.773888,98.142532,163.309433
1988-01-29,66.874526,Validation,-0.627147,0.356052,1.362141,4.287627,8.912070,12.372212,17.485029,31.023243,57.622196,84.401047,158.070145
1988-01-30,28.336114,Validation,-0.284777,0.898427,1.942921,4.582520,7.904222,10.344728,13.414338,21.418169,34.456490,45.854931,73.139259
1988-01-31,13.559812,Validation,-0.409985,0.506594,1.205713,2.954325,4.968738,6.574169,8.371221,13.425520,21.535017,28.843693,47.762383
1988-02-01,11.402569,Validation,-0.608486,-0.012358,0.382888,1.364323,2.425872,3.349493,4.372881,7.515060,13.598110,19.437054,36.929157
1988-02-02,10.851093,Validation,-0.480961,-0.091282,0.143465,0.596091,1.010650,1.502967,1.965826,3.454968,6.221746,8.774575,16.543736
1988-02-03,7.801758,Validation,-0.570911,-0.219719,-0.032601,0.313970,0.632747,1.005307,1.379888,2.561722,5.224367,7.829576,16.473696
1988-02-04,9.456184,Validation,-0.480037,-0.167503,-0.025337,0.265624,0.504457,0.828894,1.135134,2.135203,4.308113,6.463812,13.912409
1988-02-05,7.380041,Validation,-0.416992,-0.115694,0.012318,0.275440,0.482550,0.807985,1.092071,2.008038,3.869839,5.716319,12.260336
1988-02-06,12.554180,Validation,-0.753598,-0.405624,-0.172854,0.363946,1.001966,1.616084,2.312147,4.568871,9.770551,15.155313,30.214317
1988-02-07,11.110611,Validation,-0.520339,-0.214156,-0.005755,0.400320,0.792754,1.252275,1.735451,3.197359,6.427551,9.322144,17.637217
1988-02-08,6.617707,Validation,-0.486150,-0.135000,0.062750,0.454796,0.813693,1.282287,1.707864,3.088873,5.913053,8.639461,16.574936
1988-02-09,5.709394,Validation,-0.438378,-0.081808,0.075733,0.417065,0.694505,1.081212,1.429098,2.569738,4.832938,7.002835,14.417530
1988-02-10,5.011940,Validation,-0.379545,-0.061229,0.099777,0.378289,0.611160,0.944336,1.250529,2.187311,3.982086,5.620647,11.236083
1988-02-11,4.363145,Validation,-0.382473,-0.048041,0.121694,0.410402,0.648845,0.983642,1.288991,2.203704,3.980906,5.544883,11.034129
1988-02-12,3.925209,Validation,-0.355425,0.002365,0.168644,0.481489,0.729374,1.086312,1.395153,2.347441,4.073844,5.709094,11.210339
1988-02-13,3.633251,Validation,-0.304302,-0.023006,0.111554,0.312891,0.481596,0.741218,0.985915,1.676660,2.999072,4.173074,8.651898
1988-02-14,3.373733,Validation,-0.227634,0.005801,0.091906,0.227854,0.340832,0.554124,0.754720,1.307519,2.354457,3.334928,7.555010
1988-02-15,3.243974,Validation,-0.434282,-0.168464,-0.085545,0.046934,0.189671,0.358998,0.571892,1.131147,2.557498,3.934458,10.015293
1988-02-16,3.503492,Validation,-0.476822,-0.227526,-0.111037,0.071311,0.258978,0.469905,0.747284,1.460946,3.432631,5.274145,12.412505
1988-02-17,3.633251,Validation,-0.315144,-0.134392,-0.048951,0.074685,0.210807,0.398496,0.619909,1.190067,2.655443,3.998711,9.573518
1988-02-18,3.243974,Validation,-0.258864,-0.104222,-0.034862,0.058985,0.169457,0.328864,0.511572,0.978112,2.049224,3.023086,7.254029
1988-02-19,2.870917,Validation,-0.221535,-0.068399,-0.011702,0.073367,0.170541,0.323463,0.492284,0.930179,1.862345,2.723381,6.613499
1988-02-20,2.643839,Validation,-0.163992,-0.034730,0.001208,0.055188,0.128561,0.249649,0.383632,0.713666,1.424087,2.095699,5.456958
1988-02-21,2.530300,Validation,-0.414072,-0.145902,-0.081527,0.042910,0.169187,0.340818,0.547474,1.085242,2.470519,3.829293,10.203003
1988-02-22,2.481640,Validation,-0.323537,-0.116341,-0.053904,0.053743,0.165028,0.321840,0.515117,1.005843,2.285463,3.537055,9.182262
1988-02-23,7.412481,Validation,-0.425085,-0.184327,-0.106330,0.033311,0.176355,0.364758,0.602420,1.209240,2.876740,4.572208,11.741586
1988-02-24,4.249606,Validation,-0.291982,-0.122246,-0.042901,0.089663,0.217136,0.414369,0.631871,1.206602,2.476057,3.702395,8.439124
1988-02-25,3.243974,Validation,-0.225282,-0.090143,-0.029127,0.046140,0.141274,0.278766,0.440800,0.830699,1.707489,2.514323,6.097709
1988-02-26,2.757378,Validation,-0.232585,-0.096408,-0.030825,0.039663,0.132065,0.253660,0.405607,0.761079,1.563586,2.221030,5.446568
1988-02-27,2.319441,Validation,-0.247572,-0.113314,-0.076780,-0.022079,0.050914,0.172808,0.285917,0.622745,1.291770,1.880477,4.803429
1988-02-28,2.108583,Validation,-0.244903,-0.117838,-0.084165,-0.034364,0.036592,0.154049,0.262046,0.586170,1.229993,1.803879,4.656004
1988-02-29,2.011264,Validation,-0.223494,-0.095713,-0.035814,0.021661,0.103929,0.220064,0.351536,0.681771,1.398505,1.990775,4.969457
1988-03-01,1.832845,Validation,-0.192121,-0.072959,-0.008095,0.046085,0.132348,0.242008,0.381654,0.697466,1.407898,2.023472,5.000370
1988-03-02,1.735526,Validation,-0.194512,-0.062174,-0.001262,0.056268,0.139559,0.249545,0.387915,0.710080,1.441926,2.107632,5.242594
1988-03-03,1.735526,Validation,-0.509596,-0.249426,-0.143023,0.017953,0.195806,0.376835,0.627271,1.248611,2.960629,4.537271,10.935026
1988-03-04,1.832845,Validation,-0.682076,-0.416540,-0.250311,0.088454,0.476216,0.843344,1.358182,2.799127,6.909136,11.348981,24.043413
1988-03-05,1.913945,Validation,-0.446750,-0.225003,-0.059131,0.201372,0.467012,0.795042,1.190273,2.264305,4.927039,7.236842,14.605263
1988-03-06,1.832845,Validation,-0.299809,-0.127101,-0.026970,0.099673,0.241706,0.439278,0.678521,1.282819,2.702039,3.933410,8.867200
1988-03-07,1.654427,Validation,-0.230228,-0.084181,-0.013574,0.074400,0.176863,0.325653,0.506958,0.958143,1.948964,2.842410,6.740578
1988-03-08,1.492228,Validation,-0.169239,-0.034298,0.017391,0.080793,0.160548,0.296395,0.451004,0.830962,1.632305,2.390426,5.894121
1988-03-09,1.313810,Validation,-0.131386,-0.002266,0.039361,0.089090,0.156396,0.284887,0.426865,0.765782,1.472122,2.149901,5.447165
1988-03-10,1.200270,Validation,-0.137854,0.003268,0.050441,0.107022,0.175528,0.307839,0.453872,0.802692,1.510174,2.189234,5.444258
1988-03-11,1.135391,Validation,-0.100157,-0.000642,0.032525,0.062133,0.121618,0.216950,0.333539,0.591775,1.134424,1.674449,4.423701
1988-03-12,1.054292,Validation,-0.088961,-0.011870,0.014792,0.034792,0.090494,0.166450,0.267377,0.477929,0.925865,1.392816,3.829469
1988-03-13,1.005632,Validation,-0.077682,-0.024619,-0.006542,0.004595,0.058945,0.107756,0.187142,0.342143,0.685924,1.073137,3.160818
1988-03-14,0.989412,Validation,-0.089087,-0.039307,-0.015945,-0.002643,0.055662,0.099406,0.178613,0.332999,0.670549,1.052734,3.061167
1988-03-15,0.973192,Validation,-0.092373,-0.042394,-0.017880,-0.003872,0.055545,0.097842,0.176822,0.330198,0.665811,1.045887,3.035131
1988-03-16,0.924533,Validation,-0.075362,-0.020753,-0.005116,0.005476,0.059997,0.106827,0.185020,0.334424,0.669643,1.049616,3.115365
1988-03-17,0.875873,Validation,-0.081965,-0.033028,-0.013758,-0.002116,0.056442,0.099222,0.178303,0.327345,0.655212,1.028719,3.017132
1988-03-18,0.827213,Validation,-0.061987,-0.015875,-0.003900,0.004404,0.055090,0.104736,0.179558,0.319235,0.630226,0.995253,2.984096
1988-03-19,0.778554,Validation,-0.055693,-0.008846,0.001360,0.010860,0.053061,0.111067,0.178095,0.310035,0.606442,0.972655,2.946030
1988-03-20,0.746114,Validation,-0.055245,-0.010382,0.000470,0.009535,0.052361,0.108990,0.176336,0.307183,0.597479,0.958222,2.901615
1988-03-21,0.729894,Validation,-0.188020,-0.055788,-0.025215,0.002131,0.070106,0.105369,0.208025,0.389153,0.874525,1.368369,4.038694
1988-03-22,0.697454,Validation,-0.081854,-0.041428,-0.019556,-0.006635,0.056119,0.088595,0.164203,0.305005,0.607209,0.963308,2.848248
1988-03-23,0.665015,Validation,-0.051261,-0.017669,-0.007846,-0.000350,0.055452,0.087166,0.151579,0.268445,0.530267,0.857499,2.666726
1988-03-24,0.648795,Validation,-0.051288,-0.016526,-0.011705,-0.002844,0.049663,0.085645,0.147379,0.259424,0.513265,0.832451,2.616566
1988-03-25,0.616355,Validation,-0.046124,-0.013527,-0.008112,-0.000955,0.048096,0.083962,0.142028,0.248986,0.489942,0.801800,2.547925
1988-03-26,0.600135,Validation,-0.046154,-0.013780,-0.006686,-0.001059,0.050824,0.081699,0.141604,0.249333,0.489712,0.796562,2.533728
1988-03-27,0.583915,Validation,-0.038321,-0.007705,-0.001692,0.002714,0.051799,0.083323,0.140769,0.245171,0.478108,0.781509,2.506381
1988-03-28,0.551476,Validation,-0.036810,-0.006874,-0.000542,0.003110,0.053583,0.081499,0.139345,0.243000,0.474125,0.773512,2.488918
1988-03-29,0.535256,Validation,-0.045808,-0.014314,-0.005224,-0.000410,0.054766,0.076499,0.136341,0.242211,0.477476,0.775429,2.482171
1988-03-30,0.502816,Validation,-0.077925,-0.043175,-0.022245,-0.010480,0.050653,0.065294,0.124846,0.233928,0.475883,0.774790,2.428584
1988-03-31,0.470376,Validation,-0.068276,-0.033470,-0.016907,-0.006458,0.053431,0.069765,0.129332,0.238987,0.480323,0.782053,2.462495
1988-04-01,0.437937,Validation,-0.069846,-0.035162,-0.018531,-0.007662,0.052825,0.069797,0.129639,0.239721,0.481016,0.783337,2.458294
1988-04-02,0.437937,Validation,-0.205707,-0.083975,-0.052773,-0.023640,0.052082,0.057401,0.137864,0.267752,0.653217,1.045875,3.321595
1988-04-03,0.454156,Validation,-0.232994,-0.105878,-0.068743,-0.034134,0.047300,0.058520,0.147916,0.292870,0.729894,1.141329,3.580663
1988-04-04,0.470376,Validation,-0.118239,-0.056951,-0.036154,-0.008072,0.058206,0.091712,0.168321,0.318196,0.681554,1.089296,3.224436
1988-04-05,0.519036,Validation,-0.234592,-0.105446,-0.076299,-0.036063,0.043972,0.066633,0.161315,0.322815,0.806633,1.292292,3.930829
1988-04-06,0.535256,Validation,-0.113118,-0.065639,-0.049411,-0.023058,0.043890,0.077588,0.152635,0.297944,0.633236,1.007736,2.990481
1988-04-07,0.551476,Validation,-0.118765,-0.069823,-0.047983,-0.024769,0.042329,0.075696,0.148493,0.290233,0.610330,0.972648,2.866477
1988-04-08,0.535256,Validation,-0.115173,-0.060135,-0.042187,-0.020922,0.046371,0.078479,0.151683,0.293483,0.609842,0.962626,2.857529
1988-04-09,2.238342,Validation,-0.102802,-0.058480,-0.039196,-0.022345,0.042956,0.064500,0.129550,0.253253,0.523482,0.842236,2.581011
1988-04-10,4.217166,Validation,-0.096998,-0.043822,-0.028701,-0.013436,0.049226,0.070077,0.135096,0.258187,0.536301,0.859748,2.673510
1988-04-11,3.925209,Validation,-0.423579,-0.185781,-0.133244,-0.001002,0.144476,0.248563,0.408241,0.810960,1.891749,2.886781,8.270865
1988-04-12,3.195314,Validation,-0.180373,-0.067101,-0.051184,0.018383,0.102322,0.213543,0.370112,0.688808,1.547385,2.467463,6.962586
1988-04-13,1.557108,Validation,-0.124030,-0.028216,-0.015438,0.030336,0.090920,0.221792,0.351873,0.629196,1.295824,2.003612,5.528699
1988-04-14,0.794774,Validation,-0.101494,-0.011266,-0.003207,0.029601,0.071678,0.186593,0.285282,0.491786,0.963477,1.483781,4.180754
1988-04-15,0.551476,Validation,-0.137003,-0.014762,-0.003593,0.026478,0.063468,0.152098,0.232053,0.405396,0.849756,1.342536,4.004973
1988-04-16,0.437937,Validation,-0.120938,-0.012713,0.000817,0.020649,0.069997,0.130634,0.215988,0.385794,0.800343,1.242976,3.722353
1988-04-17,0.405497,Validation,-0.186557,-0.035727,-0.023050,0.003024,0.053215,0.108300,0.199472,0.365161,0.838544,1.350291,4.232162
1988-04-18,0.405497,Validation,-0.366057,-0.126715,-0.100996,-0.005243,0.088439,0.196388,0.331786,0.651288,1.472544,2.338178,7.087349
1988-04-19,0.681235,Validation,-0.238497,-0.079057,-0.062303,-0.002448,0.073424,0.171547,0.314083,0.598342,1.388256,2.255018,6.585630
1988-04-20,0.762334,Validation,-0.125045,-0.040103,-0.026844,0.015082,0.073938,0.186622,0.301870,0.546523,1.089457,1.693108,4.614006
1988-04-21,0.908313,Validation,-0.131316,-0.029609,-0.021205,0.014450,0.053376,0.147120,0.234476,0.417779,0.858872,1.353696,3.914602
1988-04-22,0.583915,Validation,-0.222254,-0.064949,-0.050960,-0.013927,0.044051,0.097613,0.198661,0.382050,0.915632,1.458596,4.471831
1988-04-23,0.421717,Validation,-0.124321,-0.049043,-0.030359,-0.005960,0.052025,0.104669,0.190869,0.360318,0.732396,1.142953,3.328320
1988-04-24,0.340617,Validation,-0.115059,-0.036238,-0.021669,-0.002441,0.050639,0.094849,0.171796,0.320341,0.666239,1.055379,3.193174
1988-04-25,0.324397,Validation,-0.173430,-0.066045,-0.042422,-0.011847,0.048870,0.080328,0.160490,0.317919,0.718564,1.138905,3.421372
1988-04-26,0.291958,Validation,-0.119566,-0.055745,-0.036198,-0.015810,0.044203,0.078335,0.154381,0.298680,0.614045,0.973236,2.920233
1988-04-27,0.259518,Validation,-0.106336,-0.039930,-0.025541,-0.008537,0.046582,0.084885,0.160693,0.298635,0.608079,0.962016,2.930426
1988-04-28,0.227078,Validation,-0.108552,-0.041916,-0.028518,-0.010606,0.045521,0.082253,0.158708,0.293656,0.595733,0.937268,2.857682
1988-04-29,0.194638,Validation,-0.116520,-0.032005,-0.019237,0.000643,0.051846,0.091122,0.166758,0.303989,0.624838,0.981919,3.016453
1988-04-30,0.178419,Validation,-0.079073,-0.025091,-0.016805,-0.006704,0.046967,0.072140,0.135021,0.251530,0.511862,0.821539,2.637661
1988-05-01,0.162199,Validation,-0.197192,-0.055224,-0.044392,-0.020473,0.040930,0.058745,0.141002,0.275472,0.676697,1.100590,3.645138
1988-05-02,0.162199,Validation,-0.165391,-0.047094,-0.033205,-0.009408,0.051465,0.071311,0.151243,0.296050,0.695155,1.111445,3.564620
1988-05-03,0.145979,Validation,-0.217563,-0.074140,-0.057180,-0.023021,0.045658,0.076890,0.174430,0.346420,0.839710,1.349931,4.222472
1988-05-04,0.097319,Validation,-0.632827,-0.395851,-0.336660,-0.101249,0.108901,0.327099,0.572811,1.431453,3.921875,6.567501,17.907579
1988-05-05,0.194638,Validation,-0.845407,-0.649183,-0.530989,-0.092588,0.493500,1.103294,1.951882,5.105997,15.235762,29.796114,71.340416
1988-05-06,0.535256,Validation,-0.780565,-0.484904,-0.320013,0.167041,0.751678,1.393667,2.329859,5.269303,13.999623,24.854530,64.352982
1988-05-07,0.551476,Validation,-0.563311,-0.176508,-0.011521,0.363495,0.721449,1.241648,1.802909,3.498360,7.830819,12.197248,29.367552
1988-05-08,0.746114,Validation,-0.458368,-0.070036,0.051954,0.332799,0.565665,0.975728,1.351316,2.503636,5.187393,7.839110,18.516075
1988-05-09,0.665015,Validation,-0.549639,-0.180403,-0.072364,0.193122,0.412194,0.742962,1.089618,2.063798,4.477592,7.030542,17.281296
1988-05-10,0.486596,Validation,-0.319324,-0.016489,0.065528,0.268366,0.388276,0.696131,0.938799,1.616018,3.041263,4.472798,10.452228
1988-05-11,0.373057,Validation,-0.258545,-0.000667,0.063763,0.198918,0.283184,0.502492,0.695729,1.184631,2.198018,3.162729,7.683182
1988-05-12,0.616355,Validation,-0.553598,-0.245406,-0.148082,0.062584,0.232238,0.433534,0.678714,1.337967,2.989062,4.655319,11.232905
1988-05-13,0.519036,Validation,-0.352012,-0.114674,-0.034183,0.126443,0.248189,0.434255,0.642425,1.168478,2.358930,3.500776,8.319491
1988-05-14,0.405497,Validation,-0.277415,-0.083540,-0.019806,0.092659,0.183226,0.341833,0.515340,0.918399,1.773881,2.588288,6.278543
1988-05-15,0.356837,Validation,-0.491320,-0.214529,-0.161924,-0.003664,0.109575,0.260599,0.453213,0.900847,2.114038,3.312776,8.865575
1988-05-16,0.324397,Validation,-0.300987,-0.109793,-0.065134,0.058261,0.138968,0.287562,0.447502,0.802644,1.618596,2.398603,6.088581
1988-05-17,0.291958,Validation,-0.313394,-0.115515,-0.067666,0.049032,0.127646,0.258800,0.408535,0.736275,1.491954,2.207772,5.615176
1988-05-18,0.243298,Validation,-0.357533,-0.133421,-0.091298,0.032320,0.110822,0.220405,0.363514,0.664423,1.437750,2.145732,5.680144
1988-05-19,0.194638,Validation,-0.270035,-0.091208,-0.057306,0.046251,0.113070,0.229292,0.360340,0.617839,1.169847,1.698110,4.421933
1988-05-20,0.162199,Validation,-0.230085,-0.072015,-0.047827,0.034081,0.078281,0.190776,0.295850,0.493201,0.934165,1.398945,3.814806
1988-05-21,0.129759,Validation,-0.224182,-0.067427,-0.047533,0.028108,0.064853,0.170338,0.258483,0.422869,0.807504,1.227904,3.495898
1988-05-22,0.113539,Validation,-0.203730,-0.045632,-0.028704,0.033681,0.066111,0.150747,0.234476,0.392449,0.787401,1.209896,3.574701
1988-05-23,0.113539,Validation,-0.116601,-0.030463,-0.020904,0.006484,0.040720,0.097790,0.163564,0.281806,0.558078,0.890577,2.812715
1988-05-24,0.097319,Validation,-0.084326,-0.016394,-0.011546,0.004365,0.035917,0.078388,0.128108,0.221944,0.454906,0.756313,2.551241
1988-05-25,0.097319,Validation,-0.067961,-0.009029,-0.005381,0.004656,0.041265,0.073432,0.119576,0.208385,0.415877,0.691465,2.392246
1988-05-26,0.064879,Validation,-0.069750,-0.009500,-0.003963,0.005331,0.044962,0.069147,0.116891,0.205692,0.414029,0.682960,2.384979
1988-05-27,0.032440,Validation,-0.079066,-0.004769,-0.000130,0.011806,0.047241,0.070823,0.116922,0.203674,0.425529,0.703260,2.485625
1988-05-28,0.016220,Validation,-0.061025,-0.008475,-0.001578,0.005413,0.046476,0.063058,0.107456,0.188480,0.372284,0.620433,2.231580
1988-05-29,0.016220,Validation,-0.059730,-0.005184,-0.000441,0.007911,0.042020,0.065395,0.104728,0.179212,0.358242,0.611294,2.219698
1988-05-30,0.016220,Validation,-0.068681,-0.005200,-0.000868,0.009146,0.043231,0.067547,0.108219,0.185571,0.374939,0.634042,2.287746
1988-05-31,0.016220,Validation,-0.056211,-0.007050,-0.002494,0.005520,0.039047,0.059054,0.093722,0.159504,0.317634,0.556301,2.079195
1988-06-01,0.016220,Validation,-0.063655,-0.013162,-0.007347,0.003250,0.032552,0.055921,0.085483,0.140875,0.290287,0.527253,2.021722
1988-06-02,0.016220,Validation,-0.086043,-0.021625,-0.010213,0.006901,0.035337,0.062621,0.089023,0.141362,0.291876,0.529197,2.050289
1988-06-03,0.016220,Validation,-0.078501,-0.013705,-0.003305,0.013320,0.040891,0.061574,0.083475,0.131036,0.268797,0.494404,1.978750
1988-06-04,0.000000,Validation,-0.050355,-0.007012,-0.000998,0.007657,0.035619,0.050746,0.076961,0.127681,0.259398,0.480282,1.910671
1988-06-05,0.000000,Validation,-0.057200,-0.011230,-0.003397,0.006944,0.032552,0.049100,0.072341,0.116805,0.244361,0.463208,1.878437
1988-06-06,0.000000,Validation,-0.059026,-0.011473,-0.002164,0.008958,0.032838,0.048430,0.069560,0.108853,0.229472,0.441936,1.836413
1988-06-07,0.000000,Validation,-0.057386,-0.007422,0.000351,0.011286,0.032722,0.046541,0.066910,0.105430,0.230160,0.444758,1.859630
1988-06-08,0.000000,Validation,-0.151209,-0.035339,-0.022504,-0.005097,0.035336,0.025263,0.067220,0.124374,0.331324,0.590201,2.398265
1988-06-09,0.000000,Validation,-0.262452,-0.080860,-0.061860,0.012570,0.070802,0.101382,0.152191,0.270896,0.587757,0.977253,3.476646
1988-06-10,0.000000,Validation,-0.263628,-0.104094,-0.094966,-0.021929,0.042591,0.099259,0.181656,0.340670,0.777037,1.331596,4.596350
1988-06-11,0.000000,Validation,-0.298203,-0.128356,-0.129535,-0.036465,0.033082,0.120291,0.225608,0.422832,1.037347,1.770165,6.012992
1988-06-12,0.000000,Validation,-0.432635,-0.201875,-0.200710,-0.013696,0.083995,0.257190,0.423409,0.818839,2.262100,3.822900,12.834435
1988-06-13,0.000000,Validation,-0.547059,-0.274637,-0.237816,-0.009377,0.145543,0.410217,0.722461,1.517375,4.420460,7.664231,24.918600
1988-06-14,0.291958,Validation,-0.727926,-0.459331,-0.354992,-0.027136,0.256802,0.728627,1.190231,2.824589,8.750743,16.093376,47.646107
1988-06-15,1.346249,Validation,-0.412099,-0.063085,0.060371,0.316060,0.501453,0.943436,1.318802,2.464565,5.539899,8.527584,21.931885
1988-06-16,1.216490,Validation,-0.737188,-0.412761,-0.291025,0.079465,0.352130,0.878850,1.254923,2.724912,7.537609,13.264425,35.678135
1988-06-17,0.681235,Validation,-0.541792,-0.130004,0.050750,0.455088,0.731424,1.300422,1.756924,3.165613,6.947600,11.019728,26.884941
1988-06-18,0.535256,Validation,-0.341171,0.014704,0.124947,0.362893,0.452793,0.853027,1.109627,1.802593,3.517476,5.222936,12.853284
1988-06-19,0.729894,Validation,-0.343981,0.006490,0.087737,0.306766,0.351731,0.672916,0.855977,1.274542,2.378875,3.451888,8.731462
1988-06-20,0.437937,Validation,-0.414995,-0.054520,0.022224,0.227529,0.257305,0.510368,0.667370,0.989968,2.102243,3.187912,8.866585
1988-06-21,0.291958,Validation,-0.358084,-0.043357,0.028553,0.212226,0.239444,0.475105,0.620258,0.903073,1.840976,2.722631,7.373972
1988-06-22,0.275738,Validation,-0.504397,-0.169619,-0.101076,0.105060,0.147252,0.385231,0.550721,0.860629,2.065670,3.338436,9.721950
1988-06-23,0.291958,Validation,-0.672737,-0.360686,-0.283356,0.051655,0.194109,0.572886,0.853588,1.550368,4.158293,7.310212,21.170202
1988-06-24,1.946384,Validation,-0.523396,-0.213940,-0.094858,0.243807,0.405674,0.812613,1.143241,1.874313,4.172897,6.531245,16.646971
1988-06-25,1.703086,Validation,-0.517029,-0.201531,-0.121115,0.136251,0.211165,0.489696,0.694307,1.081526,2.468332,3.771026,10.294234
1988-06-26,1.119171,Validation,-0.752347,-0.419410,-0.331203,0.084437,0.275346,0.679852,1.012952,1.708841,4.327315,7.161112,20.321947
1988-06-27,0.697454,Validation,-0.582857,-0.245303,-0.129261,0.256330,0.457169,0.844141,1.178281,1.792556,3.636555,5.266741,12.953106
1988-06-28,0.486596,Validation,-0.587595,-0.254013,-0.171979,0.112233,0.227508,0.487917,0.722663,1.128513,2.575009,3.841506,10.547679
1988-06-29,0.405497,Validation,-0.749171,-0.453979,-0.395554,-0.041877,0.124938,0.447544,0.727801,1.334056,3.653526,6.108821,17.546879
1988-06-30,0.470376,Validation,-0.589946,-0.315909,-0.239694,0.048506,0.184864,0.471524,0.734592,1.230986,2.944607,4.632189,12.494159
1988-07-01,0.502816,Training,-0.416965,-0.192898,-0.161296,-0.010671,0.021752,0.200570,0.324711,0.541566,1.338037,2.098856,6.083504
1988-07-02,0.632575,Training,-0.318325,-0.122391,-0.104524,-0.002075,0.007451,0.139047,0.217425,0.349193,0.870987,1.372122,4.206942
1988-07-03,0.421717,Training,-0.215447,-0.074995,-0.065477,-0.014798,-0.016649,0.066387,0.101207,0.167669,0.480701,0.840202,2.921346
1988-07-04,0.535256,Training,-0.764620,-0.543988,-0.458093,-0.009955,0.155494,0.544102,0.789335,1.895299,6.128457,11.308434,35.387959
1988-07-05,6.471728,Training,-0.420949,-0.219924,-0.171281,0.048001,0.168941,0.391753,0.659613,1.229377,3.200463,5.317389,15.679410
1988-07-06,3.779230,Training,-0.322393,-0.105853,-0.079706,0.039183,0.072476,0.250809,0.391464,0.674193,1.686901,2.650983,8.363788
1988-07-07,2.157243,Training,-0.279089,-0.086318,-0.071265,0.027662,0.039856,0.208177,0.295770,0.461507,1.022722,1.559222,4.568442
1988-07-08,1.281370,Training,-0.260433,-0.088117,-0.071846,0.008474,0.009305,0.152789,0.215682,0.325899,0.741247,1.169584,3.553327
1988-07-09,0.908313,Training,-0.246894,-0.095665,-0.081408,-0.013049,-0.016253,0.107073,0.153132,0.219641,0.537791,0.898774,2.879628
1988-07-10,0.616355,Training,-0.296955,-0.135430,-0.116307,-0.033268,-0.030133,0.093074,0.146312,0.201269,0.531149,0.892078,2.866507
1988-07-11,0.437937,Training,-0.276676,-0.129221,-0.110538,-0.039236,-0.035317,0.072165,0.116699,0.157944,0.435104,0.759234,2.552858
1988-07-12,0.340617,Training,-0.192385,-0.090379,-0.074404,-0.037444,-0.039388,0.038000,0.057550,0.081743,0.263554,0.533288,2.035593
1988-07-13,0.275738,Training,-0.190036,-0.091568,-0.078354,-0.040265,-0.041935,0.031870,0.055553,0.079487,0.264969,0.535233,2.026750
1988-07-14,0.194638,Training,-0.212690,-0.103478,-0.091484,-0.044620,-0.044042,0.031160,0.063086,0.084505,0.284817,0.557926,2.070514
1988-07-15,0.129759,Training,-0.156908,-0.077809,-0.062659,-0.040420,-0.040734,0.010847,0.022571,0.031668,0.159543,0.387138,1.689800
1988-07-16,0.113539,Training,-0.174371,-0.087935,-0.073667,-0.044796,-0.045847,0.009733,0.024410,0.030776,0.171968,0.407839,1.742519
1988-07-17,0.081099,Training,-0.177329,-0.089973,-0.077905,-0.047099,-0.046994,0.007365,0.025898,0.030144,0.172196,0.406578,1.734558
1988-07-18,0.064879,Training,-0.125456,-0.067931,-0.052706,-0.041666,-0.038649,-0.008050,-0.001937,0.002327,0.090910,0.288574,1.456262
1988-07-19,0.048660,Training,-0.132735,-0.059707,-0.045842,-0.032559,-0.030772,-0.007426,-0.000713,0.005518,0.108490,0.310251,1.551163
1988-07-20,0.032440,Training,-0.124053,-0.069364,-0.054769,-0.043621,-0.040757,-0.013328,-0.005868,-0.005493,0.079673,0.273303,1.423268
1988-07-21,0.032440,Training,-0.138464,-0.078351,-0.062323,-0.047428,-0.045689,-0.015062,-0.006796,-0.013701,0.075298,0.271094,1.424287
1988-07-22,0.016220,Training,-0.142043,-0.080255,-0.065089,-0.049124,-0.047169,-0.016435,-0.006880,-0.016588,0.071699,0.265508,1.413181
1988-07-23,0.016220,Training,-0.115840,-0.068443,-0.049720,-0.044981,-0.031537,-0.022528,-0.020853,-0.015185,0.036376,0.200880,1.231808
1988-07-24,0.016220,Training,-0.111962,-0.066793,-0.048006,-0.044214,-0.030676,-0.023506,-0.020701,-0.014730,0.035285,0.197822,1.224567
1988-07-25,0.016220,Training,-0.119654,-0.072180,-0.050330,-0.045494,-0.031901,-0.024727,-0.023586,-0.022474,0.021845,0.180337,1.185099
1988-07-26,0.016220,Training,-0.121189,-0.073446,-0.050994,-0.045828,-0.032225,-0.025433,-0.024596,-0.023988,0.018928,0.176540,1.177339
1988-07-27,0.016220,Training,-0.119859,-0.073419,-0.051196,-0.046269,-0.032692,-0.026424,-0.025542,-0.024656,0.017019,0.174262,1.170769
1988-07-28,0.016220,Training,-0.115905,-0.071749,-0.050541,-0.046443,-0.032704,-0.027523,-0.026121,-0.024154,0.016318,0.172881,1.164453
1988-07-29,0.016220,Training,-0.113920,-0.070409,-0.049778,-0.046176,-0.031972,-0.027909,-0.025917,-0.023062,0.016199,0.171537,1.159740
1988-07-30,0.016220,Training,-0.115642,-0.071836,-0.050824,-0.046923,-0.032821,-0.028947,-0.027489,-0.026046,0.011543,0.165923,1.146527
1988-07-31,0.016220,Training,-0.122166,-0.075615,-0.052951,-0.047645,-0.033486,-0.029236,-0.028739,-0.029573,0.006537,0.159990,1.135202
1988-08-01,0.016220,Training,-0.128399,-0.079193,-0.054503,-0.046883,-0.033009,-0.028018,-0.028907,-0.031127,0.004235,0.157570,1.130175
1988-08-02,0.016220,Training,-0.125965,-0.078651,-0.055278,-0.048639,-0.034105,-0.029841,-0.029680,-0.031088,0.003194,0.156450,1.126744
1988-08-03,0.016220,Training,-0.116350,-0.073216,-0.052918,-0.048420,-0.032971,-0.030768,-0.028398,-0.026127,0.007613,0.160417,1.131125
1988-08-04,0.000000,Training,-0.124650,-0.078455,-0.055601,-0.049252,-0.034375,-0.031601,-0.031174,-0.033308,-0.001524,0.149972,1.109332
1988-08-05,0.000000,Training,-0.125434,-0.079003,-0.055974,-0.049233,-0.034203,-0.031942,-0.031638,-0.034239,-0.003671,0.147018,1.102728
1988-08-06,0.000000,Training,-0.117795,-0.074865,-0.054591,-0.049519,-0.033755,-0.032947,-0.030929,-0.030633,-0.000594,0.150120,1.106468
1988-08-07,0.000000,Training,-0.116807,-0.074202,-0.054146,-0.049275,-0.033172,-0.033424,-0.030635,-0.030513,-0.001453,0.148205,1.102517
1988-08-08,0.000000,Training,-0.117406,-0.075206,-0.054896,-0.049781,-0.033965,-0.034462,-0.032236,-0.033686,-0.006094,0.142862,1.089732
1988-08-09,0.000000,Training,-0.117517,-0.075232,-0.055114,-0.049795,-0.033664,-0.034595,-0.032203,-0.033699,-0.007054,0.141439,1.086169
1988-08-10,0.000000,Training,-0.116986,-0.074219,-0.054559,-0.049211,-0.032246,-0.034103,-0.030924,-0.031391,-0.005546,0.142117,1.087708
1988-08-11,0.000000,Training,-0.116943,-0.073909,-0.054469,-0.048936,-0.031373,-0.033923,-0.030236,-0.030180,-0.005050,0.142054,1.087365
1988-08-12,0.000000,Training,-0.117731,-0.074557,-0.055148,-0.049165,-0.031738,-0.034328,-0.030976,-0.031780,-0.007280,0.139923,1.082908
1988-08-13,0.000000,Training,-0.119609,-0.077588,-0.057242,-0.050464,-0.033917,-0.035578,-0.033610,-0.037146,-0.014032,0.133542,1.066170
1988-08-14,0.000000,Training,-0.118421,-0.076100,-0.056542,-0.049975,-0.032466,-0.035201,-0.032267,-0.034614,-0.012343,0.134295,1.068126
1988-08-15,0.000000,Training,-0.118732,-0.076718,-0.057082,-0.050214,-0.032592,-0.035517,-0.032710,-0.035663,-0.014398,0.131881,1.061675
1988-08-16,0.000000,Training,-0.118718,-0.076601,-0.057133,-0.050058,-0.031990,-0.035478,-0.032349,-0.035135,-0.014574,0.131230,1.060073
1988-08-17,0.000000,Training,-0.119549,-0.077967,-0.058047,-0.050426,-0.032723,-0.036013,-0.033521,-0.037590,-0.017784,0.128185,1.052220
1988-08-18,0.000000,Training,-0.121035,-0.079450,-0.058786,-0.050357,-0.032937,-0.036054,-0.034218,-0.039385,-0.020188,0.125938,1.046380
1988-08-19,0.000000,Training,-0.119877,-0.078508,-0.058594,-0.050407,-0.032224,-0.036145,-0.033559,-0.037979,-0.019640,0.125805,1.045874
1988-08-20,0.000000,Training,-0.118941,-0.076138,-0.057201,-0.049228,-0.029198,-0.034916,-0.030492,-0.032234,-0.014388,0.129656,1.055641
1988-08-21,0.000000,Training,-0.119382,-0.077112,-0.058012,-0.049592,-0.029836,-0.035211,-0.031268,-0.034071,-0.016854,0.127450,1.049620
1988-08-22,0.000000,Training,-0.121316,-0.080264,-0.059713,-0.050094,-0.031785,-0.035830,-0.033750,-0.039292,-0.022374,0.123247,1.037720
1988-08-23,0.000000,Training,-0.121452,-0.080419,-0.059798,-0.049880,-0.031354,-0.035677,-0.033614,-0.039300,-0.023002,0.122378,1.035333
1988-08-24,0.000000,Training,-0.120407,-0.079228,-0.059533,-0.050002,-0.030338,-0.035703,-0.032550,-0.037173,-0.021694,0.122690,1.036409
1988-08-25,0.000000,Training,-0.124050,-0.082413,-0.060186,-0.048510,-0.030189,-0.034208,-0.033067,-0.039822,-0.024025,0.121705,1.032108
1988-08-26,0.000000,Training,-0.128962,-0.084731,-0.060111,-0.045976,-0.027903,-0.030842,-0.030870,-0.038510,-0.022446,0.123873,1.037288
1988-08-27,0.000000,Training,-0.125422,-0.083849,-0.061189,-0.048241,-0.029625,-0.033373,-0.032256,-0.038668,-0.022616,0.124365,1.037826
1988-08-28,0.000000,Training,-0.121797,-0.079353,-0.060337,-0.049624,-0.027489,-0.034710,-0.029491,-0.031680,-0.016298,0.127973,1.049926
1988-08-29,0.000000,Training,-0.120727,-0.077295,-0.058806,-0.048654,-0.024214,-0.034302,-0.026810,-0.026096,-0.010714,0.131301,1.057380
1988-08-30,0.000000,Training,-0.120894,-0.077388,-0.059008,-0.048593,-0.023868,-0.034004,-0.026270,-0.025330,-0.009788,0.132448,1.059696
1988-08-31,0.000000,Training,-0.121256,-0.077547,-0.059296,-0.048622,-0.023426,-0.033615,-0.025532,-0.024127,-0.008362,0.134181,1.063316
1988-09-01,0.000000,Training,-0.156916,-0.079585,-0.061652,-0.046069,-0.021666,-0.036681,-0.029200,-0.031654,0.009123,0.167339,1.216859
1988-09-02,0.000000,Training,-0.125328,-0.080821,-0.063644,-0.049993,-0.024297,-0.030120,-0.021429,-0.017081,0.003298,0.153626,1.109543
1988-09-03,0.000000,Training,-0.126005,-0.083703,-0.065156,-0.051569,-0.027500,-0.031305,-0.024227,-0.023505,-0.003918,0.146947,1.088497
1988-09-04,0.000000,Training,-0.129978,-0.087238,-0.068474,-0.052523,-0.031252,-0.033590,-0.031345,-0.036259,-0.018966,0.130322,1.045279
1988-09-05,0.000000,Training,-0.133769,-0.088322,-0.064229,-0.045704,-0.026130,-0.026874,-0.027486,-0.033467,-0.016970,0.132643,1.048797
1988-09-06,0.000000,Training,-0.135649,-0.089277,-0.063466,-0.043703,-0.024486,-0.024129,-0.025640,-0.031613,-0.014898,0.135260,1.055038
1988-09-07,0.000000,Training,-0.140706,-0.088303,-0.062312,-0.040051,-0.022233,-0.021242,-0.024195,-0.029964,-0.007449,0.147059,1.094757
1988-09-08,0.000000,Training,-0.148404,-0.086715,-0.060674,-0.036049,-0.019526,-0.018968,-0.022797,-0.028217,0.003606,0.164715,1.158119
1988-09-09,0.000000,Training,-0.172293,-0.092274,-0.065457,-0.038088,-0.020641,-0.022184,-0.023741,-0.029208,0.023167,0.201077,1.293474
1988-09-10,0.000000,Training,-0.133863,-0.093907,-0.071779,-0.051428,-0.030221,-0.024951,-0.021845,-0.019702,0.006621,0.170923,1.135149
1988-09-11,0.000000,Training,-0.134969,-0.093238,-0.069880,-0.050148,-0.029822,-0.026105,-0.024401,-0.025303,-0.000200,0.159521,1.106433
1988-09-12,0.000000,Training,-0.135590,-0.090840,-0.068196,-0.048139,-0.028490,-0.027173,-0.027869,-0.031373,-0.010712,0.142549,1.068376
1988-09-13,0.000000,Training,-0.131649,-0.088895,-0.066669,-0.049380,-0.029400,-0.029886,-0.029806,-0.032470,-0.014424,0.137029,1.057266
1988-09-14,0.000000,Training,-0.129359,-0.086047,-0.066219,-0.051742,-0.029385,-0.032628,-0.029824,-0.030650,-0.014278,0.134124,1.055643
1988-09-15,0.000000,Training,-0.127892,-0.081988,-0.063519,-0.050537,-0.025385,-0.031934,-0.026151,-0.023191,-0.007015,0.138428,1.069465
1988-09-16,0.000000,Training,-0.126963,-0.080603,-0.062251,-0.049742,-0.023916,-0.031205,-0.024582,-0.020025,-0.002999,0.142273,1.078846
1988-09-17,0.000000,Training,-0.126473,-0.080778,-0.062007,-0.049339,-0.024639,-0.030338,-0.024626,-0.020668,-0.002833,0.144151,1.083003
1988-09-18,0.000000,Training,-0.125837,-0.080978,-0.061785,-0.049171,-0.025227,-0.030136,-0.025047,-0.021480,-0.002863,0.145156,1.085398
1988-09-19,0.000000,Training,-0.124820,-0.081334,-0.061482,-0.048780,-0.026402,-0.029519,-0.025796,-0.023251,-0.002947,0.147166,1.089556
1988-09-20,0.000000,Training,-0.125135,-0.082359,-0.061389,-0.048866,-0.026772,-0.029784,-0.026029,-0.024505,-0.005798,0.143450,1.080092
1988-09-21,0.000000,Training,-0.125002,-0.081423,-0.060764,-0.048702,-0.026165,-0.029527,-0.025182,-0.022555,-0.003418,0.145564,1.086657
1988-09-22,0.000000,Training,-0.126253,-0.079190,-0.059991,-0.049747,-0.021319,-0.031456,-0.021714,-0.012067,0.009692,0.154568,1.110842
1988-09-23,0.000000,Training,-0.125637,-0.078943,-0.059679,-0.048792,-0.022755,-0.028985,-0.021081,-0.012573,0.009245,0.157020,1.115450
1988-09-24,0.000000,Training,-0.125464,-0.080570,-0.060209,-0.048422,-0.025720,-0.027457,-0.022715,-0.017203,0.004739,0.155934,1.110205
1988-09-25,0.000000,Training,-0.125102,-0.082119,-0.060038,-0.047572,-0.027184,-0.026685,-0.024438,-0.020620,0.002094,0.155330,1.104991
1988-09-26,0.000000,Training,-0.124287,-0.082670,-0.058552,-0.045234,-0.026689,-0.024908,-0.024512,-0.021286,0.002814,0.157631,1.107452
1988-09-27,0.000000,Training,-0.123703,-0.082827,-0.057615,-0.044045,-0.026359,-0.023914,-0.024103,-0.020944,0.004484,0.160226,1.113338
1988-09-28,0.000000,Training,-0.124995,-0.084081,-0.057730,-0.043971,-0.025943,-0.023007,-0.022965,-0.019968,0.004197,0.159237,1.107475
1988-09-29,0.000000,Training,-0.126774,-0.082933,-0.060405,-0.049277,-0.027264,-0.027809,-0.023668,-0.017884,0.005233,0.156519,1.109491
1988-09-30,0.000000,Training,-0.127636,-0.080917,-0.059684,-0.049783,-0.024524,-0.028410,-0.021024,-0.010931,0.013628,0.162509,1.126232
1988-10-01,0.000000,Training,-0.127320,-0.081734,-0.059581,-0.048987,-0.026385,-0.026733,-0.021860,-0.013743,0.011381,0.162998,1.125083
1988-10-02,0.000000,Training,-0.126669,-0.082750,-0.059282,-0.048246,-0.027403,-0.025389,-0.022331,-0.015156,0.010854,0.164516,1.124596
1988-10-03,0.000000,Training,-0.125191,-0.083103,-0.056418,-0.043797,-0.025957,-0.020842,-0.020924,-0.014561,0.013474,0.170357,1.131572
1988-10-04,0.000000,Training,-0.131013,-0.080925,-0.055623,-0.042070,-0.024671,-0.020615,-0.021063,-0.014078,0.019833,0.179233,1.170703
1988-10-05,0.000000,Training,-0.127920,-0.082463,-0.059185,-0.048967,-0.026866,-0.024615,-0.020232,-0.009335,0.019909,0.174490,1.150484
1988-10-06,0.000000,Training,-0.129017,-0.081073,-0.058631,-0.049641,-0.024681,-0.025469,-0.018186,-0.003522,0.027942,0.180590,1.167096
1988-10-07,0.000000,Training,-0.129183,-0.080969,-0.058474,-0.049260,-0.025126,-0.024251,-0.017797,-0.003154,0.029214,0.182946,1.171471
1988-10-08,0.000000,Training,-0.128388,-0.081210,-0.057794,-0.048378,-0.025990,-0.022641,-0.017871,-0.004080,0.028840,0.184547,1.173224
1988-10-09,0.000000,Training,-0.136767,-0.078759,-0.054553,-0.041913,-0.023553,-0.018538,-0.017833,-0.005852,0.037525,0.200793,1.235424
1988-10-10,0.000000,Training,-0.152181,-0.078454,-0.056309,-0.043921,-0.018901,-0.021277,-0.014237,0.005315,0.062568,0.228765,1.336238
1988-10-11,0.000000,Training,-0.240275,-0.128576,-0.106319,-0.084762,-0.039211,-0.045844,-0.019373,0.014811,0.115632,0.324064,1.646202
1988-10-12,0.000000,Training,-0.169289,-0.122076,-0.099938,-0.079276,-0.032744,-0.032100,-0.009040,0.039112,0.121281,0.314522,1.459410
1988-10-13,0.000000,Training,-0.289334,-0.165571,-0.147276,-0.109212,-0.049897,-0.043201,-0.005064,0.052879,0.209722,0.469572,2.017046
1988-10-14,0.000000,Training,-0.326015,-0.181601,-0.185202,-0.095982,-0.008535,0.038507,0.121379,0.251782,0.614842,1.082381,3.836350
1988-10-15,0.000000,Training,-0.197298,-0.114670,-0.115325,-0.044844,0.024133,0.085630,0.155798,0.296466,0.633242,1.035329,3.394881
1988-10-16,0.000000,Training,-0.340123,-0.131003,-0.139981,0.013726,0.106887,0.200216,0.294951,0.512925,1.193197,1.884617,6.325703
1988-10-17,0.000000,Training,-0.232316,0.001913,-0.006752,0.119336,0.225476,0.356151,0.515060,0.804338,1.702131,2.576551,8.208916
1988-10-18,0.000000,Training,-0.291274,-0.061483,-0.067083,0.026974,0.112092,0.216485,0.340996,0.565906,1.251230,1.925789,6.482494
1988-10-19,0.000000,Training,-0.229323,-0.037035,-0.037007,0.038577,0.107002,0.210972,0.298942,0.494400,1.076601,1.637642,5.240904
1988-10-20,0.000000,Training,-0.158781,-0.034700,-0.031414,0.009020,0.046614,0.147027,0.189828,0.325369,0.632269,0.979515,3.153898
1988-10-21,0.000000,Training,-0.138512,-0.025199,-0.019212,0.003843,0.017723,0.106035,0.123260,0.209296,0.402953,0.670659,2.392918
1988-10-22,0.000000,Training,-0.142377,-0.029202,-0.021932,0.000554,0.005201,0.084197,0.088801,0.156789,0.318644,0.567851,2.162868
1988-10-23,0.000000,Training,-0.222542,-0.072075,-0.061367,-0.031572,-0.020833,0.051202,0.062922,0.128447,0.345047,0.652181,2.556732
1988-10-24,0.000000,Training,-0.148584,-0.064657,-0.054306,-0.023687,-0.011333,0.080590,0.089059,0.172935,0.344682,0.637968,2.261449
1988-10-25,0.000000,Training,-0.140185,-0.057264,-0.041975,-0.018986,-0.016461,0.072446,0.072745,0.138518,0.285671,0.551505,2.054817
1988-10-26,0.000000,Training,-0.138855,-0.055245,-0.038928,-0.019979,-0.020824,0.052185,0.045355,0.095049,0.212174,0.446314,1.810818
1988-10-27,0.000000,Training,-0.175728,-0.058410,-0.042888,-0.021736,-0.018779,0.041385,0.040490,0.094468,0.251768,0.506665,2.075344
1988-10-28,0.000000,Training,-0.153253,-0.062296,-0.047333,-0.023338,-0.020646,0.053101,0.052081,0.113174,0.261356,0.525450,2.039375
1988-10-29,0.000000,Training,-0.202618,-0.075819,-0.060020,-0.029673,-0.028826,0.046046,0.052279,0.112144,0.327626,0.641127,2.471526
1988-10-30,0.000000,Training,-0.328082,-0.155396,-0.155337,-0.073462,-0.033899,0.067534,0.110613,0.247914,0.641124,1.162283,4.084976
1988-10-31,0.000000,Training,-0.232955,-0.111672,-0.109307,-0.021794,0.020089,0.149599,0.218224,0.408586,0.945748,1.571067,4.877059
1988-11-01,0.000000,Training,-0.203760,-0.072738,-0.065814,-0.015394,0.003170,0.110067,0.145565,0.272555,0.640885,1.070602,3.618117
1988-11-02,0.016220,Training,-0.325261,-0.149244,-0.147617,-0.069973,-0.029955,0.071440,0.117386,0.258882,0.675178,1.197164,4.263999
1988-11-03,0.016220,Training,-0.430484,-0.229633,-0.229996,-0.049842,0.043309,0.193703,0.349611,0.703890,1.956034,3.356713,11.265387
1988-11-04,0.016220,Training,-0.410591,-0.194892,-0.189443,-0.013522,0.101724,0.250030,0.439070,0.852455,2.237058,3.734658,12.515109
1988-11-05,0.016220,Training,-0.561418,-0.307751,-0.261062,0.007232,0.168195,0.416530,0.684525,1.390328,3.944129,6.908872,23.093840
1988-11-06,0.016220,Training,-0.576698,-0.260242,-0.162117,0.124103,0.359756,0.695993,1.122071,2.177762,5.840042,10.056888,32.659931
1988-11-07,0.016220,Training,-0.826153,-0.573721,-0.374302,0.140529,0.694347,1.484772,2.298198,5.341886,15.748993,30.499216,85.405464
1988-11-08,0.016220,Training,-0.871660,-0.584637,-0.232033,0.646429,2.058463,3.691350,5.848277,13.642670,37.232231,70.442574,165.780533
1988-11-09,0.016220,Training,-0.674595,-0.189742,0.220320,0.942577,1.803778,2.825388,4.132843,7.915830,18.091818,28.213234,73.434349
1988-11-10,0.129759,Training,-0.658742,-0.220489,-0.011529,0.388945,0.749271,1.273777,1.899746,3.485370,8.405862,13.253479,39.179008
1988-11-11,0.113539,Training,-0.879940,-0.607989,-0.354742,0.294558,1.182004,2.105936,3.372864,7.246746,19.562235,34.915340,91.094307
1988-11-12,0.145979,Training,-0.665877,-0.193487,0.191615,0.926504,1.728782,2.676034,3.818999,7.060082,15.498477,23.699434,57.734371
1988-11-13,0.097319,Training,-0.504913,-0.060063,0.136129,0.523655,0.788670,1.297339,1.768027,2.989482,6.112434,8.825404,22.327971
1988-11-14,0.081099,Training,-0.438780,-0.000759,0.134122,0.439843,0.587646,0.993167,1.315862,2.097878,4.123680,5.795660,14.955421
1988-11-15,0.064879,Training,-0.424281,-0.014794,0.108790,0.384922,0.497714,0.853286,1.125075,1.738027,3.373905,4.686270,12.155906
1988-11-16,0.048660,Training,-0.429341,-0.021658,0.112006,0.399421,0.517561,0.873963,1.147019,1.738115,3.351495,4.632414,11.955875
1988-11-17,0.032440,Training,-0.481089,-0.035156,0.147342,0.523492,0.722994,1.120196,1.475048,2.184370,4.125196,5.603937,14.087837
1988-11-18,0.016220,Training,-0.438622,-0.047615,0.097084,0.387444,0.526288,0.841849,1.120971,1.670719,3.224258,4.387059,11.234610
1988-11-19,0.016220,Training,-0.514305,-0.124928,0.044484,0.395443,0.605594,0.908880,1.235341,1.824943,3.487828,4.663370,11.570095
1988-11-20,0.016220,Training,-0.682620,-0.301741,-0.095659,0.370722,0.723593,1.019420,1.468007,2.209943,4.630221,6.310680,16.580811
1988-11-21,0.016220,Training,-0.699741,-0.357843,-0.150970,0.351445,0.752932,1.109363,1.651846,2.646215,5.834034,8.171068,21.525267
1988-11-22,0.016220,Training,-0.655502,-0.371437,-0.204522,0.187948,0.464139,0.755338,1.157615,1.919663,4.173445,5.753291,14.041307
1988-11-23,0.016220,Training,-0.847588,-0.625973,-0.501394,-0.116475,0.187833,0.469502,0.887246,1.870457,5.142366,7.912701,21.862894
1988-11-24,0.016220,Training,-0.924966,-0.762664,-0.565130,0.118282,1.086012,1.674248,3.099903,6.773015,19.251837,33.444153,80.804596
1988-11-25,0.016220,Training,-0.940154,-0.784501,-0.538290,0.440227,2.238560,3.436871,6.016706,14.558808,38.257156,70.343079,140.311234
1988-11-26,0.016220,Training,-0.843499,-0.530630,-0.132837,0.952488,2.470976,3.546036,5.654801,11.350256,26.472378,40.757801,88.324226
1988-11-27,0.016220,Training,-0.640949,-0.324626,-0.146924,0.222674,0.513646,0.906268,1.381288,2.723144,6.239254,9.109019,23.057001
1988-11-28,0.016220,Training,-0.552787,-0.207927,-0.080537,0.235490,0.432745,0.759124,1.088236,1.998642,4.310102,6.047008,15.258606
1988-11-29,0.016220,Training,-0.350664,-0.078075,0.002592,0.156067,0.224369,0.430514,0.601813,1.067113,2.231729,3.093445,8.211443
1988-11-30,0.016220,Training,-0.406460,-0.144505,-0.082266,0.038713,0.098900,0.251306,0.393372,0.772431,1.927515,2.926462,8.758053
1988-12-01,0.016220,Training,-0.427674,-0.191825,-0.116901,0.048459,0.144317,0.340824,0.529274,1.058084,2.655759,4.126796,11.665510
1988-12-02,0.032440,Training,-0.337008,-0.153919,-0.092079,0.041828,0.115204,0.289068,0.436567,0.846284,1.937597,2.896069,7.874974
1988-12-03,0.032440,Training,-0.299053,-0.139034,-0.092953,0.010422,0.063638,0.191724,0.295456,0.574530,1.276888,1.868520,5.259499
1988-12-04,0.032440,Training,-0.291025,-0.139660,-0.099031,-0.006506,0.043397,0.150231,0.239275,0.472057,1.044658,1.526863,4.384813
1988-12-05,0.048660,Training,-0.284556,-0.147358,-0.105289,-0.029378,0.020058,0.104193,0.179269,0.366672,0.823074,1.214637,3.593707
1988-12-06,0.048660,Training,-0.268978,-0.138371,-0.101828,-0.030532,0.018600,0.093283,0.163977,0.335246,0.740401,1.116056,3.341588
1988-12-07,0.032440,Training,-0.273785,-0.147569,-0.109079,-0.040656,0.011687,0.075233,0.145739,0.305782,0.689225,1.040056,3.149397
1988-12-08,0.032440,Training,-0.293071,-0.162076,-0.121064,-0.049074,0.006935,0.067237,0.143351,0.307489,0.707123,1.046983,3.174780
1988-12-09,0.016220,Training,-0.269684,-0.154755,-0.115855,-0.056255,-0.001335,0.046739,0.116225,0.262292,0.619281,0.939038,2.949001
1988-12-10,0.016220,Training,-0.260059,-0.152638,-0.114363,-0.059209,-0.006413,0.035973,0.102736,0.238827,0.575387,0.885636,2.840321
1988-12-11,0.016220,Training,-0.275575,-0.155585,-0.115638,-0.047712,0.007381,0.055767,0.132350,0.282724,0.649305,0.981887,3.032402
1988-12-12,0.016220,Training,-0.242800,-0.140917,-0.103294,-0.050378,0.004576,0.039233,0.107482,0.237434,0.555685,0.867064,2.781425
1988-12-13,0.016220,Training,-0.224013,-0.136163,-0.097829,-0.056066,-0.000608,0.022487,0.083113,0.196905,0.477632,0.757178,2.548636
1988-12-14,0.016220,Training,-0.207351,-0.130915,-0.097391,-0.067413,-0.009016,0.002810,0.050266,0.156146,0.397917,0.642115,2.312604
1988-12-15,0.016220,Training,-0.215453,-0.136697,-0.110798,-0.082221,-0.027674,-0.011965,0.029385,0.141484,0.375794,0.618813,2.281747
1988-12-16,0.016220,Training,-0.216012,-0.137500,-0.111459,-0.082298,-0.027049,-0.011104,0.031791,0.146555,0.386805,0.633149,2.320118
1988-12-17,0.016220,Training,-0.223691,-0.146535,-0.128178,-0.100529,-0.048050,-0.028811,0.010183,0.128094,0.364265,0.616402,2.300602
1988-12-18,0.016220,Training,-0.217523,-0.139586,-0.105184,-0.070380,-0.010370,0.006044,0.061981,0.184512,0.463036,0.730237,2.539402
1988-12-19,0.016220,Training,-0.200677,-0.129227,-0.093151,-0.061512,0.002836,0.013807,0.068582,0.182664,0.445846,0.706756,2.470900
1988-12-20,0.016220,Training,-0.185554,-0.118357,-0.082185,-0.052235,0.013086,0.021526,0.074776,0.183502,0.432895,0.693078,2.425400
1988-12-21,0.016220,Training,-0.162975,-0.098369,-0.067020,-0.037982,0.024604,0.035390,0.087393,0.197714,0.439406,0.717945,2.471683
1988-12-22,0.016220,Training,-0.174324,-0.108447,-0.073445,-0.045256,0.018618,0.026515,0.078228,0.184825,0.426665,0.690287,2.408869
1988-12-23,0.016220,Training,-0.175113,-0.108978,-0.073871,-0.046335,0.017671,0.024484,0.076078,0.182363,0.423276,0.680464,2.392824
1988-12-24,0.016220,Training,-0.164276,-0.087902,-0.058286,-0.028626,0.032485,0.042206,0.093233,0.205919,0.459580,0.746588,2.580201
1988-12-25,0.016220,Training,-0.149033,-0.079383,-0.052607,-0.025323,0.035051,0.047511,0.099199,0.212094,0.457922,0.744307,2.560369
1988-12-26,0.016220,Training,-0.156032,-0.091648,-0.060836,-0.033838,0.028131,0.038053,0.089428,0.200002,0.439618,0.716906,2.461965
1988-12-27,0.016220,Training,-0.161611,-0.096016,-0.064118,-0.037168,0.026209,0.034542,0.086320,0.196044,0.437572,0.707645,2.439260
1988-12-28,0.016220,Training,-0.170094,-0.103130,-0.069306,-0.042666,0.022047,0.029820,0.082261,0.192280,0.437501,0.697198,2.421980
1988-12-29,0.016220,Training,-0.170262,-0.103261,-0.069365,-0.042553,0.022789,0.031225,0.084438,0.196698,0.445225,0.706676,2.443185
1988-12-30,0.016220,Training,-0.168223,-0.101551,-0.067866,-0.040775,0.025088,0.034511,0.088480,0.202833,0.454374,0.721297,2.471112
1988-12-31,0.016220,Training,-0.162955,-0.097063,-0.064363,-0.037027,0.028673,0.039360,0.093590,0.210118,0.462915,0.738319,2.502749
1989-01-01,0.016220,Training,-0.168325,-0.101943,-0.068057,-0.040694,0.025561,0.036323,0.090990,0.207906,0.464681,0.734514,2.498621
1989-01-02,0.016220,Training,-0.179090,-0.110910,-0.077835,-0.050024,0.015296,0.027506,0.080887,0.201539,0.462217,0.722910,2.488871
1989-01-03,0.016220,Training,-0.183704,-0.114269,-0.082692,-0.054647,0.010507,0.025033,0.078170,0.203982,0.469984,0.732566,2.518459
1989-01-04,0.016220,Training,-0.192455,-0.120600,-0.094473,-0.066956,-0.003789,0.015427,0.064885,0.198360,0.465246,0.730471,2.527646
1989-01-05,0.016220,Training,-0.178496,-0.110745,-0.075737,-0.046353,0.023215,0.040140,0.100699,0.232518,0.522319,0.806203,2.677762
1989-01-06,0.016220,Training,-0.264049,-0.126330,-0.088954,-0.043200,0.038057,0.059413,0.142539,0.314863,0.774601,1.208394,3.974746
1989-01-07,0.016220,Training,-0.236551,-0.135937,-0.098413,-0.047395,0.030772,0.071177,0.159028,0.356195,0.851385,1.283546,4.062738
1989-01-08,0.016220,Training,-0.185002,-0.115659,-0.082273,-0.036896,0.039303,0.092719,0.179275,0.376742,0.821356,1.263869,3.801846
1989-01-09,0.016220,Training,-0.216928,-0.116113,-0.081869,-0.036710,0.036858,0.079137,0.158640,0.344317,0.798897,1.220019,3.801493
1989-01-10,0.016220,Training,-0.597587,-0.407167,-0.353036,-0.175981,-0.009468,0.135054,0.358230,1.000707,3.048838,4.956791,15.239516
1989-01-11,0.048660,Training,-0.744092,-0.554673,-0.434878,-0.122201,0.239001,0.567144,1.123899,2.970210,9.075677,16.419918,44.606625
1989-01-12,0.048660,Training,-0.510554,-0.279375,-0.137554,0.136504,0.407539,0.766086,1.205726,2.664418,6.368200,10.018330,24.782764
1989-01-13,0.129759,Training,-0.369190,-0.161636,-0.066599,0.078874,0.221884,0.445763,0.705590,1.462273,3.215542,4.723761,12.024562
1989-01-14,0.340617,Training,-0.281870,-0.119377,-0.052491,0.037724,0.134852,0.282744,0.454111,0.920477,1.970130,2.834002,7.470119
1989-01-15,0.178419,Training,-0.229407,-0.084467,-0.027136,0.038714,0.118531,0.246937,0.384149,0.754743,1.556495,2.252096,6.015636
1989-01-16,0.129759,Training,-0.211310,-0.074129,-0.016898,0.038286,0.112721,0.228486,0.354150,0.680432,1.385220,1.992192,5.354753
1989-01-17,0.097319,Training,-0.196656,-0.067776,-0.013915,0.036362,0.107495,0.214386,0.332572,0.633844,1.280138,1.851538,4.999991
1989-01-18,0.081099,Training,-0.194124,-0.071837,-0.019045,0.028658,0.099458,0.199146,0.313484,0.597783,1.211162,1.754780,4.753675
1989-01-19,0.064879,Training,-0.194146,-0.077418,-0.025994,0.020404,0.091496,0.185510,0.297228,0.570059,1.161993,1.689047,4.589571
1989-01-20,0.064879,Training,-0.201712,-0.088854,-0.036908,0.008821,0.081416,0.170336,0.280890,0.545175,1.125876,1.631087,4.450395
1989-01-21,0.048660,Training,-0.215845,-0.104424,-0.053179,-0.006841,0.066448,0.152367,0.260895,0.523167,1.098402,1.583877,4.346665
1989-01-22,0.032440,Training,-0.215807,-0.107457,-0.055426,-0.008593,0.067507,0.150640,0.261080,0.521026,1.095953,1.585649,4.335544
1989-01-23,0.032440,Training,-0.220915,-0.113517,-0.060675,-0.012582,0.065633,0.147056,0.258907,0.519170,1.094871,1.585969,4.319711
1989-01-24,0.032440,Training,-0.230136,-0.113080,-0.054677,0.002294,0.084678,0.175399,0.297997,0.585708,1.206576,1.745854,4.604884
1989-01-25,0.032440,Training,-0.197771,-0.102966,-0.057109,-0.014914,0.060760,0.128815,0.231014,0.462870,0.969809,1.445934,4.015893
1989-01-26,0.048660,Training,-0.723259,-0.528647,-0.429812,-0.192250,0.065315,0.307348,0.618543,1.679566,4.864365,8.098626,20.214245
1989-01-27,0.064879,Training,-0.514171,-0.335743,-0.202164,0.076789,0.342289,0.629059,1.050262,2.216525,5.248436,8.219804,18.269804
1989-01-28,0.048660,Training,-0.436383,-0.234085,-0.115008,0.084852,0.274523,0.530181,0.837432,1.713231,3.712757,5.573615,12.825310
1989-01-29,0.275738,Training,-0.284488,-0.119221,-0.040910,0.056026,0.167649,0.327535,0.525050,1.025136,2.154136,3.085233,7.697641
1989-01-30,0.178419,Training,-0.188022,-0.093941,-0.048953,-0.008581,0.067046,0.151076,0.259960,0.512089,1.072194,1.592206,4.414780
1989-01-31,0.129759,Training,-0.177889,-0.090553,-0.047818,-0.013346,0.058143,0.126123,0.221684,0.437623,0.916928,1.379809,3.908719
1989-02-01,0.097319,Training,-0.171588,-0.082471,-0.043977,-0.010329,0.057768,0.117713,0.207358,0.410240,0.863429,1.318814,3.795518
1989-02-02,0.081099,Training,-0.150981,-0.080931,-0.044845,-0.016340,0.050996,0.104897,0.189951,0.375927,0.774556,1.192681,3.442448
1989-02-03,0.064879,Training,-0.151260,-0.084281,-0.047338,-0.020392,0.047496,0.095551,0.178605,0.354526,0.735678,1.134144,3.292948
1989-02-04,0.048660,Training,-0.152111,-0.086596,-0.049149,-0.023195,0.045779,0.089453,0.171649,0.341312,0.712542,1.095873,3.199111
1989-02-05,0.048660,Training,-0.151876,-0.088049,-0.049842,-0.024948,0.044868,0.085858,0.167618,0.333239,0.697652,1.072219,3.140588
1989-02-06,0.048660,Training,-0.150288,-0.087794,-0.049912,-0.025396,0.044741,0.084399,0.165967,0.329794,0.690550,1.063241,3.116428
1989-02-07,0.048660,Training,-0.180785,-0.094845,-0.053292,-0.023346,0.048759,0.086570,0.172192,0.343145,0.755397,1.147954,3.390060
1989-02-08,0.048660,Training,-0.297843,-0.146091,-0.093465,-0.043966,0.047734,0.087939,0.205457,0.424655,1.046297,1.586784,4.720385
1989-02-09,0.064879,Training,-0.435063,-0.243630,-0.175406,-0.071873,0.059744,0.152164,0.344694,0.739985,1.904048,2.924570,8.274020
1989-02-10,0.081099,Training,-0.771303,-0.588823,-0.466279,-0.170935,0.196458,0.513472,1.039223,2.709022,8.009503,14.044519,34.072422
1989-02-11,0.064879,Training,-0.491472,-0.284558,-0.132684,0.177479,0.480609,0.836993,1.322096,2.768096,6.362803,10.070303,22.185234
1989-02-12,0.064879,Training,-0.370332,-0.184386,-0.079868,0.087386,0.248768,0.477514,0.757865,1.537721,3.297069,4.930478,11.596912
1989-02-13,0.064879,Training,-0.301255,-0.131240,-0.047620,0.077406,0.196443,0.367613,0.579216,1.141665,2.344778,3.413113,8.176282
1989-02-14,0.064879,Training,-0.162415,-0.049140,-0.007016,0.042058,0.114214,0.227440,0.358253,0.678899,1.360412,2.006217,5.308613
1989-02-15,0.081099,Training,-0.137221,-0.032765,0.005580,0.043554,0.108096,0.208619,0.325154,0.602795,1.184223,1.755269,4.706806
1989-02-16,0.064879,Training,-0.130249,-0.034607,0.003774,0.036763,0.099053,0.186569,0.294629,0.543924,1.066804,1.590983,4.294022
1989-02-17,0.048660,Training,-0.123117,-0.035096,0.001000,0.030248,0.091336,0.170196,0.272847,0.502413,0.984717,1.477522,4.026389
1989-02-18,0.048660,Training,-0.110042,-0.028165,0.001876,0.026861,0.085386,0.159963,0.258312,0.471796,0.921749,1.390285,3.855040
1989-02-19,0.032440,Training,-0.095811,-0.019885,0.004113,0.025197,0.079055,0.152112,0.245113,0.442232,0.861196,1.306800,3.699897
1989-02-20,0.032440,Training,-0.101235,-0.030640,-0.005884,0.014406,0.070765,0.134550,0.225345,0.412669,0.813231,1.243251,3.534341
1989-02-21,0.032440,Training,-0.341618,-0.132830,-0.088014,-0.016477,0.078193,0.159395,0.306994,0.617050,1.437168,2.252221,6.501397
1989-02-22,0.032440,Validation,-0.356602,-0.167365,-0.106843,-0.018075,0.090846,0.191508,0.369534,0.752847,1.806794,2.866195,7.772686
1989-02-23,0.032440,Validation,-0.411495,-0.211185,-0.122636,0.005634,0.145224,0.294919,0.526132,1.042094,2.550993,3.979239,10.013967
1989-02-24,0.048660,Validation,-0.862439,-0.687850,-0.530594,-0.103727,0.541585,1.139068,1.916237,5.006063,13.783183,24.828438,49.492950
1989-02-25,0.097319,Validation,-0.839281,-0.511427,-0.158006,0.926060,2.779726,4.566260,7.372604,16.955053,42.706089,76.051193,157.426224
1989-02-26,0.113539,Validation,-0.677767,-0.235718,0.196715,1.262243,2.648176,3.784958,5.402574,10.095286,20.792624,31.089960,56.691582
1989-02-27,0.194638,Validation,-0.648847,-0.259165,0.021555,0.655392,1.351240,1.974851,2.779738,5.129821,10.436518,15.565976,30.204157
1989-02-28,0.259518,Validation,-0.561138,-0.230748,-0.080414,0.262853,0.566253,0.917621,1.327609,2.525890,5.423255,8.366056,18.786255
1989-03-01,0.210858,Validation,-0.374246,-0.105472,-0.001465,0.204794,0.367514,0.631047,0.898965,1.670879,3.403587,5.119453,11.716376
1989-03-02,0.194638,Validation,-0.291168,-0.051448,0.039515,0.202609,0.333248,0.566624,0.798838,1.444207,2.772434,4.074139,9.156895
1989-03-03,0.129759,Validation,-0.253273,-0.013081,0.064614,0.208387,0.318509,0.533963,0.744920,1.314123,2.473254,3.589265,8.279043
1989-03-04,0.113539,Validation,-0.190760,0.016804,0.084040,0.194084,0.284175,0.475778,0.664979,1.148275,2.086884,2.987697,6.952047
1989-03-05,0.097319,Validation,-0.163218,0.031871,0.092109,0.184632,0.257590,0.439479,0.609823,1.035505,1.860539,2.664906,6.346626
1989-03-06,0.081099,Validation,-0.178349,0.022131,0.086300,0.178132,0.255843,0.423729,0.593056,1.010290,1.841507,2.641433,6.297663
1989-03-07,0.081099,Validation,-0.198745,0.004712,0.074090,0.168013,0.250919,0.408435,0.577579,0.991865,1.845790,2.664133,6.337709
1989-03-08,0.081099,Validation,-0.151228,0.013220,0.071998,0.144177,0.218809,0.363506,0.522709,0.889768,1.619034,2.324020,5.581817
1989-03-09,0.064879,Validation,-0.142520,0.020378,0.072481,0.142035,0.211132,0.357613,0.512034,0.863631,1.565929,2.248332,5.475203
1989-03-10,0.064879,Validation,-0.136421,0.029550,0.076527,0.148927,0.209803,0.364577,0.511924,0.852189,1.527624,2.194785,5.393994
1989-03-11,0.048660,Validation,-0.142283,0.045443,0.097666,0.188226,0.241743,0.422229,0.565638,0.916617,1.590718,2.282826,5.554879
1989-03-12,0.048660,Validation,-0.110993,0.031820,0.072105,0.129657,0.173388,0.318105,0.438878,0.719091,1.272084,1.854426,4.734220
1989-03-13,0.048660,Validation,-0.104111,0.002221,0.039063,0.073018,0.133956,0.225797,0.344739,0.587660,1.072738,1.566312,4.091448
1989-03-14,0.048660,Validation,-0.084939,-0.006340,0.021932,0.042498,0.099179,0.168595,0.268923,0.464687,0.858630,1.284531,3.522249
1989-03-15,0.048660,Validation,-0.060897,-0.008455,0.007293,0.016639,0.071859,0.120883,0.200325,0.351931,0.674241,1.044268,3.065876
1989-03-16,0.048660,Validation,-0.139515,-0.035775,-0.012159,0.010220,0.074860,0.103480,0.182998,0.336540,0.741378,1.163026,3.518565
1989-03-17,0.048660,Validation,-0.242652,-0.097237,-0.057564,-0.018905,0.065941,0.094686,0.199820,0.382100,0.910926,1.419860,4.243688
1989-03-18,0.048660,Validation,-0.110861,-0.065415,-0.036507,-0.010907,0.059628,0.104592,0.187959,0.351244,0.721329,1.128891,3.193488
1989-03-19,0.032440,Validation,-0.116295,-0.069252,-0.044056,-0.018053,0.050408,0.091940,0.168717,0.318291,0.663067,1.045723,3.007384
1989-03-20,0.032440,Validation,-0.105758,-0.061977,-0.042433,-0.020931,0.044084,0.078910,0.150436,0.289308,0.603740,0.960196,2.846568
1989-03-21,0.032440,Validation,-0.069093,-0.030850,-0.020963,-0.009362,0.047169,0.085219,0.152223,0.279134,0.564212,0.902497,2.775713
1989-03-22,0.032440,Validation,-0.052365,-0.017601,-0.010975,-0.002698,0.045741,0.087351,0.148186,0.264941,0.529231,0.858137,2.692841
1989-03-23,0.032440,Validation,-0.044354,-0.011150,-0.005735,0.001730,0.044513,0.089129,0.145092,0.255825,0.507543,0.832754,2.638797
1989-03-24,0.016220,Validation,-0.046990,-0.012932,-0.005404,-0.000099,0.049624,0.085256,0.146731,0.261433,0.518690,0.838813,2.644292
1989-03-25,0.016220,Validation,-0.032772,-0.000821,0.003853,0.009153,0.048752,0.093585,0.146752,0.253205,0.493827,0.814267,2.599623
1989-03-26,0.016220,Validation,-0.028808,0.000582,0.004897,0.007909,0.050620,0.087600,0.142618,0.246983,0.483704,0.794676,2.557621
1989-03-27,0.032440,Validation,-0.346685,-0.118055,-0.079360,0.018738,0.134191,0.214770,0.346869,0.645782,1.431693,2.184312,6.660999
1989-03-28,0.048660,Validation,-0.370559,-0.199204,-0.147530,-0.060630,0.057284,0.132588,0.307216,0.620136,1.596858,2.502919,7.261515
1989-03-29,0.210858,Validation,-0.150693,-0.087505,-0.052959,0.005532,0.095406,0.206003,0.351885,0.658608,1.400255,2.182189,5.657480
1989-03-30,0.535256,Validation,-0.135233,-0.026202,-0.011484,0.025546,0.087323,0.185336,0.302520,0.541903,1.139910,1.752953,4.925000
1989-03-31,0.762334,Validation,-0.113737,-0.030199,-0.015957,0.011371,0.068637,0.141399,0.237528,0.431004,0.882837,1.357376,3.884547
1989-04-01,0.454156,Training,-0.101853,-0.037155,-0.018202,0.001437,0.058397,0.119081,0.204868,0.376185,0.753900,1.171678,3.360331
1989-04-02,0.291958,Training,-0.242210,-0.089000,-0.050193,-0.009762,0.064122,0.110847,0.220106,0.424508,0.994667,1.561644,4.534589
1989-04-03,0.243298,Training,-0.311810,-0.141637,-0.087426,-0.031394,0.056810,0.112197,0.238445,0.475149,1.161944,1.757296,5.004349
1989-04-04,0.227078,Training,-0.243004,-0.107802,-0.056070,-0.001876,0.080481,0.148108,0.273852,0.524745,1.202906,1.852161,5.031600
1989-04-05,0.194638,Training,-0.204859,-0.098464,-0.058089,-0.013412,0.061392,0.117568,0.220500,0.425505,0.963721,1.485615,4.130755
1989-04-06,0.194638,Training,-0.305294,-0.139963,-0.102302,-0.044243,0.045160,0.097905,0.224580,0.462838,1.147969,1.826776,5.263920
1989-04-07,0.243298,Training,-0.746500,-0.560993,-0.447611,-0.176850,0.136119,0.398738,0.756907,1.948712,5.660598,9.618735,21.457869
1989-04-08,2.903357,Training,-0.830334,-0.597727,-0.365686,0.321465,1.409914,2.493949,3.981807,9.999865,27.928356,52.320869,101.523438
1989-04-09,16.982204,Training,-0.729288,-0.385948,-0.061700,0.651914,1.658520,2.542741,4.053302,8.609571,21.624569,36.311768,79.461693
1989-04-10,6.066232,Training,-0.554301,-0.197061,0.052885,0.534945,1.059925,1.627295,2.341820,4.489224,9.368087,14.090854,28.085955
1989-04-11,3.211534,Training,-0.453435,-0.087078,0.072744,0.385355,0.678567,1.062560,1.486693,2.743455,5.567995,8.294658,17.916801
1989-04-12,1.962604,Training,-0.406095,-0.079056,0.042422,0.269940,0.465709,0.737801,1.040889,1.886397,3.806408,5.663722,12.724766
1989-04-13,1.459788,Training,-0.346769,-0.054617,0.058667,0.254412,0.412500,0.651122,0.901357,1.584660,3.025986,4.418567,9.711674
1989-04-14,1.102951,Training,-0.349234,-0.042887,0.064237,0.273690,0.431685,0.662435,0.902480,1.533093,2.840883,4.088499,8.951508
1989-04-15,0.875873,Training,-0.234913,-0.023694,0.042048,0.151193,0.246617,0.395974,0.569500,0.978856,1.819763,2.602109,6.129902
1989-04-16,0.681235,Training,-0.208027,-0.053941,0.016962,0.093986,0.181170,0.289197,0.434193,0.752150,1.389761,1.980188,4.676334
1989-04-17,0.551476,Training,-0.206352,-0.061983,0.005813,0.077739,0.163709,0.257633,0.393869,0.681849,1.254431,1.786994,4.275956
1989-04-18,0.470376,Training,-0.166518,-0.033927,0.009396,0.064658,0.138845,0.226468,0.353509,0.604077,1.094959,1.573588,3.995937
1989-04-19,0.373057,Training,-0.241158,-0.060591,-0.009822,0.062678,0.143430,0.219904,0.351795,0.617633,1.225749,1.799633,4.634637
1989-04-20,0.324397,Training,-0.185456,-0.045863,-0.004793,0.057800,0.133546,0.208939,0.333968,0.573008,1.053701,1.521764,3.912047
1989-04-21,0.275738,Training,-0.159151,-0.038741,-0.002795,0.046667,0.117466,0.187773,0.304887,0.519561,0.942934,1.372235,3.602509
1989-04-22,0.227078,Training,-0.163858,-0.036769,-0.005497,0.041478,0.111043,0.173734,0.284615,0.486851,0.908426,1.331800,3.584214
1989-04-23,0.210858,Training,-0.144401,-0.041091,-0.007980,0.029694,0.101707,0.154427,0.259353,0.447486,0.814145,1.196989,3.243113
1989-04-24,0.210858,Training,-0.353497,-0.133269,-0.081369,0.003605,0.106915,0.166105,0.312262,0.590518,1.272283,1.943284,5.240374
1989-04-25,0.210858,Training,-0.422496,-0.182538,-0.127581,-0.009093,0.120564,0.223769,0.409639,0.817712,1.808877,2.822352,7.511963
1989-04-26,0.194638,Training,-0.195811,-0.103366,-0.053782,0.015431,0.113610,0.215081,0.362831,0.675369,1.334423,2.038788,5.043355
1989-04-27,0.178419,Training,-0.178218,-0.084524,-0.047466,-0.001283,0.081519,0.157505,0.267483,0.500497,1.000951,1.512759,3.978459
1989-04-28,0.162199,Training,-0.153777,-0.035386,-0.020191,0.013696,0.080402,0.145685,0.243555,0.441520,0.909367,1.371728,3.958845
1989-04-29,0.145979,Training,-0.101527,-0.025137,-0.011819,0.006303,0.064749,0.126561,0.206663,0.368011,0.701169,1.075269,3.156861
1989-04-30,0.129759,Training,-0.085009,-0.016265,-0.006190,0.007645,0.055859,0.115959,0.183871,0.321392,0.607114,0.955784,2.892566
1989-05-01,0.129759,Training,-0.074152,-0.012349,-0.004531,0.007302,0.049585,0.106115,0.163464,0.281283,0.528457,0.853411,2.668309
1989-05-02,0.113539,Training,-0.071168,-0.011136,-0.002590,0.009447,0.048016,0.102482,0.152943,0.259180,0.485930,0.798954,2.562281
1989-05-03,0.081099,Training,-0.073887,-0.010461,-0.000035,0.013992,0.050690,0.103443,0.148564,0.247586,0.462261,0.766115,2.513386
1989-05-04,0.064879,Training,-0.064618,-0.006467,0.002272,0.014124,0.049396,0.097992,0.141323,0.235309,0.441189,0.737523,2.455863
1989-05-05,0.048660,Training,-0.060977,-0.004399,0.003764,0.015267,0.049089,0.095810,0.137201,0.227335,0.427444,0.718905,2.422070
1989-05-06,0.048660,Training,-0.061749,-0.003867,0.004865,0.017393,0.049858,0.095458,0.134414,0.220905,0.415711,0.702087,2.396513
1989-05-07,0.032440,Training,-0.054266,-0.000738,0.005604,0.016162,0.046899,0.089693,0.128148,0.212000,0.404476,0.688599,2.370128
1989-05-08,0.016220,Training,-0.034001,0.005956,0.008389,0.012573,0.044521,0.077948,0.119439,0.201634,0.388466,0.662319,2.300502
1989-05-09,0.016220,Training,-0.033652,0.007248,0.009301,0.013023,0.045673,0.074891,0.117109,0.198848,0.387608,0.658236,2.302623
1989-05-10,0.016220,Training,-0.030956,0.006723,0.008510,0.012175,0.043299,0.072665,0.113160,0.191692,0.373791,0.640391,2.259078
1989-05-11,0.016220,Training,-0.034534,0.006848,0.008193,0.013061,0.043277,0.071361,0.111235,0.188700,0.374477,0.642756,2.282280
1989-05-12,4.022528,Training,-0.210123,-0.047059,-0.040452,-0.006476,0.041227,0.069221,0.136525,0.255554,0.596027,0.997700,3.505296
1989-05-13,6.990764,Training,-0.034948,0.003715,0.004781,0.013021,0.048146,0.079638,0.124741,0.216387,0.413993,0.699429,2.417053
1989-05-14,1.021852,Training,-0.035010,0.000834,0.002708,0.012880,0.041318,0.073344,0.105609,0.176867,0.342925,0.609320,2.187147
1989-05-15,0.356837,Training,-0.051201,-0.005391,-0.004790,0.008901,0.034364,0.064972,0.091983,0.151367,0.307939,0.560487,2.102797
1989-05-16,0.194638,Training,-0.044698,-0.001975,0.000127,0.011564,0.035202,0.063025,0.087970,0.144833,0.293033,0.538698,2.054198
1989-05-17,0.129759,Training,-0.052351,-0.002555,0.002840,0.016980,0.039434,0.067743,0.090513,0.145150,0.291945,0.535512,2.065088
1989-05-18,0.113539,Training,-0.041607,0.003587,0.005964,0.016921,0.037185,0.061773,0.085066,0.139004,0.287450,0.531054,2.061139
1989-05-19,0.081099,Training,-0.034837,0.002937,0.005742,0.014638,0.035084,0.059205,0.083120,0.136179,0.277853,0.516770,2.010302
1989-05-20,0.048660,Training,-0.039121,0.002190,0.006157,0.016243,0.035993,0.060394,0.083091,0.134542,0.275424,0.513117,2.008098
1989-05-21,0.032440,Training,-0.026751,0.007205,0.009053,0.014859,0.036751,0.055842,0.082458,0.137528,0.279615,0.513745,1.998758
1989-05-22,0.016220,Training,-0.196831,-0.043624,-0.036261,-0.001205,0.039335,0.054046,0.104088,0.192450,0.460882,0.798463,3.002714
1989-05-23,0.016220,Training,-0.289690,-0.076070,-0.059711,0.053688,0.130872,0.207831,0.281743,0.498652,1.044840,1.666025,5.522068
1989-05-24,0.016220,Training,-0.076959,-0.023282,-0.025538,0.016105,0.062125,0.136057,0.209227,0.368786,0.750178,1.247952,3.923841
1989-05-25,0.129759,Training,-0.311830,-0.104644,-0.097285,-0.001136,0.059321,0.152343,0.240310,0.445684,1.045001,1.732874,5.776382
1989-05-26,0.081099,Training,-0.176575,-0.031083,-0.037177,0.019114,0.050430,0.146469,0.232761,0.405231,0.961353,1.588668,5.146405
1989-05-27,0.048660,Training,-0.337183,-0.115240,-0.109882,-0.013259,0.034594,0.162213,0.262812,0.498482,1.224107,2.072965,6.836362
1989-05-28,0.064879,Training,-0.445800,-0.200612,-0.189969,-0.018009,0.062903,0.263438,0.412636,0.827693,2.181311,3.781179,12.171181
1989-05-29,2.368101,Training,-0.414195,-0.186779,-0.171804,-0.027329,0.056936,0.254319,0.453594,0.913463,2.413043,4.197045,13.279347
1989-05-30,3.941429,Training,-0.451219,-0.201987,-0.176276,-0.029171,0.047955,0.248924,0.442890,0.909225,2.385683,4.059678,12.585903
1989-05-31,2.822257,Training,-0.411771,-0.164127,-0.145411,-0.014382,0.042046,0.223773,0.382505,0.757494,1.951419,3.299105,10.278344
1989-06-01,1.492228,Training,-0.192467,-0.051036,-0.030878,0.050738,0.082105,0.245220,0.360875,0.638675,1.352807,2.104204,5.936770
1989-06-02,0.908313,Training,-0.213522,-0.042050,-0.021641,0.050241,0.067172,0.195025,0.292357,0.517539,1.155784,1.794382,5.343529
1989-06-03,0.535256,Training,-0.153210,-0.030919,-0.013712,0.038635,0.053515,0.158268,0.241298,0.415851,0.875776,1.344614,4.027997
1989-06-04,0.356837,Training,-0.140033,-0.030050,-0.013586,0.028840,0.037436,0.132656,0.202286,0.343198,0.732038,1.152128,3.547989
1989-06-05,0.259518,Training,-0.134780,-0.032397,-0.017971,0.020215,0.028075,0.112394,0.175975,0.296988,0.646098,1.032194,3.248242
1989-06-06,0.194638,Training,-0.133374,-0.038525,-0.024641,0.011082,0.018993,0.095487,0.155048,0.261484,0.583260,0.951095,3.043197
1989-06-07,0.145979,Training,-0.136096,-0.043552,-0.030046,0.005533,0.014540,0.085042,0.144328,0.243525,0.553741,0.911592,2.941752
1989-06-08,0.129759,Training,-0.151186,-0.053379,-0.038450,0.001452,0.015125,0.080072,0.145539,0.247873,0.568430,0.925569,2.962553
1989-06-09,0.113539,Training,-0.207056,-0.074300,-0.054363,0.010851,0.028587,0.109462,0.193152,0.319843,0.696647,1.086425,3.274324
1989-06-10,0.097319,Training,-0.176166,-0.064359,-0.051288,0.000447,0.009634,0.085054,0.151328,0.243496,0.553180,0.909323,2.889838
1989-06-11,0.081099,Training,-0.121960,-0.046269,-0.036351,-0.009303,-0.000679,0.049491,0.088219,0.139493,0.361604,0.658851,2.384031
1989-06-12,0.064879,Training,-0.162203,-0.065736,-0.054769,-0.010897,-0.004326,0.058161,0.107471,0.167795,0.422532,0.739947,2.549408
1989-06-13,0.048660,Training,-0.111895,-0.045623,-0.037542,-0.012688,-0.003687,0.037086,0.073557,0.116536,0.319676,0.599027,2.241449
1989-06-14,0.032440,Training,-0.244066,-0.090545,-0.080407,-0.028108,-0.020654,0.021115,0.069396,0.119815,0.434125,0.816864,3.041098
1989-06-15,0.016220,Training,-0.234472,-0.088072,-0.075726,-0.026023,-0.015198,0.025028,0.068280,0.120301,0.415719,0.794904,3.036961
1989-06-16,0.016220,Training,-0.159537,-0.055837,-0.041636,-0.004442,0.005869,0.043628,0.073793,0.119547,0.363307,0.690696,2.667110
1989-06-17,0.016220,Training,-0.120263,-0.051529,-0.041730,-0.012932,-0.000134,0.036007,0.060343,0.094339,0.271993,0.538196,2.141550
1989-06-18,0.016220,Training,-0.095834,-0.042041,-0.036140,-0.017213,-0.003253,0.025417,0.047152,0.074545,0.221041,0.457320,1.902188
1989-06-19,0.016220,Training,-0.185915,-0.061836,-0.053546,-0.025693,-0.005714,0.008534,0.032727,0.058834,0.253749,0.527526,2.273205
1989-06-20,0.016220,Training,-0.153816,-0.045446,-0.037182,-0.013393,0.002946,0.018580,0.038697,0.067941,0.251055,0.513251,2.223120
1989-06-21,0.016220,Training,-0.101258,-0.044411,-0.031851,-0.012595,0.003468,0.032581,0.048432,0.077961,0.208088,0.436974,1.861472
1989-06-22,0.016220,Training,-0.110347,-0.048226,-0.035305,-0.014581,-0.001096,0.026474,0.038661,0.059461,0.185313,0.404767,1.783159
1989-06-23,0.016220,Training,-0.111815,-0.046979,-0.034956,-0.014054,-0.002525,0.024606,0.034610,0.052768,0.175890,0.390534,1.755117
1989-06-24,0.016220,Training,-0.107091,-0.045366,-0.030746,-0.012966,-0.002369,0.022126,0.031091,0.048412,0.163792,0.373132,1.712744
1989-06-25,0.000000,Training,-0.099448,-0.042247,-0.028224,-0.014239,-0.003749,0.017805,0.027591,0.044556,0.155328,0.360737,1.681243
1989-06-26,0.000000,Training,-0.091748,-0.039347,-0.026245,-0.015059,-0.005032,0.014091,0.024318,0.041101,0.148260,0.350764,1.650873
1989-06-27,0.000000,Training,-0.080551,-0.034352,-0.022783,-0.014429,-0.005237,0.010757,0.021850,0.040589,0.145706,0.346132,1.630137
1989-06-28,0.000000,Training,-0.082964,-0.036121,-0.023578,-0.015297,-0.007400,0.008494,0.017992,0.033540,0.134864,0.332851,1.598825
1989-06-29,0.000000,Training,-0.095178,-0.042096,-0.026523,-0.016119,-0.008761,0.008133,0.015302,0.026506,0.125057,0.320802,1.578105
1989-06-30,0.000000,Training,-0.104556,-0.047441,-0.029029,-0.015625,-0.009531,0.008519,0.013203,0.022085,0.120163,0.316156,1.569198
1989-07-01,0.000000,Training,-0.096660,-0.045125,-0.029709,-0.019101,-0.013785,0.003278,0.009760,0.019092,0.118555,0.316267,1.569369
1989-07-02,0.000000,Training,-0.102201,-0.051034,-0.035155,-0.022372,-0.020336,-0.000890,0.005763,0.011411,0.116991,0.319921,1.582406
1989-07-03,0.000000,Training,-0.090964,-0.046042,-0.031527,-0.022996,-0.018438,-0.003016,0.004404,0.012762,0.109321,0.305022,1.530047
1989-07-04,0.000000,Training,-0.093566,-0.038948,-0.024729,-0.017030,-0.008237,0.001195,0.008848,0.023408,0.118951,0.309625,1.546445
1989-07-05,0.000000,Training,-0.089836,-0.044195,-0.028819,-0.023092,-0.013015,-0.002074,0.005552,0.017473,0.100626,0.284805,1.462203
1989-07-06,0.000000,Training,-0.093347,-0.045871,-0.030517,-0.024023,-0.015524,-0.004198,0.002652,0.012580,0.098168,0.284333,1.467659
1989-07-07,0.000000,Training,-0.096631,-0.051419,-0.036151,-0.028712,-0.022889,-0.009038,-0.002668,0.002599,0.089870,0.278396,1.456110
1989-07-08,0.000000,Training,-0.096057,-0.050867,-0.034530,-0.029012,-0.019228,-0.008067,-0.001874,0.005695,0.083036,0.263561,1.407276
1989-07-09,0.000000,Training,-0.102771,-0.054537,-0.036076,-0.030577,-0.018082,-0.007494,-0.002083,0.004349,0.073896,0.248504,1.364514
1989-07-10,0.000000,Training,-0.117888,-0.062552,-0.039724,-0.030122,-0.018415,-0.005958,-0.003821,-0.000618,0.067385,0.240998,1.350519
1989-07-11,0.000000,Training,-0.121766,-0.065558,-0.041049,-0.029133,-0.018598,-0.004615,-0.004774,-0.002142,0.064509,0.238355,1.339782
1989-07-12,0.000000,Training,-0.123685,-0.067803,-0.042855,-0.030548,-0.020150,-0.005645,-0.006296,-0.003669,0.061866,0.235826,1.331558
1989-07-13,0.000000,Training,-0.123470,-0.068701,-0.044322,-0.033589,-0.022398,-0.008898,-0.008516,-0.005790,0.058080,0.230751,1.320071
1989-07-14,0.000000,Training,-0.124564,-0.070022,-0.045130,-0.034206,-0.023249,-0.009956,-0.010173,-0.008135,0.054152,0.225707,1.306048
1989-07-15,0.000000,Training,-0.123557,-0.070272,-0.045966,-0.036488,-0.024959,-0.012740,-0.012150,-0.010280,0.050132,0.220051,1.292874
1989-07-16,0.000000,Training,-0.118397,-0.068182,-0.045833,-0.039178,-0.026879,-0.016321,-0.014116,-0.011608,0.046775,0.215001,1.280539
1989-07-17,0.000000,Training,-0.122275,-0.070728,-0.046840,-0.039132,-0.027216,-0.016790,-0.015890,-0.014701,0.041817,0.208571,1.264231
1989-07-18,0.000000,Training,-0.148123,-0.069806,-0.044077,-0.028635,-0.021286,-0.012931,-0.017101,-0.018701,0.058743,0.237951,1.390124
1989-07-19,0.000000,Training,-0.128349,-0.076207,-0.050520,-0.039210,-0.028126,-0.015333,-0.016460,-0.014643,0.041486,0.210455,1.264981
1989-07-20,0.000000,Training,-0.129733,-0.077883,-0.052167,-0.041766,-0.030124,-0.017948,-0.018338,-0.017041,0.038900,0.207808,1.257175
1989-07-21,0.000000,Training,-0.150923,-0.074294,-0.050799,-0.036611,-0.026780,-0.019938,-0.022255,-0.023324,0.050807,0.227513,1.362494
1989-07-22,0.000000,Training,-0.116000,-0.071738,-0.051636,-0.045633,-0.032107,-0.023285,-0.020557,-0.015113,0.037012,0.202694,1.239239
1989-07-23,0.000000,Training,-0.114825,-0.071553,-0.050751,-0.045728,-0.032331,-0.024713,-0.021783,-0.017242,0.033880,0.198112,1.225534
1989-07-24,0.000000,Training,-0.120236,-0.073897,-0.052826,-0.046949,-0.033136,-0.026659,-0.025147,-0.023583,0.023850,0.183532,1.193579
1989-07-25,0.000000,Training,-0.129206,-0.078646,-0.053794,-0.045386,-0.032230,-0.024947,-0.025747,-0.026437,0.019074,0.177581,1.182847
1989-07-26,0.000000,Training,-0.131700,-0.080718,-0.053690,-0.042339,-0.030694,-0.021696,-0.025154,-0.026410,0.018570,0.177967,1.178898
1989-07-27,0.000000,Training,-0.132271,-0.081891,-0.054531,-0.042889,-0.031133,-0.022047,-0.025584,-0.026540,0.017715,0.177422,1.176615
1989-07-28,0.000000,Training,-0.132148,-0.082239,-0.055226,-0.044585,-0.032042,-0.024028,-0.026594,-0.027357,0.015666,0.174540,1.171190
1989-07-29,0.000000,Training,-0.155434,-0.079166,-0.052399,-0.036926,-0.027326,-0.023224,-0.028192,-0.031078,0.033131,0.204256,1.302630
1989-07-30,0.000000,Training,-0.135466,-0.083390,-0.057303,-0.045117,-0.032499,-0.023795,-0.026010,-0.025380,0.019929,0.182310,1.196117
1989-07-31,0.000000,Training,-0.141910,-0.083289,-0.056443,-0.041662,-0.030887,-0.022249,-0.026569,-0.027649,0.022832,0.188412,1.219985
1989-08-01,0.000000,Training,-0.165639,-0.084791,-0.058941,-0.039930,-0.029708,-0.025177,-0.030502,-0.034183,0.033337,0.208262,1.317963
1989-08-02,0.000000,Training,-0.131547,-0.085252,-0.062969,-0.053114,-0.037517,-0.029796,-0.028463,-0.025771,0.015738,0.177330,1.176126
1989-08-03,0.000000,Training,-0.145581,-0.076439,-0.056901,-0.045764,-0.032170,-0.031253,-0.030248,-0.027621,0.033903,0.204473,1.294572
1989-08-04,0.000000,Training,-0.129101,-0.078057,-0.060327,-0.050667,-0.035347,-0.032045,-0.030915,-0.028146,0.014849,0.173732,1.177353
1989-08-05,0.000000,Training,-0.122677,-0.078739,-0.059494,-0.052512,-0.035975,-0.033336,-0.030934,-0.027564,0.008776,0.163753,1.138164
1989-08-06,0.000000,Training,-0.123594,-0.078188,-0.059771,-0.052513,-0.035574,-0.034178,-0.032113,-0.030313,0.002913,0.154674,1.116416
1989-08-07,0.000000,Training,-0.123470,-0.078515,-0.059140,-0.052107,-0.035556,-0.034804,-0.033634,-0.033180,-0.002718,0.147541,1.099411
1989-08-08,0.000000,Validation,-0.125485,-0.079932,-0.059048,-0.051510,-0.035256,-0.034582,-0.034299,-0.035323,-0.006564,0.142966,1.089296
1989-08-09,0.000000,Validation,-0.128142,-0.080637,-0.058670,-0.050159,-0.034185,-0.033626,-0.033807,-0.036178,-0.008231,0.141042,1.087877
1989-08-10,0.000000,Validation,-0.121435,-0.077939,-0.057719,-0.050864,-0.034140,-0.034750,-0.033471,-0.033935,-0.007655,0.140948,1.083043
1989-08-11,0.000000,Validation,-0.121078,-0.077667,-0.057442,-0.050582,-0.033712,-0.035006,-0.033633,-0.034401,-0.008987,0.139073,1.078477
1989-08-12,0.000000,Validation,-0.121050,-0.077608,-0.057256,-0.050240,-0.033361,-0.035225,-0.034033,-0.035471,-0.011233,0.136064,1.071381
1989-08-13,0.000000,Validation,-0.120024,-0.076964,-0.056982,-0.050082,-0.032734,-0.035195,-0.033580,-0.034623,-0.011495,0.135219,1.068469
1989-08-14,0.000000,Validation,-0.119670,-0.076364,-0.056712,-0.049715,-0.031903,-0.034991,-0.033035,-0.033735,-0.011375,0.134861,1.067562
1989-08-15,0.000000,Validation,-0.122537,-0.076029,-0.056508,-0.048245,-0.031184,-0.034692,-0.033702,-0.035439,-0.011390,0.136079,1.077165
1989-08-16,0.000000,Validation,-0.123522,-0.075034,-0.056163,-0.047350,-0.030104,-0.034191,-0.033051,-0.034372,-0.009307,0.138829,1.087856
1989-08-17,0.000000,Validation,-0.119811,-0.076933,-0.057659,-0.049846,-0.031101,-0.034893,-0.032202,-0.033082,-0.012680,0.133303,1.062921
1989-08-18,0.000000,Validation,-0.121520,-0.079156,-0.059005,-0.050309,-0.032337,-0.035701,-0.034172,-0.037168,-0.017217,0.129181,1.052292
1989-08-19,0.000000,Validation,-0.120294,-0.077778,-0.058569,-0.050154,-0.031291,-0.035792,-0.033292,-0.035562,-0.016244,0.129110,1.053345
1989-08-20,0.000000,Validation,-0.121184,-0.079273,-0.059265,-0.050298,-0.031613,-0.035857,-0.033754,-0.037513,-0.019607,0.125580,1.043076
1989-08-21,0.000000,Validation,-0.124142,-0.081503,-0.059790,-0.049278,-0.031264,-0.034918,-0.034061,-0.039361,-0.021481,0.124281,1.039885
1989-08-22,0.000000,Validation,-0.127684,-0.083568,-0.060013,-0.047835,-0.030047,-0.032871,-0.032555,-0.039310,-0.021972,0.124109,1.039806
1989-08-23,0.000000,Validation,-0.136932,-0.081578,-0.058011,-0.042154,-0.026250,-0.029685,-0.031381,-0.039095,-0.013609,0.137663,1.094000
1989-08-24,0.000000,Validation,-0.128452,-0.085590,-0.062028,-0.048541,-0.030344,-0.032392,-0.031607,-0.037566,-0.019430,0.129105,1.050506
1989-08-25,0.000000,Validation,-0.130247,-0.083446,-0.060980,-0.046765,-0.029382,-0.032646,-0.032321,-0.038687,-0.016850,0.133690,1.071079
1989-08-26,0.000000,Validation,-0.123335,-0.082850,-0.062729,-0.051403,-0.031495,-0.036176,-0.033113,-0.037937,-0.021153,0.125243,1.041224
1989-08-27,0.000000,Validation,-0.122296,-0.081235,-0.061578,-0.050820,-0.029948,-0.036018,-0.032047,-0.036101,-0.020256,0.124635,1.040395
1989-08-28,0.000000,Validation,-0.121974,-0.080558,-0.061157,-0.050376,-0.028964,-0.035683,-0.031368,-0.035176,-0.020048,0.123887,1.038459
1989-08-29,0.000000,Validation,-0.162908,-0.083694,-0.064730,-0.049137,-0.027015,-0.041071,-0.035613,-0.042125,0.001055,0.162022,1.212540
1989-08-30,0.000000,Validation,-0.188397,-0.098409,-0.080782,-0.061438,-0.033476,-0.045600,-0.033131,-0.033450,0.022719,0.201199,1.332301
1989-08-31,0.000000,Validation,-0.130648,-0.090841,-0.072913,-0.055332,-0.031880,-0.027242,-0.019648,-0.014761,0.014248,0.179971,1.162722
1989-09-01,0.000000,Validation,-0.135441,-0.093522,-0.075157,-0.056644,-0.035420,-0.032288,-0.028951,-0.031055,-0.005391,0.153625,1.097172
1989-09-02,0.000000,Validation,-0.145678,-0.086418,-0.070001,-0.049045,-0.031174,-0.033397,-0.035090,-0.042390,-0.013156,0.143281,1.107958
1989-09-03,0.000000,Validation,-0.175287,-0.093092,-0.075026,-0.053025,-0.033322,-0.041118,-0.039999,-0.048438,-0.000350,0.170543,1.233365
1989-09-04,0.000000,Validation,-0.224431,-0.123558,-0.106726,-0.077921,-0.050160,-0.052935,-0.041499,-0.042864,0.025889,0.229978,1.416828
1989-09-05,0.000000,Validation,-0.229776,-0.130156,-0.118028,-0.083632,-0.050231,-0.042511,-0.022541,-0.011997,0.079452,0.313082,1.633023
1989-09-06,0.000000,Validation,-0.151920,-0.101889,-0.092810,-0.061555,-0.035271,-0.014916,-0.004770,0.010798,0.068057,0.265910,1.376199
1989-09-07,0.000000,Validation,-0.323049,-0.174571,-0.168121,-0.084352,-0.037708,0.000876,0.019551,0.048329,0.184357,0.489791,2.059882
1989-09-08,0.000000,Validation,-0.158212,-0.111397,-0.111736,-0.069498,-0.035779,0.001740,0.020057,0.053616,0.135160,0.370164,1.614055
1989-09-09,0.000000,Validation,-0.148748,-0.093004,-0.085309,-0.058763,-0.032214,-0.007594,0.005231,0.027434,0.089128,0.285394,1.428865
1989-09-10,0.000000,Validation,-0.139018,-0.082372,-0.072507,-0.055613,-0.030624,-0.024709,-0.016155,-0.005329,0.029026,0.192538,1.212656
1989-09-11,0.000000,Validation,-0.132479,-0.078053,-0.066336,-0.051928,-0.030117,-0.023810,-0.018289,-0.009913,0.017922,0.179165,1.177855
1989-09-12,0.000000,Validation,-0.128367,-0.074960,-0.062249,-0.048951,-0.029698,-0.022747,-0.019656,-0.013562,0.010428,0.170246,1.156121
1989-09-13,0.000000,Validation,-0.126098,-0.073953,-0.060252,-0.047576,-0.029806,-0.023051,-0.021390,-0.017041,0.004782,0.163454,1.139505
1989-09-14,0.000000,Validation,-0.124644,-0.074505,-0.059427,-0.046804,-0.031077,-0.023594,-0.023976,-0.022090,-0.001167,0.157745,1.123766
1989-09-15,0.000000,Validation,-0.123404,-0.074547,-0.058653,-0.046182,-0.031269,-0.024482,-0.025507,-0.024435,-0.003477,0.155145,1.117368
1989-09-16,0.000000,Validation,-0.121798,-0.072744,-0.057704,-0.046034,-0.030184,-0.025481,-0.024971,-0.022470,-0.000423,0.157196,1.126145
1989-09-17,0.000000,Validation,-0.234385,-0.115352,-0.101774,-0.074406,-0.044744,-0.046222,-0.030793,-0.021146,0.048864,0.254841,1.492249
1989-09-18,0.000000,Validation,-0.149063,-0.081677,-0.070283,-0.046207,-0.026025,-0.009859,-0.003758,0.014505,0.071414,0.269843,1.432759
1989-09-19,0.000000,Validation,-0.134759,-0.086431,-0.072253,-0.053454,-0.032177,-0.015262,-0.007215,0.009132,0.052331,0.236211,1.302455
1989-09-20,0.000000,Validation,-0.132925,-0.083453,-0.069980,-0.054255,-0.037307,-0.027386,-0.025347,-0.021862,0.007488,0.173532,1.162459
1989-09-21,0.000000,Validation,-0.129653,-0.080860,-0.067242,-0.053109,-0.037027,-0.029588,-0.027572,-0.025285,0.003670,0.166797,1.151774
1989-09-22,0.000000,Validation,-0.125441,-0.077807,-0.063550,-0.051818,-0.034505,-0.031545,-0.025999,-0.021750,0.009726,0.171049,1.168794
1989-09-23,0.000000,Validation,-0.124586,-0.078288,-0.062444,-0.051114,-0.033833,-0.030309,-0.025390,-0.021958,0.007322,0.167576,1.156121
1989-09-24,0.000000,Validation,-0.126107,-0.080459,-0.062356,-0.050863,-0.033239,-0.028723,-0.025403,-0.023006,0.002021,0.160229,1.129413
1989-09-25,0.000000,Validation,-0.122096,-0.078153,-0.060779,-0.049831,-0.035200,-0.028243,-0.024061,-0.023563,0.006975,0.169621,1.160743
1989-09-26,0.000000,Validation,-0.127407,-0.081941,-0.061013,-0.049060,-0.028602,-0.026683,-0.024352,-0.019854,0.001248,0.154217,1.102355
1989-09-27,0.000000,Validation,-0.126298,-0.082574,-0.059255,-0.046363,-0.028285,-0.024222,-0.024258,-0.020603,0.001926,0.157167,1.104293
1989-09-28,0.000000,Validation,-0.125828,-0.082398,-0.058131,-0.045125,-0.027730,-0.023105,-0.023763,-0.019843,0.003493,0.159315,1.108434
1989-09-29,0.000000,Validation,-0.125851,-0.082317,-0.058486,-0.046225,-0.028472,-0.024196,-0.024312,-0.019796,0.003897,0.159371,1.110282
1989-09-30,0.000000,Validation,-0.131634,-0.079270,-0.057900,-0.045497,-0.026870,-0.024916,-0.023894,-0.017904,0.010816,0.167172,1.148435
1989-10-01,0.000000,Validation,-0.319483,-0.165353,-0.144130,-0.060639,-0.017096,0.028536,0.039411,0.079774,0.216171,0.528576,2.126497
1989-10-02,0.000000,Validation,-0.156323,-0.109877,-0.100444,-0.061444,-0.027715,0.019869,0.043030,0.095272,0.204859,0.472079,1.863296
1989-10-03,0.000000,Validation,-0.146780,-0.095063,-0.078259,-0.053636,-0.032768,0.006276,0.017128,0.048136,0.131087,0.348717,1.571817
1989-10-04,0.000000,Validation,-0.136183,-0.086352,-0.067651,-0.051038,-0.035405,-0.012253,-0.008843,0.004691,0.057026,0.240686,1.316667
1989-10-05,0.000000,Validation,-0.129937,-0.082415,-0.062143,-0.048999,-0.036640,-0.015808,-0.014085,-0.003485,0.049123,0.231541,1.303202
1989-10-06,0.000000,Validation,-0.128660,-0.082356,-0.058317,-0.046595,-0.030321,-0.014743,-0.014295,-0.001486,0.038380,0.208403,1.228777
1989-10-07,0.000000,Validation,-0.126016,-0.081491,-0.055300,-0.043821,-0.029403,-0.014032,-0.015026,-0.003466,0.035490,0.204597,1.218694
1989-10-08,0.000000,Validation,-0.125894,-0.080678,-0.055607,-0.045644,-0.029880,-0.016812,-0.016457,-0.004065,0.033720,0.199894,1.211424
1989-10-09,0.000000,Validation,-0.126664,-0.078944,-0.055491,-0.047093,-0.028676,-0.018780,-0.015676,-0.000549,0.037254,0.200279,1.217650
1989-10-10,0.000000,Validation,-0.126794,-0.077611,-0.054679,-0.047157,-0.027031,-0.019143,-0.014297,0.003349,0.042539,0.204105,1.228279
1989-10-11,0.000000,Validation,-0.126673,-0.077042,-0.054098,-0.046974,-0.026398,-0.018723,-0.013332,0.005665,0.046535,0.208354,1.238508
1989-10-12,0.000000,Validation,-0.126675,-0.076598,-0.053491,-0.046426,-0.026139,-0.017706,-0.012524,0.007112,0.049610,0.212488,1.248670
1989-10-13,0.000000,Validation,-0.326914,-0.139220,-0.121912,0.009794,0.066737,0.150534,0.170492,0.287608,0.576004,1.035906,3.528759
1989-10-14,0.000000,Validation,-0.291435,-0.104763,-0.124261,0.031744,0.139389,0.241036,0.385466,0.613614,1.363362,2.224075,7.374806
1989-10-15,0.000000,Validation,-0.159602,-0.024018,-0.032446,0.057826,0.120748,0.239445,0.331429,0.523425,1.053182,1.636114,5.245971
1989-10-16,0.000000,Validation,-0.275663,-0.095759,-0.099127,-0.033196,0.012674,0.107675,0.174186,0.294227,0.686449,1.163473,4.208738
1989-10-17,0.000000,Validation,-0.255555,-0.065661,-0.075100,-0.002317,0.051556,0.161909,0.242196,0.389193,0.891363,1.461485,5.001957
1989-10-18,0.000000,Validation,-0.172042,-0.028054,-0.029440,0.025867,0.050964,0.172400,0.215916,0.345968,0.726293,1.168073,3.883919
1989-10-19,0.000000,Validation,-0.149985,-0.052486,-0.046441,-0.017200,-0.000417,0.088873,0.115179,0.199215,0.417524,0.717423,2.529169
1989-10-20,0.000000,Validation,-0.140755,-0.056340,-0.043412,-0.028829,-0.013812,0.043303,0.053366,0.111381,0.241197,0.467356,1.889585
1989-10-21,0.000000,Validation,-0.133647,-0.055436,-0.040718,-0.028405,-0.017595,0.035249,0.038928,0.088535,0.196053,0.409586,1.742220
1989-10-22,0.000000,Validation,-0.161023,-0.057145,-0.039146,-0.022451,-0.019442,0.031103,0.027530,0.068736,0.198141,0.431462,1.890498
1989-10-23,0.000000,Validation,-0.276885,-0.125931,-0.112371,-0.069397,-0.049293,0.022951,0.038523,0.107329,0.322590,0.675710,2.667724
1989-10-24,0.000000,Validation,-0.150706,-0.087108,-0.074776,-0.037283,-0.021089,0.074289,0.085722,0.171988,0.357911,0.689517,2.400552
1989-10-25,0.000000,Validation,-0.140830,-0.070116,-0.054050,-0.030587,-0.023002,0.058378,0.061494,0.125749,0.272557,0.542081,2.047725
1989-10-26,0.000000,Validation,-0.146287,-0.064970,-0.047376,-0.029773,-0.025769,0.029626,0.024959,0.068434,0.180052,0.405400,1.752520
1989-10-27,0.000000,Validation,-0.294089,-0.134289,-0.121558,-0.073468,-0.043836,0.021110,0.042150,0.124991,0.353809,0.703089,2.739268
1989-10-28,0.000000,Validation,-0.172551,-0.105474,-0.094738,-0.056057,-0.020413,0.052563,0.080379,0.187647,0.404275,0.740759,2.539314
1989-10-29,0.000000,Validation,-0.154069,-0.078663,-0.063242,-0.039323,-0.020552,0.052759,0.070021,0.152643,0.334355,0.619375,2.255866
1989-10-30,0.324397,Validation,-0.150736,-0.075005,-0.057130,-0.038180,-0.029370,0.029834,0.036424,0.090865,0.226557,0.468548,1.892191
1989-10-31,0.259518,Validation,-0.155098,-0.079146,-0.061309,-0.038462,-0.036957,0.030904,0.040824,0.091099,0.251432,0.512684,2.010566
1989-11-01,0.162199,Validation,-0.137056,-0.071981,-0.050205,-0.037415,-0.025913,0.015439,0.021402,0.069032,0.184383,0.404380,1.735405
1989-11-02,0.113539,Validation,-0.146124,-0.073443,-0.049065,-0.038755,-0.013851,0.004566,0.013416,0.065471,0.173157,0.371445,1.664401
1989-11-03,0.097319,Validation,-0.165483,-0.096243,-0.068522,-0.053169,-0.024151,-0.012014,0.000844,0.056375,0.183903,0.394208,1.716640
1989-11-04,0.081099,Validation,-0.171581,-0.114541,-0.081492,-0.065115,-0.029076,-0.021967,-0.008728,0.050054,0.163980,0.365034,1.595790
1989-11-05,0.064879,Validation,-0.164206,-0.101481,-0.070263,-0.054881,-0.016307,-0.008168,0.005847,0.066195,0.175970,0.371253,1.616979
1989-11-06,0.048660,Validation,-0.166178,-0.098188,-0.068233,-0.050816,-0.014066,-0.003263,0.011300,0.071144,0.188506,0.387570,1.675695
1989-11-07,0.048660,Validation,-0.157766,-0.089278,-0.061072,-0.044058,-0.010435,0.005340,0.020055,0.079406,0.198877,0.400337,1.718824
1989-11-08,0.032440,Validation,-0.161324,-0.093526,-0.064580,-0.046809,-0.012182,0.001934,0.017668,0.077769,0.201526,0.404497,1.727487
1989-11-09,0.032440,Validation,-0.154265,-0.093249,-0.064723,-0.048319,-0.014110,0.001780,0.018754,0.078528,0.200151,0.402455,1.710153
1989-11-10,0.032440,Validation,-0.148891,-0.089208,-0.060914,-0.044790,-0.014645,0.004711,0.022236,0.079099,0.205403,0.411895,1.743927
1989-11-11,0.016220,Validation,-0.264958,-0.129151,-0.101358,-0.064257,-0.019602,0.007228,0.039203,0.117708,0.331512,0.620451,2.483346
1989-11-12,0.162199,Validation,-0.473708,-0.259032,-0.240868,0.043238,0.127146,0.304040,0.453877,0.951970,2.705467,4.567419,16.069000
1989-11-13,0.243298,Validation,-0.224624,-0.071567,-0.039456,0.137046,0.230188,0.455214,0.656864,1.146327,2.509033,3.887575,11.373551
1989-11-14,0.275738,Validation,-0.780995,-0.587156,-0.499585,-0.172499,0.034242,0.351445,0.676049,1.814290,6.212667,11.561318,37.365967
1989-11-15,0.210858,Validation,-0.549308,-0.247173,-0.104500,0.181182,0.412984,0.746821,1.196108,2.384133,6.295084,10.178189,29.822355
1989-11-16,0.162199,Validation,-0.297460,-0.060077,0.000001,0.118684,0.187334,0.380509,0.552767,0.996540,2.282738,3.360358,10.061831
1989-11-17,0.178419,Validation,-0.799603,-0.599827,-0.488023,-0.170099,0.075509,0.460916,0.806970,2.165671,7.258734,13.562111,38.235287
1989-11-18,4.541564,Validation,-0.879132,-0.568813,-0.099309,1.351735,3.871880,6.463912,9.859069,24.135170,61.788925,112.607506,196.914032
1989-11-19,61.749047,Validation,-0.732121,0.123919,1.531163,5.918135,14.299538,21.127949,32.039833,66.184364,140.878067,224.744629,368.929626
1989-11-20,34.094168,Validation,-0.606762,0.623256,2.415529,7.120311,15.934671,21.218927,32.636944,58.597095,114.335892,165.824387,311.015442
1989-11-21,16.041452,Validation,-0.719412,0.155852,1.229211,3.911505,8.595773,11.253066,16.928049,30.305771,59.738560,85.425621,179.050156
1989-11-22,27.622439,Validation,-0.268652,1.879712,5.317752,16.017120,33.005226,42.817799,60.674492,104.003937,191.370697,265.288513,423.554077
1989-11-23,39.868442,Validation,0.478370,4.046923,9.018413,21.145527,38.669556,47.596851,67.184792,101.035820,172.047821,227.742401,404.181152
1989-11-24,34.191487,Validation,-0.228632,1.656347,3.772461,8.888431,15.946076,19.413164,25.994019,39.683716,65.991188,85.188202,157.026260
1989-11-25,13.008336,Validation,-0.622069,0.578093,1.971768,5.797281,11.608418,15.062793,21.026989,34.329189,62.919792,87.530060,172.660324
1989-11-26,66.063532,Validation,0.115530,3.092628,7.043855,18.673660,34.413555,44.349724,60.012619,90.233681,158.858444,218.161377,381.281219
1989-11-27,56.996625,Validation,0.395473,3.636094,7.571526,17.413506,30.190924,36.597435,49.221546,70.829315,117.936432,153.148743,279.651703
1989-11-28,16.917325,Validation,0.061817,2.261076,4.349325,9.595781,15.681146,18.573153,23.526405,32.706928,49.526615,60.093052,104.905945
1989-11-29,8.401893,Validation,-0.286031,1.535318,3.101141,7.402097,12.234325,14.385913,18.572060,25.119957,40.833702,50.938244,101.059517
1989-11-30,11.548548,Validation,-0.183504,1.576235,3.085829,7.133538,11.378152,13.672014,17.096880,23.261106,36.611401,44.851795,82.133827
1989-12-01,6.017572,Validation,-0.388380,0.801764,1.677520,3.965348,6.294821,7.770790,9.588215,13.321355,20.509346,25.026119,46.304100
1989-12-02,4.444245,Validation,-0.378935,0.722263,1.311262,3.051674,4.537352,5.583556,6.750619,8.879502,13.406157,15.792074,31.555927
1989-12-03,6.439289,Validation,-0.723339,0.075151,1.081217,4.433830,9.322789,12.075966,16.213234,25.986761,49.463131,68.595901,123.776733
1989-12-04,11.207930,Validation,0.045226,2.552405,5.723594,15.183572,27.655361,34.722984,47.924267,71.956734,129.056992,175.969421,326.576172
1989-12-05,20.550576,Validation,1.368057,6.481904,13.718546,37.909538,62.579132,77.449135,99.547630,144.822876,241.880920,313.711517,525.341003
1989-12-06,21.296690,Validation,4.854088,14.766826,27.280411,61.299244,91.147018,109.361626,137.030426,177.692581,276.317596,343.815521,563.283081
1989-12-07,25.497636,Validation,3.088774,10.402574,18.800568,39.994518,60.091293,69.880768,90.213898,117.688248,182.997818,229.527557,405.989838
1989-12-08,28.222575,Validation,1.183422,5.548091,9.861989,21.027603,32.665703,37.573437,48.250286,63.191025,99.055824,122.163017,223.388199
1989-12-09,61.148912,Validation,0.435740,3.769884,6.991571,15.725924,25.713491,30.295750,39.541256,53.599674,85.862137,108.979790,201.873810
1989-12-10,34.596984,Validation,0.370166,2.969060,5.244441,11.155018,17.603485,20.934954,26.115576,35.297394,52.066460,62.754250,104.475502
1989-12-11,13.251634,Validation,-0.281529,1.354144,2.685466,6.341190,10.414583,12.552685,15.765083,22.053116,34.478210,43.134483,79.326782
1989-12-12,119.962162,Validation,-0.174085,2.102174,4.950825,14.035771,26.341063,35.076073,45.952976,71.498329,124.759254,174.923203,304.924042
1989-12-13,396.267655,Validation,1.441938,6.820526,13.602760,33.399399,54.767426,70.384216,91.282600,130.024765,216.066162,293.018738,516.930359
1989-12-14,80.191040,Validation,0.994947,5.657326,11.357409,27.535263,46.172218,58.542301,77.339478,111.278252,184.947556,249.254669,456.019379
1989-12-15,33.510252,Validation,0.355276,3.243509,6.233496,14.051759,23.133745,29.198929,37.391426,54.240501,85.759506,108.825844,193.807175
1989-12-16,133.327335,Validation,0.265940,3.613712,8.247354,22.911119,41.977467,55.613937,72.084320,113.061218,193.126862,267.978394,445.661377
1989-12-17,78.260875,Validation,2.190786,8.637922,17.192263,41.084106,67.628227,83.995575,109.134331,152.879990,247.243851,323.969940,542.325623
1989-12-18,119.345807,Validation,1.784632,7.313141,14.774879,35.768013,59.390751,72.706665,93.612564,131.343811,211.072540,277.712708,446.102448
1989-12-19,31.547648,Validation,1.363378,5.476977,10.234341,21.570734,34.503284,40.551563,52.020744,71.162178,107.035156,132.901642,215.560883
1989-12-20,17.047084,Validation,0.109099,2.420946,4.369861,9.535303,15.319343,18.757715,23.652910,33.619209,51.146980,63.837669,114.934258
1989-12-21,25.757154,Validation,0.729366,4.909203,10.798950,29.283068,51.215488,65.468109,84.062019,130.062653,214.655014,287.962006,465.735474
1989-12-22,38.733051,Validation,2.102433,7.538300,14.582952,31.370564,50.669991,59.902802,78.467751,108.829941,170.241043,217.549789,361.652161
1989-12-23,13.332734,Validation,0.558726,3.243998,6.162903,12.985210,21.318792,24.977333,31.893017,44.527126,65.652138,80.131004,126.758575
1989-12-24,9.326426,Validation,-0.287138,1.314811,2.795558,6.560432,11.292302,13.708768,17.635677,25.700880,40.839508,52.341629,94.291466
1989-12-25,82.250963,Validation,1.681896,6.551316,15.999217,41.416107,75.778831,94.910217,127.688347,193.326096,341.853516,451.474640,673.062134
1989-12-26,175.628757,Validation,3.708163,11.860242,22.912493,50.273022,79.613777,96.032715,126.554405,172.672318,270.322571,337.806946,553.284302
1989-12-27,32.520840,Validation,1.839134,6.129986,11.472178,23.271933,36.700279,42.541073,54.883835,74.095375,108.315369,129.846252,198.835693
1989-12-28,23.470153,Validation,0.146209,2.788326,5.630876,12.916674,22.578814,27.394920,36.537010,53.710083,87.416573,113.467819,202.799545
1989-12-29,32.634379,Validation,0.710992,4.023748,7.622877,16.402212,26.826292,32.074707,41.613895,58.408337,91.918076,116.649399,196.835342
1989-12-30,16.836226,Validation,0.254404,2.547153,4.683855,9.958874,16.083183,19.513153,24.662136,34.976307,52.344654,65.170471,105.461624
1989-12-31,10.883533,Validation,-0.156126,1.437518,2.719015,6.009492,9.743986,12.061498,15.058083,21.989431,32.988457,41.678745,69.983826
1990-01-01,12.246002,Validation,-0.408752,0.926952,2.070593,5.050022,8.748658,11.006213,14.234259,21.561859,35.234737,46.497639,85.033493
1990-01-02,11.597207,Validation,-0.352718,1.192256,2.925775,7.409971,13.933683,17.923311,24.028055,37.539860,63.145744,83.699257,145.010406
1990-01-03,17.712099,Validation,0.163070,2.488391,5.151247,11.660305,20.282183,24.815903,32.910725,48.011929,78.588715,101.123779,172.315491
1990-01-04,9.715702,Validation,0.066601,1.922223,3.772152,8.193514,13.623636,16.623119,21.202793,30.473299,46.410217,57.363144,91.608200
1990-01-05,8.142375,Validation,-0.267573,1.081433,2.163585,4.977484,8.212254,10.323441,12.961190,19.414988,29.871729,38.235897,64.898964
1990-01-06,6.958324,Validation,-0.493772,0.553261,1.405408,3.657891,6.331597,8.085361,10.346050,16.059698,26.561764,35.148354,64.549988
1990-01-07,7.169183,Validation,-0.447720,0.530183,1.316127,3.301332,5.543470,7.209161,9.053443,14.040460,22.653681,29.759428,51.582859
1990-01-08,5.758054,Validation,-0.441955,0.430496,1.076237,2.647853,4.351263,5.686614,7.057517,10.810559,16.900881,21.848314,37.186920
1990-01-09,5.011940,Validation,-0.506896,0.199880,0.666273,1.800241,2.968285,3.990533,4.966367,7.946705,12.814235,17.018703,30.038570
1990-01-10,4.525344,Validation,-0.512251,0.120703,0.516807,1.442751,2.340930,3.199468,3.971260,6.391909,10.438587,13.809982,24.949690
1990-01-11,4.217166,Validation,-0.511541,0.066157,0.401320,1.174883,1.880168,2.626437,3.233801,5.249686,8.593070,11.389042,21.032465
1990-01-12,3.925209,Validation,-0.498954,0.035294,0.346170,1.025008,1.634154,2.295137,2.852161,4.636083,7.734179,10.344354,19.354750
1990-01-13,3.633251,Validation,-0.325336,-0.043727,0.082826,0.267607,0.421868,0.701962,0.941043,1.729021,3.318889,4.684143,10.466493
1990-01-14,3.243974,Validation,-0.233104,-0.075448,-0.013106,0.056929,0.138706,0.274717,0.414704,0.795626,1.638063,2.323964,6.020206
1990-01-15,2.870917,Validation,-0.275141,-0.073283,0.012624,0.118733,0.220535,0.402317,0.577081,1.087633,2.170965,3.040499,7.364637
1990-01-16,2.757378,Validation,-0.223332,-0.080762,-0.023596,0.039445,0.121992,0.243505,0.375560,0.723285,1.492477,2.135304,5.586875
1990-01-17,2.757378,Validation,-0.212665,-0.093114,-0.044904,0.004912,0.082385,0.179022,0.292153,0.576332,1.219473,1.758311,4.809650
1990-01-18,2.757378,Validation,-0.220213,-0.100556,-0.051230,-0.000172,0.078468,0.174561,0.289005,0.576438,1.223432,1.758549,4.799607
1990-01-19,2.643839,Validation,-0.263273,-0.120999,-0.064262,0.002115,0.084849,0.201671,0.327763,0.673711,1.408643,1.998117,5.247117
1990-01-20,2.416761,Validation,-0.251901,-0.128527,-0.075632,-0.018752,0.060935,0.158717,0.273932,0.576617,1.219335,1.742517,4.707886
1990-01-21,2.303222,Validation,-0.205432,-0.109223,-0.066366,-0.026917,0.051502,0.122937,0.219952,0.453833,0.978776,1.424159,4.063373
1990-01-22,2.205902,Validation,-0.190213,-0.108649,-0.073610,-0.040908,0.033414,0.087652,0.166558,0.359840,0.787361,1.159824,3.479640
1990-01-23,2.108583,Validation,-0.164495,-0.087498,-0.053325,-0.021202,0.053937,0.108018,0.189792,0.382292,0.806416,1.214556,3.573976
1990-01-24,2.205902,Validation,-0.162746,-0.055550,-0.031567,0.003279,0.071835,0.135909,0.220920,0.430956,0.916664,1.393523,4.183279
1990-01-25,2.303222,Validation,-0.167059,-0.059368,-0.036271,-0.002338,0.064356,0.110883,0.189078,0.372178,0.819423,1.266935,3.959105
1990-01-26,2.530300,Validation,-0.201093,-0.079298,-0.052314,-0.012814,0.059390,0.102504,0.189398,0.382087,0.880869,1.373012,4.308850
1990-01-27,3.162875,Validation,-0.762904,-0.585793,-0.487020,-0.164730,0.174694,0.541034,0.954003,2.752061,8.523360,15.265897,41.681072
1990-01-28,11.289030,Validation,-0.674290,-0.450800,-0.237493,0.223335,0.718236,1.219827,1.996770,4.401114,11.152553,18.056992,39.216381
1990-01-29,6.666367,Validation,-0.825312,-0.604025,-0.412464,-0.012089,0.534099,1.043751,1.826190,4.445587,12.008028,20.053942,47.731297
1990-01-30,16.528048,Validation,-0.519580,-0.227016,-0.026641,0.321434,0.692978,1.146756,1.681678,3.403978,7.504315,11.373854,24.090454
1990-01-31,15.944133,Validation,-0.785154,-0.524406,-0.329405,0.054158,0.573413,1.123130,1.791041,4.201730,10.731002,17.772810,39.575962
1990-02-01,15.214238,Validation,-0.598795,-0.299485,-0.049843,0.409715,0.916188,1.470447,2.125291,4.272327,9.466029,14.478409,28.778147
1990-02-02,8.077495,Validation,-0.415196,-0.114770,0.035501,0.301611,0.547989,0.941463,1.306497,2.532130,5.157542,7.733704,17.057156
1990-02-03,7.169183,Validation,-0.344696,-0.076082,0.035645,0.223206,0.383862,0.649636,0.911301,1.728886,3.424927,5.014087,11.574684
1990-02-04,5.806714,Validation,-0.237595,-0.017170,0.066578,0.189062,0.297221,0.513657,0.720006,1.322584,2.501486,3.605750,8.557722
1990-02-05,5.011940,Validation,-0.199675,0.000396,0.076045,0.170253,0.259096,0.445903,0.624603,1.123670,2.084113,2.994918,7.204174
1990-02-06,4.671323,Validation,-0.245588,-0.010755,0.065016,0.169479,0.257784,0.437983,0.612757,1.105554,2.144517,3.124689,7.763109
1990-02-07,4.363145,Validation,-0.174646,-0.004133,0.058865,0.133267,0.210309,0.365777,0.523368,0.929496,1.724573,2.483800,6.127151
1990-02-08,3.925209,Validation,-0.187492,-0.008349,0.049562,0.124418,0.197054,0.347766,0.499013,0.884512,1.672229,2.426035,6.114162
1990-02-09,3.633251,Validation,-0.170366,-0.013007,0.040847,0.108460,0.182190,0.318987,0.465592,0.824222,1.533958,2.210067,5.525701
1990-02-10,3.503492,Validation,-0.211857,-0.032056,0.026296,0.101910,0.178861,0.310215,0.456374,0.818738,1.588075,2.317084,5.868566
1990-02-11,3.373733,Validation,-0.191613,-0.046382,0.015275,0.082524,0.162721,0.281356,0.423030,0.759443,1.433742,2.077975,5.128889
1990-02-12,3.000676,Validation,-0.200923,-0.053377,0.005847,0.073233,0.153119,0.266469,0.404942,0.730574,1.396997,2.038467,5.087901
1990-02-13,2.757378,Validation,-0.180109,-0.051202,-0.001157,0.056356,0.132045,0.233845,0.363367,0.655640,1.238631,1.810322,4.609538
1990-02-14,2.757378,Validation,-0.177927,-0.070896,-0.016729,0.032647,0.106606,0.189190,0.307373,0.564268,1.074864,1.583689,4.062168
1990-02-15,2.643839,Validation,-0.140160,-0.065629,-0.030050,-0.002177,0.067857,0.124664,0.216237,0.411058,0.830598,1.259081,3.506400
1990-02-16,2.416761,Validation,-0.149150,-0.067881,-0.026476,0.005696,0.077295,0.139828,0.238589,0.449231,0.886568,1.331676,3.612769
1990-02-17,2.303222,Validation,-0.125019,-0.063277,-0.031848,-0.008363,0.061681,0.106710,0.189344,0.360418,0.723821,1.114993,3.186687
1990-02-18,2.303222,Validation,-0.150322,-0.073196,-0.034483,-0.005588,0.066441,0.110470,0.197950,0.377609,0.772119,1.178376,3.331112
1990-02-19,2.303222,Validation,-0.089605,-0.036512,-0.018145,-0.000590,0.065014,0.108150,0.182065,0.335496,0.661600,1.027849,3.051552
1990-02-20,2.205902,Validation,-0.077810,-0.024618,-0.010268,0.005204,0.064441,0.110557,0.180322,0.325132,0.639128,0.999548,3.022826
1990-02-21,2.108583,Validation,-0.071935,-0.023697,-0.010530,0.003562,0.061560,0.106109,0.174329,0.314463,0.616620,0.967105,2.940950
1990-02-22,2.011264,Validation,-0.062022,-0.017111,-0.004890,0.007552,0.060370,0.107102,0.170507,0.303209,0.589055,0.933008,2.870577
1990-02-23,1.913945,Validation,-0.058415,-0.015280,-0.003115,0.007612,0.061113,0.104400,0.167929,0.298226,0.578566,0.917043,2.833425
1990-02-24,1.832845,Validation,-0.055300,-0.013054,-0.001240,0.008576,0.062080,0.104216,0.167965,0.297541,0.576664,0.913751,2.826068
1990-02-25,1.654427,Validation,-0.078885,-0.033498,-0.015766,-0.002356,0.058554,0.085825,0.151076,0.279224,0.561927,0.895505,2.761635
1990-02-26,1.573327,Validation,-0.073731,-0.034725,-0.016925,-0.004303,0.056842,0.084044,0.148787,0.275266,0.549188,0.877616,2.701854
1990-02-27,1.411129,Validation,-0.064504,-0.027255,-0.012699,-0.001742,0.057402,0.086257,0.150077,0.273386,0.541552,0.867116,2.693546
1990-02-28,1.265150,Validation,-0.079420,-0.040318,-0.022298,-0.008011,0.053735,0.080469,0.145085,0.270579,0.545124,0.874114,2.683735
1990-03-01,1.248930,Validation,-0.085576,-0.047447,-0.027553,-0.012161,0.050465,0.074590,0.138782,0.262113,0.533813,0.859293,2.639953
1990-03-02,1.200270,Validation,-0.078145,-0.040685,-0.023227,-0.009394,0.052128,0.078357,0.142897,0.266291,0.537315,0.863703,2.660060
1990-03-03,1.897725,Validation,-0.453157,-0.241794,-0.182932,-0.058330,0.069621,0.156263,0.290116,0.616862,1.539926,2.244088,6.428154
1990-03-04,5.790494,Validation,-0.292082,-0.158501,-0.105956,-0.006824,0.113202,0.207028,0.397944,0.772524,1.907830,2.995651,8.250259
1990-03-05,4.200946,Validation,-0.479607,-0.256529,-0.179553,-0.028012,0.145205,0.318754,0.605475,1.264479,3.293947,5.353052,14.662630
1990-03-06,5.174139,Validation,-0.307839,-0.099123,-0.022676,0.124104,0.271445,0.486164,0.762912,1.470876,3.366411,5.173000,13.227315
1990-03-07,3.130435,Validation,-0.727267,-0.468054,-0.325174,-0.012017,0.377358,0.836860,1.360674,3.265961,8.780922,14.862848,37.095222
1990-03-08,5.758054,Validation,-0.508955,-0.217397,-0.017670,0.370532,0.760945,1.242160,1.837764,3.681293,8.600497,13.766801,30.093105
1990-03-09,3.811670,Validation,-0.280183,-0.044586,0.065921,0.251873,0.433842,0.748281,1.082283,2.033913,4.145527,6.188283,13.946947
1990-03-10,2.757378,Validation,-0.226783,0.016734,0.080625,0.207710,0.311621,0.535044,0.766262,1.381141,2.781392,4.100896,10.223792
1990-03-11,2.416761,Validation,-0.428993,-0.120355,-0.042406,0.119043,0.266252,0.493488,0.759676,1.456790,3.258273,5.085380,13.321007
1990-03-12,2.205902,Validation,-0.172853,-0.002851,0.062909,0.159641,0.255192,0.451738,0.653964,1.164499,2.236871,3.291292,7.771954
1990-03-13,2.011264,Validation,-0.177266,0.003550,0.069803,0.156304,0.244140,0.422803,0.606777,1.067198,2.014749,2.948244,6.946080
1990-03-14,1.913945,Validation,-0.184876,-0.006670,0.056517,0.145694,0.231187,0.389995,0.565767,0.985716,1.826902,2.636324,6.209996
1990-03-15,1.832845,Validation,-0.141471,0.019635,0.068039,0.135765,0.196642,0.349410,0.500325,0.848316,1.545216,2.236551,5.520521
1990-03-16,1.573327,Validation,-0.125351,0.022814,0.064477,0.123889,0.171128,0.319239,0.452634,0.758658,1.377279,2.012902,5.083256
1990-03-17,1.297590,Validation,-0.122898,0.015625,0.055311,0.108658,0.157338,0.291372,0.421673,0.708966,1.294760,1.892592,4.820842
1990-03-18,1.135391,Validation,-0.109629,0.015630,0.051415,0.095526,0.141732,0.263287,0.386423,0.649125,1.189725,1.747151,4.530814
1990-03-19,1.054292,Validation,-0.096852,0.017129,0.048133,0.086561,0.125062,0.241823,0.352937,0.589221,1.079806,1.604613,4.253299
1990-03-20,0.989412,Validation,-0.096607,0.013932,0.044078,0.082394,0.117745,0.232046,0.337543,0.561027,1.022532,1.528638,4.087610
1990-03-21,0.908313,Validation,-0.102975,0.018399,0.052582,0.099316,0.130475,0.254092,0.359540,0.589179,1.050603,1.565859,4.150919
1990-03-22,0.843433,Validation,-0.068421,0.002465,0.019932,0.039392,0.073085,0.156308,0.236041,0.398946,0.755693,1.178349,3.383465
1990-03-23,0.778554,Validation,-0.085041,-0.010493,0.008575,0.024178,0.073449,0.127167,0.215017,0.377706,0.742907,1.147311,3.334063
1990-03-24,0.746114,Validation,-0.064870,-0.013949,-0.000705,0.007353,0.058554,0.096146,0.170859,0.303460,0.605771,0.960423,2.924625
1990-03-25,0.729894,Validation,-0.046095,-0.006392,0.002656,0.008070,0.051497,0.093482,0.159813,0.279111,0.548204,0.886602,2.757343
1990-03-26,0.697454,Validation,-0.039531,-0.008012,-0.001522,0.002631,0.051946,0.080375,0.140628,0.248880,0.497243,0.809390,2.585444
1990-03-27,0.632575,Validation,-0.055270,-0.024431,-0.013345,-0.006311,0.048060,0.068091,0.128345,0.235413,0.480728,0.786882,2.510405
1990-03-28,0.567695,Validation,-0.058704,-0.027590,-0.014940,-0.006938,0.048284,0.067308,0.127957,0.236500,0.484406,0.792430,2.516667
1990-03-29,0.519036,Validation,-0.058815,-0.027415,-0.014611,-0.006792,0.048803,0.068729,0.129954,0.239610,0.486046,0.793692,2.513896
1990-03-30,0.470376,Validation,-0.061587,-0.012635,-0.005417,0.004626,0.056341,0.071269,0.125889,0.225764,0.473030,0.775973,2.560232
1990-03-31,0.454156,Validation,-0.241341,-0.071211,-0.057324,-0.013574,0.061500,0.089303,0.179053,0.333430,0.760740,1.226121,4.052977
1990-04-01,1.621987,Validation,-0.271139,-0.095213,-0.079127,-0.021500,0.065216,0.114602,0.230828,0.444057,1.020363,1.645988,5.237068
1990-04-02,1.573327,Validation,-0.102812,-0.055903,-0.041245,-0.003511,0.064239,0.129054,0.224171,0.412323,0.866362,1.389319,3.930229
1990-04-03,1.524668,Validation,-0.098247,-0.053078,-0.040689,-0.016979,0.043219,0.093161,0.171228,0.319078,0.665692,1.069215,3.135282
1990-04-04,0.940752,Validation,-0.322472,-0.136914,-0.109083,-0.045729,0.044782,0.094610,0.216944,0.438717,1.080305,1.729936,5.199019
1990-04-05,0.827213,Validation,-0.599976,-0.381444,-0.302542,-0.099773,0.115722,0.317939,0.585462,1.381855,3.738488,6.215828,16.302519
1990-04-06,6.358189,Validation,-0.680596,-0.463989,-0.347602,-0.067416,0.251030,0.563774,1.066904,2.486291,6.987635,12.689590,30.924627
1990-04-07,6.293310,Validation,-0.397036,-0.197683,-0.087040,0.108636,0.295035,0.548733,0.875376,1.740830,3.961454,6.242913,14.446921
1990-04-08,3.779230,Validation,-0.718723,-0.458642,-0.321603,-0.036352,0.294948,0.645667,1.090182,2.474145,6.352582,10.656181,24.181284
1990-04-09,3.373733,Validation,-0.639290,-0.370442,-0.221886,0.080231,0.405915,0.732687,1.205414,2.501250,6.219826,10.430757,23.403500
1990-04-10,2.432981,Validation,-0.367483,-0.153014,-0.031220,0.166079,0.352877,0.623954,0.922845,1.736369,3.520962,5.326182,11.196328
1990-04-11,1.913945,Validation,-0.245469,-0.063190,-0.000773,0.111652,0.213229,0.393733,0.592488,1.065881,2.053500,2.999840,7.075899
1990-04-12,1.573327,Validation,-0.184896,-0.031926,0.010361,0.088207,0.154597,0.296855,0.448054,0.782124,1.473281,2.139794,5.355535
1990-04-13,1.216490,Validation,-0.214961,-0.057915,-0.000926,0.075316,0.151259,0.265979,0.410833,0.729693,1.386089,2.016912,4.955873
1990-04-14,1.038072,Validation,-0.182697,-0.050195,0.001259,0.060119,0.129877,0.227046,0.359077,0.631961,1.180081,1.718996,4.312672
1990-04-15,0.892093,Validation,-0.150926,-0.033456,0.006390,0.050884,0.110670,0.198294,0.318291,0.552084,1.030818,1.515586,3.963473
1990-04-16,0.794774,Validation,-0.151022,-0.037624,-0.000920,0.042076,0.101679,0.181086,0.297057,0.515647,0.968830,1.430407,3.780086
1990-04-17,0.697454,Validation,-0.145524,-0.034682,-0.002758,0.039421,0.095100,0.173101,0.285061,0.489957,0.920115,1.365220,3.660061
1990-04-18,0.632575,Validation,-0.154183,-0.033378,-0.000113,0.049454,0.107960,0.187667,0.303915,0.513348,0.944335,1.387314,3.680175
1990-04-19,0.583915,Validation,-0.123583,-0.021916,0.005395,0.038814,0.092802,0.161438,0.265438,0.449190,0.827708,1.232879,3.391814
1990-04-20,0.535256,Validation,-0.126035,-0.044860,-0.010827,0.014623,0.078132,0.121188,0.215350,0.384577,0.732879,1.112781,3.100994
1990-04-21,0.470376,Validation,-0.142389,-0.058568,-0.018156,0.011110,0.078110,0.116791,0.209480,0.378142,0.728381,1.103781,3.063947
1990-04-22,0.437937,Validation,-0.167873,-0.049712,-0.008036,0.032156,0.099387,0.144358,0.244536,0.435902,0.846699,1.271225,3.481884
1990-04-23,0.421717,Validation,-0.141700,-0.039251,-0.010169,0.019413,0.083011,0.122371,0.214108,0.383668,0.753175,1.148233,3.283413
1990-04-24,0.421717,Validation,-0.176867,-0.052859,-0.028734,-0.001614,0.065326,0.088689,0.178234,0.334491,0.743577,1.166328,3.538590
1990-04-25,0.437937,Validation,-0.198488,-0.065412,-0.046500,-0.018729,0.052855,0.070850,0.162210,0.313714,0.736038,1.172977,3.684611
1990-04-26,0.437937,Validation,-0.188554,-0.061764,-0.040770,-0.009354,0.060776,0.090322,0.185704,0.353259,0.800107,1.260880,3.828988
1990-04-27,0.454156,Validation,-0.072187,-0.022860,-0.021104,-0.002495,0.045996,0.099690,0.163589,0.286690,0.561974,0.910117,2.811491
1990-04-28,0.486596,Validation,-0.348261,-0.120982,-0.103559,-0.008918,0.087662,0.168780,0.283329,0.531659,1.206267,1.885607,5.876303
1990-04-29,0.502816,Validation,-0.338315,-0.145599,-0.135150,-0.047025,0.058192,0.147313,0.312897,0.629725,1.540329,2.496524,7.652446
1990-04-30,0.600135,Validation,-0.420307,-0.189156,-0.164824,-0.040774,0.081418,0.239877,0.448837,0.918290,2.272990,3.755384,11.387329
1990-05-01,0.713674,Validation,-0.178622,-0.051198,-0.037726,0.027451,0.089960,0.223964,0.356725,0.649488,1.392461,2.191902,6.159606
1990-05-02,0.665015,Validation,-0.166849,-0.035605,-0.024979,0.020659,0.062715,0.174725,0.273257,0.490290,1.041533,1.638699,4.764043
1990-05-03,0.632575,Validation,-0.117156,-0.027937,-0.018668,0.012904,0.049707,0.146590,0.228632,0.401789,0.797084,1.248830,3.649057
1990-05-04,0.486596,Validation,-0.101778,-0.020768,-0.011099,0.011678,0.043748,0.129010,0.197541,0.344548,0.677695,1.079491,3.250349
1990-05-05,0.405497,Validation,-0.089484,-0.014720,-0.006009,0.012212,0.042741,0.117350,0.179290,0.311162,0.610522,0.980988,3.026484
1990-05-06,0.340617,Validation,-0.083622,-0.012803,-0.003891,0.012272,0.040987,0.108609,0.165500,0.285869,0.563107,0.916721,2.884672
1990-05-07,0.324397,Validation,-0.083777,-0.010257,-0.001835,0.014343,0.041457,0.104288,0.158052,0.271792,0.542070,0.889673,2.844036
1990-05-08,0.291958,Validation,-0.094270,-0.005875,0.001177,0.018999,0.044905,0.101633,0.155237,0.268421,0.558233,0.917322,2.972345
1990-05-09,0.291958,Validation,-0.120049,-0.008637,-0.001982,0.018847,0.043609,0.094183,0.149190,0.261072,0.585949,0.971261,3.216729
1990-05-10,0.291958,Validation,-0.074004,-0.011332,-0.004968,0.010420,0.036558,0.094018,0.143340,0.245380,0.490659,0.822493,2.689325
1990-05-11,0.259518,Validation,-0.120748,-0.010834,-0.006217,0.015772,0.039258,0.087678,0.139724,0.243425,0.560645,0.941003,3.159688
1990-05-12,0.227078,Validation,-0.163671,-0.028480,-0.025065,-0.000258,0.034978,0.071747,0.139595,0.258561,0.634180,1.052068,3.554396
1990-05-13,0.178419,Validation,-0.101938,-0.010131,-0.007691,0.013383,0.042566,0.087889,0.146305,0.261721,0.581141,0.958203,3.164428
1990-05-14,0.129759,Validation,-0.068127,-0.015244,-0.014458,0.000522,0.030649,0.077909,0.130091,0.229402,0.479118,0.805298,2.665424
1990-05-15,0.113539,Validation,-0.069497,-0.018424,-0.019511,-0.004093,0.022416,0.066171,0.112989,0.197817,0.428901,0.736629,2.514626
1990-05-16,0.129759,Validation,-0.095104,-0.022032,-0.020884,0.001816,0.025502,0.076784,0.127646,0.221311,0.476614,0.802679,2.684825
1990-05-17,0.129759,Validation,-0.056917,-0.010805,-0.009395,0.001100,0.031422,0.062120,0.105876,0.188170,0.392762,0.671250,2.358989
1990-05-18,0.129759,Validation,-0.049165,-0.002762,-0.001863,0.007776,0.034622,0.060340,0.095285,0.166335,0.348802,0.611664,2.239220
1990-05-19,0.113539,Validation,-0.033243,0.005267,0.006294,0.013942,0.042744,0.061380,0.090612,0.156142,0.309334,0.547048,2.063771
1990-05-20,0.097319,Validation,-0.033921,0.006139,0.007920,0.014935,0.044896,0.060576,0.091105,0.157422,0.312438,0.548424,2.072287
1990-05-21,0.081099,Validation,-0.037271,0.007421,0.009485,0.016759,0.047612,0.060239,0.091756,0.158367,0.317213,0.552189,2.095742
1990-05-22,0.081099,Validation,-0.037511,0.004209,0.007840,0.014124,0.048082,0.057718,0.091339,0.159481,0.316401,0.547072,2.072538
1990-05-23,0.081099,Validation,-0.047585,0.007562,0.010359,0.019093,0.051263,0.060138,0.092742,0.161159,0.331136,0.569653,2.164135
1990-05-24,0.064879,Validation,-0.033979,0.005944,0.007855,0.015176,0.042207,0.059974,0.088340,0.149712,0.297433,0.531169,2.033706
1990-05-25,0.064879,Validation,-0.036966,0.003179,0.005602,0.013567,0.039465,0.058682,0.085713,0.144386,0.289866,0.524131,2.014785
1990-05-26,0.048660,Validation,-0.067663,0.007017,0.008195,0.021723,0.045081,0.059926,0.085995,0.144651,0.325796,0.580394,2.254392
1990-05-27,0.016220,Validation,-0.044085,-0.001005,0.001914,0.012004,0.036497,0.057952,0.083301,0.138839,0.283412,0.518731,2.014146
1990-05-28,0.016220,Validation,-0.054839,-0.006485,-0.000136,0.012570,0.036453,0.059415,0.082647,0.133281,0.274350,0.508004,1.994155
1990-05-29,0.016220,Validation,-0.063882,-0.010068,-0.003691,0.011303,0.036284,0.059385,0.082676,0.132651,0.276660,0.509447,2.007832
1990-05-30,0.016220,Validation,-0.071406,-0.013752,-0.003547,0.013450,0.038145,0.061938,0.083990,0.132361,0.273758,0.504833,2.002434
1990-05-31,0.016220,Validation,-0.065944,-0.010488,0.000288,0.016075,0.040675,0.062047,0.082290,0.127889,0.257261,0.479267,1.934735
1990-06-01,0.016220,Validation,-0.067391,-0.011149,0.000857,0.017174,0.040549,0.061535,0.080858,0.123915,0.251131,0.471356,1.921338
1990-06-02,0.016220,Validation,-0.155034,-0.032653,-0.021036,0.004682,0.031086,0.042594,0.070911,0.116945,0.316846,0.595862,2.439439
1990-06-03,0.016220,Validation,-0.053529,-0.008500,-0.000840,0.012680,0.034806,0.056939,0.079035,0.126816,0.257700,0.486024,1.953583
1990-06-04,0.016220,Validation,-0.052630,-0.011565,-0.003196,0.008477,0.030404,0.051157,0.073885,0.119023,0.249735,0.477297,1.913677
1990-06-05,0.016220,Validation,-0.047980,-0.006643,-0.002942,0.007189,0.030006,0.043546,0.067543,0.111665,0.241942,0.459079,1.877934
1990-06-06,0.016220,Validation,-0.047424,-0.007016,-0.001622,0.007565,0.028396,0.042815,0.064818,0.105776,0.230441,0.445523,1.848070
1990-06-07,0.016220,Validation,-0.050625,-0.008853,-0.002076,0.007545,0.027256,0.042462,0.062713,0.100522,0.221818,0.435230,1.827560
1990-06-08,0.000000,Validation,-0.054974,-0.010871,-0.002805,0.007562,0.026906,0.042254,0.061379,0.096995,0.216370,0.428220,1.815704
1990-06-09,0.000000,Validation,-0.054408,-0.011144,-0.002744,0.007210,0.026079,0.040615,0.059434,0.093904,0.211674,0.422012,1.801536
1990-06-10,0.000000,Validation,-0.046295,-0.006541,0.000923,0.008543,0.028362,0.038655,0.059962,0.098532,0.218618,0.427281,1.810137
1990-06-11,0.000000,Validation,-0.048817,-0.008988,-0.000908,0.007225,0.024648,0.036691,0.055808,0.089393,0.205513,0.413242,1.780053
1990-06-12,0.000000,Validation,-0.053619,-0.012131,-0.002848,0.006059,0.022586,0.035426,0.053018,0.083274,0.196682,0.402957,1.758729
1990-06-13,0.000000,Validation,-0.054478,-0.008369,-0.000374,0.008651,0.024560,0.034905,0.052989,0.085257,0.205594,0.414536,1.801224
1990-06-14,0.000000,Validation,-0.056311,-0.008025,0.000212,0.009333,0.025043,0.034057,0.052452,0.084245,0.206159,0.414883,1.809678
1990-06-15,0.000000,Validation,-0.052958,-0.013424,-0.003937,0.003730,0.019803,0.030553,0.048596,0.077533,0.189042,0.392733,1.733203
1990-06-16,0.000000,Validation,-0.053477,-0.013020,-0.003222,0.003799,0.021830,0.029743,0.049743,0.081456,0.195354,0.397495,1.742835
1990-06-17,0.000000,Validation,-0.055725,-0.014330,-0.004512,0.002638,0.020603,0.028183,0.047794,0.078399,0.191422,0.392454,1.731792
1990-06-18,0.000000,Validation,-0.057333,-0.017158,-0.007037,0.000191,0.016721,0.025701,0.043826,0.071128,0.181197,0.381966,1.705673
1990-06-19,0.000000,Validation,-0.071101,-0.015031,-0.005592,0.004760,0.018477,0.025678,0.042237,0.068310,0.194195,0.403829,1.803770
1990-06-20,0.000000,Validation,-0.061686,-0.021371,-0.011274,-0.003948,0.011291,0.021094,0.040203,0.066353,0.181162,0.384915,1.719665
1990-06-21,0.000000,Validation,-0.068431,-0.019805,-0.008450,-0.000536,0.018686,0.024725,0.043692,0.071793,0.183552,0.381797,1.710983
1990-06-22,0.000000,Validation,-0.070742,-0.024646,-0.013521,-0.005502,0.012363,0.021140,0.037747,0.060537,0.164629,0.360237,1.651995
1990-06-23,0.000000,Validation,-0.080760,-0.032594,-0.018588,-0.009478,0.008589,0.019693,0.034526,0.052790,0.151292,0.344092,1.611560
1990-06-24,0.000000,Validation,-0.096487,-0.040298,-0.021873,-0.008536,0.008875,0.021657,0.033344,0.048459,0.145607,0.337178,1.601474
1990-06-25,0.000000,Validation,-0.095675,-0.037700,-0.021358,-0.009266,0.007368,0.018959,0.030831,0.046255,0.145942,0.338945,1.617540
1990-06-26,0.000000,Validation,-0.092343,-0.040660,-0.023800,-0.013532,0.003708,0.015643,0.028014,0.043176,0.137065,0.327052,1.573664
1990-06-27,0.000000,Validation,-0.081810,-0.036432,-0.021993,-0.014618,0.001964,0.011924,0.025196,0.042276,0.135318,0.324777,1.558280
1990-06-28,0.000000,Validation,-0.080526,-0.036346,-0.022116,-0.015703,0.001178,0.010134,0.023732,0.041334,0.132705,0.320167,1.542019
1990-06-29,0.000000,Validation,-0.081978,-0.037555,-0.022915,-0.016821,-0.000490,0.008383,0.021096,0.037436,0.126330,0.312028,1.521635
1990-06-30,0.000000,Validation,-0.082785,-0.038143,-0.023432,-0.017715,-0.001644,0.007105,0.019395,0.035546,0.122908,0.307514,1.509431
1990-07-01,0.000000,Training,-0.084517,-0.039293,-0.024483,-0.018998,-0.003142,0.005819,0.017558,0.033194,0.118954,0.302630,1.496231
1990-07-02,0.000000,Training,-0.088661,-0.042340,-0.026899,-0.021191,-0.005994,0.003925,0.014335,0.027507,0.110706,0.293317,1.474330
1990-07-03,0.000000,Training,-0.090537,-0.043906,-0.028179,-0.022587,-0.007858,0.002292,0.012107,0.024202,0.105880,0.287637,1.460799
1990-07-04,0.000000,Training,-0.097717,-0.048140,-0.031049,-0.024654,-0.010044,0.001078,0.009649,0.019345,0.098787,0.279162,1.442883
1990-07-05,0.000000,Training,-0.100014,-0.049895,-0.032366,-0.025933,-0.011711,-0.000384,0.007423,0.016345,0.093897,0.273219,1.428407
1990-07-06,0.000000,Training,-0.102799,-0.052011,-0.033868,-0.027294,-0.013442,-0.001818,0.005175,0.013217,0.088757,0.267017,1.413183
1990-07-07,0.000000,Training,-0.113708,-0.058058,-0.036861,-0.027537,-0.014367,-0.001567,0.002865,0.008672,0.082318,0.259498,1.397079
1990-07-08,0.000000,Training,-0.118549,-0.061093,-0.038234,-0.026802,-0.014922,-0.001266,0.001273,0.005733,0.079023,0.256490,1.390670
1990-07-09,0.000000,Training,-0.121031,-0.064185,-0.039854,-0.026887,-0.015922,-0.001042,-0.000342,0.003493,0.074533,0.251607,1.372604
1990-07-10,0.000000,Training,-0.121710,-0.065761,-0.041179,-0.028665,-0.017918,-0.003322,-0.002778,0.000572,0.069871,0.246072,1.359316
1990-07-11,0.000000,Training,-0.121980,-0.066807,-0.042321,-0.030732,-0.019838,-0.005958,-0.005213,-0.002208,0.065213,0.240103,1.345285
1990-07-12,0.000000,Training,-0.117669,-0.065229,-0.042836,-0.034669,-0.022605,-0.010562,-0.007781,-0.004254,0.060745,0.233486,1.330315
1990-07-13,0.000000,Training,-0.107497,-0.060642,-0.040975,-0.035717,-0.023655,-0.013294,-0.009284,-0.003929,0.059292,0.230967,1.316812
1990-07-14,0.000000,Training,-0.101669,-0.056679,-0.038112,-0.034249,-0.021624,-0.013539,-0.008101,0.000233,0.063304,0.233381,1.318578
1990-07-15,0.000000,Training,-0.106430,-0.060838,-0.041290,-0.037122,-0.025076,-0.016155,-0.012406,-0.008103,0.051357,0.219611,1.286069
1990-07-16,0.000000,Training,-0.122550,-0.069475,-0.045296,-0.036796,-0.025410,-0.014688,-0.014248,-0.013964,0.043961,0.211030,1.270803
1990-07-17,0.000000,Training,-0.125550,-0.072031,-0.046330,-0.035507,-0.025197,-0.013137,-0.014832,-0.015011,0.041793,0.209232,1.262539
1990-07-18,0.000000,Training,-0.127229,-0.074239,-0.047973,-0.036378,-0.026241,-0.013629,-0.015911,-0.016051,0.039922,0.207753,1.256630
1990-07-19,0.000000,Training,-0.127945,-0.075572,-0.048977,-0.037380,-0.027178,-0.014952,-0.017401,-0.017766,0.036897,0.203967,1.246658
1990-07-20,0.000000,Training,-0.128207,-0.076507,-0.049675,-0.038315,-0.028000,-0.016402,-0.018904,-0.019553,0.033572,0.199527,1.235476
1990-07-21,0.000000,Training,-0.130492,-0.075809,-0.049583,-0.038320,-0.028110,-0.017897,-0.020285,-0.021156,0.033309,0.199500,1.244682
1990-07-22,0.000000,Training,-0.214506,-0.104972,-0.076355,-0.053952,-0.040660,-0.035851,-0.032901,-0.035814,0.066050,0.274604,1.549850
1990-07-23,0.000000,Training,-0.137459,-0.084256,-0.058878,-0.043298,-0.031772,-0.014471,-0.014574,-0.008399,0.054140,0.235011,1.328411
1990-07-24,0.000000,Training,-0.137870,-0.088598,-0.061486,-0.048051,-0.035700,-0.019411,-0.018794,-0.015339,0.043731,0.220360,1.278662
1990-07-25,0.000000,Training,-0.121191,-0.076430,-0.057596,-0.050479,-0.037877,-0.029489,-0.027942,-0.026699,0.022742,0.186693,1.202555
1990-07-26,0.000000,Training,-0.121515,-0.072268,-0.053052,-0.046436,-0.034975,-0.028736,-0.028254,-0.027109,0.022571,0.185560,1.210780
1990-07-27,0.000000,Training,-0.114606,-0.070535,-0.050908,-0.046515,-0.033890,-0.028918,-0.027077,-0.024202,0.020233,0.179124,1.185670
1990-07-28,0.000000,Training,-0.113283,-0.069313,-0.049481,-0.045607,-0.032203,-0.028240,-0.025598,-0.021134,0.022166,0.179808,1.185234
1990-07-29,0.000000,Training,-0.116654,-0.072974,-0.052203,-0.047837,-0.035263,-0.030250,-0.029346,-0.028698,0.011674,0.168498,1.157806
1990-07-30,0.000000,Training,-0.120857,-0.075266,-0.053259,-0.048084,-0.035433,-0.030286,-0.030103,-0.030934,0.007839,0.163689,1.148095
1990-07-31,0.000000,Training,-0.122600,-0.076189,-0.053741,-0.048163,-0.035338,-0.030321,-0.030353,-0.031699,0.005846,0.161029,1.142521
1990-08-01,0.000000,Training,-0.124595,-0.077609,-0.054608,-0.048429,-0.035482,-0.030527,-0.030797,-0.032694,0.003889,0.158693,1.137174
1990-08-02,0.000000,Training,-0.120768,-0.076159,-0.054237,-0.048853,-0.035867,-0.031763,-0.031543,-0.032703,0.002846,0.157444,1.131968
1990-08-03,0.000000,Training,-0.129084,-0.080529,-0.055696,-0.047474,-0.034908,-0.029954,-0.031598,-0.035046,-0.000353,0.153656,1.124242
1990-08-04,0.000000,Training,-0.131299,-0.082235,-0.056023,-0.045305,-0.033865,-0.027663,-0.031313,-0.035624,-0.001487,0.153034,1.119124
1990-08-05,0.000000,Training,-0.132284,-0.083512,-0.057213,-0.045716,-0.034227,-0.027663,-0.031483,-0.035756,-0.002071,0.153135,1.118029
1990-08-06,0.000000,Training,-0.130614,-0.082855,-0.058094,-0.048658,-0.035667,-0.031025,-0.032630,-0.036309,-0.003981,0.150216,1.114384
1990-08-07,0.000000,Training,-0.129814,-0.082668,-0.058198,-0.048940,-0.035914,-0.032121,-0.033523,-0.037787,-0.006454,0.146996,1.107117
1990-08-08,0.000000,Training,-0.129969,-0.083140,-0.058210,-0.048118,-0.035846,-0.032392,-0.034421,-0.039933,-0.008899,0.144362,1.102003
1990-08-09,0.000000,Training,-0.126422,-0.082425,-0.058624,-0.049562,-0.038044,-0.035459,-0.036371,-0.042986,-0.010778,0.143489,1.105505
1990-08-10,0.000000,Training,-0.130015,-0.083972,-0.059447,-0.049877,-0.034449,-0.033333,-0.033373,-0.038478,-0.011444,0.138609,1.081983
1990-08-11,0.000000,Training,-0.129082,-0.083679,-0.059552,-0.050148,-0.034473,-0.034076,-0.033803,-0.039179,-0.013256,0.136134,1.075975
1990-08-12,0.000000,Training,-0.128076,-0.083389,-0.059754,-0.050511,-0.034547,-0.034816,-0.034209,-0.039669,-0.014657,0.134288,1.071206
1990-08-13,0.000000,Training,-0.120421,-0.079605,-0.058762,-0.051632,-0.034975,-0.037032,-0.034764,-0.038459,-0.014564,0.133616,1.067060
1990-08-14,0.000000,Training,-0.118904,-0.078232,-0.057975,-0.051222,-0.033983,-0.037273,-0.034237,-0.037754,-0.014795,0.132151,1.064036
1990-08-15,0.000000,Training,-0.118335,-0.077753,-0.057623,-0.050871,-0.033389,-0.037453,-0.034242,-0.038101,-0.016146,0.129879,1.058993
1990-08-16,0.000000,Training,-0.119767,-0.079518,-0.058640,-0.051113,-0.034150,-0.037875,-0.035500,-0.040892,-0.019559,0.126828,1.051402
1990-08-17,0.000000,Training,-0.124606,-0.082345,-0.059442,-0.049968,-0.033365,-0.036384,-0.035228,-0.042271,-0.021328,0.125356,1.048487
1990-08-18,0.000000,Training,-0.129335,-0.084745,-0.059902,-0.048097,-0.031704,-0.033736,-0.033732,-0.041726,-0.020902,0.126217,1.050549
1990-08-19,0.000000,Training,-0.135770,-0.079666,-0.057735,-0.044217,-0.029433,-0.033981,-0.034726,-0.042295,-0.011098,0.142546,1.118292
1990-08-20,0.000000,Training,-0.129995,-0.078013,-0.058826,-0.046961,-0.030348,-0.035442,-0.033654,-0.038413,-0.008863,0.144132,1.117358
1990-08-21,0.000000,Training,-0.234777,-0.126380,-0.106576,-0.081434,-0.054461,-0.061488,-0.048398,-0.051551,0.014563,0.211378,1.373040
1990-08-22,0.000000,Training,-0.247004,-0.138655,-0.123136,-0.089570,-0.058222,-0.051235,-0.030795,-0.020724,0.069375,0.305084,1.618870
1990-08-23,0.000000,Training,-0.140627,-0.101521,-0.086788,-0.062427,-0.038185,-0.016758,-0.004254,0.011168,0.066973,0.265418,1.360427
1990-08-24,0.000000,Training,-0.137905,-0.093998,-0.079193,-0.061279,-0.040590,-0.032596,-0.026952,-0.025981,0.007822,0.174161,1.152956
1990-08-25,0.000000,Training,-0.132172,-0.085633,-0.072072,-0.057981,-0.038900,-0.038200,-0.035518,-0.040559,-0.018937,0.132877,1.064171
1990-08-26,0.000000,Training,-0.128652,-0.084748,-0.068039,-0.055377,-0.037966,-0.038045,-0.037302,-0.043752,-0.025880,0.124354,1.042963
1990-08-27,0.000000,Training,-0.127353,-0.084264,-0.065097,-0.052343,-0.035902,-0.036368,-0.036791,-0.043799,-0.027138,0.122566,1.037918
1990-08-28,0.000000,Training,-0.125333,-0.082887,-0.063344,-0.051107,-0.034470,-0.035966,-0.036110,-0.042614,-0.026874,0.121942,1.036713
1990-08-29,0.000000,Training,-0.122665,-0.079168,-0.061379,-0.050528,-0.031413,-0.035560,-0.032947,-0.036258,-0.021537,0.124906,1.046127
1990-08-30,0.000000,Training,-0.122747,-0.078825,-0.060822,-0.049659,-0.030816,-0.035062,-0.032741,-0.036385,-0.021411,0.125334,1.047797
1990-08-31,0.000000,Training,-0.122064,-0.079339,-0.060981,-0.049778,-0.030946,-0.034922,-0.032674,-0.036558,-0.022226,0.124524,1.043299
1990-09-01,0.000000,Training,-0.121857,-0.079131,-0.060736,-0.049463,-0.030436,-0.034549,-0.032176,-0.035946,-0.021785,0.124924,1.043829
1990-09-02,0.000000,Training,-0.121877,-0.079066,-0.060681,-0.049267,-0.030093,-0.034277,-0.031843,-0.035553,-0.021460,0.125275,1.044425
1990-09-03,0.000000,Training,-0.122073,-0.079592,-0.060909,-0.049192,-0.030343,-0.034171,-0.032137,-0.036298,-0.022098,0.125143,1.043445
1990-09-04,0.000000,Training,-0.122931,-0.081452,-0.061060,-0.048143,-0.030837,-0.033263,-0.032967,-0.038542,-0.023707,0.125186,1.040563
1990-09-05,0.000000,Training,-0.123888,-0.082220,-0.060660,-0.046733,-0.030030,-0.031875,-0.032395,-0.038245,-0.022882,0.126869,1.043464
1990-09-06,0.000000,Training,-0.122840,-0.081800,-0.061508,-0.048365,-0.030994,-0.033668,-0.033231,-0.038525,-0.023280,0.126084,1.043438
1990-09-07,0.000000,Training,-0.121743,-0.081224,-0.061886,-0.049277,-0.031686,-0.035301,-0.033702,-0.039097,-0.022915,0.126488,1.048986
1990-09-08,0.000000,Training,-0.118299,-0.080553,-0.061711,-0.049231,-0.034030,-0.037530,-0.035229,-0.042879,-0.021515,0.131282,1.070840
1990-09-09,0.000000,Training,-0.137637,-0.077802,-0.059128,-0.042750,-0.027347,-0.034799,-0.033478,-0.041528,-0.005389,0.154427,1.167710
1990-09-10,0.000000,Training,-0.128348,-0.084186,-0.063814,-0.048428,-0.027351,-0.030905,-0.027643,-0.030237,-0.010155,0.141446,1.083644
1990-09-11,0.000000,Training,-0.130421,-0.084236,-0.063648,-0.047905,-0.027134,-0.030656,-0.027581,-0.030424,-0.008029,0.144859,1.094846
1990-09-12,0.000000,Training,-0.136446,-0.082293,-0.064309,-0.047452,-0.025199,-0.030707,-0.026985,-0.028626,-0.003286,0.149039,1.116906
1990-09-13,0.000000,Training,-0.128858,-0.084510,-0.065660,-0.051308,-0.027172,-0.031697,-0.026049,-0.025539,-0.007434,0.141201,1.077576
1990-09-14,0.000000,Training,-0.128098,-0.085948,-0.065604,-0.051254,-0.028645,-0.031589,-0.027555,-0.028663,-0.010950,0.138444,1.066013
1990-09-15,0.000000,Training,-0.128138,-0.085425,-0.064989,-0.050724,-0.028196,-0.031295,-0.027702,-0.028797,-0.011610,0.136902,1.061750
1990-09-16,0.000000,Training,-0.132486,-0.081961,-0.062138,-0.046841,-0.025094,-0.029559,-0.026807,-0.027491,-0.005723,0.144691,1.096338
1990-09-17,0.000000,Training,-0.133094,-0.081307,-0.061706,-0.046362,-0.024307,-0.028767,-0.025574,-0.024924,-0.001691,0.149745,1.111453
1990-09-18,0.000000,Training,-0.293584,-0.159622,-0.138210,-0.081998,-0.046128,-0.031175,-0.018261,-0.003580,0.081802,0.325945,1.632831
1990-09-19,0.000000,Training,-0.248348,-0.146283,-0.136508,-0.089983,-0.044942,-0.019365,0.017252,0.051154,0.189108,0.488361,2.102769
1990-09-20,0.000000,Training,-0.148895,-0.105475,-0.094760,-0.059912,-0.027037,0.011568,0.033605,0.070736,0.159104,0.392579,1.661004
1990-09-21,0.000000,Training,-0.143587,-0.093992,-0.079829,-0.057950,-0.033514,-0.016399,-0.006967,0.007100,0.053916,0.234621,1.299422
1990-09-22,0.000000,Training,-0.138393,-0.085869,-0.072258,-0.056066,-0.033017,-0.025730,-0.019085,-0.010819,0.021872,0.184514,1.186127
1990-09-23,0.000000,Training,-0.135588,-0.081865,-0.066341,-0.053001,-0.029014,-0.026709,-0.019651,-0.009151,0.021414,0.180026,1.179406
1990-09-24,0.000000,Training,-0.130891,-0.080198,-0.063324,-0.051217,-0.028915,-0.025434,-0.019731,-0.009903,0.017474,0.175371,1.164177
1990-09-25,0.000000,Training,-0.129174,-0.078553,-0.061170,-0.050021,-0.027437,-0.025372,-0.019347,-0.008471,0.018707,0.175296,1.164122
1990-09-26,0.000000,Training,-0.127406,-0.079171,-0.060478,-0.049149,-0.029689,-0.024444,-0.021392,-0.013650,0.012084,0.170147,1.148977
1990-09-27,0.000000,Training,-0.126060,-0.079939,-0.058273,-0.045620,-0.030336,-0.021697,-0.022872,-0.017965,0.009530,0.171106,1.146269
1990-09-28,0.000000,Training,-0.149889,-0.077217,-0.055605,-0.039006,-0.026660,-0.021876,-0.025003,-0.022660,0.026213,0.200106,1.278919
1990-09-29,0.000000,Training,-0.194025,-0.098549,-0.078567,-0.058993,-0.039201,-0.035530,-0.029698,-0.023925,0.048068,0.246554,1.453177
1990-09-30,0.000000,Training,-0.194724,-0.101084,-0.084865,-0.061785,-0.037515,-0.026064,-0.013968,0.003957,0.091911,0.309903,1.612597
1990-10-01,,,-0.005814,0.505473,0.806856,1.141784,1.391573,2.083184,2.775327,4.973475,11.728148,17.900333,53.646099
1990-10-02,,,-0.121446,0.394950,0.741220,1.132716,1.446789,2.221141,3.010752,5.610603,13.579969,21.149321,61.983829
1990-10-03,,,,,,,,,,,,,
1990-10-04,,,,,,,,,,,,,
1990-10-05,,,,,,,,,,,,,
1990-10-06,,,,,,,,,,,,,
1990-10-07,,,,,,,,,,,,,
1990-10-08,,,,,,,,,,,,,
1990-10-09,,,,,,,,,,,,,
1990-10-10,,,,,,,,,,,,,
1990-10-11,,,,,,,,,,,,,
1990-10-12,,,,,,,,,,,,,
1990-10-13,,,,,,,,,,,,,
1990-10-14,,,,,,,,,,,,,
1990-10-15,,,,,,,,,,,,,
1990-10-16,,,,,,,,,,,,,
1990-10-17,,,,,,,,,,,,,
1990-10-18,,,,,,,,,,,,,
1990-10-19,,,,,,,,,,,,,
1990-10-20,,,,,,,,,,,,,
1990-10-21,,,,,,,,,,,,,
1990-10-22,,,,,,,,,,,,,
1990-10-23,,,,,,,,,,,,,
1990-10-24,,,,,,,,,,,,,
1990-10-25,,,,,,,,,,,,,
1990-10-26,,,,,,,,,,,,,
1990-10-27,,,,,,,,,,,,,
1990-10-28,,,,,,,,,,,,,
1990-10-29,,,,,,,,,,,,,
1990-10-30,,,,,,,,,,,,,
1990-10-31,,,,,,,,,,,,,
1990-11-01,,,,,,,,,,,,,
1990-11-02,,,,,,,,,,,,,
1990-11-03,,,,,,,,,,,,,
1990-11-04,,,,,,,,,,,,,
1990-11-05,,,,,,,,,,,,,
1990-11-06,,,,,,,,,,,,,
1990-11-07,,,,,,,,,,,,,
1990-11-08,,,,,,,,,,,,,
1990-11-09,,,,,,,,,,,,,
1990-11-10,,,,,,,,,,,,,
1990-11-11,,,,,,,,,,,,,
1990-11-12,,,,,,,,,,,,,
1990-11-13,,,,,,,,,,,,,
1990-11-14,,,,,,,,,,,,,
1990-11-15,,,,,,,,,,,,,
1990-11-16,,,,,,,,,,,,,
1990-11-17,,,,,,,,,,,,,
1990-11-18,,,,,,,,,,,,,
1990-11-19,,,,,,,,,,,,,
1990-11-20,,,,,,,,,,,,,
1990-11-21,,,,,,,,,,,,,
1990-11-22,,,,,,,,,,,,,
1990-11-23,,,,,,,,,,,,,
1990-11-24,,,,,,,,,,,,,
1990-11-25,,,,,,,,,,,,,
1990-11-26,,,,,,,,,,,,,
1990-11-27,,,,,,,,,,,,,
1990-11-28,,,,,,,,,,,,,
1990-11-29,,,,,,,,,,,,,
1990-11-30,,,,,,,,,,,,,
1990-12-01,,,,,,,,,,,,,
1990-12-02,,,,,,,,,,,,,
1990-12-03,,,,,,,,,,,,,
1990-12-04,,,,,,,,,,,,,
1990-12-05,,,,,,,,,,,,,
1990-12-06,,,,,,,,,,,,,
1990-12-07,,,,,,,,,,,,,
1990-12-08,,,,,,,,,,,,,
1990-12-09,,,,,,,,,,,,,
1990-12-10,,,,,,,,,,,,,
1990-12-11,,,,,,,,,,,,,
1990-12-12,,,,,,,,,,,,,
1990-12-13,,,,,,,,,,,,,
1990-12-14,,,,,,,,,,,,,
1990-12-15,,,,,,,,,,,,,
1990-12-16,,,,,,,,,,,,,
1990-12-17,,,,,,,,,,,,,
1990-12-18,,,,,,,,,,,,,
1990-12-19,,,,,,,,,,,,,
1990-12-20,,,,,,,,,,,,,
1990-12-21,,,,,,,,,,,,,
1990-12-22,,,,,,,,,,,,,
1990-12-23,,,,,,,,,,,,,
1990-12-24,,,,,,,,,,,,,
1990-12-25,,,,,,,,,,,,,
1990-12-26,,,,,,,,,,,,,
1990-12-27,,,,,,,,,,,,,
1990-12-28,,,,,,,,,,,,,
1990-12-29,,,,,,,,,,,,,
1990-12-30,,,,,,,,,,,,,
1990-12-31,,,,,,,,,,,,,
1991-01-01,,,,,,,,,,,,,
1991-01-02,,,,,,,,,,,,,
1991-01-03,,,,,,,,,,,,,
1991-01-04,,,,,,,,,,,,,
1991-01-05,,,,,,,,,,,,,
1991-01-06,,,,,,,,,,,,,
1991-01-07,,,,,,,,,,,,,
1991-01-08,,,,,,,,,,,,,
1991-01-09,,,,,,,,,,,,,
1991-01-10,,,,,,,,,,,,,
1991-01-11,,,,,,,,,,,,,
1991-01-12,,,,,,,,,,,,,
1991-01-13,,,,,,,,,,,,,
1991-01-14,,,,,,,,,,,,,
1991-01-15,,,,,,,,,,,,,
1991-01-16,,,,,,,,,,,,,
1991-01-17,,,,,,,,,,,,,
1991-01-18,,,,,,,,,,,,,
1991-01-19,,,,,,,,,,,,,
1991-01-20,,,,,,,,,,,,,
1991-01-21,,,,,,,,,,,,,
1991-01-22,,,,,,,,,,,,,
1991-01-23,,,,,,,,,,,,,
1991-01-24,,,,,,,,,,,,,
1991-01-25,,,,,,,,,,,,,
1991-01-26,,,,,,,,,,,,,
1991-01-27,,,,,,,,,,,,,
1991-01-28,,,,,,,,,,,,,
1991-01-29,,,,,,,,,,,,,
1991-01-30,,,,,,,,,,,,,
1991-01-31,,,,,,,,,,,,,
1991-02-01,,,,,,,,,,,,,
1991-02-02,,,,,,,,,,,,,
1991-02-03,,,,,,,,,,,,,
1991-02-04,,,,,,,,,,,,,
1991-02-05,,,,,,,,,,,,,
1991-02-06,,,,,,,,,,,,,
1991-02-07,,,,,,,,,,,,,
1991-02-08,,,,,,,,,,,,,
1991-02-09,,,,,,,,,,,,,
1991-02-10,,,,,,,,,,,,,
1991-02-11,,,,,,,,,,,,,
1991-02-12,,,,,,,,,,,,,
1991-02-13,,,,,,,,,,,,,
1991-02-14,,,,,,,,,,,,,
1991-02-15,,,,,,,,,,,,,
1991-02-16,,,,,,,,,,,,,
1991-02-17,,,,,,,,,,,,,
1991-02-18,,,,,,,,,,,,,
1991-02-19,,,,,,,,,,,,,
1991-02-20,,,,,,,,,,,,,
1991-02-21,,,,,,,,,,,,,
1991-02-22,,,,,,,,,,,,,
1991-02-23,,,,,,,,,,,,,
1991-02-24,,,,,,,,,,,,,
1991-02-25,,,,,,,,,,,,,
1991-02-26,,,,,,,,,,,,,
1991-02-27,,,,,,,,,,,,,
1991-02-28,,,,,,,,,,,,,
1991-03-01,,,,,,,,,,,,,
1991-03-02,,,,,,,,,,,,,
1991-03-03,,,,,,,,,,,,,
1991-03-04,,,,,,,,,,,,,
1991-03-05,,,,,,,,,,,,,
1991-03-06,,,,,,,,,,,,,
1991-03-07,,,,,,,,,,,,,
1991-03-08,,,,,,,,,,,,,
1991-03-09,,,,,,,,,,,,,
1991-03-10,,,,,,,,,,,,,
1991-03-11,,,,,,,,,,,,,
1991-03-12,,,,,,,,,,,,,
1991-03-13,,,,,,,,,,,,,
1991-03-14,,,,,,,,,,,,,
1991-03-15,,,,,,,,,,,,,
1991-03-16,,,,,,,,,,,,,
1991-03-17,,,,,,,,,,,,,
1991-03-18,,,,,,,,,,,,,
1991-03-19,,,,,,,,,,,,,
1991-03-20,,,,,,,,,,,,,
1991-03-21,,,,,,,,,,,,,
1991-03-22,,,,,,,,,,,,,
1991-03-23,,,,,,,,,,,,,
1991-03-24,,,,,,,,,,,,,
1991-03-25,,,,,,,,,,,,,
1991-03-26,,,,,,,,,,,,,
1991-03-27,,,,,,,,,,,,,
1991-03-28,,,,,,,,,,,,,
1991-03-29,,,,,,,,,,,,,
1991-03-30,,,,,,,,,,,,,
1991-03-31,,,,,,,,,,,,,
1991-04-01,,,,,,,,,,,,,
1991-04-02,,,,,,,,,,,,,
1991-04-03,,,,,,,,,,,,,
1991-04-04,,,,,,,,,,,,,
1991-04-05,,,,,,,,,,,,,
1991-04-06,,,,,,,,,,,,,
1991-04-07,,,,,,,,,,,,,
1991-04-08,,,,,,,,,,,,,
1991-04-09,,,,,,,,,,,,,
1991-04-10,,,,,,,,,,,,,
1991-04-11,,,,,,,,,,,,,
1991-04-12,,,,,,,,,,,,,
1991-04-13,,,,,,,,,,,,,
1991-04-14,,,,,,,,,,,,,
1991-04-15,,,,,,,,,,,,,
1991-04-16,,,,,,,,,,,,,
1991-04-17,,,,,,,,,,,,,
1991-04-18,,,,,,,,,,,,,
1991-04-19,,,,,,,,,,,,,
1991-04-20,,,,,,,,,,,,,
1991-04-21,,,,,,,,,,,,,
1991-04-22,,,,,,,,,,,,,
1991-04-23,,,,,,,,,,,,,
1991-04-24,,,,,,,,,,,,,
1991-04-25,,,,,,,,,,,,,
1991-04-26,,,,,,,,,,,,,
1991-04-27,,,,,,,,,,,,,
1991-04-28,,,,,,,,,,,,,
1991-04-29,,,,,,,,,,,,,
1991-04-30,,,,,,,,,,,,,
1991-05-01,,,,,,,,,,,,,
1991-05-02,,,,,,,,,,,,,
1991-05-03,,,,,,,,,,,,,
1991-05-04,,,,,,,,,,,,,
1991-05-05,,,,,,,,,,,,,
1991-05-06,,,,,,,,,,,,,
1991-05-07,,,,,,,,,,,,,
1991-05-08,,,,,,,,,,,,,
1991-05-09,,,,,,,,,,,,,
1991-05-10,,,,,,,,,,,,,
1991-05-11,,,,,,,,,,,,,
1991-05-12,,,,,,,,,,,,,
1991-05-13,,,,,,,,,,,,,
1991-05-14,,,,,,,,,,,,,
1991-05-15,,,,,,,,,,,,,
1991-05-16,,,,,,,,,,,,,
1991-05-17,,,,,,,,,,,,,
1991-05-18,,,,,,,,,,,,,
1991-05-19,,,,,,,,,,,,,
1991-05-20,,,,,,,,,,,,,
1991-05-21,,,,,,,,,,,,,
1991-05-22,,,,,,,,,,,,,
1991-05-23,,,,,,,,,,,,,
1991-05-24,,,,,,,,,,,,,
1991-05-25,,,,,,,,,,,,,
1991-05-26,,,,,,,,,,,,,
1991-05-27,,,,,,,,,,,,,
1991-05-28,,,,,,,,,,,,,
1991-05-29,,,,,,,,,,,,,
1991-05-30,,,,,,,,,,,,,
1991-05-31,,,,,,,,,,,,,
1991-06-01,,,,,,,,,,,,,
1991-06-02,,,,,,,,,,,,,
1991-06-03,,,,,,,,,,,,,
1991-06-04,,,,,,,,,,,,,
1991-06-05,,,,,,,,,,,,,
1991-06-06,,,,,,,,,,,,,
1991-06-07,,,,,,,,,,,,,
1991-06-08,,,,,,,,,,,,,
1991-06-09,,,,,,,,,,,,,
1991-06-10,,,,,,,,,,,,,
1991-06-11,,,,,,,,,,,,,
1991-06-12,,,,,,,,,,,,,
1991-06-13,,,,,,,,,,,,,
1991-06-14,,,,,,,,,,,,,
1991-06-15,,,,,,,,,,,,,
1991-06-16,,,,,,,,,,,,,
1991-06-17,,,,,,,,,,,,,
1991-06-18,,,,,,,,,,,,,
1991-06-19,,,,,,,,,,,,,
1991-06-20,,,,,,,,,,,,,
1991-06-21,,,,,,,,,,,,,
1991-06-22,,,,,,,,,,,,,
1991-06-23,,,,,,,,,,,,,
1991-06-24,,,,,,,,,,,,,
1991-06-25,,,,,,,,,,,,,
1991-06-26,,,,,,,,,,,,,
1991-06-27,,,,,,,,,,,,,
1991-06-28,,,,,,,,,,,,,
1991-06-29,,,,,,,,,,,,,
1991-06-30,,,,,,,,,,,,,
1991-07-01,,,,,,,,,,,,,
1991-07-02,,,,,,,,,,,,,
1991-07-03,,,,,,,,,,,,,
1991-07-04,,,,,,,,,,,,,
1991-07-05,,,,,,,,,,,,,
1991-07-06,,,,,,,,,,,,,
1991-07-07,,,,,,,,,,,,,
1991-07-08,,,,,,,,,,,,,
1991-07-09,,,,,,,,,,,,,
1991-07-10,,,,,,,,,,,,,
1991-07-11,,,,,,,,,,,,,
1991-07-12,,,,,,,,,,,,,
1991-07-13,,,,,,,,,,,,,
1991-07-14,,,,,,,,,,,,,
1991-07-15,,,,,,,,,,,,,
1991-07-16,,,,,,,,,,,,,
1991-07-17,,,,,,,,,,,,,
1991-07-18,,,,,,,,,,,,,
1991-07-19,,,,,,,,,,,,,
1991-07-20,,,,,,,,,,,,,
1991-07-21,,,,,,,,,,,,,
1991-07-22,,,,,,,,,,,,,
1991-07-23,,,,,,,,,,,,,
1991-07-24,,,,,,,,,,,,,
1991-07-25,,,,,,,,,,,,,
1991-07-26,,,,,,,,,,,,,
1991-07-27,,,,,,,,,,,,,
1991-07-28,,,,,,,,,,,,,
1991-07-29,,,,,,,,,,,,,
1991-07-30,,,,,,,,,,,,,
1991-07-31,,,,,,,,,,,,,
1991-08-01,,,,,,,,,,,,,
1991-08-02,,,,,,,,,,,,,
1991-08-03,,,,,,,,,,,,,
1991-08-04,,,,,,,,,,,,,
1991-08-05,,,,,,,,,,,,,
1991-08-06,,,,,,,,,,,,,
1991-08-07,,,,,,,,,,,,,
1991-08-08,,,,,,,,,,,,,
1991-08-09,,,,,,,,,,,,,
1991-08-10,,,,,,,,,,,,,
1991-08-11,,,,,,,,,,,,,
1991-08-12,,,,,,,,,,,,,
1991-08-13,,,,,,,,,,,,,
1991-08-14,,,,,,,,,,,,,
1991-08-15,,,,,,,,,,,,,
1991-08-16,,,,,,,,,,,,,
1991-08-17,,,,,,,,,,,,,
1991-08-18,,,,,,,,,,,,,
1991-08-19,,,,,,,,,,,,,
1991-08-20,,,,,,,,,,,,,
1991-08-21,,,,,,,,,,,,,
1991-08-22,,,,,,,,,,,,,
1991-08-23,,,,,,,,,,,,,
1991-08-24,,,,,,,,,,,,,
1991-08-25,,,,,,,,,,,,,
1991-08-26,,,,,,,,,,,,,
1991-08-27,,,,,,,,,,,,,
1991-08-28,,,,,,,,,,,,,
1991-08-29,,,,,,,,,,,,,
1991-08-30,,,,,,,,,,,,,
1991-08-31,,,,,,,,,,,,,
1991-09-01,,,,,,,,,,,,,
1991-09-02,,,,,,,,,,,,,
1991-09-03,,,,,,,,,,,,,
1991-09-04,,,,,,,,,,,,,
1991-09-05,,,,,,,,,,,,,
1991-09-06,,,,,,,,,,,,,
1991-09-07,,,,,,,,,,,,,
1991-09-08,,,,,,,,,,,,,
1991-09-09,,,,,,,,,,,,,
1991-09-10,,,,,,,,,,,,,
1991-09-11,,,,,,,,,,,,,
1991-09-12,,,,,,,,,,,,,
1991-09-13,,,,,,,,,,,,,
1991-09-14,,,,,,,,,,,,,
1991-09-15,,,,,,,,,,,,,
1991-09-16,,,,,,,,,,,,,
1991-09-17,,,,,,,,,,,,,
1991-09-18,,,,,,,,,,,,,
1991-09-19,,,,,,,,,,,,,
1991-09-20,,,,,,,,,,,,,
1991-09-21,,,,,,,,,,,,,
1991-09-22,,,,,,,,,,,,,
1991-09-23,,,,,,,,,,,,,
1991-09-24,,,,,,,,,,,,,
1991-09-25,,,,,,,,,,,,,
1991-09-26,,,,,,,,,,,,,
1991-09-27,,,,,,,,,,,,,
1991-09-28,,,,,,,,,,,,,
1991-09-29,,,,,,,,,,,,,
1991-09-30,,,,,,,,,,,,,
1991-10-01,,,,,,,,,,,,,
1991-10-02,,,,,,,,,,,,,
1991-10-03,,,,,,,,,,,,,
1991-10-04,,,,,,,,,,,,,
1991-10-05,,,,,,,,,,,,,
1991-10-06,,,,,,,,,,,,,
1991-10-07,,,,,,,,,,,,,
1991-10-08,,,,,,,,,,,,,
1991-10-09,,,,,,,,,,,,,
1991-10-10,,,,,,,,,,,,,
1991-10-11,,,,,,,,,,,,,
1991-10-12,,,,,,,,,,,,,
1991-10-13,,,,,,,,,,,,,
1991-10-14,,,,,,,,,,,,,
1991-10-15,,,,,,,,,,,,,
1991-10-16,,,,,,,,,,,,,
1991-10-17,0.227078,Training,,,,,,,,,,,
1991-10-18,0.243298,Training,,,,,,,,,,,
1991-10-19,0.291958,Training,-0.122653,-0.038478,-0.024339,-0.012966,0.003215,0.052226,0.059412,0.118779,0.230078,0.433372,1.769164
1991-10-20,0.340617,Training,-0.140842,-0.063119,-0.044511,-0.031524,-0.008535,0.028672,0.037119,0.098017,0.207098,0.407941,1.684014
1991-10-21,0.421717,Training,-0.159303,-0.085392,-0.062428,-0.046165,-0.020402,0.011444,0.018627,0.080817,0.188932,0.391871,1.623314
1991-10-22,0.470376,Training,-0.165757,-0.092722,-0.069354,-0.051916,-0.024494,0.007528,0.015310,0.079442,0.190156,0.396700,1.630322
1991-10-23,0.535256,Training,-0.199008,-0.100297,-0.077024,-0.053238,-0.025971,0.004645,0.012538,0.079410,0.226080,0.455783,1.843385
1991-10-24,0.632575,Training,-0.164535,-0.082337,-0.066129,-0.045327,-0.017480,0.028178,0.041512,0.114718,0.255461,0.488914,1.894209
1991-10-25,0.681235,Training,-0.472734,-0.264413,-0.261494,-0.040722,0.019259,0.133781,0.214936,0.533837,1.515120,2.559470,8.270321
1991-10-26,0.892093,Training,-0.392473,-0.175883,-0.148737,0.045573,0.187339,0.332600,0.578190,1.052682,2.593507,4.195517,12.333590
1991-10-27,1.054292,Training,-0.230494,-0.038769,-0.024681,0.082315,0.153921,0.306022,0.441492,0.752220,1.606001,2.369210,6.822123
1991-10-28,1.054292,Training,-0.183025,-0.030033,-0.024594,0.018258,0.045414,0.144633,0.189604,0.328489,0.700098,1.068251,3.525998
1991-10-29,1.054292,Training,-0.167150,-0.050840,-0.041954,-0.010465,0.010694,0.098199,0.122202,0.227294,0.474715,0.775613,2.683771
1991-10-30,1.054292,Training,-0.160530,-0.076151,-0.057435,-0.037355,-0.009890,0.049478,0.068341,0.154020,0.330340,0.580378,2.136406
1991-10-31,1.086731,Training,-0.152524,-0.076462,-0.053516,-0.039654,-0.009385,0.033360,0.046913,0.121217,0.256271,0.474921,1.864564
1991-11-01,0.794774,Training,-0.147442,-0.076465,-0.050052,-0.038832,-0.007231,0.026510,0.038573,0.107479,0.223569,0.427934,1.744976
1991-11-02,0.324397,Training,-0.141779,-0.073142,-0.046090,-0.035556,-0.005446,0.027864,0.039369,0.106486,0.219141,0.422474,1.735214
1991-11-03,0.227078,Training,-0.142184,-0.066365,-0.039946,-0.027820,-0.001244,0.033930,0.043511,0.109879,0.229847,0.439270,1.802729
1991-11-04,0.129759,Training,-0.203896,-0.090037,-0.061974,-0.042976,-0.007616,0.018832,0.037359,0.110158,0.289571,0.537744,2.178472
1991-11-05,0.081099,Training,-0.182178,-0.121208,-0.089176,-0.062590,-0.019917,0.012998,0.032199,0.122390,0.279160,0.525611,1.948630
1991-11-06,0.048660,Training,-0.182186,-0.117275,-0.084145,-0.059772,-0.018796,0.014555,0.032759,0.120201,0.277017,0.516152,1.926306
1991-11-07,0.048660,Training,-0.181078,-0.112259,-0.081913,-0.057870,-0.017482,0.012605,0.028656,0.111863,0.257827,0.483797,1.857894
1991-11-08,0.032440,Training,-0.184979,-0.117433,-0.084703,-0.060402,-0.019866,0.007418,0.023330,0.105956,0.250596,0.474650,1.834439
1991-11-09,0.032440,Training,-0.182699,-0.115521,-0.083121,-0.059043,-0.018649,0.007235,0.023942,0.105751,0.250119,0.472858,1.836560
1991-11-10,0.016220,Training,-0.181981,-0.114866,-0.083247,-0.058653,-0.019041,0.006322,0.024160,0.104526,0.250842,0.473806,1.845842
1991-11-11,0.016220,Training,-0.189955,-0.124880,-0.091574,-0.064129,-0.025724,-0.004102,0.014104,0.089480,0.234914,0.455901,1.801346
1991-11-12,0.032440,Training,-0.201904,-0.134218,-0.102017,-0.069144,-0.031504,-0.005692,0.017444,0.094946,0.261814,0.495460,1.904625
1991-11-13,0.032440,Training,-0.282698,-0.152223,-0.123696,-0.081658,-0.027121,-0.008664,0.029176,0.121387,0.365636,0.666327,2.570077
1991-11-14,0.016220,Training,-0.198235,-0.135646,-0.108023,-0.062631,-0.008984,0.026599,0.064315,0.174566,0.399610,0.696687,2.427508
1991-11-15,0.016220,Training,-0.252982,-0.128327,-0.103303,-0.056663,-0.010101,0.034498,0.079967,0.186086,0.497518,0.849236,3.126159
1991-11-16,0.016220,Training,-0.205207,-0.121348,-0.100302,-0.048343,-0.000807,0.054045,0.096978,0.220983,0.512002,0.838175,2.852986
1991-11-17,0.016220,Training,-0.192628,-0.118750,-0.089554,-0.053060,-0.010162,0.036279,0.069476,0.174519,0.402633,0.681181,2.389421
1991-11-18,0.016220,Training,-0.203375,-0.099825,-0.073220,-0.037013,-0.000529,0.041789,0.069548,0.167995,0.409594,0.688014,2.497111
1991-11-19,0.016220,Training,-0.225170,-0.127004,-0.092562,-0.052893,-0.012788,0.020251,0.045711,0.145215,0.379945,0.659040,2.388247
1991-11-20,0.016220,Training,-0.216040,-0.143093,-0.105277,-0.068514,-0.023784,0.008107,0.035452,0.132794,0.336469,0.587381,2.131636
1991-11-21,0.016220,Training,-0.232660,-0.154882,-0.117496,-0.080060,-0.035419,-0.007090,0.019485,0.114064,0.317439,0.544763,2.050785
1991-11-22,0.016220,Training,-0.240326,-0.158859,-0.123991,-0.084150,-0.037385,-0.010813,0.018176,0.114974,0.326526,0.550809,2.070997
1991-11-23,0.016220,Training,-0.230465,-0.153654,-0.116381,-0.080687,-0.034936,-0.012491,0.013343,0.103088,0.291346,0.502226,1.949645
1991-11-24,0.016220,Training,-0.209381,-0.128951,-0.094677,-0.056578,-0.010890,0.012223,0.040982,0.131559,0.328317,0.571813,2.100405
1991-11-25,0.016220,Training,-0.184219,-0.093884,-0.068385,-0.033398,0.007109,0.038186,0.069368,0.158192,0.364975,0.618174,2.274596
1991-11-26,0.016220,Training,-0.311181,-0.152916,-0.130944,-0.064879,-0.011695,0.033568,0.091875,0.220360,0.594724,0.995970,3.570719
1991-11-27,0.016220,Training,-0.213805,-0.137453,-0.114380,-0.050967,0.004838,0.065041,0.126982,0.275112,0.614589,0.999825,3.218323
1991-11-28,0.016220,Training,-0.215877,-0.131236,-0.102078,-0.050590,-0.001882,0.047738,0.096923,0.220663,0.506616,0.830374,2.737778
1991-11-29,0.016220,Training,-0.236901,-0.128226,-0.099248,-0.044494,0.000062,0.043896,0.089079,0.207035,0.501159,0.808539,2.710852
1991-11-30,0.016220,Training,-0.363812,-0.193709,-0.165022,-0.081561,-0.023770,0.026891,0.097006,0.258817,0.732235,1.204277,4.038981
1991-12-01,0.048660,Training,-0.511808,-0.341714,-0.313793,-0.153876,-0.061673,0.031880,0.182647,0.521692,1.603856,2.690769,8.427057
1991-12-02,0.048660,Training,-0.402456,-0.264172,-0.224744,-0.085418,0.002283,0.102007,0.246553,0.583555,1.588175,2.548249,7.610509
1991-12-03,0.048660,Training,-0.331632,-0.208816,-0.170858,-0.066437,0.001369,0.097998,0.203770,0.460121,1.115125,1.684971,4.905170
1991-12-04,0.048660,Training,-0.280520,-0.150081,-0.114923,-0.041390,0.012293,0.096718,0.172967,0.380729,0.894742,1.336687,4.056203
1991-12-05,0.048660,Training,-0.671993,-0.474864,-0.435003,-0.226031,-0.107961,0.064215,0.240471,0.828430,2.896051,4.973027,15.210626
1991-12-06,0.064879,Training,-0.374565,-0.215247,-0.165341,-0.000111,0.116190,0.318181,0.520317,1.076393,2.554301,3.977382,11.091033
1991-12-07,0.113539,Training,-0.542147,-0.321837,-0.274783,-0.111444,-0.002476,0.163358,0.356147,0.871839,2.517062,4.138150,12.889563
1991-12-08,0.081099,Training,-0.788518,-0.597867,-0.504156,-0.209459,0.051818,0.346430,0.735784,2.051988,6.567606,11.992657,33.249001
1991-12-09,0.048660,Training,-0.491895,-0.309634,-0.216853,-0.014247,0.135839,0.363605,0.614247,1.339674,3.257651,5.055058,12.914268
1991-12-10,0.048660,Training,-0.355415,-0.186821,-0.130134,-0.012025,0.061100,0.207659,0.341615,0.712330,1.608582,2.382238,6.531702
1991-12-11,0.048660,Training,-0.308508,-0.144396,-0.102549,0.001261,0.060607,0.181116,0.290423,0.584554,1.283773,1.876781,5.314772
1991-12-12,0.048660,Training,-0.279766,-0.134295,-0.093104,-0.008511,0.044427,0.146221,0.238735,0.480760,1.041113,1.540405,4.409799
1991-12-13,0.048660,Training,-0.275591,-0.136016,-0.094061,-0.014684,0.037000,0.128552,0.216962,0.438977,0.957625,1.423132,4.100899
1991-12-14,0.048660,Training,-0.844207,-0.679293,-0.610000,-0.299007,-0.042851,0.260042,0.538970,1.698331,5.607490,10.240603,26.100201
1991-12-15,0.048660,Training,-0.620961,-0.412333,-0.301139,0.027993,0.294745,0.635578,1.049379,2.339773,6.081624,10.173555,25.590551
1991-12-16,0.048660,Training,-0.708355,-0.473341,-0.365510,-0.084383,0.152777,0.443976,0.796751,1.904468,5.274169,8.891443,23.944227
1991-12-17,0.048660,Training,-0.535605,-0.295089,-0.198534,0.051273,0.223639,0.491496,0.764556,1.617810,3.812804,5.835731,14.856580
1991-12-18,0.048660,Training,-0.519369,-0.281701,-0.180813,0.049373,0.205208,0.457590,0.693693,1.418614,3.141791,4.628632,11.227239
1991-12-19,0.032440,Training,-0.366869,-0.187719,-0.126512,0.003555,0.085856,0.234965,0.380943,0.790272,1.747077,2.548836,6.747627
1991-12-20,0.032440,Training,-0.279902,-0.146405,-0.100184,-0.022094,0.040729,0.141480,0.245290,0.513794,1.140825,1.694628,4.778707
1991-12-21,0.032440,Training,-0.268251,-0.149372,-0.102103,-0.038180,0.022389,0.104936,0.198492,0.424897,0.965006,1.432681,4.165754
1991-12-22,0.032440,Training,-0.267854,-0.146556,-0.099497,-0.031599,0.029699,0.115439,0.212999,0.448724,1.002194,1.493769,4.277312
1991-12-23,0.032440,Training,-0.291918,-0.145152,-0.093283,-0.003343,0.062169,0.177082,0.294484,0.596616,1.281798,1.891662,5.148315
1991-12-24,0.032440,Training,-0.204395,-0.111332,-0.078606,-0.033140,0.022714,0.079367,0.156281,0.331639,0.733965,1.141546,3.481611
1991-12-25,0.032440,Training,-0.250157,-0.132803,-0.090026,-0.025279,0.035336,0.118096,0.215415,0.449669,0.980772,1.475542,4.213804
1991-12-26,0.032440,Training,-0.215686,-0.122621,-0.083785,-0.039985,0.021222,0.074228,0.154388,0.332478,0.741097,1.134889,3.447744
1991-12-27,0.032440,Training,-0.196710,-0.117280,-0.080726,-0.048481,0.015375,0.047005,0.115093,0.258658,0.593545,0.916834,2.956673
1991-12-28,0.032440,Training,-0.211160,-0.128472,-0.093167,-0.059480,0.003571,0.039573,0.107408,0.260750,0.610262,0.931732,3.014185
1991-12-29,0.032440,Training,-0.212566,-0.129674,-0.093121,-0.058033,0.006724,0.045139,0.116482,0.275969,0.641779,0.974380,3.115159
1991-12-30,0.016220,Training,-0.208267,-0.126242,-0.087583,-0.051303,0.015650,0.055947,0.131846,0.295302,0.674405,1.024526,3.216297
1991-12-31,0.016220,Training,-0.225116,-0.139281,-0.101904,-0.064165,0.000814,0.044982,0.118945,0.291916,0.675060,1.018947,3.211770
1992-01-01,0.016220,Training,-0.246779,-0.152536,-0.118062,-0.076070,-0.012492,0.044264,0.119290,0.319502,0.733307,1.101216,3.410495
1992-01-02,0.016220,Training,-0.200638,-0.124868,-0.091685,-0.059732,0.007364,0.035832,0.099387,0.249615,0.579938,0.883953,2.904078
1992-01-03,0.032440,Training,-0.205274,-0.126255,-0.088413,-0.053171,0.016904,0.057460,0.131779,0.301681,0.686202,1.032682,3.248230
1992-01-04,0.048660,Training,-0.188759,-0.119838,-0.086436,-0.056243,0.011001,0.029739,0.087215,0.221542,0.509689,0.786883,2.647566
1992-01-05,0.048660,Training,-0.190650,-0.121619,-0.090576,-0.060992,0.004795,0.023961,0.078726,0.214126,0.496329,0.769203,2.613000
1992-01-06,0.048660,Training,-0.176159,-0.110694,-0.074903,-0.045058,0.024669,0.042433,0.103561,0.236449,0.528548,0.816931,2.700113
1992-01-07,0.048660,Training,-0.226950,-0.103422,-0.070315,-0.029096,0.044484,0.065466,0.139205,0.300784,0.715339,1.123391,3.703974
1992-01-08,0.064879,Training,-0.324536,-0.149399,-0.125840,-0.045415,0.052400,0.125760,0.260173,0.552553,1.348552,2.132862,7.113165
1992-01-09,0.097319,Training,-0.407462,-0.251496,-0.202007,-0.078526,0.050589,0.147886,0.353752,0.800171,2.185482,3.450946,10.638531
1992-01-10,0.113539,Training,-0.319426,-0.212299,-0.170925,-0.077735,0.021448,0.135760,0.291063,0.691270,1.669793,2.450138,7.058409
1992-01-11,0.097319,Training,-0.300336,-0.186090,-0.159692,-0.098174,-0.022334,0.068919,0.171410,0.474209,1.150998,1.696241,5.098605
1992-01-12,0.097319,Training,-0.299040,-0.177855,-0.152919,-0.096582,-0.025515,0.053074,0.138843,0.410194,1.012467,1.502324,4.607460
1992-01-13,0.097319,Training,-0.435210,-0.245051,-0.191006,-0.097484,0.011049,0.101927,0.252400,0.625918,1.693381,2.560680,7.796375
1992-01-14,0.145979,Training,-0.733200,-0.540466,-0.444790,-0.183787,0.098199,0.389834,0.788440,2.222178,6.713465,11.926440,32.731133
1992-01-15,0.178419,Training,-0.526699,-0.314092,-0.164739,0.127853,0.412871,0.779228,1.224176,2.686770,6.452938,10.287169,23.765081
1992-01-16,0.145979,Training,-0.388065,-0.198771,-0.098508,0.051366,0.195857,0.418897,0.669504,1.401153,3.140533,4.646645,11.486012
1992-01-17,0.129759,Training,-0.313207,-0.149250,-0.076470,0.024243,0.124752,0.278489,0.453389,0.942099,2.049538,2.916304,7.544960
1992-01-18,0.113539,Training,-0.269754,-0.117607,-0.053890,0.022039,0.105375,0.243651,0.386524,0.792346,1.679340,2.387184,6.271493
1992-01-19,0.113539,Training,-0.255481,-0.103228,-0.046505,0.020042,0.094782,0.230410,0.359312,0.743831,1.552353,2.209359,5.840284
1992-01-20,0.097319,Training,-0.265885,-0.123603,-0.094291,-0.040207,0.022382,0.152764,0.255193,0.611830,1.313563,1.935649,5.282696
1992-01-21,0.097319,Training,-0.268808,-0.133764,-0.106056,-0.052871,0.010504,0.136724,0.237937,0.586107,1.279171,1.894938,5.182411
1992-01-22,0.097319,Training,-0.275752,-0.152176,-0.128278,-0.075845,-0.011047,0.109401,0.209168,0.546100,1.231007,1.846457,5.084813
1992-01-23,0.097319,Training,-0.290632,-0.212847,-0.194392,-0.144455,-0.067506,0.031098,0.127601,0.438892,1.087244,1.694483,4.762483
1992-01-24,0.097319,Training,-0.293621,-0.184727,-0.162461,-0.107441,-0.037571,0.075299,0.176466,0.508309,1.199494,1.821194,5.038477
1992-01-25,0.081099,Training,-0.304739,-0.152599,-0.091186,-0.005819,0.082110,0.223865,0.363863,0.790780,1.688175,2.405236,6.124325
1992-01-26,0.081099,Training,-0.272739,-0.145681,-0.077616,0.000199,0.090363,0.204437,0.347214,0.712423,1.517498,2.165578,5.577173
1992-01-27,0.081099,Training,-0.233036,-0.138234,-0.090826,-0.041699,0.033547,0.115211,0.220392,0.491432,1.082952,1.569670,4.383465
1992-01-28,0.064879,Training,-0.216676,-0.134245,-0.100689,-0.062873,0.004738,0.063523,0.142035,0.355591,0.819293,1.217074,3.669041
1992-01-29,0.064879,Training,-0.178341,-0.108714,-0.069004,-0.031447,0.041376,0.097595,0.186295,0.392966,0.856328,1.290233,3.758611
1992-01-30,0.064879,Training,-0.177299,-0.109897,-0.068555,-0.033101,0.039418,0.094705,0.183224,0.384702,0.833681,1.255881,3.639796
1992-01-31,0.048660,Training,-0.190999,-0.116577,-0.069536,-0.031140,0.042987,0.100143,0.194783,0.406601,0.866757,1.288134,3.663249
1992-02-01,0.048660,Training,-0.165128,-0.103722,-0.062192,-0.031880,0.039652,0.083418,0.164315,0.341682,0.721580,1.095856,3.225242
1992-02-02,0.048660,Training,-0.132364,-0.081937,-0.050678,-0.025292,0.042444,0.074903,0.139783,0.286895,0.603397,0.942317,2.898963
1992-02-03,0.048660,Training,-0.133379,-0.083236,-0.051207,-0.026833,0.040880,0.070939,0.135051,0.277357,0.587617,0.916714,2.835722
1992-02-04,0.048660,Training,-0.126998,-0.078005,-0.047829,-0.024206,0.042320,0.071927,0.135011,0.275790,0.579549,0.909905,2.815936
1992-02-05,0.048660,Training,-0.115095,-0.067374,-0.041209,-0.018765,0.045616,0.076585,0.138737,0.279383,0.576834,0.913506,2.825238
1992-02-06,0.048660,Training,-0.110484,-0.063298,-0.038591,-0.017099,0.046351,0.077020,0.138753,0.277419,0.570775,0.906324,2.807876
1992-02-07,0.048660,Training,-0.103028,-0.056495,-0.034223,-0.014165,0.048042,0.079049,0.140511,0.277465,0.566955,0.901453,2.802542
1992-02-08,0.048660,Training,-0.116675,-0.068898,-0.041302,-0.020229,0.044759,0.072685,0.135553,0.271405,0.565667,0.895217,2.765326
1992-02-09,0.048660,Training,-0.123829,-0.065837,-0.038873,-0.015821,0.049277,0.077886,0.142481,0.282866,0.596650,0.940721,2.900357
1992-02-10,0.048660,Training,-0.103169,-0.052766,-0.031323,-0.011416,0.052196,0.085541,0.151163,0.293262,0.598645,0.946777,2.905864
1992-02-11,0.048660,Training,-0.112184,-0.062995,-0.037753,-0.016918,0.049030,0.080622,0.147763,0.289767,0.597394,0.944607,2.867779
1992-02-12,0.048660,Training,-0.361380,-0.162580,-0.114926,-0.032218,0.081873,0.146550,0.282850,0.576025,1.356563,2.088507,6.268850
1992-02-13,0.048660,Training,-0.167480,-0.110736,-0.072280,-0.020259,0.069404,0.145480,0.265213,0.514923,1.105769,1.689140,4.594277
1992-02-14,0.048660,Training,-0.168978,-0.096451,-0.058054,-0.013706,0.068673,0.153393,0.268825,0.516051,1.098489,1.667515,4.532347
1992-02-15,0.048660,Training,-0.154132,-0.081197,-0.049506,-0.013261,0.061361,0.129201,0.231341,0.449635,0.943189,1.430320,3.996035
1992-02-16,0.064879,Training,-0.129295,-0.057955,-0.034565,-0.008476,0.056978,0.115028,0.201480,0.386748,0.801822,1.239333,3.609130
1992-02-17,0.064879,Training,-0.167044,-0.070029,-0.039554,-0.008112,0.059110,0.106127,0.192965,0.378429,0.830583,1.292913,3.797253
1992-02-18,0.048660,Training,-0.405682,-0.199038,-0.138476,-0.044781,0.078209,0.162495,0.325306,0.679035,1.647893,2.549819,7.289653
1992-02-19,0.048660,Training,-0.423964,-0.245089,-0.197687,-0.096888,0.019030,0.133464,0.311731,0.741275,1.958534,3.053654,8.588473
1992-02-20,0.048660,Training,-0.410202,-0.228825,-0.139917,0.002987,0.148079,0.320896,0.562733,1.170545,2.884365,4.337823,10.961265
1992-02-21,0.048660,Training,-0.302889,-0.167630,-0.085269,0.019742,0.144041,0.295745,0.504084,0.998786,2.225873,3.198172,7.790140
1992-02-22,0.048660,Training,-0.250200,-0.124475,-0.053894,0.024286,0.126890,0.255634,0.425067,0.826800,1.762770,2.544250,6.304891
1992-02-23,0.048660,Training,-0.211786,-0.082236,-0.020529,0.045420,0.135479,0.256544,0.408122,0.772520,1.591322,2.307881,5.782288
1992-02-24,0.064879,Training,-0.642978,-0.387303,-0.254780,-0.030785,0.229957,0.498734,0.822018,1.807191,4.532926,7.130618,16.519829
1992-02-25,0.129759,Training,-0.415899,-0.196936,-0.055257,0.178061,0.401500,0.700310,1.041264,2.035068,4.533608,7.044018,15.155486
1992-02-26,0.113539,Training,-0.328744,-0.122156,0.003908,0.170278,0.342272,0.606400,0.889066,1.668428,3.453948,5.105332,10.961921
1992-02-27,0.097319,Training,-0.269267,-0.068089,0.030992,0.163751,0.295825,0.503587,0.735397,1.355523,2.673054,3.876045,8.646545
1992-02-28,0.081099,Training,-0.199927,-0.020467,0.055195,0.149579,0.246122,0.422321,0.609853,1.104550,2.114481,3.065107,7.132021
1992-02-29,0.064879,Training,-0.169998,-0.001751,0.066920,0.143952,0.226431,0.386358,0.555524,0.989236,1.858653,2.689314,6.377218
1992-03-01,0.064879,Training,-0.180409,0.010741,0.083499,0.173637,0.257871,0.427963,0.602720,1.053372,1.944456,2.799419,6.578038
1992-03-02,0.064879,Training,-0.094847,0.020458,0.054093,0.086159,0.141945,0.252248,0.374587,0.653790,1.243177,1.823848,4.808826
1992-03-03,0.064879,Training,-0.095961,0.006334,0.040034,0.068954,0.126615,0.225057,0.342207,0.601348,1.145784,1.688663,4.458992
1992-03-04,0.081099,Training,-0.105955,-0.007680,0.027533,0.056826,0.116924,0.206593,0.320609,0.568686,1.092683,1.618124,4.274961
1992-03-05,0.081099,Training,-0.095356,-0.004182,0.025536,0.050291,0.108485,0.194140,0.303617,0.534934,1.023058,1.519676,4.087683
1992-03-06,0.081099,Training,-0.094021,-0.003977,0.023240,0.047604,0.103861,0.189764,0.297459,0.521161,0.991924,1.476237,4.001941
1992-03-07,0.081099,Training,-0.110028,-0.016334,0.015068,0.044737,0.103037,0.186669,0.297455,0.524212,0.991624,1.473146,3.945008
1992-03-08,0.064879,Training,-0.078817,-0.018001,-0.000298,0.012545,0.067572,0.125384,0.211418,0.378884,0.743053,1.144522,3.309735
1992-03-09,0.064879,Training,-0.064808,-0.018918,-0.004922,0.003120,0.057983,0.103007,0.177833,0.317857,0.624957,0.984547,2.957303
1992-03-10,0.064879,Training,-0.069226,-0.028823,-0.013031,-0.004800,0.053206,0.088293,0.160954,0.292189,0.581423,0.924954,2.807006
1992-03-11,0.064879,Training,-0.067761,-0.027648,-0.011940,-0.003947,0.054089,0.089142,0.162015,0.292504,0.578761,0.920293,2.793902
1992-03-12,0.064879,Training,-0.062757,-0.023203,-0.008362,-0.001153,0.055107,0.092052,0.164144,0.292760,0.572236,0.910660,2.773538
1992-03-13,0.064879,Training,-0.074360,-0.032098,-0.012926,-0.003414,0.056035,0.091143,0.166077,0.300305,0.584644,0.925923,2.773106
1992-03-14,0.064879,Training,-0.055209,-0.019489,-0.007684,-0.000330,0.057439,0.087991,0.153430,0.272526,0.533426,0.854249,2.647116
1992-03-15,0.048660,Training,-0.040733,-0.008814,-0.000873,0.005081,0.054716,0.091077,0.149991,0.259817,0.502442,0.817330,2.581807
1992-03-16,0.048660,Training,-0.038195,-0.006660,0.000522,0.007365,0.052553,0.093126,0.148026,0.253997,0.489314,0.804118,2.552617
1992-03-17,0.048660,Training,-0.039275,-0.008264,-0.000645,0.004757,0.053663,0.088690,0.146605,0.253559,0.490408,0.800223,2.541307
1992-03-18,0.032440,Training,-0.037523,-0.007561,0.000134,0.004545,0.054842,0.086220,0.144719,0.250609,0.485174,0.790522,2.520220
1992-03-19,0.032440,Training,-0.027869,0.000475,0.006201,0.012207,0.052389,0.092905,0.142105,0.239746,0.458323,0.764117,2.470303
1992-03-20,0.032440,Training,-0.026553,0.001017,0.006692,0.013356,0.051511,0.092114,0.138499,0.232622,0.445096,0.747980,2.438257
1992-03-21,0.032440,Training,-0.033911,-0.001035,0.007934,0.019689,0.053968,0.099700,0.140191,0.230684,0.437712,0.741764,2.434051
1992-03-22,0.032440,Training,-0.034952,0.000117,0.010716,0.024371,0.057097,0.103335,0.141114,0.229415,0.432569,0.734104,2.426315
1992-03-23,0.016220,Training,-0.018476,0.003363,0.007174,0.010679,0.050744,0.081236,0.128405,0.218381,0.423711,0.713700,2.372715
1992-03-24,0.016220,Training,-0.067746,-0.039315,-0.020187,-0.009562,0.047468,0.058012,0.112565,0.211962,0.437904,0.726170,2.340063
1992-03-25,0.016220,Training,-0.076010,-0.042065,-0.021386,-0.008888,0.048439,0.058072,0.112280,0.212048,0.444493,0.732404,2.366846
1992-03-26,0.016220,Training,-0.077677,-0.043620,-0.022828,-0.009551,0.048136,0.058543,0.112738,0.213346,0.447780,0.737977,2.378989
1992-03-27,0.016220,Training,-0.072604,-0.043495,-0.025655,-0.012622,0.044999,0.056892,0.111300,0.211776,0.440456,0.731131,2.350615
1992-03-28,0.016220,Training,-0.085055,-0.054540,-0.033143,-0.018400,0.041119,0.051418,0.106040,0.205461,0.435778,0.720868,2.315197
1992-03-29,0.016220,Training,-0.100109,-0.050455,-0.030645,-0.012288,0.046052,0.054546,0.109396,0.212203,0.468121,0.770631,2.489668
1992-03-30,0.016220,Training,-0.380605,-0.183481,-0.122933,-0.014549,0.108431,0.161510,0.288282,0.545330,1.302169,1.957855,5.691640
1992-03-31,0.016220,Training,-0.493121,-0.308186,-0.245319,-0.090149,0.074027,0.189107,0.447373,0.943622,2.630126,4.219199,12.079468
1992-04-01,0.016220,Training,-0.591463,-0.374147,-0.277628,-0.049367,0.198030,0.428006,0.846094,1.891045,5.349130,9.127687,24.741119
1992-04-02,0.210858,Training,-0.761602,-0.423229,-0.128382,0.711407,1.892798,3.273169,4.935163,12.643601,35.329834,61.897949,141.333130
1992-04-03,1.086731,Training,-0.730907,-0.193844,0.456015,2.011887,4.778746,7.793659,12.227587,27.940437,70.702477,121.346611,237.606369
1992-04-04,0.470376,Training,-0.683201,-0.166537,0.384125,1.470694,3.198950,4.711802,7.191143,14.601155,33.839149,53.599911,110.003685
1992-04-05,0.535256,Training,-0.394543,0.038841,0.298346,0.748815,1.250624,1.911227,2.603706,4.857583,9.437744,13.961223,26.867601
1992-04-06,0.373057,Training,-0.606061,-0.172954,0.079159,0.503177,1.008536,1.601427,2.279474,4.437733,9.542504,15.127117,31.678619
1992-04-07,0.324397,Training,-0.399145,0.014479,0.225911,0.598488,0.948087,1.435943,1.926622,3.470493,6.831657,10.265288,20.919819
1992-04-08,0.291958,Training,-0.342688,0.017424,0.200402,0.480149,0.723725,1.101101,1.455380,2.535490,4.705242,6.925628,14.005121
1992-04-09,0.275738,Training,-0.269660,0.025611,0.149167,0.345924,0.504599,0.762446,1.024535,1.724962,3.054887,4.347238,9.188490
1992-04-10,0.227078,Training,-0.237295,0.035066,0.129318,0.289966,0.410437,0.621038,0.840151,1.366070,2.360112,3.299904,7.331407
1992-04-11,0.178419,Training,-0.230671,0.014804,0.095877,0.234244,0.337645,0.509424,0.700527,1.120952,1.916745,2.662492,6.072640
1992-04-12,0.162199,Training,-0.202581,0.005037,0.067020,0.172695,0.250580,0.394127,0.555337,0.880812,1.507740,2.110984,5.061295
1992-04-13,0.129759,Training,-0.204543,-0.005405,0.044432,0.138276,0.198886,0.327845,0.466749,0.743270,1.316080,1.889120,4.743756
1992-04-14,0.097319,Training,-0.170995,-0.012375,0.029793,0.101906,0.161713,0.267929,0.397889,0.637109,1.107772,1.588616,4.047870
1992-04-15,0.081099,Training,-0.194081,-0.031112,0.015511,0.086610,0.157323,0.238643,0.369588,0.612864,1.113878,1.605102,4.108584
1992-04-16,0.064879,Training,-0.159940,-0.026191,0.014383,0.070427,0.138880,0.210779,0.333450,0.551592,0.972191,1.399909,3.640656
1992-04-17,0.048660,Training,-0.145784,-0.015222,0.019985,0.072614,0.135192,0.208566,0.326230,0.532019,0.925299,1.335752,3.540567
1992-04-18,0.032440,Training,-0.117837,-0.009081,0.013271,0.052332,0.095049,0.175091,0.268092,0.433751,0.763047,1.149486,3.213030
1992-04-19,0.016220,Training,-0.108833,-0.013522,0.006253,0.038276,0.075966,0.151841,0.229559,0.372029,0.662948,1.028445,2.988100
1992-04-20,0.016220,Training,-0.087643,-0.009695,0.006043,0.027626,0.064396,0.130336,0.198954,0.324881,0.585865,0.928552,2.797049
1992-04-21,0.016220,Training,-0.062892,-0.005038,0.003521,0.016096,0.051867,0.103802,0.156564,0.261529,0.491294,0.808736,2.587803
1992-04-22,0.016220,Training,-0.033752,0.005434,0.008192,0.012532,0.050688,0.088663,0.137323,0.233137,0.442747,0.736463,2.432247
1992-04-23,0.016220,Training,-0.029357,0.005052,0.007970,0.009733,0.053777,0.077939,0.127299,0.219380,0.417777,0.691818,2.330869
1992-04-24,0.016220,Training,-0.029714,0.006047,0.009077,0.010497,0.054191,0.078354,0.128357,0.221504,0.420924,0.695099,2.341255
1992-04-25,0.016220,Training,-0.020671,0.011216,0.012177,0.014426,0.053856,0.077466,0.119485,0.202138,0.380341,0.642138,2.222699
1992-04-26,0.016220,Training,-0.020916,0.010031,0.010646,0.014794,0.049380,0.076058,0.112762,0.188281,0.355928,0.615621,2.167229
1992-04-27,0.016220,Training,-0.023792,0.007846,0.008948,0.014634,0.047429,0.074809,0.108967,0.180749,0.343375,0.601007,2.139250
1992-04-28,0.016220,Training,-0.018927,0.010230,0.010640,0.013840,0.049288,0.070574,0.107811,0.181423,0.345877,0.598568,2.135687
1992-04-29,0.016220,Training,-0.017689,0.010972,0.011140,0.014499,0.048560,0.069367,0.105322,0.176823,0.338298,0.588841,2.117914
1992-04-30,0.016220,Training,-0.022992,0.008807,0.010078,0.017166,0.045739,0.072151,0.101933,0.166995,0.320665,0.571815,2.088930
1992-05-01,,,0.051961,0.576054,0.847096,1.147885,1.442681,2.115703,2.824157,4.883873,11.376952,16.848757,50.016701
1992-05-02,,,-0.066625,0.462802,0.787440,1.140006,1.494075,2.253944,3.066278,5.535717,13.266049,20.091928,58.349136
1992-05-03,,,,,,,,,,,,,
1992-05-04,,,,,,,,,,,,,
1992-05-05,,,,,,,,,,,,,
1992-05-06,,,,,,,,,,,,,
1992-05-07,,,,,,,,,,,,,
1992-05-08,,,,,,,,,,,,,
1992-05-09,,,,,,,,,,,,,
1992-05-10,,,,,,,,,,,,,
1992-05-11,,,,,,,,,,,,,
1992-05-12,,,,,,,,,,,,,
1992-05-13,,,,,,,,,,,,,
1992-05-14,,,,,,,,,,,,,
1992-05-15,,,,,,,,,,,,,
1992-05-16,,,,,,,,,,,,,
1992-05-17,,,,,,,,,,,,,
1992-05-18,,,,,,,,,,,,,
1992-05-19,,,,,,,,,,,,,
1992-05-20,,,,,,,,,,,,,
1992-05-21,,,,,,,,,,,,,
1992-05-22,,,,,,,,,,,,,
1992-05-23,,,,,,,,,,,,,
1992-05-24,,,,,,,,,,,,,
1992-05-25,,,,,,,,,,,,,
1992-05-26,,,,,,,,,,,,,
1992-05-27,,,,,,,,,,,,,
1992-05-28,,,,,,,,,,,,,
1992-05-29,,,,,,,,,,,,,
1992-05-30,,,,,,,,,,,,,
1992-05-31,,,,,,,,,,,,,
1992-06-01,,,,,,,,,,,,,
1992-06-02,,,,,,,,,,,,,
1992-06-03,,,,,,,,,,,,,
1992-06-04,,,,,,,,,,,,,
1992-06-05,,,,,,,,,,,,,
1992-06-06,,,,,,,,,,,,,
1992-06-07,,,,,,,,,,,,,
1992-06-08,,,,,,,,,,,,,
1992-06-09,,,,,,,,,,,,,
1992-06-10,,,,,,,,,,,,,
1992-06-11,,,,,,,,,,,,,
1992-06-12,,,,,,,,,,,,,
1992-06-13,,,,,,,,,,,,,
1992-06-14,,,,,,,,,,,,,
1992-06-15,,,,,,,,,,,,,
1992-06-16,,,,,,,,,,,,,
1992-06-17,,,,,,,,,,,,,
1992-06-18,,,,,,,,,,,,,
1992-06-19,,,,,,,,,,,,,
1992-06-20,,,,,,,,,,,,,
1992-06-21,,,,,,,,,,,,,
1992-06-22,,,,,,,,,,,,,
1992-06-23,,,,,,,,,,,,,
1992-06-24,,,,,,,,,,,,,
1992-06-25,,,,,,,,,,,,,
1992-06-26,,,,,,,,,,,,,
1992-06-27,,,,,,,,,,,,,
1992-06-28,,,,,,,,,,,,,
1992-06-29,,,,,,,,,,,,,
1992-06-30,,,,,,,,,,,,,
1992-07-01,,,,,,,,,,,,,
1992-07-02,,,,,,,,,,,,,
1992-07-03,,,,,,,,,,,,,
1992-07-04,,,,,,,,,,,,,
1992-07-05,,,,,,,,,,,,,
1992-07-06,,,,,,,,,,,,,
1992-07-07,,,,,,,,,,,,,
1992-07-08,,,,,,,,,,,,,
1992-07-09,,,,,,,,,,,,,
1992-07-10,,,,,,,,,,,,,
1992-07-11,,,,,,,,,,,,,
1992-07-12,,,,,,,,,,,,,
1992-07-13,,,,,,,,,,,,,
1992-07-14,,,,,,,,,,,,,
1992-07-15,,,,,,,,,,,,,
1992-07-16,,,,,,,,,,,,,
1992-07-17,,,,,,,,,,,,,
1992-07-18,,,,,,,,,,,,,
1992-07-19,,,,,,,,,,,,,
1992-07-20,,,,,,,,,,,,,
1992-07-21,,,,,,,,,,,,,
1992-07-22,,,,,,,,,,,,,
1992-07-23,,,,,,,,,,,,,
1992-07-24,,,,,,,,,,,,,
1992-07-25,,,,,,,,,,,,,
1992-07-26,,,,,,,,,,,,,
1992-07-27,,,,,,,,,,,,,
1992-07-28,,,,,,,,,,,,,
1992-07-29,,,,,,,,,,,,,
1992-07-30,,,,,,,,,,,,,
1992-07-31,,,,,,,,,,,,,
1992-08-01,,,,,,,,,,,,,
1992-08-02,,,,,,,,,,,,,
1992-08-03,,,,,,,,,,,,,
1992-08-04,,,,,,,,,,,,,
1992-08-05,,,,,,,,,,,,,
1992-08-06,,,,,,,,,,,,,
1992-08-07,,,,,,,,,,,,,
1992-08-08,,,,,,,,,,,,,
1992-08-09,,,,,,,,,,,,,
1992-08-10,,,,,,,,,,,,,
1992-08-11,,,,,,,,,,,,,
1992-08-12,,,,,,,,,,,,,
1992-08-13,,,,,,,,,,,,,
1992-08-14,,,,,,,,,,,,,
1992-08-15,,,,,,,,,,,,,
1992-08-16,,,,,,,,,,,,,
1992-08-17,,,,,,,,,,,,,
1992-08-18,,,,,,,,,,,,,
1992-08-19,,,,,,,,,,,,,
1992-08-20,,,,,,,,,,,,,
1992-08-21,,,,,,,,,,,,,
1992-08-22,,,,,,,,,,,,,
1992-08-23,,,,,,,,,,,,,
1992-08-24,,,,,,,,,,,,,
1992-08-25,,,,,,,,,,,,,
1992-08-26,,,,,,,,,,,,,
1992-08-27,,,,,,,,,,,,,
1992-08-28,,,,,,,,,,,,,
1992-08-29,,,,,,,,,,,,,
1992-08-30,,,,,,,,,,,,,
1992-08-31,,,,,,,,,,,,,
1992-09-01,,,,,,,,,,,,,
1992-09-02,,,,,,,,,,,,,
1992-09-03,,,,,,,,,,,,,
1992-09-04,,,,,,,,,,,,,
1992-09-05,,,,,,,,,,,,,
1992-09-06,,,,,,,,,,,,,
1992-09-07,,,,,,,,,,,,,
1992-09-08,,,,,,,,,,,,,
1992-09-09,,,,,,,,,,,,,
1992-09-10,,,,,,,,,,,,,
1992-09-11,,,,,,,,,,,,,
1992-09-12,,,,,,,,,,,,,
1992-09-13,,,,,,,,,,,,,
1992-09-14,,,,,,,,,,,,,
1992-09-15,,,,,,,,,,,,,
1992-09-16,,,,,,,,,,,,,
1992-09-17,,,,,,,,,,,,,
1992-09-18,,,,,,,,,,,,,
1992-09-19,,,,,,,,,,,,,
1992-09-20,,,,,,,,,,,,,
1992-09-21,,,,,,,,,,,,,
1992-09-22,,,,,,,,,,,,,
1992-09-23,,,,,,,,,,,,,
1992-09-24,,,,,,,,,,,,,
1992-09-25,,,,,,,,,,,,,
1992-09-26,,,,,,,,,,,,,
1992-09-27,,,,,,,,,,,,,
1992-09-28,,,,,,,,,,,,,
1992-09-29,,,,,,,,,,,,,
1992-09-30,,,,,,,,,,,,,
1992-10-01,,,,,,,,,,,,,
1992-10-02,,,,,,,,,,,,,
1992-10-03,,,,,,,,,,,,,
1992-10-04,,,,,,,,,,,,,
1992-10-05,,,,,,,,,,,,,
1992-10-06,,,,,,,,,,,,,
1992-10-07,,,,,,,,,,,,,
1992-10-08,,,,,,,,,,,,,
1992-10-09,,,,,,,,,,,,,
1992-10-10,,,,,,,,,,,,,
1992-10-11,,,,,,,,,,,,,
1992-10-12,,,,,,,,,,,,,
1992-10-13,,,,,,,,,,,,,
1992-10-14,,,,,,,,,,,,,
1992-10-15,,,,,,,,,,,,,
1992-10-16,,,,,,,,,,,,,
1992-10-17,,,,,,,,,,,,,
1992-10-18,,,,,,,,,,,,,
1992-10-19,,,,,,,,,,,,,
1992-10-20,,,,,,,,,,,,,
1992-10-21,,,,,,,,,,,,,
1992-10-22,,,,,,,,,,,,,
1992-10-23,,,,,,,,,,,,,
1992-10-24,,,,,,,,,,,,,
1992-10-25,,,,,,,,,,,,,
1992-10-26,,,,,,,,,,,,,
1992-10-27,,,,,,,,,,,,,
1992-10-28,,,,,,,,,,,,,
1992-10-29,,,,,,,,,,,,,
1992-10-30,,,,,,,,,,,,,
1992-10-31,,,,,,,,,,,,,
1992-11-01,,,,,,,,,,,,,
1992-11-02,,,,,,,,,,,,,
1992-11-03,,,,,,,,,,,,,
1992-11-04,,,,,,,,,,,,,
1992-11-05,,,,,,,,,,,,,
1992-11-06,,,,,,,,,,,,,
1992-11-07,,,,,,,,,,,,,
1992-11-08,,,,,,,,,,,,,
1992-11-09,,,,,,,,,,,,,
1992-11-10,,,,,,,,,,,,,
1992-11-11,,,,,,,,,,,,,
1992-11-12,,,,,,,,,,,,,
1992-11-13,,,,,,,,,,,,,
1992-11-14,,,,,,,,,,,,,
1992-11-15,,,,,,,,,,,,,
1992-11-16,,,,,,,,,,,,,
1992-11-17,,,,,,,,,,,,,
1992-11-18,,,,,,,,,,,,,
1992-11-19,,,,,,,,,,,,,
1992-11-20,,,,,,,,,,,,,
1992-11-21,,,,,,,,,,,,,
1992-11-22,,,,,,,,,,,,,
1992-11-23,,,,,,,,,,,,,
1992-11-24,,,,,,,,,,,,,
1992-11-25,,,,,,,,,,,,,
1992-11-26,,,,,,,,,,,,,
1992-11-27,,,,,,,,,,,,,
1992-11-28,,,,,,,,,,,,,
1992-11-29,,,,,,,,,,,,,
1992-11-30,,,,,,,,,,,,,
1992-12-01,,,,,,,,,,,,,
1992-12-02,,,,,,,,,,,,,
1992-12-03,,,,,,,,,,,,,
1992-12-04,,,,,,,,,,,,,
1992-12-05,,,,,,,,,,,,,
1992-12-06,,,,,,,,,,,,,
1992-12-07,,,,,,,,,,,,,
1992-12-08,,,,,,,,,,,,,
1992-12-09,,,,,,,,,,,,,
1992-12-10,,,,,,,,,,,,,
1992-12-11,,,,,,,,,,,,,
1992-12-12,,,,,,,,,,,,,
1992-12-13,,,,,,,,,,,,,
1992-12-14,,,,,,,,,,,,,
1992-12-15,,,,,,,,,,,,,
1992-12-16,,,,,,,,,,,,,
1992-12-17,,,,,,,,,,,,,
1992-12-18,,,,,,,,,,,,,
1992-12-19,,,,,,,,,,,,,
1992-12-20,,,,,,,,,,,,,
1992-12-21,,,,,,,,,,,,,
1992-12-22,,,,,,,,,,,,,
1992-12-23,,,,,,,,,,,,,
1992-12-24,,,,,,,,,,,,,
1992-12-25,,,,,,,,,,,,,
1992-12-26,,,,,,,,,,,,,
1992-12-27,,,,,,,,,,,,,
1992-12-28,,,,,,,,,,,,,
1992-12-29,,,,,,,,,,,,,
1992-12-30,,,,,,,,,,,,,
1992-12-31,,,,,,,,,,,,,
1993-01-01,,,,,,,,,,,,,
1993-01-02,,,,,,,,,,,,,
1993-01-03,,,,,,,,,,,,,
1993-01-04,,,,,,,,,,,,,
1993-01-05,,,,,,,,,,,,,
1993-01-06,,,,,,,,,,,,,
1993-01-07,,,,,,,,,,,,,
1993-01-08,,,,,,,,,,,,,
1993-01-09,,,,,,,,,,,,,
1993-01-10,,,,,,,,,,,,,
1993-01-11,,,,,,,,,,,,,
1993-01-12,,,,,,,,,,,,,
1993-01-13,,,,,,,,,,,,,
1993-01-14,,,,,,,,,,,,,
1993-01-15,,,,,,,,,,,,,
1993-01-16,,,,,,,,,,,,,
1993-01-17,,,,,,,,,,,,,
1993-01-18,,,,,,,,,,,,,
1993-01-19,,,,,,,,,,,,,
1993-01-20,,,,,,,,,,,,,
1993-01-21,,,,,,,,,,,,,
1993-01-22,,,,,,,,,,,,,
1993-01-23,,,,,,,,,,,,,
1993-01-24,,,,,,,,,,,,,
1993-01-25,,,,,,,,,,,,,
1993-01-26,,,,,,,,,,,,,
1993-01-27,,,,,,,,,,,,,
1993-01-28,,,,,,,,,,,,,
1993-01-29,,,,,,,,,,,,,
1993-01-30,,,,,,,,,,,,,
1993-01-31,,,,,,,,,,,,,
1993-02-01,,,,,,,,,,,,,
1993-02-02,,,,,,,,,,,,,
1993-02-03,,,,,,,,,,,,,
1993-02-04,,,,,,,,,,,,,
1993-02-05,,,,,,,,,,,,,
1993-02-06,,,,,,,,,,,,,
1993-02-07,,,,,,,,,,,,,
1993-02-08,,,,,,,,,,,,,
1993-02-09,,,,,,,,,,,,,
1993-02-10,,,,,,,,,,,,,
1993-02-11,,,,,,,,,,,,,
1993-02-12,,,,,,,,,,,,,
1993-02-13,,,,,,,,,,,,,
1993-02-14,,,,,,,,,,,,,
1993-02-15,,,,,,,,,,,,,
1993-02-16,,,,,,,,,,,,,
1993-02-17,,,,,,,,,,,,,
1993-02-18,,,,,,,,,,,,,
1993-02-19,,,,,,,,,,,,,
1993-02-20,,,,,,,,,,,,,
1993-02-21,,,,,,,,,,,,,
1993-02-22,,,,,,,,,,,,,
1993-02-23,,,,,,,,,,,,,
1993-02-24,,,,,,,,,,,,,
1993-02-25,,,,,,,,,,,,,
1993-02-26,,,,,,,,,,,,,
1993-02-27,,,,,,,,,,,,,
1993-02-28,,,,,,,,,,,,,
1993-03-01,,,,,,,,,,,,,
1993-03-02,,,,,,,,,,,,,
1993-03-03,,,,,,,,,,,,,
1993-03-04,,,,,,,,,,,,,
1993-03-05,,,,,,,,,,,,,
1993-03-06,,,,,,,,,,,,,
1993-03-07,,,,,,,,,,,,,
1993-03-08,,,,,,,,,,,,,
1993-03-09,,,,,,,,,,,,,
1993-03-10,,,,,,,,,,,,,
1993-03-11,,,,,,,,,,,,,
1993-03-12,,,,,,,,,,,,,
1993-03-13,,,,,,,,,,,,,
1993-03-14,,,,,,,,,,,,,
1993-03-15,,,,,,,,,,,,,
1993-03-16,,,,,,,,,,,,,
1993-03-17,,,,,,,,,,,,,
1993-03-18,,,,,,,,,,,,,
1993-03-19,,,,,,,,,,,,,
1993-03-20,,,,,,,,,,,,,
1993-03-21,,,,,,,,,,,,,
1993-03-22,,,,,,,,,,,,,
1993-03-23,,,,,,,,,,,,,
1993-03-24,,,,,,,,,,,,,
1993-03-25,,,,,,,,,,,,,
1993-03-26,,,,,,,,,,,,,
1993-03-27,,,,,,,,,,,,,
1993-03-28,,,,,,,,,,,,,
1993-03-29,,,,,,,,,,,,,
1993-03-30,,,,,,,,,,,,,
1993-03-31,,,,,,,,,,,,,
1993-04-01,,,,,,,,,,,,,
1993-04-02,,,,,,,,,,,,,
1993-04-03,,,,,,,,,,,,,
1993-04-04,,,,,,,,,,,,,
1993-04-05,,,,,,,,,,,,,
1993-04-06,,,,,,,,,,,,,
1993-04-07,,,,,,,,,,,,,
1993-04-08,,,,,,,,,,,,,
1993-04-09,,,,,,,,,,,,,
1993-04-10,,,,,,,,,,,,,
1993-04-11,,,,,,,,,,,,,
1993-04-12,,,,,,,,,,,,,
1993-04-13,,,,,,,,,,,,,
1993-04-14,,,,,,,,,,,,,
1993-04-15,,,,,,,,,,,,,
1993-04-16,,,,,,,,,,,,,
1993-04-17,,,,,,,,,,,,,
1993-04-18,,,,,,,,,,,,,
1993-04-19,,,,,,,,,,,,,
1993-04-20,,,,,,,,,,,,,
1993-04-21,,,,,,,,,,,,,
1993-04-22,,,,,,,,,,,,,
1993-04-23,,,,,,,,,,,,,
1993-04-24,,,,,,,,,,,,,
1993-04-25,,,,,,,,,,,,,
1993-04-26,,,,,,,,,,,,,
1993-04-27,,,,,,,,,,,,,
1993-04-28,,,,,,,,,,,,,
1993-04-29,,,,,,,,,,,,,
1993-04-30,,,,,,,,,,,,,
1993-05-01,,,,,,,,,,,,,
1993-05-02,,,,,,,,,,,,,
1993-05-03,,,,,,,,,,,,,
1993-05-04,,,,,,,,,,,,,
1993-05-05,,,,,,,,,,,,,
1993-05-06,,,,,,,,,,,,,
1993-05-07,,,,,,,,,,,,,
1993-05-08,,,,,,,,,,,,,
1993-05-09,,,,,,,,,,,,,
1993-05-10,,,,,,,,,,,,,
1993-05-11,,,,,,,,,,,,,
1993-05-12,,,,,,,,,,,,,
1993-05-13,,,,,,,,,,,,,
1993-05-14,,,,,,,,,,,,,
1993-05-15,,,,,,,,,,,,,
1993-05-16,,,,,,,,,,,,,
1993-05-17,,,,,,,,,,,,,
1993-05-18,,,,,,,,,,,,,
1993-05-19,,,,,,,,,,,,,
1993-05-20,,,,,,,,,,,,,
1993-05-21,,,,,,,,,,,,,
1993-05-22,,,,,,,,,,,,,
1993-05-23,,,,,,,,,,,,,
1993-05-24,,,,,,,,,,,,,
1993-05-25,,,,,,,,,,,,,
1993-05-26,,,,,,,,,,,,,
1993-05-27,,,,,,,,,,,,,
1993-05-28,,,,,,,,,,,,,
1993-05-29,,,,,,,,,,,,,
1993-05-30,,,,,,,,,,,,,
1993-05-31,,,,,,,,,,,,,
1993-06-01,,,,,,,,,,,,,
1993-06-02,,,,,,,,,,,,,
1993-06-03,,,,,,,,,,,,,
1993-06-04,,,,,,,,,,,,,
1993-06-05,,,,,,,,,,,,,
1993-06-06,,,,,,,,,,,,,
1993-06-07,,,,,,,,,,,,,
1993-06-08,,,,,,,,,,,,,
1993-06-09,,,,,,,,,,,,,
1993-06-10,,,,,,,,,,,,,
1993-06-11,,,,,,,,,,,,,
1993-06-12,,,,,,,,,,,,,
1993-06-13,,,,,,,,,,,,,
1993-06-14,,,,,,,,,,,,,
1993-06-15,,,,,,,,,,,,,
1993-06-16,,,,,,,,,,,,,
1993-06-17,,,,,,,,,,,,,
1993-06-18,,,,,,,,,,,,,
1993-06-19,,,,,,,,,,,,,
1993-06-20,,,,,,,,,,,,,
1993-06-21,,,,,,,,,,,,,
1993-06-22,,,,,,,,,,,,,
1993-06-23,,,,,,,,,,,,,
1993-06-24,,,,,,,,,,,,,
1993-06-25,,,,,,,,,,,,,
1993-06-26,,,,,,,,,,,,,
1993-06-27,,,,,,,,,,,,,
1993-06-28,,,,,,,,,,,,,
1993-06-29,,,,,,,,,,,,,
1993-06-30,,,,,,,,,,,,,
1993-07-01,,,,,,,,,,,,,
1993-07-02,,,,,,,,,,,,,
1993-07-03,,,,,,,,,,,,,
1993-07-04,,,,,,,,,,,,,
1993-07-05,,,,,,,,,,,,,
1993-07-06,,,,,,,,,,,,,
1993-07-07,,,,,,,,,,,,,
1993-07-08,,,,,,,,,,,,,
1993-07-09,,,,,,,,,,,,,
1993-07-10,,,,,,,,,,,,,
1993-07-11,,,,,,,,,,,,,
1993-07-12,,,,,,,,,,,,,
1993-07-13,,,,,,,,,,,,,
1993-07-14,,,,,,,,,,,,,
1993-07-15,,,,,,,,,,,,,
1993-07-16,,,,,,,,,,,,,
1993-07-17,,,,,,,,,,,,,
1993-07-18,,,,,,,,,,,,,
1993-07-19,,,,,,,,,,,,,
1993-07-20,,,,,,,,,,,,,
1993-07-21,,,,,,,,,,,,,
1993-07-22,,,,,,,,,,,,,
1993-07-23,,,,,,,,,,,,,
1993-07-24,,,,,,,,,,,,,
1993-07-25,,,,,,,,,,,,,
1993-07-26,,,,,,,,,,,,,
1993-07-27,,,,,,,,,,,,,
1993-07-28,,,,,,,,,,,,,
1993-07-29,,,,,,,,,,,,,
1993-07-30,,,,,,,,,,,,,
1993-07-31,,,,,,,,,,,,,
1993-08-01,,,,,,,,,,,,,
1993-08-02,,,,,,,,,,,,,
1993-08-03,,,,,,,,,,,,,
1993-08-04,,,,,,,,,,,,,
1993-08-05,,,,,,,,,,,,,
1993-08-06,,,,,,,,,,,,,
1993-08-07,,,,,,,,,,,,,
1993-08-08,,,,,,,,,,,,,
1993-08-09,,,,,,,,,,,,,
1993-08-10,,,,,,,,,,,,,
1993-08-11,,,,,,,,,,,,,
1993-08-12,,,,,,,,,,,,,
1993-08-13,,,,,,,,,,,,,
1993-08-14,,,,,,,,,,,,,
1993-08-15,,,,,,,,,,,,,
1993-08-16,,,,,,,,,,,,,
1993-08-17,,,,,,,,,,,,,
1993-08-18,,,,,,,,,,,,,
1993-08-19,,,,,,,,,,,,,
1993-08-20,,,,,,,,,,,,,
1993-08-21,,,,,,,,,,,,,
1993-08-22,,,,,,,,,,,,,
1993-08-23,,,,,,,,,,,,,
1993-08-24,,,,,,,,,,,,,
1993-08-25,,,,,,,,,,,,,
1993-08-26,,,,,,,,,,,,,
1993-08-27,,,,,,,,,,,,,
1993-08-28,,,,,,,,,,,,,
1993-08-29,,,,,,,,,,,,,
1993-08-30,,,,,,,,,,,,,
1993-08-31,,,,,,,,,,,,,
1993-09-01,,,,,,,,,,,,,
1993-09-02,,,,,,,,,,,,,
1993-09-03,,,,,,,,,,,,,
1993-09-04,,,,,,,,,,,,,
1993-09-05,,,,,,,,,,,,,
1993-09-06,,,,,,,,,,,,,
1993-09-07,,,,,,,,,,,,,
1993-09-08,,,,,,,,,,,,,
1993-09-09,,,,,,,,,,,,,
1993-09-10,,,,,,,,,,,,,
1993-09-11,,,,,,,,,,,,,
1993-09-12,,,,,,,,,,,,,
1993-09-13,,,,,,,,,,,,,
1993-09-14,,,,,,,,,,,,,
1993-09-15,,,,,,,,,,,,,
1993-09-16,,,,,,,,,,,,,
1993-09-17,,,,,,,,,,,,,
1993-09-18,,,,,,,,,,,,,
1993-09-19,,,,,,,,,,,,,
1993-09-20,,,,,,,,,,,,,
1993-09-21,,,,,,,,,,,,,
1993-09-22,,,,,,,,,,,,,
1993-09-23,,,,,,,,,,,,,
1993-09-24,,,,,,,,,,,,,
1993-09-25,,,,,,,,,,,,,
1993-09-26,,,,,,,,,,,,,
1993-09-27,,,,,,,,,,,,,
1993-09-28,,,,,,,,,,,,,
1993-09-29,,,,,,,,,,,,,
1993-09-30,,,,,,,,,,,,,
1993-10-01,,,,,,,,,,,,,
1993-10-02,,,,,,,,,,,,,
1993-10-03,,,,,,,,,,,,,
1993-10-04,,,,,,,,,,,,,
1993-10-05,,,,,,,,,,,,,
1993-10-06,,,,,,,,,,,,,
1993-10-07,,,,,,,,,,,,,
1993-10-08,,,,,,,,,,,,,
1993-10-09,,,,,,,,,,,,,
1993-10-10,,,,,,,,,,,,,
1993-10-11,,,,,,,,,,,,,
1993-10-12,,,,,,,,,,,,,
1993-10-13,,,,,,,,,,,,,
1993-10-14,,,,,,,,,,,,,
1993-10-15,,,,,,,,,,,,,
1993-10-16,,,,,,,,,,,,,
1993-10-17,,,,,,,,,,,,,
1993-10-18,,,,,,,,,,,,,
1993-10-19,,,,,,,,,,,,,
1993-10-20,,,,,,,,,,,,,
1993-10-21,,,,,,,,,,,,,
1993-10-22,,,,,,,,,,,,,
1993-10-23,,,,,,,,,,,,,
1993-10-24,,,,,,,,,,,,,
1993-10-25,,,,,,,,,,,,,
1993-10-26,,,,,,,,,,,,,
1993-10-27,,,,,,,,,,,,,
1993-10-28,,,,,,,,,,,,,
1993-10-29,,,,,,,,,,,,,
1993-10-30,,,,,,,,,,,,,
1993-10-31,,,,,,,,,,,,,
1993-11-01,,,,,,,,,,,,,
1993-11-02,,,,,,,,,,,,,
1993-11-03,,,,,,,,,,,,,
1993-11-04,,,,,,,,,,,,,
1993-11-05,,,,,,,,,,,,,
1993-11-06,,,,,,,,,,,,,
1993-11-07,,,,,,,,,,,,,
1993-11-08,,,,,,,,,,,,,
1993-11-09,,,,,,,,,,,,,
1993-11-10,,,,,,,,,,,,,
1993-11-11,,,,,,,,,,,,,
1993-11-12,,,,,,,,,,,,,
1993-11-13,,,,,,,,,,,,,
1993-11-14,,,,,,,,,,,,,
1993-11-15,,,,,,,,,,,,,
1993-11-16,,,,,,,,,,,,,
1993-11-17,,,,,,,,,,,,,
1993-11-18,,,,,,,,,,,,,
1993-11-19,,,,,,,,,,,,,
1993-11-20,,,,,,,,,,,,,
1993-11-21,,,,,,,,,,,,,
1993-11-22,,,,,,,,,,,,,
1993-11-23,,,,,,,,,,,,,
1993-11-24,,,,,,,,,,,,,
1993-11-25,,,,,,,,,,,,,
1993-11-26,,,,,,,,,,,,,
1993-11-27,,,,,,,,,,,,,
1993-11-28,,,,,,,,,,,,,
1993-11-29,,,,,,,,,,,,,
1993-11-30,,,,,,,,,,,,,
1993-12-01,,,,,,,,,,,,,
1993-12-02,,,,,,,,,,,,,
1993-12-03,,,,,,,,,,,,,
1993-12-04,,,,,,,,,,,,,
1993-12-05,,,,,,,,,,,,,
1993-12-06,,,,,,,,,,,,,
1993-12-07,,,,,,,,,,,,,
1993-12-08,,,,,,,,,,,,,
1993-12-09,,,,,,,,,,,,,
1993-12-10,,,,,,,,,,,,,
1993-12-11,,,,,,,,,,,,,
1993-12-12,,,,,,,,,,,,,
1993-12-13,,,,,,,,,,,,,
1993-12-14,,,,,,,,,,,,,
1993-12-15,,,,,,,,,,,,,
1993-12-16,,,,,,,,,,,,,
1993-12-17,,,,,,,,,,,,,
1993-12-18,,,,,,,,,,,,,
1993-12-19,,,,,,,,,,,,,
1993-12-20,,,,,,,,,,,,,
1993-12-21,,,,,,,,,,,,,
1993-12-22,,,,,,,,,,,,,
1993-12-23,,,,,,,,,,,,,
1993-12-24,,,,,,,,,,,,,
1993-12-25,,,,,,,,,,,,,
1993-12-26,,,,,,,,,,,,,
1993-12-27,,,,,,,,,,,,,
1993-12-28,,,,,,,,,,,,,
1993-12-29,,,,,,,,,,,,,
1993-12-30,,,,,,,,,,,,,
1993-12-31,,,,,,,,,,,,,
1994-01-01,,,,,,,,,,,,,
1994-01-02,,,,,,,,,,,,,
1994-01-03,,,,,,,,,,,,,
1994-01-04,,,,,,,,,,,,,
1994-01-05,,,,,,,,,,,,,
1994-01-06,,,,,,,,,,,,,
1994-01-07,,,,,,,,,,,,,
1994-01-08,,,,,,,,,,,,,
1994-01-09,,,,,,,,,,,,,
1994-01-10,,,,,,,,,,,,,
1994-01-11,,,,,,,,,,,,,
1994-01-12,,,,,,,,,,,,,
1994-01-13,,,,,,,,,,,,,
1994-01-14,,,,,,,,,,,,,
1994-01-15,,,,,,,,,,,,,
1994-01-16,,,,,,,,,,,,,
1994-01-17,,,,,,,,,,,,,
1994-01-18,,,,,,,,,,,,,
1994-01-19,,,,,,,,,,,,,
1994-01-20,,,,,,,,,,,,,
1994-01-21,,,,,,,,,,,,,
1994-01-22,,,,,,,,,,,,,
1994-01-23,,,,,,,,,,,,,
1994-01-24,,,,,,,,,,,,,
1994-01-25,,,,,,,,,,,,,
1994-01-26,,,,,,,,,,,,,
1994-01-27,,,,,,,,,,,,,
1994-01-28,,,,,,,,,,,,,
1994-01-29,,,,,,,,,,,,,
1994-01-30,,,,,,,,,,,,,
1994-01-31,,,,,,,,,,,,,
1994-02-01,,,,,,,,,,,,,
1994-02-02,,,,,,,,,,,,,
1994-02-03,,,,,,,,,,,,,
1994-02-04,,,,,,,,,,,,,
1994-02-05,,,,,,,,,,,,,
1994-02-06,,,,,,,,,,,,,
1994-02-07,,,,,,,,,,,,,
1994-02-08,,,,,,,,,,,,,
1994-02-09,,,,,,,,,,,,,
1994-02-10,,,,,,,,,,,,,
1994-02-11,,,,,,,,,,,,,
1994-02-12,,,,,,,,,,,,,
1994-02-13,,,,,,,,,,,,,
1994-02-14,,,,,,,,,,,,,
1994-02-15,,,,,,,,,,,,,
1994-02-16,,,,,,,,,,,,,
1994-02-17,,,,,,,,,,,,,
1994-02-18,,,,,,,,,,,,,
1994-02-19,,,,,,,,,,,,,
1994-02-20,,,,,,,,,,,,,
1994-02-21,,,,,,,,,,,,,
1994-02-22,,,,,,,,,,,,,
1994-02-23,,,,,,,,,,,,,
1994-02-24,,,,,,,,,,,,,
1994-02-25,,,,,,,,,,,,,
1994-02-26,,,,,,,,,,,,,
1994-02-27,,,,,,,,,,,,,
1994-02-28,,,,,,,,,,,,,
1994-03-01,,,,,,,,,,,,,
1994-03-02,,,,,,,,,,,,,
1994-03-03,,,,,,,,,,,,,
1994-03-04,,,,,,,,,,,,,
1994-03-05,,,,,,,,,,,,,
1994-03-06,,,,,,,,,,,,,
1994-03-07,,,,,,,,,,,,,
1994-03-08,,,,,,,,,,,,,
1994-03-09,,,,,,,,,,,,,
1994-03-10,,,,,,,,,,,,,
1994-03-11,,,,,,,,,,,,,
1994-03-12,,,,,,,,,,,,,
1994-03-13,,,,,,,,,,,,,
1994-03-14,,,,,,,,,,,,,
1994-03-15,,,,,,,,,,,,,
1994-03-16,,,,,,,,,,,,,
1994-03-17,,,,,,,,,,,,,
1994-03-18,,,,,,,,,,,,,
1994-03-19,,,,,,,,,,,,,
1994-03-20,,,,,,,,,,,,,
1994-03-21,,,,,,,,,,,,,
1994-03-22,,,,,,,,,,,,,
1994-03-23,,,,,,,,,,,,,
1994-03-24,,,,,,,,,,,,,
1994-03-25,,,,,,,,,,,,,
1994-03-26,,,,,,,,,,,,,
1994-03-27,,,,,,,,,,,,,
1994-03-28,,,,,,,,,,,,,
1994-03-29,,,,,,,,,,,,,
1994-03-30,,,,,,,,,,,,,
1994-03-31,,,,,,,,,,,,,
1994-04-01,,,,,,,,,,,,,
1994-04-02,,,,,,,,,,,,,
1994-04-03,,,,,,,,,,,,,
1994-04-04,,,,,,,,,,,,,
1994-04-05,,,,,,,,,,,,,
1994-04-06,,,,,,,,,,,,,
1994-04-07,,,,,,,,,,,,,
1994-04-08,,,,,,,,,,,,,
1994-04-09,,,,,,,,,,,,,
1994-04-10,,,,,,,,,,,,,
1994-04-11,,,,,,,,,,,,,
1994-04-12,,,,,,,,,,,,,
1994-04-13,,,,,,,,,,,,,
1994-04-14,,,,,,,,,,,,,
1994-04-15,,,,,,,,,,,,,
1994-04-16,,,,,,,,,,,,,
1994-04-17,,,,,,,,,,,,,
1994-04-18,,,,,,,,,,,,,
1994-04-19,,,,,,,,,,,,,
1994-04-20,,,,,,,,,,,,,
1994-04-21,,,,,,,,,,,,,
1994-04-22,,,,,,,,,,,,,
1994-04-23,,,,,,,,,,,,,
1994-04-24,,,,,,,,,,,,,
1994-04-25,,,,,,,,,,,,,
1994-04-26,,,,,,,,,,,,,
1994-04-27,,,,,,,,,,,,,
1994-04-28,,,,,,,,,,,,,
1994-04-29,,,,,,,,,,,,,
1994-04-30,,,,,,,,,,,,,
1994-05-01,,,,,,,,,,,,,
1994-05-02,,,,,,,,,,,,,
1994-05-03,,,,,,,,,,,,,
1994-05-04,,,,,,,,,,,,,
1994-05-05,,,,,,,,,,,,,
1994-05-06,,,,,,,,,,,,,
1994-05-07,,,,,,,,,,,,,
1994-05-08,,,,,,,,,,,,,
1994-05-09,,,,,,,,,,,,,
1994-05-10,,,,,,,,,,,,,
1994-05-11,,,,,,,,,,,,,
1994-05-12,,,,,,,,,,,,,
1994-05-13,,,,,,,,,,,,,
1994-05-14,,,,,,,,,,,,,
1994-05-15,,,,,,,,,,,,,
1994-05-16,,,,,,,,,,,,,
1994-05-17,,,,,,,,,,,,,
1994-05-18,,,,,,,,,,,,,
1994-05-19,,,,,,,,,,,,,
1994-05-20,,,,,,,,,,,,,
1994-05-21,,,,,,,,,,,,,
1994-05-22,,,,,,,,,,,,,
1994-05-23,,,,,,,,,,,,,
1994-05-24,,,,,,,,,,,,,
1994-05-25,,,,,,,,,,,,,
1994-05-26,,,,,,,,,,,,,
1994-05-27,,,,,,,,,,,,,
1994-05-28,,,,,,,,,,,,,
1994-05-29,,,,,,,,,,,,,
1994-05-30,,,,,,,,,,,,,
1994-05-31,,,,,,,,,,,,,
1994-06-01,,,,,,,,,,,,,
1994-06-02,,,,,,,,,,,,,
1994-06-03,,,,,,,,,,,,,
1994-06-04,,,,,,,,,,,,,
1994-06-05,,,,,,,,,,,,,
1994-06-06,,,,,,,,,,,,,
1994-06-07,,,,,,,,,,,,,
1994-06-08,,,,,,,,,,,,,
1994-06-09,,,,,,,,,,,,,
1994-06-10,,,,,,,,,,,,,
1994-06-11,,,,,,,,,,,,,
1994-06-12,,,,,,,,,,,,,
1994-06-13,,,,,,,,,,,,,
1994-06-14,,,,,,,,,,,,,
1994-06-15,,,,,,,,,,,,,
1994-06-16,,,,,,,,,,,,,
1994-06-17,,,,,,,,,,,,,
1994-06-18,,,,,,,,,,,,,
1994-06-19,,,,,,,,,,,,,
1994-06-20,,,,,,,,,,,,,
1994-06-21,,,,,,,,,,,,,
1994-06-22,,,,,,,,,,,,,
1994-06-23,,,,,,,,,,,,,
1994-06-24,,,,,,,,,,,,,
1994-06-25,,,,,,,,,,,,,
1994-06-26,,,,,,,,,,,,,
1994-06-27,,,,,,,,,,,,,
1994-06-28,,,,,,,,,,,,,
1994-06-29,,,,,,,,,,,,,
1994-06-30,,,,,,,,,,,,,
1994-07-01,,,,,,,,,,,,,
1994-07-02,,,,,,,,,,,,,
1994-07-03,,,,,,,,,,,,,
1994-07-04,,,,,,,,,,,,,
1994-07-05,,,,,,,,,,,,,
1994-07-06,,,,,,,,,,,,,
1994-07-07,,,,,,,,,,,,,
1994-07-08,,,,,,,,,,,,,
1994-07-09,,,,,,,,,,,,,
1994-07-10,,,,,,,,,,,,,
1994-07-11,,,,,,,,,,,,,
1994-07-12,,,,,,,,,,,,,
1994-07-13,,,,,,,,,,,,,
1994-07-14,,,,,,,,,,,,,
1994-07-15,,,,,,,,,,,,,
1994-07-16,,,,,,,,,,,,,
1994-07-17,,,,,,,,,,,,,
1994-07-18,,,,,,,,,,,,,
1994-07-19,,,,,,,,,,,,,
1994-07-20,,,,,,,,,,,,,
1994-07-21,,,,,,,,,,,,,
1994-07-22,,,,,,,,,,,,,
1994-07-23,,,,,,,,,,,,,
1994-07-24,,,,,,,,,,,,,
1994-07-25,,,,,,,,,,,,,
1994-07-26,,,,,,,,,,,,,
1994-07-27,,,,,,,,,,,,,
1994-07-28,,,,,,,,,,,,,
1994-07-29,,,,,,,,,,,,,
1994-07-30,,,,,,,,,,,,,
1994-07-31,,,,,,,,,,,,,
1994-08-01,,,,,,,,,,,,,
1994-08-02,,,,,,,,,,,,,
1994-08-03,,,,,,,,,,,,,
1994-08-04,,,,,,,,,,,,,
1994-08-05,,,,,,,,,,,,,
1994-08-06,,,,,,,,,,,,,
1994-08-07,,,,,,,,,,,,,
1994-08-08,,,,,,,,,,,,,
1994-08-09,,,,,,,,,,,,,
1994-08-10,,,,,,,,,,,,,
1994-08-11,,,,,,,,,,,,,
1994-08-12,,,,,,,,,,,,,
1994-08-13,,,,,,,,,,,,,
1994-08-14,,,,,,,,,,,,,
1994-08-15,,,,,,,,,,,,,
1994-08-16,,,,,,,,,,,,,
1994-08-17,,,,,,,,,,,,,
1994-08-18,,,,,,,,,,,,,
1994-08-19,,,,,,,,,,,,,
1994-08-20,,,,,,,,,,,,,
1994-08-21,,,,,,,,,,,,,
1994-08-22,,,,,,,,,,,,,
1994-08-23,,,,,,,,,,,,,
1994-08-24,,,,,,,,,,,,,
1994-08-25,,,,,,,,,,,,,
1994-08-26,,,,,,,,,,,,,
1994-08-27,,,,,,,,,,,,,
1994-08-28,,,,,,,,,,,,,
1994-08-29,,,,,,,,,,,,,
1994-08-30,,,,,,,,,,,,,
1994-08-31,,,,,,,,,,,,,
1994-09-01,,,,,,,,,,,,,
1994-09-02,,,,,,,,,,,,,
1994-09-03,,,,,,,,,,,,,
1994-09-04,,,,,,,,,,,,,
1994-09-05,,,,,,,,,,,,,
1994-09-06,,,,,,,,,,,,,
1994-09-07,,,,,,,,,,,,,
1994-09-08,,,,,,,,,,,,,
1994-09-09,,,,,,,,,,,,,
1994-09-10,,,,,,,,,,,,,
1994-09-11,,,,,,,,,,,,,
1994-09-12,,,,,,,,,,,,,
1994-09-13,,,,,,,,,,,,,
1994-09-14,,,,,,,,,,,,,
1994-09-15,,,,,,,,,,,,,
1994-09-16,,,,,,,,,,,,,
1994-09-17,,,,,,,,,,,,,
1994-09-18,,,,,,,,,,,,,
1994-09-19,,,,,,,,,,,,,
1994-09-20,,,,,,,,,,,,,
1994-09-21,,,,,,,,,,,,,
1994-09-22,,,,,,,,,,,,,
1994-09-23,,,,,,,,,,,,,
1994-09-24,,,,,,,,,,,,,
1994-09-25,,,,,,,,,,,,,
1994-09-26,,,,,,,,,,,,,
1994-09-27,,,,,,,,,,,,,
1994-09-28,,,,,,,,,,,,,
1994-09-29,,,,,,,,,,,,,
1994-09-30,,,,,,,,,,,,,
1994-10-01,,,,,,,,,,,,,
1994-10-02,,,,,,,,,,,,,
1994-10-03,,,,,,,,,,,,,
1994-10-04,,,,,,,,,,,,,
1994-10-05,,,,,,,,,,,,,
1994-10-06,,,,,,,,,,,,,
1994-10-07,,,,,,,,,,,,,
1994-10-08,,,,,,,,,,,,,
1994-10-09,,,,,,,,,,,,,
1994-10-10,,,,,,,,,,,,,
1994-10-11,,,,,,,,,,,,,
1994-10-12,,,,,,,,,,,,,
1994-10-13,,,,,,,,,,,,,
1994-10-14,,,,,,,,,,,,,
1994-10-15,,,,,,,,,,,,,
1994-10-16,,,,,,,,,,,,,
1994-10-17,,,,,,,,,,,,,
1994-10-18,,,,,,,,,,,,,
1994-10-19,,,,,,,,,,,,,
1994-10-20,,,,,,,,,,,,,
1994-10-21,,,,,,,,,,,,,
1994-10-22,,,,,,,,,,,,,
1994-10-23,,,,,,,,,,,,,
1994-10-24,,,,,,,,,,,,,
1994-10-25,,,,,,,,,,,,,
1994-10-26,,,,,,,,,,,,,
1994-10-27,,,,,,,,,,,,,
1994-10-28,,,,,,,,,,,,,
1994-10-29,,,,,,,,,,,,,
1994-10-30,,,,,,,,,,,,,
1994-10-31,,,,,,,,,,,,,
1994-11-01,,,,,,,,,,,,,
1994-11-02,,,,,,,,,,,,,
1994-11-03,,,,,,,,,,,,,
1994-11-04,,,,,,,,,,,,,
1994-11-05,,,,,,,,,,,,,
1994-11-06,,,,,,,,,,,,,
1994-11-07,,,,,,,,,,,,,
1994-11-08,,,,,,,,,,,,,
1994-11-09,,,,,,,,,,,,,
1994-11-10,,,,,,,,,,,,,
1994-11-11,,,,,,,,,,,,,
1994-11-12,,,,,,,,,,,,,
1994-11-13,,,,,,,,,,,,,
1994-11-14,,,,,,,,,,,,,
1994-11-15,,,,,,,,,,,,,
1994-11-16,,,,,,,,,,,,,
1994-11-17,,,,,,,,,,,,,
1994-11-18,,,,,,,,,,,,,
1994-11-19,,,,,,,,,,,,,
1994-11-20,,,,,,,,,,,,,
1994-11-21,,,,,,,,,,,,,
1994-11-22,,,,,,,,,,,,,
1994-11-23,,,,,,,,,,,,,
1994-11-24,,,,,,,,,,,,,
1994-11-25,,,,,,,,,,,,,
1994-11-26,,,,,,,,,,,,,
1994-11-27,,,,,,,,,,,,,
1994-11-28,,,,,,,,,,,,,
1994-11-29,,,,,,,,,,,,,
1994-11-30,,,,,,,,,,,,,
1994-12-01,,,,,,,,,,,,,
1994-12-02,,,,,,,,,,,,,
1994-12-03,,,,,,,,,,,,,
1994-12-04,,,,,,,,,,,,,
1994-12-05,,,,,,,,,,,,,
1994-12-06,,,,,,,,,,,,,
1994-12-07,,,,,,,,,,,,,
1994-12-08,,,,,,,,,,,,,
1994-12-09,,,,,,,,,,,,,
1994-12-10,,,,,,,,,,,,,
1994-12-11,,,,,,,,,,,,,
1994-12-12,,,,,,,,,,,,,
1994-12-13,,,,,,,,,,,,,
1994-12-14,,,,,,,,,,,,,
1994-12-15,,,,,,,,,,,,,
1994-12-16,,,,,,,,,,,,,
1994-12-17,,,,,,,,,,,,,
1994-12-18,,,,,,,,,,,,,
1994-12-19,,,,,,,,,,,,,
1994-12-20,,,,,,,,,,,,,
1994-12-21,,,,,,,,,,,,,
1994-12-22,,,,,,,,,,,,,
1994-12-23,,,,,,,,,,,,,
1994-12-24,,,,,,,,,,,,,
1994-12-25,,,,,,,,,,,,,
1994-12-26,,,,,,,,,,,,,
1994-12-27,,,,,,,,,,,,,
1994-12-28,,,,,,,,,,,,,
1994-12-29,,,,,,,,,,,,,
1994-12-30,,,,,,,,,,,,,
1994-12-31,,,,,,,,,,,,,
1995-01-01,,,,,,,,,,,,,
1995-01-02,,,,,,,,,,,,,
1995-01-03,,,,,,,,,,,,,
1995-01-04,,,,,,,,,,,,,
1995-01-05,,,,,,,,,,,,,
1995-01-06,,,,,,,,,,,,,
1995-01-07,,,,,,,,,,,,,
1995-01-08,,,,,,,,,,,,,
1995-01-09,,,,,,,,,,,,,
1995-01-10,,,,,,,,,,,,,
1995-01-11,,,,,,,,,,,,,
1995-01-12,,,,,,,,,,,,,
1995-01-13,,,,,,,,,,,,,
1995-01-14,,,,,,,,,,,,,
1995-01-15,,,,,,,,,,,,,
1995-01-16,,,,,,,,,,,,,
1995-01-17,,,,,,,,,,,,,
1995-01-18,,,,,,,,,,,,,
1995-01-19,,,,,,,,,,,,,
1995-01-20,,,,,,,,,,,,,
1995-01-21,,,,,,,,,,,,,
1995-01-22,,,,,,,,,,,,,
1995-01-23,,,,,,,,,,,,,
1995-01-24,,,,,,,,,,,,,
1995-01-25,,,,,,,,,,,,,
1995-01-26,,,,,,,,,,,,,
1995-01-27,,,,,,,,,,,,,
1995-01-28,,,,,,,,,,,,,
1995-01-29,,,,,,,,,,,,,
1995-01-30,,,,,,,,,,,,,
1995-01-31,,,,,,,,,,,,,
1995-02-01,,,,,,,,,,,,,
1995-02-02,,,,,,,,,,,,,
1995-02-03,,,,,,,,,,,,,
1995-02-04,,,,,,,,,,,,,
1995-02-05,,,,,,,,,,,,,
1995-02-06,,,,,,,,,,,,,
1995-02-07,,,,,,,,,,,,,
1995-02-08,,,,,,,,,,,,,
1995-02-09,,,,,,,,,,,,,
1995-02-10,,,,,,,,,,,,,
1995-02-11,,,,,,,,,,,,,
1995-02-12,,,,,,,,,,,,,
1995-02-13,,,,,,,,,,,,,
1995-02-14,,,,,,,,,,,,,
1995-02-15,,,,,,,,,,,,,
1995-02-16,,,,,,,,,,,,,
1995-02-17,,,,,,,,,,,,,
1995-02-18,,,,,,,,,,,,,
1995-02-19,,,,,,,,,,,,,
1995-02-20,,,,,,,,,,,,,
1995-02-21,,,,,,,,,,,,,
1995-02-22,,,,,,,,,,,,,
1995-02-23,,,,,,,,,,,,,
1995-02-24,,,,,,,,,,,,,
1995-02-25,,,,,,,,,,,,,
1995-02-26,,,,,,,,,,,,,
1995-02-27,,,,,,,,,,,,,
1995-02-28,,,,,,,,,,,,,
1995-03-01,,,,,,,,,,,,,
1995-03-02,,,,,,,,,,,,,
1995-03-03,,,,,,,,,,,,,
1995-03-04,,,,,,,,,,,,,
1995-03-05,,,,,,,,,,,,,
1995-03-06,,,,,,,,,,,,,
1995-03-07,,,,,,,,,,,,,
1995-03-08,,,,,,,,,,,,,
1995-03-09,,,,,,,,,,,,,
1995-03-10,,,,,,,,,,,,,
1995-03-11,,,,,,,,,,,,,
1995-03-12,,,,,,,,,,,,,
1995-03-13,,,,,,,,,,,,,
1995-03-14,,,,,,,,,,,,,
1995-03-15,,,,,,,,,,,,,
1995-03-16,,,,,,,,,,,,,
1995-03-17,,,,,,,,,,,,,
1995-03-18,,,,,,,,,,,,,
1995-03-19,,,,,,,,,,,,,
1995-03-20,,,,,,,,,,,,,
1995-03-21,,,,,,,,,,,,,
1995-03-22,,,,,,,,,,,,,
1995-03-23,,,,,,,,,,,,,
1995-03-24,,,,,,,,,,,,,
1995-03-25,,,,,,,,,,,,,
1995-03-26,,,,,,,,,,,,,
1995-03-27,,,,,,,,,,,,,
1995-03-28,,,,,,,,,,,,,
1995-03-29,,,,,,,,,,,,,
1995-03-30,,,,,,,,,,,,,
1995-03-31,,,,,,,,,,,,,
1995-04-01,,,,,,,,,,,,,
1995-04-02,,,,,,,,,,,,,
1995-04-03,,,,,,,,,,,,,
1995-04-04,,,,,,,,,,,,,
1995-04-05,,,,,,,,,,,,,
1995-04-06,,,,,,,,,,,,,
1995-04-07,,,,,,,,,,,,,
1995-04-08,,,,,,,,,,,,,
1995-04-09,,,,,,,,,,,,,
1995-04-10,,,,,,,,,,,,,
1995-04-11,,,,,,,,,,,,,
1995-04-12,,,,,,,,,,,,,
1995-04-13,,,,,,,,,,,,,
1995-04-14,,,,,,,,,,,,,
1995-04-15,,,,,,,,,,,,,
1995-04-16,,,,,,,,,,,,,
1995-04-17,,,,,,,,,,,,,
1995-04-18,,,,,,,,,,,,,
1995-04-19,,,,,,,,,,,,,
1995-04-20,,,,,,,,,,,,,
1995-04-21,,,,,,,,,,,,,
1995-04-22,,,,,,,,,,,,,
1995-04-23,,,,,,,,,,,,,
1995-04-24,,,,,,,,,,,,,
1995-04-25,,,,,,,,,,,,,
1995-04-26,,,,,,,,,,,,,
1995-04-27,,,,,,,,,,,,,
1995-04-28,,,,,,,,,,,,,
1995-04-29,,,,,,,,,,,,,
1995-04-30,,,,,,,,,,,,,
1995-05-01,,,,,,,,,,,,,
1995-05-02,,,,,,,,,,,,,
1995-05-03,,,,,,,,,,,,,
1995-05-04,,,,,,,,,,,,,
1995-05-05,,,,,,,,,,,,,
1995-05-06,,,,,,,,,,,,,
1995-05-07,,,,,,,,,,,,,
1995-05-08,,,,,,,,,,,,,
1995-05-09,,,,,,,,,,,,,
1995-05-10,,,,,,,,,,,,,
1995-05-11,,,,,,,,,,,,,
1995-05-12,,,,,,,,,,,,,
1995-05-13,,,,,,,,,,,,,
1995-05-14,,,,,,,,,,,,,
1995-05-15,,,,,,,,,,,,,
1995-05-16,,,,,,,,,,,,,
1995-05-17,,,,,,,,,,,,,
1995-05-18,,,,,,,,,,,,,
1995-05-19,,,,,,,,,,,,,
1995-05-20,,,,,,,,,,,,,
1995-05-21,,,,,,,,,,,,,
1995-05-22,,,,,,,,,,,,,
1995-05-23,,,,,,,,,,,,,
1995-05-24,,,,,,,,,,,,,
1995-05-25,,,,,,,,,,,,,
1995-05-26,,,,,,,,,,,,,
1995-05-27,,,,,,,,,,,,,
1995-05-28,,,,,,,,,,,,,
1995-05-29,,,,,,,,,,,,,
1995-05-30,,,,,,,,,,,,,
1995-05-31,,,,,,,,,,,,,
1995-06-01,,,,,,,,,,,,,
1995-06-02,,,,,,,,,,,,,
1995-06-03,,,,,,,,,,,,,
1995-06-04,,,,,,,,,,,,,
1995-06-05,,,,,,,,,,,,,
1995-06-06,,,,,,,,,,,,,
1995-06-07,,,,,,,,,,,,,
1995-06-08,,,,,,,,,,,,,
1995-06-09,,,,,,,,,,,,,
1995-06-10,,,,,,,,,,,,,
1995-06-11,,,,,,,,,,,,,
1995-06-12,,,,,,,,,,,,,
1995-06-13,,,,,,,,,,,,,
1995-06-14,,,,,,,,,,,,,
1995-06-15,,,,,,,,,,,,,
1995-06-16,,,,,,,,,,,,,
1995-06-17,,,,,,,,,,,,,
1995-06-18,,,,,,,,,,,,,
1995-06-19,,,,,,,,,,,,,
1995-06-20,,,,,,,,,,,,,
1995-06-21,,,,,,,,,,,,,
1995-06-22,,,,,,,,,,,,,
1995-06-23,,,,,,,,,,,,,
1995-06-24,,,,,,,,,,,,,
1995-06-25,,,,,,,,,,,,,
1995-06-26,,,,,,,,,,,,,
1995-06-27,,,,,,,,,,,,,
1995-06-28,,,,,,,,,,,,,
1995-06-29,,,,,,,,,,,,,
1995-06-30,,,,,,,,,,,,,
1995-07-01,,,,,,,,,,,,,
1995-07-02,,,,,,,,,,,,,
1995-07-03,,,,,,,,,,,,,
1995-07-04,,,,,,,,,,,,,
1995-07-05,,,,,,,,,,,,,
1995-07-06,,,,,,,,,,,,,
1995-07-07,,,,,,,,,,,,,
1995-07-08,,,,,,,,,,,,,
1995-07-09,,,,,,,,,,,,,
1995-07-10,,,,,,,,,,,,,
1995-07-11,,,,,,,,,,,,,
1995-07-12,,,,,,,,,,,,,
1995-07-13,,,,,,,,,,,,,
1995-07-14,,,,,,,,,,,,,
1995-07-15,,,,,,,,,,,,,
1995-07-16,,,,,,,,,,,,,
1995-07-17,,,,,,,,,,,,,
1995-07-18,,,,,,,,,,,,,
1995-07-19,,,,,,,,,,,,,
1995-07-20,,,,,,,,,,,,,
1995-07-21,,,,,,,,,,,,,
1995-07-22,,,,,,,,,,,,,
1995-07-23,,,,,,,,,,,,,
1995-07-24,,,,,,,,,,,,,
1995-07-25,,,,,,,,,,,,,
1995-07-26,,,,,,,,,,,,,
1995-07-27,,,,,,,,,,,,,
1995-07-28,,,,,,,,,,,,,
1995-07-29,,,,,,,,,,,,,
1995-07-30,,,,,,,,,,,,,
1995-07-31,,,,,,,,,,,,,
1995-08-01,,,,,,,,,,,,,
1995-08-02,,,,,,,,,,,,,
1995-08-03,,,,,,,,,,,,,
1995-08-04,,,,,,,,,,,,,
1995-08-05,,,,,,,,,,,,,
1995-08-06,,,,,,,,,,,,,
1995-08-07,,,,,,,,,,,,,
1995-08-08,,,,,,,,,,,,,
1995-08-09,,,,,,,,,,,,,
1995-08-10,,,,,,,,,,,,,
1995-08-11,,,,,,,,,,,,,
1995-08-12,,,,,,,,,,,,,
1995-08-13,,,,,,,,,,,,,
1995-08-14,,,,,,,,,,,,,
1995-08-15,,,,,,,,,,,,,
1995-08-16,,,,,,,,,,,,,
1995-08-17,,,,,,,,,,,,,
1995-08-18,,,,,,,,,,,,,
1995-08-19,,,,,,,,,,,,,
1995-08-20,,,,,,,,,,,,,
1995-08-21,,,,,,,,,,,,,
1995-08-22,,,,,,,,,,,,,
1995-08-23,,,,,,,,,,,,,
1995-08-24,,,,,,,,,,,,,
1995-08-25,,,,,,,,,,,,,
1995-08-26,,,,,,,,,,,,,
1995-08-27,,,,,,,,,,,,,
1995-08-28,,,,,,,,,,,,,
1995-08-29,,,,,,,,,,,,,
1995-08-30,,,,,,,,,,,,,
1995-08-31,,,,,,,,,,,,,
1995-09-01,,,,,,,,,,,,,
1995-09-02,,,,,,,,,,,,,
1995-09-03,,,,,,,,,,,,,
1995-09-04,,,,,,,,,,,,,
1995-09-05,,,,,,,,,,,,,
1995-09-06,,,,,,,,,,,,,
1995-09-07,,,,,,,,,,,,,
1995-09-08,,,,,,,,,,,,,
1995-09-09,,,,,,,,,,,,,
1995-09-10,,,,,,,,,,,,,
1995-09-11,,,,,,,,,,,,,
1995-09-12,,,,,,,,,,,,,
1995-09-13,,,,,,,,,,,,,
1995-09-14,,,,,,,,,,,,,
1995-09-15,,,,,,,,,,,,,
1995-09-16,,,,,,,,,,,,,
1995-09-17,,,,,,,,,,,,,
1995-09-18,,,,,,,,,,,,,
1995-09-19,,,,,,,,,,,,,
1995-09-20,,,,,,,,,,,,,
1995-09-21,,,,,,,,,,,,,
1995-09-22,,,,,,,,,,,,,
1995-09-23,,,,,,,,,,,,,
1995-09-24,,,,,,,,,,,,,
1995-09-25,,,,,,,,,,,,,
1995-09-26,,,,,,,,,,,,,
1995-09-27,,,,,,,,,,,,,
1995-09-28,,,,,,,,,,,,,
1995-09-29,,,,,,,,,,,,,
1995-09-30,,,,,,,,,,,,,
1995-10-01,,,,,,,,,,,,,
1995-10-02,,,,,,,,,,,,,
1995-10-03,,,,,,,,,,,,,
1995-10-04,,,,,,,,,,,,,
1995-10-05,,,,,,,,,,,,,
1995-10-06,,,,,,,,,,,,,
1995-10-07,,,,,,,,,,,,,
1995-10-08,,,,,,,,,,,,,
1995-10-09,,,,,,,,,,,,,
1995-10-10,,,,,,,,,,,,,
1995-10-11,,,,,,,,,,,,,
1995-10-12,,,,,,,,,,,,,
1995-10-13,,,,,,,,,,,,,
1995-10-14,,,,,,,,,,,,,
1995-10-15,,,,,,,,,,,,,
1995-10-16,,,,,,,,,,,,,
1995-10-17,,,,,,,,,,,,,
1995-10-18,,,,,,,,,,,,,
1995-10-19,,,,,,,,,,,,,
1995-10-20,,,,,,,,,,,,,
1995-10-21,,,,,,,,,,,,,
1995-10-22,,,,,,,,,,,,,
1995-10-23,,,,,,,,,,,,,
1995-10-24,,,,,,,,,,,,,
1995-10-25,,,,,,,,,,,,,
1995-10-26,,,,,,,,,,,,,
1995-10-27,,,,,,,,,,,,,
1995-10-28,,,,,,,,,,,,,
1995-10-29,,,,,,,,,,,,,
1995-10-30,,,,,,,,,,,,,
1995-10-31,,,,,,,,,,,,,
1995-11-01,,,,,,,,,,,,,
1995-11-02,,,,,,,,,,,,,
1995-11-03,,,,,,,,,,,,,
1995-11-04,,,,,,,,,,,,,
1995-11-05,,,,,,,,,,,,,
1995-11-06,,,,,,,,,,,,,
1995-11-07,,,,,,,,,,,,,
1995-11-08,,,,,,,,,,,,,
1995-11-09,,,,,,,,,,,,,
1995-11-10,,,,,,,,,,,,,
1995-11-11,,,,,,,,,,,,,
1995-11-12,,,,,,,,,,,,,
1995-11-13,,,,,,,,,,,,,
1995-11-14,,,,,,,,,,,,,
1995-11-15,,,,,,,,,,,,,
1995-11-16,,,,,,,,,,,,,
1995-11-17,,,,,,,,,,,,,
1995-11-18,,,,,,,,,,,,,
1995-11-19,,,,,,,,,,,,,
1995-11-20,,,,,,,,,,,,,
1995-11-21,,,,,,,,,,,,,
1995-11-22,,,,,,,,,,,,,
1995-11-23,,,,,,,,,,,,,
1995-11-24,,,,,,,,,,,,,
1995-11-25,,,,,,,,,,,,,
1995-11-26,,,,,,,,,,,,,
1995-11-27,,,,,,,,,,,,,
1995-11-28,,,,,,,,,,,,,
1995-11-29,,,,,,,,,,,,,
1995-11-30,,,,,,,,,,,,,
1995-12-01,,,,,,,,,,,,,
1995-12-02,,,,,,,,,,,,,
1995-12-03,,,,,,,,,,,,,
1995-12-04,,,,,,,,,,,,,
1995-12-05,,,,,,,,,,,,,
1995-12-06,,,,,,,,,,,,,
1995-12-07,,,,,,,,,,,,,
1995-12-08,,,,,,,,,,,,,
1995-12-09,,,,,,,,,,,,,
1995-12-10,,,,,,,,,,,,,
1995-12-11,,,,,,,,,,,,,
1995-12-12,,,,,,,,,,,,,
1995-12-13,,,,,,,,,,,,,
1995-12-14,,,,,,,,,,,,,
1995-12-15,,,,,,,,,,,,,
1995-12-16,,,,,,,,,,,,,
1995-12-17,,,,,,,,,,,,,
1995-12-18,,,,,,,,,,,,,
1995-12-19,,,,,,,,,,,,,
1995-12-20,,,,,,,,,,,,,
1995-12-21,,,,,,,,,,,,,
1995-12-22,,,,,,,,,,,,,
1995-12-23,,,,,,,,,,,,,
1995-12-24,,,,,,,,,,,,,
1995-12-25,,,,,,,,,,,,,
1995-12-26,,,,,,,,,,,,,
1995-12-27,,,,,,,,,,,,,
1995-12-28,,,,,,,,,,,,,
1995-12-29,,,,,,,,,,,,,
1995-12-30,,,,,,,,,,,,,
1995-12-31,,,,,,,,,,,,,
1996-01-01,,,,,,,,,,,,,
1996-01-02,,,,,,,,,,,,,
1996-01-03,,,,,,,,,,,,,
1996-01-04,,,,,,,,,,,,,
1996-01-05,,,,,,,,,,,,,
1996-01-06,,,,,,,,,,,,,
1996-01-07,,,,,,,,,,,,,
1996-01-08,,,,,,,,,,,,,
1996-01-09,,,,,,,,,,,,,
1996-01-10,,,,,,,,,,,,,
1996-01-11,,,,,,,,,,,,,
1996-01-12,,,,,,,,,,,,,
1996-01-13,,,,,,,,,,,,,
1996-01-14,,,,,,,,,,,,,
1996-01-15,,,,,,,,,,,,,
1996-01-16,,,,,,,,,,,,,
1996-01-17,,,,,,,,,,,,,
1996-01-18,,,,,,,,,,,,,
1996-01-19,,,,,,,,,,,,,
1996-01-20,,,,,,,,,,,,,
1996-01-21,,,,,,,,,,,,,
1996-01-22,,,,,,,,,,,,,
1996-01-23,,,,,,,,,,,,,
1996-01-24,,,,,,,,,,,,,
1996-01-25,,,,,,,,,,,,,
1996-01-26,,,,,,,,,,,,,
1996-01-27,,,,,,,,,,,,,
1996-01-28,,,,,,,,,,,,,
1996-01-29,,,,,,,,,,,,,
1996-01-30,,,,,,,,,,,,,
1996-01-31,,,,,,,,,,,,,
1996-02-01,,,,,,,,,,,,,
1996-02-02,,,,,,,,,,,,,
1996-02-03,,,,,,,,,,,,,
1996-02-04,,,,,,,,,,,,,
1996-02-05,,,,,,,,,,,,,
1996-02-06,,,,,,,,,,,,,
1996-02-07,,,,,,,,,,,,,
1996-02-08,,,,,,,,,,,,,
1996-02-09,,,,,,,,,,,,,
1996-02-10,,,,,,,,,,,,,
1996-02-11,,,,,,,,,,,,,
1996-02-12,,,,,,,,,,,,,
1996-02-13,,,,,,,,,,,,,
1996-02-14,,,,,,,,,,,,,
1996-02-15,,,,,,,,,,,,,
1996-02-16,,,,,,,,,,,,,
1996-02-17,,,,,,,,,,,,,
1996-02-18,,,,,,,,,,,,,
1996-02-19,,,,,,,,,,,,,
1996-02-20,,,,,,,,,,,,,
1996-02-21,,,,,,,,,,,,,
1996-02-22,,,,,,,,,,,,,
1996-02-23,,,,,,,,,,,,,
1996-02-24,,,,,,,,,,,,,
1996-02-25,,,,,,,,,,,,,
1996-02-26,,,,,,,,,,,,,
1996-02-27,,,,,,,,,,,,,
1996-02-28,,,,,,,,,,,,,
1996-02-29,,,,,,,,,,,,,
1996-03-01,,,,,,,,,,,,,
1996-03-02,,,,,,,,,,,,,
1996-03-03,,,,,,,,,,,,,
1996-03-04,,,,,,,,,,,,,
1996-03-05,,,,,,,,,,,,,
1996-03-06,,,,,,,,,,,,,
1996-03-07,,,,,,,,,,,,,
1996-03-08,,,,,,,,,,,,,
1996-03-09,,,,,,,,,,,,,
1996-03-10,,,,,,,,,,,,,
1996-03-11,,,,,,,,,,,,,
1996-03-12,,,,,,,,,,,,,
1996-03-13,,,,,,,,,,,,,
1996-03-14,,,,,,,,,,,,,
1996-03-15,,,,,,,,,,,,,
1996-03-16,,,,,,,,,,,,,
1996-03-17,,,,,,,,,,,,,
1996-03-18,,,,,,,,,,,,,
1996-03-19,,,,,,,,,,,,,
1996-03-20,,,,,,,,,,,,,
1996-03-21,,,,,,,,,,,,,
1996-03-22,,,,,,,,,,,,,
1996-03-23,,,,,,,,,,,,,
1996-03-24,,,,,,,,,,,,,
1996-03-25,,,,,,,,,,,,,
1996-03-26,,,,,,,,,,,,,
1996-03-27,,,,,,,,,,,,,
1996-03-28,,,,,,,,,,,,,
1996-03-29,,,,,,,,,,,,,
1996-03-30,,,,,,,,,,,,,
1996-03-31,,,,,,,,,,,,,
1996-04-01,,,,,,,,,,,,,
1996-04-02,,,,,,,,,,,,,
1996-04-03,,,,,,,,,,,,,
1996-04-04,,,,,,,,,,,,,
1996-04-05,,,,,,,,,,,,,
1996-04-06,,,,,,,,,,,,,
1996-04-07,,,,,,,,,,,,,
1996-04-08,,,,,,,,,,,,,
1996-04-09,,,,,,,,,,,,,
1996-04-10,,,,,,,,,,,,,
1996-04-11,,,,,,,,,,,,,
1996-04-12,,,,,,,,,,,,,
1996-04-13,,,,,,,,,,,,,
1996-04-14,,,,,,,,,,,,,
1996-04-15,,,,,,,,,,,,,
1996-04-16,,,,,,,,,,,,,
1996-04-17,,,,,,,,,,,,,
1996-04-18,,,,,,,,,,,,,
1996-04-19,,,,,,,,,,,,,
1996-04-20,,,,,,,,,,,,,
1996-04-21,,,,,,,,,,,,,
1996-04-22,,,,,,,,,,,,,
1996-04-23,,,,,,,,,,,,,
1996-04-24,,,,,,,,,,,,,
1996-04-25,,,,,,,,,,,,,
1996-04-26,,,,,,,,,,,,,
1996-04-27,,,,,,,,,,,,,
1996-04-28,,,,,,,,,,,,,
1996-04-29,,,,,,,,,,,,,
1996-04-30,,,,,,,,,,,,,
1996-05-01,,,,,,,,,,,,,
1996-05-02,,,,,,,,,,,,,
1996-05-03,,,,,,,,,,,,,
1996-05-04,,,,,,,,,,,,,
1996-05-05,,,,,,,,,,,,,
1996-05-06,,,,,,,,,,,,,
1996-05-07,,,,,,,,,,,,,
1996-05-08,,,,,,,,,,,,,
1996-05-09,,,,,,,,,,,,,
1996-05-10,,,,,,,,,,,,,
1996-05-11,,,,,,,,,,,,,
1996-05-12,,,,,,,,,,,,,
1996-05-13,,,,,,,,,,,,,
1996-05-14,,,,,,,,,,,,,
1996-05-15,,,,,,,,,,,,,
1996-05-16,,,,,,,,,,,,,
1996-05-17,,,,,,,,,,,,,
1996-05-18,,,,,,,,,,,,,
1996-05-19,,,,,,,,,,,,,
1996-05-20,,,,,,,,,,,,,
1996-05-21,,,,,,,,,,,,,
1996-05-22,,,,,,,,,,,,,
1996-05-23,,,,,,,,,,,,,
1996-05-24,,,,,,,,,,,,,
1996-05-25,,,,,,,,,,,,,
1996-05-26,,,,,,,,,,,,,
1996-05-27,,,,,,,,,,,,,
1996-05-28,,,,,,,,,,,,,
1996-05-29,,,,,,,,,,,,,
1996-05-30,,,,,,,,,,,,,
1996-05-31,,,,,,,,,,,,,
1996-06-01,,,,,,,,,,,,,
1996-06-02,,,,,,,,,,,,,
1996-06-03,,,,,,,,,,,,,
1996-06-04,,,,,,,,,,,,,
1996-06-05,,,,,,,,,,,,,
1996-06-06,,,,,,,,,,,,,
1996-06-07,,,,,,,,,,,,,
1996-06-08,,,,,,,,,,,,,
1996-06-09,,,,,,,,,,,,,
1996-06-10,,,,,,,,,,,,,
1996-06-11,,,,,,,,,,,,,
1996-06-12,,,,,,,,,,,,,
1996-06-13,,,,,,,,,,,,,
1996-06-14,,,,,,,,,,,,,
1996-06-15,,,,,,,,,,,,,
1996-06-16,,,,,,,,,,,,,
1996-06-17,,,,,,,,,,,,,
1996-06-18,,,,,,,,,,,,,
1996-06-19,,,,,,,,,,,,,
1996-06-20,,,,,,,,,,,,,
1996-06-21,,,,,,,,,,,,,
1996-06-22,,,,,,,,,,,,,
1996-06-23,,,,,,,,,,,,,
1996-06-24,,,,,,,,,,,,,
1996-06-25,,,,,,,,,,,,,
1996-06-26,,,,,,,,,,,,,
1996-06-27,,,,,,,,,,,,,
1996-06-28,,,,,,,,,,,,,
1996-06-29,,,,,,,,,,,,,
1996-06-30,,,,,,,,,,,,,
1996-07-01,,,,,,,,,,,,,
1996-07-02,,,,,,,,,,,,,
1996-07-03,,,,,,,,,,,,,
1996-07-04,,,,,,,,,,,,,
1996-07-05,,,,,,,,,,,,,
1996-07-06,,,,,,,,,,,,,
1996-07-07,,,,,,,,,,,,,
1996-07-08,,,,,,,,,,,,,
1996-07-09,,,,,,,,,,,,,
1996-07-10,,,,,,,,,,,,,
1996-07-11,,,,,,,,,,,,,
1996-07-12,,,,,,,,,,,,,
1996-07-13,,,,,,,,,,,,,
1996-07-14,,,,,,,,,,,,,
1996-07-15,,,,,,,,,,,,,
1996-07-16,,,,,,,,,,,,,
1996-07-17,,,,,,,,,,,,,
1996-07-18,,,,,,,,,,,,,
1996-07-19,,,,,,,,,,,,,
1996-07-20,,,,,,,,,,,,,
1996-07-21,,,,,,,,,,,,,
1996-07-22,,,,,,,,,,,,,
1996-07-23,,,,,,,,,,,,,
1996-07-24,,,,,,,,,,,,,
1996-07-25,,,,,,,,,,,,,
1996-07-26,,,,,,,,,,,,,
1996-07-27,,,,,,,,,,,,,
1996-07-28,,,,,,,,,,,,,
1996-07-29,,,,,,,,,,,,,
1996-07-30,,,,,,,,,,,,,
1996-07-31,,,,,,,,,,,,,
1996-08-01,,,,,,,,,,,,,
1996-08-02,,,,,,,,,,,,,
1996-08-03,,,,,,,,,,,,,
1996-08-04,,,,,,,,,,,,,
1996-08-05,,,,,,,,,,,,,
1996-08-06,,,,,,,,,,,,,
1996-08-07,,,,,,,,,,,,,
1996-08-08,,,,,,,,,,,,,
1996-08-09,,,,,,,,,,,,,
1996-08-10,,,,,,,,,,,,,
1996-08-11,,,,,,,,,,,,,
1996-08-12,,,,,,,,,,,,,
1996-08-13,,,,,,,,,,,,,
1996-08-14,,,,,,,,,,,,,
1996-08-15,,,,,,,,,,,,,
1996-08-16,,,,,,,,,,,,,
1996-08-17,,,,,,,,,,,,,
1996-08-18,,,,,,,,,,,,,
1996-08-19,,,,,,,,,,,,,
1996-08-20,,,,,,,,,,,,,
1996-08-21,,,,,,,,,,,,,
1996-08-22,,,,,,,,,,,,,
1996-08-23,,,,,,,,,,,,,
1996-08-24,,,,,,,,,,,,,
1996-08-25,,,,,,,,,,,,,
1996-08-26,,,,,,,,,,,,,
1996-08-27,,,,,,,,,,,,,
1996-08-28,,,,,,,,,,,,,
1996-08-29,,,,,,,,,,,,,
1996-08-30,,,,,,,,,,,,,
1996-08-31,,,,,,,,,,,,,
1996-09-01,,,,,,,,,,,,,
1996-09-02,,,,,,,,,,,,,
1996-09-03,,,,,,,,,,,,,
1996-09-04,,,,,,,,,,,,,
1996-09-05,,,,,,,,,,,,,
1996-09-06,,,,,,,,,,,,,
1996-09-07,,,,,,,,,,,,,
1996-09-08,,,,,,,,,,,,,
1996-09-09,,,,,,,,,,,,,
1996-09-10,,,,,,,,,,,,,
1996-09-11,,,,,,,,,,,,,
1996-09-12,,,,,,,,,,,,,
1996-09-13,,,,,,,,,,,,,
1996-09-14,,,,,,,,,,,,,
1996-09-15,,,,,,,,,,,,,
1996-09-16,,,,,,,,,,,,,
1996-09-17,,,,,,,,,,,,,
1996-09-18,,,,,,,,,,,,,
1996-09-19,,,,,,,,,,,,,
1996-09-20,,,,,,,,,,,,,
1996-09-21,,,,,,,,,,,,,
1996-09-22,,,,,,,,,,,,,
1996-09-23,,,,,,,,,,,,,
1996-09-24,,,,,,,,,,,,,
1996-09-25,,,,,,,,,,,,,
1996-09-26,,,,,,,,,,,,,
1996-09-27,,,,,,,,,,,,,
1996-09-28,,,,,,,,,,,,,
1996-09-29,,,,,,,,,,,,,
1996-09-30,,,,,,,,,,,,,
1996-10-01,,,,,,,,,,,,,
1996-10-02,,,,,,,,,,,,,
1996-10-03,,,,,,,,,,,,,
1996-10-04,,,,,,,,,,,,,
1996-10-05,,,,,,,,,,,,,
1996-10-06,,,,,,,,,,,,,
1996-10-07,,,,,,,,,,,,,
1996-10-08,,,,,,,,,,,,,
1996-10-09,,,,,,,,,,,,,
1996-10-10,,,,,,,,,,,,,
1996-10-11,,,,,,,,,,,,,
1996-10-12,,,,,,,,,,,,,
1996-10-13,,,,,,,,,,,,,
1996-10-14,,,,,,,,,,,,,
1996-10-15,,,,,,,,,,,,,
1996-10-16,,,,,,,,,,,,,
1996-10-17,,,,,,,,,,,,,
1996-10-18,,,,,,,,,,,,,
1996-10-19,,,,,,,,,,,,,
1996-10-20,,,,,,,,,,,,,
1996-10-21,,,,,,,,,,,,,
1996-10-22,,,,,,,,,,,,,
1996-10-23,,,,,,,,,,,,,
1996-10-24,,,,,,,,,,,,,
1996-10-25,,,,,,,,,,,,,
1996-10-26,,,,,,,,,,,,,
1996-10-27,,,,,,,,,,,,,
1996-10-28,,,,,,,,,,,,,
1996-10-29,,,,,,,,,,,,,
1996-10-30,,,,,,,,,,,,,
1996-10-31,,,,,,,,,,,,,
1996-11-01,,,,,,,,,,,,,
1996-11-02,,,,,,,,,,,,,
1996-11-03,,,,,,,,,,,,,
1996-11-04,,,,,,,,,,,,,
1996-11-05,,,,,,,,,,,,,
1996-11-06,,,,,,,,,,,,,
1996-11-07,,,,,,,,,,,,,
1996-11-08,,,,,,,,,,,,,
1996-11-09,,,,,,,,,,,,,
1996-11-10,,,,,,,,,,,,,
1996-11-11,,,,,,,,,,,,,
1996-11-12,,,,,,,,,,,,,
1996-11-13,,,,,,,,,,,,,
1996-11-14,,,,,,,,,,,,,
1996-11-15,,,,,,,,,,,,,
1996-11-16,,,,,,,,,,,,,
1996-11-17,,,,,,,,,,,,,
1996-11-18,,,,,,,,,,,,,
1996-11-19,,,,,,,,,,,,,
1996-11-20,,,,,,,,,,,,,
1996-11-21,,,,,,,,,,,,,
1996-11-22,,,,,,,,,,,,,
1996-11-23,,,,,,,,,,,,,
1996-11-24,,,,,,,,,,,,,
1996-11-25,,,,,,,,,,,,,
1996-11-26,,,,,,,,,,,,,
1996-11-27,,,,,,,,,,,,,
1996-11-28,,,,,,,,,,,,,
1996-11-29,,,,,,,,,,,,,
1996-11-30,,,,,,,,,,,,,
1996-12-01,,,,,,,,,,,,,
1996-12-02,,,,,,,,,,,,,
1996-12-03,,,,,,,,,,,,,
1996-12-04,,,,,,,,,,,,,
1996-12-05,,,,,,,,,,,,,
1996-12-06,,,,,,,,,,,,,
1996-12-07,,,,,,,,,,,,,
1996-12-08,,,,,,,,,,,,,
1996-12-09,,,,,,,,,,,,,
1996-12-10,,,,,,,,,,,,,
1996-12-11,,,,,,,,,,,,,
1996-12-12,,,,,,,,,,,,,
1996-12-13,,,,,,,,,,,,,
1996-12-14,,,,,,,,,,,,,
1996-12-15,,,,,,,,,,,,,
1996-12-16,,,,,,,,,,,,,
1996-12-17,,,,,,,,,,,,,
1996-12-18,,,,,,,,,,,,,
1996-12-19,,,,,,,,,,,,,
1996-12-20,,,,,,,,,,,,,
1996-12-21,,,,,,,,,,,,,
1996-12-22,,,,,,,,,,,,,
1996-12-23,,,,,,,,,,,,,
1996-12-24,,,,,,,,,,,,,
1996-12-25,,,,,,,,,,,,,
1996-12-26,,,,,,,,,,,,,
1996-12-27,,,,,,,,,,,,,
1996-12-28,,,,,,,,,,,,,
1996-12-29,,,,,,,,,,,,,
1996-12-30,,,,,,,,,,,,,
1996-12-31,,,,,,,,,,,,,
1997-01-01,,,,,,,,,,,,,
1997-01-02,,,,,,,,,,,,,
1997-01-03,,,,,,,,,,,,,
1997-01-04,,,,,,,,,,,,,
1997-01-05,,,,,,,,,,,,,
1997-01-06,,,,,,,,,,,,,
1997-01-07,,,,,,,,,,,,,
1997-01-08,,,,,,,,,,,,,
1997-01-09,,,,,,,,,,,,,
1997-01-10,,,,,,,,,,,,,
1997-01-11,,,,,,,,,,,,,
1997-01-12,,,,,,,,,,,,,
1997-01-13,,,,,,,,,,,,,
1997-01-14,,,,,,,,,,,,,
1997-01-15,,,,,,,,,,,,,
1997-01-16,,,,,,,,,,,,,
1997-01-17,,,,,,,,,,,,,
1997-01-18,,,,,,,,,,,,,
1997-01-19,,,,,,,,,,,,,
1997-01-20,,,,,,,,,,,,,
1997-01-21,,,,,,,,,,,,,
1997-01-22,,,,,,,,,,,,,
1997-01-23,,,,,,,,,,,,,
1997-01-24,,,,,,,,,,,,,
1997-01-25,,,,,,,,,,,,,
1997-01-26,,,,,,,,,,,,,
1997-01-27,,,,,,,,,,,,,
1997-01-28,,,,,,,,,,,,,
1997-01-29,,,,,,,,,,,,,
1997-01-30,,,,,,,,,,,,,
1997-01-31,,,,,,,,,,,,,
1997-02-01,,,,,,,,,,,,,
1997-02-02,,,,,,,,,,,,,
1997-02-03,,,,,,,,,,,,,
1997-02-04,,,,,,,,,,,,,
1997-02-05,,,,,,,,,,,,,
1997-02-06,,,,,,,,,,,,,
1997-02-07,,,,,,,,,,,,,
1997-02-08,,,,,,,,,,,,,
1997-02-09,,,,,,,,,,,,,
1997-02-10,,,,,,,,,,,,,
1997-02-11,,,,,,,,,,,,,
1997-02-12,,,,,,,,,,,,,
1997-02-13,,,,,,,,,,,,,
1997-02-14,,,,,,,,,,,,,
1997-02-15,,,,,,,,,,,,,
1997-02-16,,,,,,,,,,,,,
1997-02-17,,,,,,,,,,,,,
1997-02-18,,,,,,,,,,,,,
1997-02-19,,,,,,,,,,,,,
1997-02-20,,,,,,,,,,,,,
1997-02-21,,,,,,,,,,,,,
1997-02-22,,,,,,,,,,,,,
1997-02-23,,,,,,,,,,,,,
1997-02-24,,,,,,,,,,,,,
1997-02-25,,,,,,,,,,,,,
1997-02-26,,,,,,,,,,,,,
1997-02-27,,,,,,,,,,,,,
1997-02-28,,,,,,,,,,,,,
1997-03-01,,,,,,,,,,,,,
1997-03-02,,,,,,,,,,,,,
1997-03-03,,,,,,,,,,,,,
1997-03-04,,,,,,,,,,,,,
1997-03-05,,,,,,,,,,,,,
1997-03-06,,,,,,,,,,,,,
1997-03-07,,,,,,,,,,,,,
1997-03-08,,,,,,,,,,,,,
1997-03-09,,,,,,,,,,,,,
1997-03-10,,,,,,,,,,,,,
1997-03-11,,,,,,,,,,,,,
1997-03-12,,,,,,,,,,,,,
1997-03-13,,,,,,,,,,,,,
1997-03-14,,,,,,,,,,,,,
1997-03-15,,,,,,,,,,,,,
1997-03-16,,,,,,,,,,,,,
1997-03-17,,,,,,,,,,,,,
1997-03-18,,,,,,,,,,,,,
1997-03-19,,,,,,,,,,,,,
1997-03-20,,,,,,,,,,,,,
1997-03-21,,,,,,,,,,,,,
1997-03-22,,,,,,,,,,,,,
1997-03-23,,,,,,,,,,,,,
1997-03-24,,,,,,,,,,,,,
1997-03-25,,,,,,,,,,,,,
1997-03-26,,,,,,,,,,,,,
1997-03-27,,,,,,,,,,,,,
1997-03-28,,,,,,,,,,,,,
1997-03-29,,,,,,,,,,,,,
1997-03-30,,,,,,,,,,,,,
1997-03-31,,,,,,,,,,,,,
1997-04-01,,,,,,,,,,,,,
1997-04-02,,,,,,,,,,,,,
1997-04-03,,,,,,,,,,,,,
1997-04-04,,,,,,,,,,,,,
1997-04-05,,,,,,,,,,,,,
1997-04-06,,,,,,,,,,,,,
1997-04-07,,,,,,,,,,,,,
1997-04-08,,,,,,,,,,,,,
1997-04-09,,,,,,,,,,,,,
1997-04-10,,,,,,,,,,,,,
1997-04-11,,,,,,,,,,,,,
1997-04-12,,,,,,,,,,,,,
1997-04-13,,,,,,,,,,,,,
1997-04-14,,,,,,,,,,,,,
1997-04-15,,,,,,,,,,,,,
1997-04-16,,,,,,,,,,,,,
1997-04-17,,,,,,,,,,,,,
1997-04-18,,,,,,,,,,,,,
1997-04-19,,,,,,,,,,,,,
1997-04-20,,,,,,,,,,,,,
1997-04-21,,,,,,,,,,,,,
1997-04-22,,,,,,,,,,,,,
1997-04-23,,,,,,,,,,,,,
1997-04-24,,,,,,,,,,,,,
1997-04-25,,,,,,,,,,,,,
1997-04-26,,,,,,,,,,,,,
1997-04-27,,,,,,,,,,,,,
1997-04-28,,,,,,,,,,,,,
1997-04-29,,,,,,,,,,,,,
1997-04-30,,,,,,,,,,,,,
1997-05-01,,,,,,,,,,,,,
1997-05-02,,,,,,,,,,,,,
1997-05-03,,,,,,,,,,,,,
1997-05-04,,,,,,,,,,,,,
1997-05-05,,,,,,,,,,,,,
1997-05-06,,,,,,,,,,,,,
1997-05-07,,,,,,,,,,,,,
1997-05-08,,,,,,,,,,,,,
1997-05-09,,,,,,,,,,,,,
1997-05-10,,,,,,,,,,,,,
1997-05-11,,,,,,,,,,,,,
1997-05-12,,,,,,,,,,,,,
1997-05-13,,,,,,,,,,,,,
1997-05-14,,,,,,,,,,,,,
1997-05-15,,,,,,,,,,,,,
1997-05-16,,,,,,,,,,,,,
1997-05-17,,,,,,,,,,,,,
1997-05-18,,,,,,,,,,,,,
1997-05-19,,,,,,,,,,,,,
1997-05-20,,,,,,,,,,,,,
1997-05-21,,,,,,,,,,,,,
1997-05-22,,,,,,,,,,,,,
1997-05-23,,,,,,,,,,,,,
1997-05-24,,,,,,,,,,,,,
1997-05-25,,,,,,,,,,,,,
1997-05-26,,,,,,,,,,,,,
1997-05-27,,,,,,,,,,,,,
1997-05-28,,,,,,,,,,,,,
1997-05-29,,,,,,,,,,,,,
1997-05-30,,,,,,,,,,,,,
1997-05-31,,,,,,,,,,,,,
1997-06-01,,,,,,,,,,,,,
1997-06-02,,,,,,,,,,,,,
1997-06-03,,,,,,,,,,,,,
1997-06-04,,,,,,,,,,,,,
1997-06-05,,,,,,,,,,,,,
1997-06-06,,,,,,,,,,,,,
1997-06-07,,,,,,,,,,,,,
1997-06-08,,,,,,,,,,,,,
1997-06-09,,,,,,,,,,,,,
1997-06-10,,,,,,,,,,,,,
1997-06-11,,,,,,,,,,,,,
1997-06-12,,,,,,,,,,,,,
1997-06-13,,,,,,,,,,,,,
1997-06-14,,,,,,,,,,,,,
1997-06-15,,,,,,,,,,,,,
1997-06-16,,,,,,,,,,,,,
1997-06-17,,,,,,,,,,,,,
1997-06-18,,,,,,,,,,,,,
1997-06-19,,,,,,,,,,,,,
1997-06-20,,,,,,,,,,,,,
1997-06-21,,,,,,,,,,,,,
1997-06-22,,,,,,,,,,,,,
1997-06-23,,,,,,,,,,,,,
1997-06-24,,,,,,,,,,,,,
1997-06-25,,,,,,,,,,,,,
1997-06-26,,,,,,,,,,,,,
1997-06-27,,,,,,,,,,,,,
1997-06-28,,,,,,,,,,,,,
1997-06-29,,,,,,,,,,,,,
1997-06-30,,,,,,,,,,,,,
1997-07-01,,,,,,,,,,,,,
1997-07-02,,,,,,,,,,,,,
1997-07-03,,,,,,,,,,,,,
1997-07-04,,,,,,,,,,,,,
1997-07-05,,,,,,,,,,,,,
1997-07-06,,,,,,,,,,,,,
1997-07-07,,,,,,,,,,,,,
1997-07-08,,,,,,,,,,,,,
1997-07-09,,,,,,,,,,,,,
1997-07-10,,,,,,,,,,,,,
1997-07-11,,,,,,,,,,,,,
1997-07-12,,,,,,,,,,,,,
1997-07-13,,,,,,,,,,,,,
1997-07-14,,,,,,,,,,,,,
1997-07-15,,,,,,,,,,,,,
1997-07-16,,,,,,,,,,,,,
1997-07-17,,,,,,,,,,,,,
1997-07-18,,,,,,,,,,,,,
1997-07-19,,,,,,,,,,,,,
1997-07-20,,,,,,,,,,,,,
1997-07-21,,,,,,,,,,,,,
1997-07-22,,,,,,,,,,,,,
1997-07-23,,,,,,,,,,,,,
1997-07-24,,,,,,,,,,,,,
1997-07-25,,,,,,,,,,,,,
1997-07-26,,,,,,,,,,,,,
1997-07-27,,,,,,,,,,,,,
1997-07-28,,,,,,,,,,,,,
1997-07-29,,,,,,,,,,,,,
1997-07-30,,,,,,,,,,,,,
1997-07-31,,,,,,,,,,,,,
1997-08-01,,,,,,,,,,,,,
1997-08-02,,,,,,,,,,,,,
1997-08-03,,,,,,,,,,,,,
1997-08-04,,,,,,,,,,,,,
1997-08-05,,,,,,,,,,,,,
1997-08-06,,,,,,,,,,,,,
1997-08-07,,,,,,,,,,,,,
1997-08-08,,,,,,,,,,,,,
1997-08-09,,,,,,,,,,,,,
1997-08-10,,,,,,,,,,,,,
1997-08-11,,,,,,,,,,,,,
1997-08-12,,,,,,,,,,,,,
1997-08-13,,,,,,,,,,,,,
1997-08-14,,,,,,,,,,,,,
1997-08-15,,,,,,,,,,,,,
1997-08-16,,,,,,,,,,,,,
1997-08-17,,,,,,,,,,,,,
1997-08-18,,,,,,,,,,,,,
1997-08-19,,,,,,,,,,,,,
1997-08-20,,,,,,,,,,,,,
1997-08-21,,,,,,,,,,,,,
1997-08-22,,,,,,,,,,,,,
1997-08-23,,,,,,,,,,,,,
1997-08-24,,,,,,,,,,,,,
1997-08-25,,,,,,,,,,,,,
1997-08-26,,,,,,,,,,,,,
1997-08-27,,,,,,,,,,,,,
1997-08-28,,,,,,,,,,,,,
1997-08-29,,,,,,,,,,,,,
1997-08-30,,,,,,,,,,,,,
1997-08-31,,,,,,,,,,,,,
1997-09-01,,,,,,,,,,,,,
1997-09-02,,,,,,,,,,,,,
1997-09-03,,,,,,,,,,,,,
1997-09-04,,,,,,,,,,,,,
1997-09-05,,,,,,,,,,,,,
1997-09-06,,,,,,,,,,,,,
1997-09-07,,,,,,,,,,,,,
1997-09-08,,,,,,,,,,,,,
1997-09-09,,,,,,,,,,,,,
1997-09-10,,,,,,,,,,,,,
1997-09-11,,,,,,,,,,,,,
1997-09-12,,,,,,,,,,,,,
1997-09-13,,,,,,,,,,,,,
1997-09-14,,,,,,,,,,,,,
1997-09-15,,,,,,,,,,,,,
1997-09-16,,,,,,,,,,,,,
1997-09-17,,,,,,,,,,,,,
1997-09-18,,,,,,,,,,,,,
1997-09-19,,,,,,,,,,,,,
1997-09-20,,,,,,,,,,,,,
1997-09-21,,,,,,,,,,,,,
1997-09-22,,,,,,,,,,,,,
1997-09-23,,,,,,,,,,,,,
1997-09-24,,,,,,,,,,,,,
1997-09-25,,,,,,,,,,,,,
1997-09-26,,,,,,,,,,,,,
1997-09-27,,,,,,,,,,,,,
1997-09-28,,,,,,,,,,,,,
1997-09-29,,,,,,,,,,,,,
1997-09-30,,,,,,,,,,,,,
1997-10-01,,,,,,,,,,,,,
1997-10-02,,,,,,,,,,,,,
1997-10-03,,,,,,,,,,,,,
1997-10-04,,,,,,,,,,,,,
1997-10-05,,,,,,,,,,,,,
1997-10-06,,,,,,,,,,,,,
1997-10-07,,,,,,,,,,,,,
1997-10-08,,,,,,,,,,,,,
1997-10-09,,,,,,,,,,,,,
1997-10-10,,,,,,,,,,,,,
1997-10-11,,,,,,,,,,,,,
1997-10-12,,,,,,,,,,,,,
1997-10-13,,,,,,,,,,,,,
1997-10-14,,,,,,,,,,,,,
1997-10-15,,,,,,,,,,,,,
1997-10-16,,,,,,,,,,,,,
1997-10-17,,,,,,,,,,,,,
1997-10-18,,,,,,,,,,,,,
1997-10-19,,,,,,,,,,,,,
1997-10-20,,,,,,,,,,,,,
1997-10-21,,,,,,,,,,,,,
1997-10-22,,,,,,,,,,,,,
1997-10-23,,,,,,,,,,,,,
1997-10-24,,,,,,,,,,,,,
1997-10-25,,,,,,,,,,,,,
1997-10-26,,,,,,,,,,,,,
1997-10-27,,,,,,,,,,,,,
1997-10-28,,,,,,,,,,,,,
1997-10-29,,,,,,,,,,,,,
1997-10-30,,,,,,,,,,,,,
1997-10-31,,,,,,,,,,,,,
1997-11-01,,,,,,,,,,,,,
1997-11-02,,,,,,,,,,,,,
1997-11-03,,,,,,,,,,,,,
1997-11-04,,,,,,,,,,,,,
1997-11-05,,,,,,,,,,,,,
1997-11-06,,,,,,,,,,,,,
1997-11-07,,,,,,,,,,,,,
1997-11-08,,,,,,,,,,,,,
1997-11-09,,,,,,,,,,,,,
1997-11-10,,,,,,,,,,,,,
1997-11-11,,,,,,,,,,,,,
1997-11-12,,,,,,,,,,,,,
1997-11-13,,,,,,,,,,,,,
1997-11-14,,,,,,,,,,,,,
1997-11-15,,,,,,,,,,,,,
1997-11-16,,,,,,,,,,,,,
1997-11-17,,,,,,,,,,,,,
1997-11-18,,,,,,,,,,,,,
1997-11-19,,,,,,,,,,,,,
1997-11-20,,,,,,,,,,,,,
1997-11-21,,,,,,,,,,,,,
1997-11-22,,,,,,,,,,,,,
1997-11-23,,,,,,,,,,,,,
1997-11-24,,,,,,,,,,,,,
1997-11-25,,,,,,,,,,,,,
1997-11-26,,,,,,,,,,,,,
1997-11-27,,,,,,,,,,,,,
1997-11-28,,,,,,,,,,,,,
1997-11-29,,,,,,,,,,,,,
1997-11-30,,,,,,,,,,,,,
1997-12-01,,,,,,,,,,,,,
1997-12-02,,,,,,,,,,,,,
1997-12-03,,,,,,,,,,,,,
1997-12-04,,,,,,,,,,,,,
1997-12-05,,,,,,,,,,,,,
1997-12-06,,,,,,,,,,,,,
1997-12-07,,,,,,,,,,,,,
1997-12-08,,,,,,,,,,,,,
1997-12-09,,,,,,,,,,,,,
1997-12-10,,,,,,,,,,,,,
1997-12-11,,,,,,,,,,,,,
1997-12-12,,,,,,,,,,,,,
1997-12-13,,,,,,,,,,,,,
1997-12-14,,,,,,,,,,,,,
1997-12-15,,,,,,,,,,,,,
1997-12-16,,,,,,,,,,,,,
1997-12-17,,,,,,,,,,,,,
1997-12-18,,,,,,,,,,,,,
1997-12-19,,,,,,,,,,,,,
1997-12-20,,,,,,,,,,,,,
1997-12-21,,,,,,,,,,,,,
1997-12-22,,,,,,,,,,,,,
1997-12-23,,,,,,,,,,,,,
1997-12-24,,,,,,,,,,,,,
1997-12-25,,,,,,,,,,,,,
1997-12-26,,,,,,,,,,,,,
1997-12-27,,,,,,,,,,,,,
1997-12-28,,,,,,,,,,,,,
1997-12-29,,,,,,,,,,,,,
1997-12-30,,,,,,,,,,,,,
1997-12-31,,,,,,,,,,,,,
1998-01-01,,,,,,,,,,,,,
1998-01-02,,,,,,,,,,,,,
1998-01-03,,,,,,,,,,,,,
1998-01-04,,,,,,,,,,,,,
1998-01-05,,,,,,,,,,,,,
1998-01-06,,,,,,,,,,,,,
1998-01-07,,,,,,,,,,,,,
1998-01-08,,,,,,,,,,,,,
1998-01-09,,,,,,,,,,,,,
1998-01-10,,,,,,,,,,,,,
1998-01-11,,,,,,,,,,,,,
1998-01-12,,,,,,,,,,,,,
1998-01-13,,,,,,,,,,,,,
1998-01-14,,,,,,,,,,,,,
1998-01-15,,,,,,,,,,,,,
1998-01-16,,,,,,,,,,,,,
1998-01-17,,,,,,,,,,,,,
1998-01-18,,,,,,,,,,,,,
1998-01-19,,,,,,,,,,,,,
1998-01-20,,,,,,,,,,,,,
1998-01-21,,,,,,,,,,,,,
1998-01-22,,,,,,,,,,,,,
1998-01-23,,,,,,,,,,,,,
1998-01-24,,,,,,,,,,,,,
1998-01-25,,,,,,,,,,,,,
1998-01-26,,,,,,,,,,,,,
1998-01-27,,,,,,,,,,,,,
1998-01-28,,,,,,,,,,,,,
1998-01-29,,,,,,,,,,,,,
1998-01-30,,,,,,,,,,,,,
1998-01-31,,,,,,,,,,,,,
1998-02-01,,,,,,,,,,,,,
1998-02-02,,,,,,,,,,,,,
1998-02-03,,,,,,,,,,,,,
1998-02-04,,,,,,,,,,,,,
1998-02-05,,,,,,,,,,,,,
1998-02-06,,,,,,,,,,,,,
1998-02-07,,,,,,,,,,,,,
1998-02-08,,,,,,,,,,,,,
1998-02-09,,,,,,,,,,,,,
1998-02-10,,,,,,,,,,,,,
1998-02-11,,,,,,,,,,,,,
1998-02-12,,,,,,,,,,,,,
1998-02-13,,,,,,,,,,,,,
1998-02-14,,,,,,,,,,,,,
1998-02-15,,,,,,,,,,,,,
1998-02-16,,,,,,,,,,,,,
1998-02-17,,,,,,,,,,,,,
1998-02-18,,,,,,,,,,,,,
1998-02-19,,,,,,,,,,,,,
1998-02-20,,,,,,,,,,,,,
1998-02-21,,,,,,,,,,,,,
1998-02-22,,,,,,,,,,,,,
1998-02-23,,,,,,,,,,,,,
1998-02-24,,,,,,,,,,,,,
1998-02-25,,,,,,,,,,,,,
1998-02-26,,,,,,,,,,,,,
1998-02-27,,,,,,,,,,,,,
1998-02-28,,,,,,,,,,,,,
1998-03-01,,,,,,,,,,,,,
1998-03-02,,,,,,,,,,,,,
1998-03-03,,,,,,,,,,,,,
1998-03-04,,,,,,,,,,,,,
1998-03-05,,,,,,,,,,,,,
1998-03-06,,,,,,,,,,,,,
1998-03-07,,,,,,,,,,,,,
1998-03-08,,,,,,,,,,,,,
1998-03-09,,,,,,,,,,,,,
1998-03-10,,,,,,,,,,,,,
1998-03-11,,,,,,,,,,,,,
1998-03-12,,,,,,,,,,,,,
1998-03-13,,,,,,,,,,,,,
1998-03-14,,,,,,,,,,,,,
1998-03-15,,,,,,,,,,,,,
1998-03-16,,,,,,,,,,,,,
1998-03-17,,,,,,,,,,,,,
1998-03-18,,,,,,,,,,,,,
1998-03-19,,,,,,,,,,,,,
1998-03-20,,,,,,,,,,,,,
1998-03-21,,,,,,,,,,,,,
1998-03-22,,,,,,,,,,,,,
1998-03-23,,,,,,,,,,,,,
1998-03-24,,,,,,,,,,,,,
1998-03-25,,,,,,,,,,,,,
1998-03-26,,,,,,,,,,,,,
1998-03-27,,,,,,,,,,,,,
1998-03-28,,,,,,,,,,,,,
1998-03-29,,,,,,,,,,,,,
1998-03-30,,,,,,,,,,,,,
1998-03-31,,,,,,,,,,,,,
1998-04-01,,,,,,,,,,,,,
1998-04-02,,,,,,,,,,,,,
1998-04-03,,,,,,,,,,,,,
1998-04-04,,,,,,,,,,,,,
1998-04-05,,,,,,,,,,,,,
1998-04-06,,,,,,,,,,,,,
1998-04-07,,,,,,,,,,,,,
1998-04-08,,,,,,,,,,,,,
1998-04-09,,,,,,,,,,,,,
1998-04-10,,,,,,,,,,,,,
1998-04-11,,,,,,,,,,,,,
1998-04-12,,,,,,,,,,,,,
1998-04-13,,,,,,,,,,,,,
1998-04-14,,,,,,,,,,,,,
1998-04-15,,,,,,,,,,,,,
1998-04-16,,,,,,,,,,,,,
1998-04-17,,,,,,,,,,,,,
1998-04-18,,,,,,,,,,,,,
1998-04-19,,,,,,,,,,,,,
1998-04-20,,,,,,,,,,,,,
1998-04-21,,,,,,,,,,,,,
1998-04-22,,,,,,,,,,,,,
1998-04-23,,,,,,,,,,,,,
1998-04-24,,,,,,,,,,,,,
1998-04-25,,,,,,,,,,,,,
1998-04-26,,,,,,,,,,,,,
1998-04-27,,,,,,,,,,,,,
1998-04-28,,,,,,,,,,,,,
1998-04-29,,,,,,,,,,,,,
1998-04-30,,,,,,,,,,,,,
1998-05-01,,,,,,,,,,,,,
1998-05-02,,,,,,,,,,,,,
1998-05-03,,,,,,,,,,,,,
1998-05-04,,,,,,,,,,,,,
1998-05-05,,,,,,,,,,,,,
1998-05-06,,,,,,,,,,,,,
1998-05-07,,,,,,,,,,,,,
1998-05-08,,,,,,,,,,,,,
1998-05-09,,,,,,,,,,,,,
1998-05-10,,,,,,,,,,,,,
1998-05-11,,,,,,,,,,,,,
1998-05-12,,,,,,,,,,,,,
1998-05-13,,,,,,,,,,,,,
1998-05-14,,,,,,,,,,,,,
1998-05-15,,,,,,,,,,,,,
1998-05-16,,,,,,,,,,,,,
1998-05-17,,,,,,,,,,,,,
1998-05-18,,,,,,,,,,,,,
1998-05-19,,,,,,,,,,,,,
1998-05-20,,,,,,,,,,,,,
1998-05-21,,,,,,,,,,,,,
1998-05-22,,,,,,,,,,,,,
1998-05-23,,,,,,,,,,,,,
1998-05-24,,,,,,,,,,,,,
1998-05-25,,,,,,,,,,,,,
1998-05-26,,,,,,,,,,,,,
1998-05-27,,,,,,,,,,,,,
1998-05-28,,,,,,,,,,,,,
1998-05-29,,,,,,,,,,,,,
1998-05-30,,,,,,,,,,,,,
1998-05-31,,,,,,,,,,,,,
1998-06-01,,,,,,,,,,,,,
1998-06-02,,,,,,,,,,,,,
1998-06-03,,,,,,,,,,,,,
1998-06-04,,,,,,,,,,,,,
1998-06-05,,,,,,,,,,,,,
1998-06-06,,,,,,,,,,,,,
1998-06-07,,,,,,,,,,,,,
1998-06-08,,,,,,,,,,,,,
1998-06-09,,,,,,,,,,,,,
1998-06-10,,,,,,,,,,,,,
1998-06-11,,,,,,,,,,,,,
1998-06-12,,,,,,,,,,,,,
1998-06-13,,,,,,,,,,,,,
1998-06-14,,,,,,,,,,,,,
1998-06-15,,,,,,,,,,,,,
1998-06-16,,,,,,,,,,,,,
1998-06-17,,,,,,,,,,,,,
1998-06-18,,,,,,,,,,,,,
1998-06-19,,,,,,,,,,,,,
1998-06-20,,,,,,,,,,,,,
1998-06-21,,,,,,,,,,,,,
1998-06-22,,,,,,,,,,,,,
1998-06-23,,,,,,,,,,,,,
1998-06-24,,,,,,,,,,,,,
1998-06-25,,,,,,,,,,,,,
1998-06-26,,,,,,,,,,,,,
1998-06-27,,,,,,,,,,,,,
1998-06-28,,,,,,,,,,,,,
1998-06-29,,,,,,,,,,,,,
1998-06-30,,,,,,,,,,,,,
1998-07-01,,,,,,,,,,,,,
1998-07-02,,,,,,,,,,,,,
1998-07-03,,,,,,,,,,,,,
1998-07-04,,,,,,,,,,,,,
1998-07-05,,,,,,,,,,,,,
1998-07-06,,,,,,,,,,,,,
1998-07-07,,,,,,,,,,,,,
1998-07-08,,,,,,,,,,,,,
1998-07-09,,,,,,,,,,,,,
1998-07-10,,,,,,,,,,,,,
1998-07-11,,,,,,,,,,,,,
1998-07-12,,,,,,,,,,,,,
1998-07-13,,,,,,,,,,,,,
1998-07-14,,,,,,,,,,,,,
1998-07-15,,,,,,,,,,,,,
1998-07-16,,,,,,,,,,,,,
1998-07-17,,,,,,,,,,,,,
1998-07-18,,,,,,,,,,,,,
1998-07-19,,,,,,,,,,,,,
1998-07-20,,,,,,,,,,,,,
1998-07-21,,,,,,,,,,,,,
1998-07-22,,,,,,,,,,,,,
1998-07-23,,,,,,,,,,,,,
1998-07-24,,,,,,,,,,,,,
1998-07-25,,,,,,,,,,,,,
1998-07-26,,,,,,,,,,,,,
1998-07-27,,,,,,,,,,,,,
1998-07-28,,,,,,,,,,,,,
1998-07-29,,,,,,,,,,,,,
1998-07-30,,,,,,,,,,,,,
1998-07-31,,,,,,,,,,,,,
1998-08-01,,,,,,,,,,,,,
1998-08-02,,,,,,,,,,,,,
1998-08-03,,,,,,,,,,,,,
1998-08-04,,,,,,,,,,,,,
1998-08-05,,,,,,,,,,,,,
1998-08-06,,,,,,,,,,,,,
1998-08-07,,,,,,,,,,,,,
1998-08-08,,,,,,,,,,,,,
1998-08-09,,,,,,,,,,,,,
1998-08-10,,,,,,,,,,,,,
1998-08-11,,,,,,,,,,,,,
1998-08-12,,,,,,,,,,,,,
1998-08-13,,,,,,,,,,,,,
1998-08-14,,,,,,,,,,,,,
1998-08-15,,,,,,,,,,,,,
1998-08-16,,,,,,,,,,,,,
1998-08-17,,,,,,,,,,,,,
1998-08-18,,,,,,,,,,,,,
1998-08-19,,,,,,,,,,,,,
1998-08-20,,,,,,,,,,,,,
1998-08-21,,,,,,,,,,,,,
1998-08-22,,,,,,,,,,,,,
1998-08-23,,,,,,,,,,,,,
1998-08-24,,,,,,,,,,,,,
1998-08-25,,,,,,,,,,,,,
1998-08-26,,,,,,,,,,,,,
1998-08-27,,,,,,,,,,,,,
1998-08-28,,,,,,,,,,,,,
1998-08-29,,,,,,,,,,,,,
1998-08-30,,,,,,,,,,,,,
1998-08-31,,,,,,,,,,,,,
1998-09-01,,,,,,,,,,,,,
1998-09-02,,,,,,,,,,,,,
1998-09-03,,,,,,,,,,,,,
1998-09-04,,,,,,,,,,,,,
1998-09-05,,,,,,,,,,,,,
1998-09-06,,,,,,,,,,,,,
1998-09-07,,,,,,,,,,,,,
1998-09-08,,,,,,,,,,,,,
1998-09-09,,,,,,,,,,,,,
1998-09-10,,,,,,,,,,,,,
1998-09-11,,,,,,,,,,,,,
1998-09-12,,,,,,,,,,,,,
1998-09-13,,,,,,,,,,,,,
1998-09-14,,,,,,,,,,,,,
1998-09-15,,,,,,,,,,,,,
1998-09-16,,,,,,,,,,,,,
1998-09-17,,,,,,,,,,,,,
1998-09-18,,,,,,,,,,,,,
1998-09-19,,,,,,,,,,,,,
1998-09-20,,,,,,,,,,,,,
1998-09-21,,,,,,,,,,,,,
1998-09-22,,,,,,,,,,,,,
1998-09-23,,,,,,,,,,,,,
1998-09-24,,,,,,,,,,,,,
1998-09-25,,,,,,,,,,,,,
1998-09-26,,,,,,,,,,,,,
1998-09-27,,,,,,,,,,,,,
1998-09-28,,,,,,,,,,,,,
1998-09-29,,,,,,,,,,,,,
1998-09-30,,,,,,,,,,,,,
1998-10-01,,,,,,,,,,,,,
1998-10-02,,,,,,,,,,,,,
1998-10-03,,,,,,,,,,,,,
1998-10-04,,,,,,,,,,,,,
1998-10-05,,,,,,,,,,,,,
1998-10-06,,,,,,,,,,,,,
1998-10-07,,,,,,,,,,,,,
1998-10-08,,,,,,,,,,,,,
1998-10-09,,,,,,,,,,,,,
1998-10-10,,,,,,,,,,,,,
1998-10-11,,,,,,,,,,,,,
1998-10-12,,,,,,,,,,,,,
1998-10-13,,,,,,,,,,,,,
1998-10-14,,,,,,,,,,,,,
1998-10-15,,,,,,,,,,,,,
1998-10-16,,,,,,,,,,,,,
1998-10-17,,,,,,,,,,,,,
1998-10-18,,,,,,,,,,,,,
1998-10-19,,,,,,,,,,,,,
1998-10-20,,,,,,,,,,,,,
1998-10-21,,,,,,,,,,,,,
1998-10-22,,,,,,,,,,,,,
1998-10-23,,,,,,,,,,,,,
1998-10-24,,,,,,,,,,,,,
1998-10-25,,,,,,,,,,,,,
1998-10-26,,,,,,,,,,,,,
1998-10-27,,,,,,,,,,,,,
1998-10-28,,,,,,,,,,,,,
1998-10-29,,,,,,,,,,,,,
1998-10-30,,,,,,,,,,,,,
1998-10-31,,,,,,,,,,,,,
1998-11-01,,,,,,,,,,,,,
1998-11-02,,,,,,,,,,,,,
1998-11-03,,,,,,,,,,,,,
1998-11-04,,,,,,,,,,,,,
1998-11-05,,,,,,,,,,,,,
1998-11-06,,,,,,,,,,,,,
1998-11-07,,,,,,,,,,,,,
1998-11-08,,,,,,,,,,,,,
1998-11-09,,,,,,,,,,,,,
1998-11-10,,,,,,,,,,,,,
1998-11-11,,,,,,,,,,,,,
1998-11-12,,,,,,,,,,,,,
1998-11-13,,,,,,,,,,,,,
1998-11-14,,,,,,,,,,,,,
1998-11-15,,,,,,,,,,,,,
1998-11-16,,,,,,,,,,,,,
1998-11-17,,,,,,,,,,,,,
1998-11-18,,,,,,,,,,,,,
1998-11-19,,,,,,,,,,,,,
1998-11-20,,,,,,,,,,,,,
1998-11-21,,,,,,,,,,,,,
1998-11-22,,,,,,,,,,,,,
1998-11-23,,,,,,,,,,,,,
1998-11-24,,,,,,,,,,,,,
1998-11-25,,,,,,,,,,,,,
1998-11-26,,,,,,,,,,,,,
1998-11-27,,,,,,,,,,,,,
1998-11-28,,,,,,,,,,,,,
1998-11-29,,,,,,,,,,,,,
1998-11-30,,,,,,,,,,,,,
1998-12-01,,,,,,,,,,,,,
1998-12-02,,,,,,,,,,,,,
1998-12-03,,,,,,,,,,,,,
1998-12-04,,,,,,,,,,,,,
1998-12-05,,,,,,,,,,,,,
1998-12-06,,,,,,,,,,,,,
1998-12-07,,,,,,,,,,,,,
1998-12-08,,,,,,,,,,,,,
1998-12-09,,,,,,,,,,,,,
1998-12-10,,,,,,,,,,,,,
1998-12-11,,,,,,,,,,,,,
1998-12-12,,,,,,,,,,,,,
1998-12-13,,,,,,,,,,,,,
1998-12-14,,,,,,,,,,,,,
1998-12-15,,,,,,,,,,,,,
1998-12-16,,,,,,,,,,,,,
1998-12-17,,,,,,,,,,,,,
1998-12-18,,,,,,,,,,,,,
1998-12-19,,,,,,,,,,,,,
1998-12-20,,,,,,,,,,,,,
1998-12-21,,,,,,,,,,,,,
1998-12-22,,,,,,,,,,,,,
1998-12-23,,,,,,,,,,,,,
1998-12-24,,,,,,,,,,,,,
1998-12-25,,,,,,,,,,,,,
1998-12-26,,,,,,,,,,,,,
1998-12-27,,,,,,,,,,,,,
1998-12-28,,,,,,,,,,,,,
1998-12-29,,,,,,,,,,,,,
1998-12-30,,,,,,,,,,,,,
1998-12-31,,,,,,,,,,,,,
1999-01-01,,,,,,,,,,,,,
1999-01-02,,,,,,,,,,,,,
1999-01-03,,,,,,,,,,,,,
1999-01-04,,,,,,,,,,,,,
1999-01-05,,,,,,,,,,,,,
1999-01-06,,,,,,,,,,,,,
1999-01-07,,,,,,,,,,,,,
1999-01-08,,,,,,,,,,,,,
1999-01-09,,,,,,,,,,,,,
1999-01-10,,,,,,,,,,,,,
1999-01-11,,,,,,,,,,,,,
1999-01-12,,,,,,,,,,,,,
1999-01-13,,,,,,,,,,,,,
1999-01-14,,,,,,,,,,,,,
1999-01-15,,,,,,,,,,,,,
1999-01-16,,,,,,,,,,,,,
1999-01-17,,,,,,,,,,,,,
1999-01-18,,,,,,,,,,,,,
1999-01-19,,,,,,,,,,,,,
1999-01-20,,,,,,,,,,,,,
1999-01-21,,,,,,,,,,,,,
1999-01-22,,,,,,,,,,,,,
1999-01-23,,,,,,,,,,,,,
1999-01-24,,,,,,,,,,,,,
1999-01-25,,,,,,,,,,,,,
1999-01-26,,,,,,,,,,,,,
1999-01-27,,,,,,,,,,,,,
1999-01-28,,,,,,,,,,,,,
1999-01-29,,,,,,,,,,,,,
1999-01-30,,,,,,,,,,,,,
1999-01-31,,,,,,,,,,,,,
1999-02-01,,,,,,,,,,,,,
1999-02-02,,,,,,,,,,,,,
1999-02-03,,,,,,,,,,,,,
1999-02-04,,,,,,,,,,,,,
1999-02-05,,,,,,,,,,,,,
1999-02-06,,,,,,,,,,,,,
1999-02-07,,,,,,,,,,,,,
1999-02-08,,,,,,,,,,,,,
1999-02-09,,,,,,,,,,,,,
1999-02-10,,,,,,,,,,,,,
1999-02-11,,,,,,,,,,,,,
1999-02-12,,,,,,,,,,,,,
1999-02-13,,,,,,,,,,,,,
1999-02-14,,,,,,,,,,,,,
1999-02-15,,,,,,,,,,,,,
1999-02-16,,,,,,,,,,,,,
1999-02-17,,,,,,,,,,,,,
1999-02-18,,,,,,,,,,,,,
1999-02-19,,,,,,,,,,,,,
1999-02-20,,,,,,,,,,,,,
1999-02-21,,,,,,,,,,,,,
1999-02-22,,,,,,,,,,,,,
1999-02-23,,,,,,,,,,,,,
1999-02-24,,,,,,,,,,,,,
1999-02-25,,,,,,,,,,,,,
1999-02-26,,,,,,,,,,,,,
1999-02-27,,,,,,,,,,,,,
1999-02-28,,,,,,,,,,,,,
1999-03-01,,,,,,,,,,,,,
1999-03-02,,,,,,,,,,,,,
1999-03-03,,,,,,,,,,,,,
1999-03-04,,,,,,,,,,,,,
1999-03-05,,,,,,,,,,,,,
1999-03-06,,,,,,,,,,,,,
1999-03-07,,,,,,,,,,,,,
1999-03-08,,,,,,,,,,,,,
1999-03-09,,,,,,,,,,,,,
1999-03-10,,,,,,,,,,,,,
1999-03-11,,,,,,,,,,,,,
1999-03-12,,,,,,,,,,,,,
1999-03-13,,,,,,,,,,,,,
1999-03-14,,,,,,,,,,,,,
1999-03-15,,,,,,,,,,,,,
1999-03-16,,,,,,,,,,,,,
1999-03-17,,,,,,,,,,,,,
1999-03-18,,,,,,,,,,,,,
1999-03-19,,,,,,,,,,,,,
1999-03-20,,,,,,,,,,,,,
1999-03-21,,,,,,,,,,,,,
1999-03-22,,,,,,,,,,,,,
1999-03-23,,,,,,,,,,,,,
1999-03-24,,,,,,,,,,,,,
1999-03-25,,,,,,,,,,,,,
1999-03-26,,,,,,,,,,,,,
1999-03-27,,,,,,,,,,,,,
1999-03-28,,,,,,,,,,,,,
1999-03-29,,,,,,,,,,,,,
1999-03-30,,,,,,,,,,,,,
1999-03-31,,,,,,,,,,,,,
1999-04-01,,,,,,,,,,,,,
1999-04-02,,,,,,,,,,,,,
1999-04-03,,,,,,,,,,,,,
1999-04-04,,,,,,,,,,,,,
1999-04-05,,,,,,,,,,,,,
1999-04-06,,,,,,,,,,,,,
1999-04-07,,,,,,,,,,,,,
1999-04-08,,,,,,,,,,,,,
1999-04-09,,,,,,,,,,,,,
1999-04-10,,,,,,,,,,,,,
1999-04-11,,,,,,,,,,,,,
1999-04-12,,,,,,,,,,,,,
1999-04-13,,,,,,,,,,,,,
1999-04-14,,,,,,,,,,,,,
1999-04-15,,,,,,,,,,,,,
1999-04-16,,,,,,,,,,,,,
1999-04-17,,,,,,,,,,,,,
1999-04-18,,,,,,,,,,,,,
1999-04-19,,,,,,,,,,,,,
1999-04-20,,,,,,,,,,,,,
1999-04-21,,,,,,,,,,,,,
1999-04-22,,,,,,,,,,,,,
1999-04-23,,,,,,,,,,,,,
1999-04-24,,,,,,,,,,,,,
1999-04-25,,,,,,,,,,,,,
1999-04-26,,,,,,,,,,,,,
1999-04-27,,,,,,,,,,,,,
1999-04-28,,,,,,,,,,,,,
1999-04-29,,,,,,,,,,,,,
1999-04-30,,,,,,,,,,,,,
1999-05-01,,,,,,,,,,,,,
1999-05-02,,,,,,,,,,,,,
1999-05-03,,,,,,,,,,,,,
1999-05-04,,,,,,,,,,,,,
1999-05-05,,,,,,,,,,,,,
1999-05-06,,,,,,,,,,,,,
1999-05-07,,,,,,,,,,,,,
1999-05-08,,,,,,,,,,,,,
1999-05-09,,,,,,,,,,,,,
1999-05-10,,,,,,,,,,,,,
1999-05-11,,,,,,,,,,,,,
1999-05-12,,,,,,,,,,,,,
1999-05-13,,,,,,,,,,,,,
1999-05-14,,,,,,,,,,,,,
1999-05-15,,,,,,,,,,,,,
1999-05-16,,,,,,,,,,,,,
1999-05-17,,,,,,,,,,,,,
1999-05-18,,,,,,,,,,,,,
1999-05-19,,,,,,,,,,,,,
1999-05-20,,,,,,,,,,,,,
1999-05-21,,,,,,,,,,,,,
1999-05-22,,,,,,,,,,,,,
1999-05-23,,,,,,,,,,,,,
1999-05-24,,,,,,,,,,,,,
1999-05-25,,,,,,,,,,,,,
1999-05-26,,,,,,,,,,,,,
1999-05-27,,,,,,,,,,,,,
1999-05-28,,,,,,,,,,,,,
1999-05-29,,,,,,,,,,,,,
1999-05-30,,,,,,,,,,,,,
1999-05-31,,,,,,,,,,,,,
1999-06-01,,,,,,,,,,,,,
1999-06-02,,,,,,,,,,,,,
1999-06-03,,,,,,,,,,,,,
1999-06-04,,,,,,,,,,,,,
1999-06-05,,,,,,,,,,,,,
1999-06-06,,,,,,,,,,,,,
1999-06-07,,,,,,,,,,,,,
1999-06-08,,,,,,,,,,,,,
1999-06-09,,,,,,,,,,,,,
1999-06-10,,,,,,,,,,,,,
1999-06-11,,,,,,,,,,,,,
1999-06-12,,,,,,,,,,,,,
1999-06-13,,,,,,,,,,,,,
1999-06-14,,,,,,,,,,,,,
1999-06-15,,,,,,,,,,,,,
1999-06-16,,,,,,,,,,,,,
1999-06-17,,,,,,,,,,,,,
1999-06-18,,,,,,,,,,,,,
1999-06-19,,,,,,,,,,,,,
1999-06-20,,,,,,,,,,,,,
1999-06-21,,,,,,,,,,,,,
1999-06-22,,,,,,,,,,,,,
1999-06-23,,,,,,,,,,,,,
1999-06-24,,,,,,,,,,,,,
1999-06-25,,,,,,,,,,,,,
1999-06-26,,,,,,,,,,,,,
1999-06-27,,,,,,,,,,,,,
1999-06-28,,,,,,,,,,,,,
1999-06-29,,,,,,,,,,,,,
1999-06-30,,,,,,,,,,,,,
1999-07-01,,,,,,,,,,,,,
1999-07-02,,,,,,,,,,,,,
1999-07-03,,,,,,,,,,,,,
1999-07-04,,,,,,,,,,,,,
1999-07-05,,,,,,,,,,,,,
1999-07-06,,,,,,,,,,,,,
1999-07-07,,,,,,,,,,,,,
1999-07-08,,,,,,,,,,,,,
1999-07-09,,,,,,,,,,,,,
1999-07-10,,,,,,,,,,,,,
1999-07-11,,,,,,,,,,,,,
1999-07-12,,,,,,,,,,,,,
1999-07-13,,,,,,,,,,,,,
1999-07-14,,,,,,,,,,,,,
1999-07-15,,,,,,,,,,,,,
1999-07-16,,,,,,,,,,,,,
1999-07-17,,,,,,,,,,,,,
1999-07-18,,,,,,,,,,,,,
1999-07-19,,,,,,,,,,,,,
1999-07-20,,,,,,,,,,,,,
1999-07-21,,,,,,,,,,,,,
1999-07-22,,,,,,,,,,,,,
1999-07-23,,,,,,,,,,,,,
1999-07-24,,,,,,,,,,,,,
1999-07-25,,,,,,,,,,,,,
1999-07-26,,,,,,,,,,,,,
1999-07-27,,,,,,,,,,,,,
1999-07-28,,,,,,,,,,,,,
1999-07-29,,,,,,,,,,,,,
1999-07-30,,,,,,,,,,,,,
1999-07-31,,,,,,,,,,,,,
1999-08-01,,,,,,,,,,,,,
1999-08-02,,,,,,,,,,,,,
1999-08-03,,,,,,,,,,,,,
1999-08-04,,,,,,,,,,,,,
1999-08-05,,,,,,,,,,,,,
1999-08-06,,,,,,,,,,,,,
1999-08-07,,,,,,,,,,,,,
1999-08-08,,,,,,,,,,,,,
1999-08-09,,,,,,,,,,,,,
1999-08-10,,,,,,,,,,,,,
1999-08-11,,,,,,,,,,,,,
1999-08-12,,,,,,,,,,,,,
1999-08-13,,,,,,,,,,,,,
1999-08-14,,,,,,,,,,,,,
1999-08-15,,,,,,,,,,,,,
1999-08-16,,,,,,,,,,,,,
1999-08-17,,,,,,,,,,,,,
1999-08-18,,,,,,,,,,,,,
1999-08-19,,,,,,,,,,,,,
1999-08-20,,,,,,,,,,,,,
1999-08-21,,,,,,,,,,,,,
1999-08-22,,,,,,,,,,,,,
1999-08-23,,,,,,,,,,,,,
1999-08-24,,,,,,,,,,,,,
1999-08-25,,,,,,,,,,,,,
1999-08-26,,,,,,,,,,,,,
1999-08-27,,,,,,,,,,,,,
1999-08-28,,,,,,,,,,,,,
1999-08-29,,,,,,,,,,,,,
1999-08-30,,,,,,,,,,,,,
1999-08-31,,,,,,,,,,,,,
1999-09-01,,,,,,,,,,,,,
1999-09-02,,,,,,,,,,,,,
1999-09-03,,,,,,,,,,,,,
1999-09-04,,,,,,,,,,,,,
1999-09-05,,,,,,,,,,,,,
1999-09-06,,,,,,,,,,,,,
1999-09-07,,,,,,,,,,,,,
1999-09-08,,,,,,,,,,,,,
1999-09-09,,,,,,,,,,,,,
1999-09-10,,,,,,,,,,,,,
1999-09-11,,,,,,,,,,,,,
1999-09-12,,,,,,,,,,,,,
1999-09-13,,,,,,,,,,,,,
1999-09-14,,,,,,,,,,,,,
1999-09-15,,,,,,,,,,,,,
1999-09-16,,,,,,,,,,,,,
1999-09-17,,,,,,,,,,,,,
1999-09-18,,,,,,,,,,,,,
1999-09-19,,,,,,,,,,,,,
1999-09-20,,,,,,,,,,,,,
1999-09-21,,,,,,,,,,,,,
1999-09-22,,,,,,,,,,,,,
1999-09-23,,,,,,,,,,,,,
1999-09-24,,,,,,,,,,,,,
1999-09-25,,,,,,,,,,,,,
1999-09-26,,,,,,,,,,,,,
1999-09-27,,,,,,,,,,,,,
1999-09-28,,,,,,,,,,,,,
1999-09-29,,,,,,,,,,,,,
1999-09-30,,,,,,,,,,,,,
1999-10-01,,,,,,,,,,,,,
1999-10-02,,,,,,,,,,,,,
1999-10-03,,,,,,,,,,,,,
1999-10-04,,,,,,,,,,,,,
1999-10-05,,,,,,,,,,,,,
1999-10-06,,,,,,,,,,,,,
1999-10-07,,,,,,,,,,,,,
1999-10-08,,,,,,,,,,,,,
1999-10-09,,,,,,,,,,,,,
1999-10-10,,,,,,,,,,,,,
1999-10-11,,,,,,,,,,,,,
1999-10-12,,,,,,,,,,,,,
1999-10-13,,,,,,,,,,,,,
1999-10-14,,,,,,,,,,,,,
1999-10-15,,,,,,,,,,,,,
1999-10-16,,,,,,,,,,,,,
1999-10-17,,,,,,,,,,,,,
1999-10-18,,,,,,,,,,,,,
1999-10-19,,,,,,,,,,,,,
1999-10-20,,,,,,,,,,,,,
1999-10-21,,,,,,,,,,,,,
1999-10-22,,,,,,,,,,,,,
1999-10-23,,,,,,,,,,,,,
1999-10-24,,,,,,,,,,,,,
1999-10-25,,,,,,,,,,,,,
1999-10-26,,,,,,,,,,,,,
1999-10-27,,,,,,,,,,,,,
1999-10-28,,,,,,,,,,,,,
1999-10-29,,,,,,,,,,,,,
1999-10-30,,,,,,,,,,,,,
1999-10-31,,,,,,,,,,,,,
1999-11-01,,,,,,,,,,,,,
1999-11-02,,,,,,,,,,,,,
1999-11-03,,,,,,,,,,,,,
1999-11-04,,,,,,,,,,,,,
1999-11-05,,,,,,,,,,,,,
1999-11-06,,,,,,,,,,,,,
1999-11-07,,,,,,,,,,,,,
1999-11-08,,,,,,,,,,,,,
1999-11-09,,,,,,,,,,,,,
1999-11-10,,,,,,,,,,,,,
1999-11-11,,,,,,,,,,,,,
1999-11-12,,,,,,,,,,,,,
1999-11-13,,,,,,,,,,,,,
1999-11-14,,,,,,,,,,,,,
1999-11-15,,,,,,,,,,,,,
1999-11-16,,,,,,,,,,,,,
1999-11-17,,,,,,,,,,,,,
1999-11-18,,,,,,,,,,,,,
1999-11-19,,,,,,,,,,,,,
1999-11-20,,,,,,,,,,,,,
1999-11-21,,,,,,,,,,,,,
1999-11-22,,,,,,,,,,,,,
1999-11-23,,,,,,,,,,,,,
1999-11-24,,,,,,,,,,,,,
1999-11-25,,,,,,,,,,,,,
1999-11-26,,,,,,,,,,,,,
1999-11-27,,,,,,,,,,,,,
1999-11-28,,,,,,,,,,,,,
1999-11-29,,,,,,,,,,,,,
1999-11-30,,,,,,,,,,,,,
1999-12-01,,,,,,,,,,,,,
1999-12-02,,,,,,,,,,,,,
1999-12-03,,,,,,,,,,,,,
1999-12-04,,,,,,,,,,,,,
1999-12-05,,,,,,,,,,,,,
1999-12-06,,,,,,,,,,,,,
1999-12-07,,,,,,,,,,,,,
1999-12-08,,,,,,,,,,,,,
1999-12-09,,,,,,,,,,,,,
1999-12-10,,,,,,,,,,,,,
1999-12-11,,,,,,,,,,,,,
1999-12-12,,,,,,,,,,,,,
1999-12-13,,,,,,,,,,,,,
1999-12-14,,,,,,,,,,,,,
1999-12-15,,,,,,,,,,,,,
1999-12-16,,,,,,,,,,,,,
1999-12-17,,,,,,,,,,,,,
1999-12-18,,,,,,,,,,,,,
1999-12-19,,,,,,,,,,,,,
1999-12-20,,,,,,,,,,,,,
1999-12-21,,,,,,,,,,,,,
1999-12-22,,,,,,,,,,,,,
1999-12-23,,,,,,,,,,,,,
1999-12-24,,,,,,,,,,,,,
1999-12-25,,,,,,,,,,,,,
1999-12-26,,,,,,,,,,,,,
1999-12-27,,,,,,,,,,,,,
1999-12-28,,,,,,,,,,,,,
1999-12-29,,,,,,,,,,,,,
1999-12-30,,,,,,,,,,,,,
1999-12-31,,,,,,,,,,,,,
2000-01-01,,,,,,,,,,,,,
2000-01-02,,,,,,,,,,,,,
2000-01-03,,,,,,,,,,,,,
2000-01-04,,,,,,,,,,,,,
2000-01-05,,,,,,,,,,,,,
2000-01-06,,,,,,,,,,,,,
2000-01-07,,,,,,,,,,,,,
2000-01-08,,,,,,,,,,,,,
2000-01-09,,,,,,,,,,,,,
2000-01-10,,,,,,,,,,,,,
2000-01-11,,,,,,,,,,,,,
2000-01-12,,,,,,,,,,,,,
2000-01-13,,,,,,,,,,,,,
2000-01-14,,,,,,,,,,,,,
2000-01-15,,,,,,,,,,,,,
2000-01-16,,,,,,,,,,,,,
2000-01-17,,,,,,,,,,,,,
2000-01-18,,,,,,,,,,,,,
2000-01-19,,,,,,,,,,,,,
2000-01-20,,,,,,,,,,,,,
2000-01-21,,,,,,,,,,,,,
2000-01-22,,,,,,,,,,,,,
2000-01-23,,,,,,,,,,,,,
2000-01-24,,,,,,,,,,,,,
2000-01-25,,,,,,,,,,,,,
2000-01-26,,,,,,,,,,,,,
2000-01-27,,,,,,,,,,,,,
2000-01-28,,,,,,,,,,,,,
2000-01-29,,,,,,,,,,,,,
2000-01-30,,,,,,,,,,,,,
2000-01-31,,,,,,,,,,,,,
2000-02-01,,,,,,,,,,,,,
2000-02-02,,,,,,,,,,,,,
2000-02-03,,,,,,,,,,,,,
2000-02-04,,,,,,,,,,,,,
2000-02-05,,,,,,,,,,,,,
2000-02-06,,,,,,,,,,,,,
2000-02-07,,,,,,,,,,,,,
2000-02-08,,,,,,,,,,,,,
2000-02-09,,,,,,,,,,,,,
2000-02-10,,,,,,,,,,,,,
2000-02-11,,,,,,,,,,,,,
2000-02-12,,,,,,,,,,,,,
2000-02-13,,,,,,,,,,,,,
2000-02-14,,,,,,,,,,,,,
2000-02-15,,,,,,,,,,,,,
2000-02-16,,,,,,,,,,,,,
2000-02-17,,,,,,,,,,,,,
2000-02-18,,,,,,,,,,,,,
2000-02-19,,,,,,,,,,,,,
2000-02-20,,,,,,,,,,,,,
2000-02-21,,,,,,,,,,,,,
2000-02-22,,,,,,,,,,,,,
2000-02-23,,,,,,,,,,,,,
2000-02-24,,,,,,,,,,,,,
2000-02-25,,,,,,,,,,,,,
2000-02-26,,,,,,,,,,,,,
2000-02-27,,,,,,,,,,,,,
2000-02-28,,,,,,,,,,,,,
2000-02-29,,,,,,,,,,,,,
2000-03-01,,,,,,,,,,,,,
2000-03-02,,,,,,,,,,,,,
2000-03-03,,,,,,,,,,,,,
2000-03-04,,,,,,,,,,,,,
2000-03-05,,,,,,,,,,,,,
2000-03-06,,,,,,,,,,,,,
2000-03-07,,,,,,,,,,,,,
2000-03-08,,,,,,,,,,,,,
2000-03-09,,,,,,,,,,,,,
2000-03-10,,,,,,,,,,,,,
2000-03-11,,,,,,,,,,,,,
2000-03-12,,,,,,,,,,,,,
2000-03-13,,,,,,,,,,,,,
2000-03-14,,,,,,,,,,,,,
2000-03-15,,,,,,,,,,,,,
2000-03-16,,,,,,,,,,,,,
2000-03-17,,,,,,,,,,,,,
2000-03-18,,,,,,,,,,,,,
2000-03-19,,,,,,,,,,,,,
2000-03-20,,,,,,,,,,,,,
2000-03-21,,,,,,,,,,,,,
2000-03-22,,,,,,,,,,,,,
2000-03-23,,,,,,,,,,,,,
2000-03-24,,,,,,,,,,,,,
2000-03-25,,,,,,,,,,,,,
2000-03-26,,,,,,,,,,,,,
2000-03-27,,,,,,,,,,,,,
2000-03-28,,,,,,,,,,,,,
2000-03-29,,,,,,,,,,,,,
2000-03-30,,,,,,,,,,,,,
2000-03-31,,,,,,,,,,,,,
2000-04-01,,,,,,,,,,,,,
2000-04-02,,,,,,,,,,,,,
2000-04-03,,,,,,,,,,,,,
2000-04-04,,,,,,,,,,,,,
2000-04-05,,,,,,,,,,,,,
2000-04-06,,,,,,,,,,,,,
2000-04-07,,,,,,,,,,,,,
2000-04-08,,,,,,,,,,,,,
2000-04-09,,,,,,,,,,,,,
2000-04-10,,,,,,,,,,,,,
2000-04-11,,,,,,,,,,,,,
2000-04-12,,,,,,,,,,,,,
2000-04-13,,,,,,,,,,,,,
2000-04-14,,,,,,,,,,,,,
2000-04-15,,,,,,,,,,,,,
2000-04-16,,,,,,,,,,,,,
2000-04-17,,,,,,,,,,,,,
2000-04-18,,,,,,,,,,,,,
2000-04-19,,,,,,,,,,,,,
2000-04-20,,,,,,,,,,,,,
2000-04-21,,,,,,,,,,,,,
2000-04-22,,,,,,,,,,,,,
2000-04-23,,,,,,,,,,,,,
2000-04-24,,,,,,,,,,,,,
2000-04-25,,,,,,,,,,,,,
2000-04-26,,,,,,,,,,,,,
2000-04-27,,,,,,,,,,,,,
2000-04-28,,,,,,,,,,,,,
2000-04-29,,,,,,,,,,,,,
2000-04-30,,,,,,,,,,,,,
2000-05-01,,,,,,,,,,,,,
2000-05-02,,,,,,,,,,,,,
2000-05-03,,,,,,,,,,,,,
2000-05-04,,,,,,,,,,,,,
2000-05-05,,,,,,,,,,,,,
2000-05-06,,,,,,,,,,,,,
2000-05-07,,,,,,,,,,,,,
2000-05-08,,,,,,,,,,,,,
2000-05-09,,,,,,,,,,,,,
2000-05-10,,,,,,,,,,,,,
2000-05-11,,,,,,,,,,,,,
2000-05-12,,,,,,,,,,,,,
2000-05-13,,,,,,,,,,,,,
2000-05-14,,,,,,,,,,,,,
2000-05-15,,,,,,,,,,,,,
2000-05-16,,,,,,,,,,,,,
2000-05-17,,,,,,,,,,,,,
2000-05-18,,,,,,,,,,,,,
2000-05-19,,,,,,,,,,,,,
2000-05-20,,,,,,,,,,,,,
2000-05-21,,,,,,,,,,,,,
2000-05-22,,,,,,,,,,,,,
2000-05-23,,,,,,,,,,,,,
2000-05-24,,,,,,,,,,,,,
2000-05-25,,,,,,,,,,,,,
2000-05-26,,,,,,,,,,,,,
2000-05-27,,,,,,,,,,,,,
2000-05-28,,,,,,,,,,,,,
2000-05-29,,,,,,,,,,,,,
2000-05-30,,,,,,,,,,,,,
2000-05-31,,,,,,,,,,,,,
2000-06-01,,,,,,,,,,,,,
2000-06-02,,,,,,,,,,,,,
2000-06-03,,,,,,,,,,,,,
2000-06-04,,,,,,,,,,,,,
2000-06-05,,,,,,,,,,,,,
2000-06-06,,,,,,,,,,,,,
2000-06-07,,,,,,,,,,,,,
2000-06-08,,,,,,,,,,,,,
2000-06-09,,,,,,,,,,,,,
2000-06-10,,,,,,,,,,,,,
2000-06-11,,,,,,,,,,,,,
2000-06-12,,,,,,,,,,,,,
2000-06-13,,,,,,,,,,,,,
2000-06-14,,,,,,,,,,,,,
2000-06-15,,,,,,,,,,,,,
2000-06-16,,,,,,,,,,,,,
2000-06-17,,,,,,,,,,,,,
2000-06-18,,,,,,,,,,,,,
2000-06-19,,,,,,,,,,,,,
2000-06-20,,,,,,,,,,,,,
2000-06-21,,,,,,,,,,,,,
2000-06-22,,,,,,,,,,,,,
2000-06-23,,,,,,,,,,,,,
2000-06-24,,,,,,,,,,,,,
2000-06-25,,,,,,,,,,,,,
2000-06-26,,,,,,,,,,,,,
2000-06-27,,,,,,,,,,,,,
2000-06-28,,,,,,,,,,,,,
2000-06-29,,,,,,,,,,,,,
2000-06-30,,,,,,,,,,,,,
2000-07-01,,,,,,,,,,,,,
2000-07-02,,,,,,,,,,,,,
2000-07-03,,,,,,,,,,,,,
2000-07-04,,,,,,,,,,,,,
2000-07-05,,,,,,,,,,,,,
2000-07-06,,,,,,,,,,,,,
2000-07-07,,,,,,,,,,,,,
2000-07-08,,,,,,,,,,,,,
2000-07-09,,,,,,,,,,,,,
2000-07-10,,,,,,,,,,,,,
2000-07-11,,,,,,,,,,,,,
2000-07-12,,,,,,,,,,,,,
2000-07-13,,,,,,,,,,,,,
2000-07-14,,,,,,,,,,,,,
2000-07-15,,,,,,,,,,,,,
2000-07-16,,,,,,,,,,,,,
2000-07-17,,,,,,,,,,,,,
2000-07-18,,,,,,,,,,,,,
2000-07-19,,,,,,,,,,,,,
2000-07-20,,,,,,,,,,,,,
2000-07-21,,,,,,,,,,,,,
2000-07-22,,,,,,,,,,,,,
2000-07-23,,,,,,,,,,,,,
2000-07-24,,,,,,,,,,,,,
2000-07-25,,,,,,,,,,,,,
2000-07-26,,,,,,,,,,,,,
2000-07-27,,,,,,,,,,,,,
2000-07-28,,,,,,,,,,,,,
2000-07-29,,,,,,,,,,,,,
2000-07-30,,,,,,,,,,,,,
2000-07-31,,,,,,,,,,,,,
2000-08-01,,,,,,,,,,,,,
2000-08-02,,,,,,,,,,,,,
2000-08-03,,,,,,,,,,,,,
2000-08-04,,,,,,,,,,,,,
2000-08-05,,,,,,,,,,,,,
2000-08-06,,,,,,,,,,,,,
2000-08-07,,,,,,,,,,,,,
2000-08-08,,,,,,,,,,,,,
2000-08-09,,,,,,,,,,,,,
2000-08-10,,,,,,,,,,,,,
2000-08-11,,,,,,,,,,,,,
2000-08-12,,,,,,,,,,,,,
2000-08-13,,,,,,,,,,,,,
2000-08-14,,,,,,,,,,,,,
2000-08-15,,,,,,,,,,,,,
2000-08-16,,,,,,,,,,,,,
2000-08-17,,,,,,,,,,,,,
2000-08-18,,,,,,,,,,,,,
2000-08-19,,,,,,,,,,,,,
2000-08-20,,,,,,,,,,,,,
2000-08-21,,,,,,,,,,,,,
2000-08-22,,,,,,,,,,,,,
2000-08-23,,,,,,,,,,,,,
2000-08-24,,,,,,,,,,,,,
2000-08-25,,,,,,,,,,,,,
2000-08-26,,,,,,,,,,,,,
2000-08-27,,,,,,,,,,,,,
2000-08-28,,,,,,,,,,,,,
2000-08-29,,,,,,,,,,,,,
2000-08-30,,,,,,,,,,,,,
2000-08-31,,,,,,,,,,,,,
2000-09-01,,,,,,,,,,,,,
2000-09-02,,,,,,,,,,,,,
2000-09-03,,,,,,,,,,,,,
2000-09-04,,,,,,,,,,,,,
2000-09-05,,,,,,,,,,,,,
2000-09-06,,,,,,,,,,,,,
2000-09-07,,,,,,,,,,,,,
2000-09-08,,,,,,,,,,,,,
2000-09-09,,,,,,,,,,,,,
2000-09-10,,,,,,,,,,,,,
2000-09-11,,,,,,,,,,,,,
2000-09-12,,,,,,,,,,,,,
2000-09-13,,,,,,,,,,,,,
2000-09-14,,,,,,,,,,,,,
2000-09-15,,,,,,,,,,,,,
2000-09-16,,,,,,,,,,,,,
2000-09-17,,,,,,,,,,,,,
2000-09-18,,,,,,,,,,,,,
2000-09-19,,,,,,,,,,,,,
2000-09-20,,,,,,,,,,,,,
2000-09-21,,,,,,,,,,,,,
2000-09-22,,,,,,,,,,,,,
2000-09-23,,,,,,,,,,,,,
2000-09-24,,,,,,,,,,,,,
2000-09-25,,,,,,,,,,,,,
2000-09-26,,,,,,,,,,,,,
2000-09-27,,,,,,,,,,,,,
2000-09-28,,,,,,,,,,,,,
2000-09-29,,,,,,,,,,,,,
2000-09-30,,,,,,,,,,,,,
2000-10-01,,,,,,,,,,,,,
2000-10-02,,,,,,,,,,,,,
2000-10-03,,,,,,,,,,,,,
2000-10-04,,,,,,,,,,,,,
2000-10-05,,,,,,,,,,,,,
2000-10-06,,,,,,,,,,,,,
2000-10-07,,,,,,,,,,,,,
2000-10-08,,,,,,,,,,,,,
2000-10-09,,,,,,,,,,,,,
2000-10-10,,,,,,,,,,,,,
2000-10-11,,,,,,,,,,,,,
2000-10-12,,,,,,,,,,,,,
2000-10-13,,,,,,,,,,,,,
2000-10-14,,,,,,,,,,,,,
2000-10-15,,,,,,,,,,,,,
2000-10-16,,,,,,,,,,,,,
2000-10-17,,,,,,,,,,,,,
2000-10-18,,,,,,,,,,,,,
2000-10-19,,,,,,,,,,,,,
2000-10-20,,,,,,,,,,,,,
2000-10-21,,,,,,,,,,,,,
2000-10-22,,,,,,,,,,,,,
2000-10-23,,,,,,,,,,,,,
2000-10-24,,,,,,,,,,,,,
2000-10-25,,,,,,,,,,,,,
2000-10-26,,,,,,,,,,,,,
2000-10-27,,,,,,,,,,,,,
2000-10-28,,,,,,,,,,,,,
2000-10-29,,,,,,,,,,,,,
2000-10-30,,,,,,,,,,,,,
2000-10-31,,,,,,,,,,,,,
2000-11-01,,,,,,,,,,,,,
2000-11-02,,,,,,,,,,,,,
2000-11-03,,,,,,,,,,,,,
2000-11-04,,,,,,,,,,,,,
2000-11-05,,,,,,,,,,,,,
2000-11-06,,,,,,,,,,,,,
2000-11-07,,,,,,,,,,,,,
2000-11-08,,,,,,,,,,,,,
2000-11-09,,,,,,,,,,,,,
2000-11-10,,,,,,,,,,,,,
2000-11-11,,,,,,,,,,,,,
2000-11-12,,,,,,,,,,,,,
2000-11-13,,,,,,,,,,,,,
2000-11-14,,,,,,,,,,,,,
2000-11-15,,,,,,,,,,,,,
2000-11-16,,,,,,,,,,,,,
2000-11-17,,,,,,,,,,,,,
2000-11-18,,,,,,,,,,,,,
2000-11-19,,,,,,,,,,,,,
2000-11-20,,,,,,,,,,,,,
2000-11-21,,,,,,,,,,,,,
2000-11-22,,,,,,,,,,,,,
2000-11-23,,,,,,,,,,,,,
2000-11-24,,,,,,,,,,,,,
2000-11-25,,,,,,,,,,,,,
2000-11-26,,,,,,,,,,,,,
2000-11-27,,,,,,,,,,,,,
2000-11-28,,,,,,,,,,,,,
2000-11-29,,,,,,,,,,,,,
2000-11-30,,,,,,,,,,,,,
2000-12-01,,,,,,,,,,,,,
2000-12-02,,,,,,,,,,,,,
2000-12-03,,,,,,,,,,,,,
2000-12-04,,,,,,,,,,,,,
2000-12-05,,,,,,,,,,,,,
2000-12-06,,,,,,,,,,,,,
2000-12-07,,,,,,,,,,,,,
2000-12-08,,,,,,,,,,,,,
2000-12-09,,,,,,,,,,,,,
2000-12-10,,,,,,,,,,,,,
2000-12-11,,,,,,,,,,,,,
2000-12-12,,,,,,,,,,,,,
2000-12-13,,,,,,,,,,,,,
2000-12-14,,,,,,,,,,,,,
2000-12-15,,,,,,,,,,,,,
2000-12-16,,,,,,,,,,,,,
2000-12-17,,,,,,,,,,,,,
2000-12-18,,,,,,,,,,,,,
2000-12-19,,,,,,,,,,,,,
2000-12-20,,,,,,,,,,,,,
2000-12-21,,,,,,,,,,,,,
2000-12-22,,,,,,,,,,,,,
2000-12-23,,,,,,,,,,,,,
2000-12-24,,,,,,,,,,,,,
2000-12-25,,,,,,,,,,,,,
2000-12-26,,,,,,,,,,,,,
2000-12-27,,,,,,,,,,,,,
2000-12-28,,,,,,,,,,,,,
2000-12-29,,,,,,,,,,,,,
2000-12-30,,,,,,,,,,,,,
2000-12-31,,,,,,,,,,,,,
2001-01-01,,,,,,,,,,,,,
2001-01-02,,,,,,,,,,,,,
2001-01-03,,,,,,,,,,,,,
2001-01-04,,,,,,,,,,,,,
2001-01-05,,,,,,,,,,,,,
2001-01-06,,,,,,,,,,,,,
2001-01-07,,,,,,,,,,,,,
2001-01-08,,,,,,,,,,,,,
2001-01-09,,,,,,,,,,,,,
2001-01-10,,,,,,,,,,,,,
2001-01-11,,,,,,,,,,,,,
2001-01-12,,,,,,,,,,,,,
2001-01-13,,,,,,,,,,,,,
2001-01-14,,,,,,,,,,,,,
2001-01-15,,,,,,,,,,,,,
2001-01-16,,,,,,,,,,,,,
2001-01-17,,,,,,,,,,,,,
2001-01-18,,,,,,,,,,,,,
2001-01-19,,,,,,,,,,,,,
2001-01-20,,,,,,,,,,,,,
2001-01-21,,,,,,,,,,,,,
2001-01-22,,,,,,,,,,,,,
2001-01-23,,,,,,,,,,,,,
2001-01-24,,,,,,,,,,,,,
2001-01-25,,,,,,,,,,,,,
2001-01-26,,,,,,,,,,,,,
2001-01-27,,,,,,,,,,,,,
2001-01-28,,,,,,,,,,,,,
2001-01-29,,,,,,,,,,,,,
2001-01-30,,,,,,,,,,,,,
2001-01-31,,,,,,,,,,,,,
2001-02-01,,,,,,,,,,,,,
2001-02-02,,,,,,,,,,,,,
2001-02-03,,,,,,,,,,,,,
2001-02-04,,,,,,,,,,,,,
2001-02-05,,,,,,,,,,,,,
2001-02-06,,,,,,,,,,,,,
2001-02-07,,,,,,,,,,,,,
2001-02-08,,,,,,,,,,,,,
2001-02-09,,,,,,,,,,,,,
2001-02-10,,,,,,,,,,,,,
2001-02-11,,,,,,,,,,,,,
2001-02-12,,,,,,,,,,,,,
2001-02-13,,,,,,,,,,,,,
2001-02-14,,,,,,,,,,,,,
2001-02-15,,,,,,,,,,,,,
2001-02-16,,,,,,,,,,,,,
2001-02-17,,,,,,,,,,,,,
2001-02-18,,,,,,,,,,,,,
2001-02-19,,,,,,,,,,,,,
2001-02-20,,,,,,,,,,,,,
2001-02-21,,,,,,,,,,,,,
2001-02-22,,,,,,,,,,,,,
2001-02-23,,,,,,,,,,,,,
2001-02-24,,,,,,,,,,,,,
2001-02-25,,,,,,,,,,,,,
2001-02-26,,,,,,,,,,,,,
2001-02-27,,,,,,,,,,,,,
2001-02-28,,,,,,,,,,,,,
2001-03-01,,,,,,,,,,,,,
2001-03-02,,,,,,,,,,,,,
2001-03-03,,,,,,,,,,,,,
2001-03-04,,,,,,,,,,,,,
2001-03-05,,,,,,,,,,,,,
2001-03-06,,,,,,,,,,,,,
2001-03-07,,,,,,,,,,,,,
2001-03-08,,,,,,,,,,,,,
2001-03-09,,,,,,,,,,,,,
2001-03-10,,,,,,,,,,,,,
2001-03-11,,,,,,,,,,,,,
2001-03-12,,,,,,,,,,,,,
2001-03-13,,,,,,,,,,,,,
2001-03-14,,,,,,,,,,,,,
2001-03-15,,,,,,,,,,,,,
2001-03-16,,,,,,,,,,,,,
2001-03-17,,,,,,,,,,,,,
2001-03-18,,,,,,,,,,,,,
2001-03-19,,,,,,,,,,,,,
2001-03-20,,,,,,,,,,,,,
2001-03-21,,,,,,,,,,,,,
2001-03-22,,,,,,,,,,,,,
2001-03-23,,,,,,,,,,,,,
2001-03-24,,,,,,,,,,,,,
2001-03-25,,,,,,,,,,,,,
2001-03-26,,,,,,,,,,,,,
2001-03-27,,,,,,,,,,,,,
2001-03-28,,,,,,,,,,,,,
2001-03-29,,,,,,,,,,,,,
2001-03-30,,,,,,,,,,,,,
2001-03-31,,,,,,,,,,,,,
2001-04-01,,,,,,,,,,,,,
2001-04-02,,,,,,,,,,,,,
2001-04-03,,,,,,,,,,,,,
2001-04-04,,,,,,,,,,,,,
2001-04-05,,,,,,,,,,,,,
2001-04-06,,,,,,,,,,,,,
2001-04-07,,,,,,,,,,,,,
2001-04-08,,,,,,,,,,,,,
2001-04-09,,,,,,,,,,,,,
2001-04-10,,,,,,,,,,,,,
2001-04-11,,,,,,,,,,,,,
2001-04-12,,,,,,,,,,,,,
2001-04-13,,,,,,,,,,,,,
2001-04-14,,,,,,,,,,,,,
2001-04-15,,,,,,,,,,,,,
2001-04-16,,,,,,,,,,,,,
2001-04-17,,,,,,,,,,,,,
2001-04-18,,,,,,,,,,,,,
2001-04-19,,,,,,,,,,,,,
2001-04-20,,,,,,,,,,,,,
2001-04-21,,,,,,,,,,,,,
2001-04-22,,,,,,,,,,,,,
2001-04-23,,,,,,,,,,,,,
2001-04-24,,,,,,,,,,,,,
2001-04-25,,,,,,,,,,,,,
2001-04-26,,,,,,,,,,,,,
2001-04-27,,,,,,,,,,,,,
2001-04-28,,,,,,,,,,,,,
2001-04-29,,,,,,,,,,,,,
2001-04-30,,,,,,,,,,,,,
2001-05-01,,,,,,,,,,,,,
2001-05-02,,,,,,,,,,,,,
2001-05-03,,,,,,,,,,,,,
2001-05-04,,,,,,,,,,,,,
2001-05-05,,,,,,,,,,,,,
2001-05-06,,,,,,,,,,,,,
2001-05-07,,,,,,,,,,,,,
2001-05-08,,,,,,,,,,,,,
2001-05-09,,,,,,,,,,,,,
2001-05-10,,,,,,,,,,,,,
2001-05-11,,,,,,,,,,,,,
2001-05-12,,,,,,,,,,,,,
2001-05-13,,,,,,,,,,,,,
2001-05-14,,,,,,,,,,,,,
2001-05-15,,,,,,,,,,,,,
2001-05-16,,,,,,,,,,,,,
2001-05-17,,,,,,,,,,,,,
2001-05-18,,,,,,,,,,,,,
2001-05-19,,,,,,,,,,,,,
2001-05-20,,,,,,,,,,,,,
2001-05-21,,,,,,,,,,,,,
2001-05-22,,,,,,,,,,,,,
2001-05-23,,,,,,,,,,,,,
2001-05-24,,,,,,,,,,,,,
2001-05-25,,,,,,,,,,,,,
2001-05-26,,,,,,,,,,,,,
2001-05-27,,,,,,,,,,,,,
2001-05-28,,,,,,,,,,,,,
2001-05-29,,,,,,,,,,,,,
2001-05-30,,,,,,,,,,,,,
2001-05-31,,,,,,,,,,,,,
2001-06-01,,,,,,,,,,,,,
2001-06-02,,,,,,,,,,,,,
2001-06-03,,,,,,,,,,,,,
2001-06-04,,,,,,,,,,,,,
2001-06-05,,,,,,,,,,,,,
2001-06-06,,,,,,,,,,,,,
2001-06-07,,,,,,,,,,,,,
2001-06-08,,,,,,,,,,,,,
2001-06-09,,,,,,,,,,,,,
2001-06-10,,,,,,,,,,,,,
2001-06-11,,,,,,,,,,,,,
2001-06-12,,,,,,,,,,,,,
2001-06-13,,,,,,,,,,,,,
2001-06-14,,,,,,,,,,,,,
2001-06-15,,,,,,,,,,,,,
2001-06-16,,,,,,,,,,,,,
2001-06-17,,,,,,,,,,,,,
2001-06-18,,,,,,,,,,,,,
2001-06-19,,,,,,,,,,,,,
2001-06-20,,,,,,,,,,,,,
2001-06-21,,,,,,,,,,,,,
2001-06-22,,,,,,,,,,,,,
2001-06-23,,,,,,,,,,,,,
2001-06-24,,,,,,,,,,,,,
2001-06-25,,,,,,,,,,,,,
2001-06-26,,,,,,,,,,,,,
2001-06-27,,,,,,,,,,,,,
2001-06-28,,,,,,,,,,,,,
2001-06-29,,,,,,,,,,,,,
2001-06-30,,,,,,,,,,,,,
2001-07-01,,,,,,,,,,,,,
2001-07-02,,,,,,,,,,,,,
2001-07-03,,,,,,,,,,,,,
2001-07-04,,,,,,,,,,,,,
2001-07-05,,,,,,,,,,,,,
2001-07-06,,,,,,,,,,,,,
2001-07-07,,,,,,,,,,,,,
2001-07-08,,,,,,,,,,,,,
2001-07-09,,,,,,,,,,,,,
2001-07-10,,,,,,,,,,,,,
2001-07-11,,,,,,,,,,,,,
2001-07-12,,,,,,,,,,,,,
2001-07-13,,,,,,,,,,,,,
2001-07-14,,,,,,,,,,,,,
2001-07-15,,,,,,,,,,,,,
2001-07-16,,,,,,,,,,,,,
2001-07-17,,,,,,,,,,,,,
2001-07-18,,,,,,,,,,,,,
2001-07-19,,,,,,,,,,,,,
2001-07-20,,,,,,,,,,,,,
2001-07-21,,,,,,,,,,,,,
2001-07-22,,,,,,,,,,,,,
2001-07-23,,,,,,,,,,,,,
2001-07-24,0.000000,Training,,,,,,,,,,,
2001-07-25,0.000000,Training,,,,,,,,,,,
2001-07-26,0.000000,Training,-0.113047,-0.068218,-0.048349,-0.044942,-0.029881,-0.025681,-0.022922,-0.017823,0.022193,0.177536,1.172101
2001-07-27,0.000000,Training,-0.113136,-0.067841,-0.048104,-0.044687,-0.029073,-0.025783,-0.022669,-0.016832,0.022077,0.176398,1.169041
2001-07-28,0.000000,Training,-0.114925,-0.070624,-0.050471,-0.046708,-0.032039,-0.028077,-0.026209,-0.023650,0.013168,0.167294,1.147918
2001-07-29,0.000000,Training,-0.123187,-0.074665,-0.052775,-0.047059,-0.032843,-0.028402,-0.028174,-0.028630,0.007620,0.161583,1.140152
2001-07-30,0.000000,Training,-0.197499,-0.097357,-0.075891,-0.062801,-0.044771,-0.048444,-0.042448,-0.044775,0.032419,0.219653,1.393765
2001-07-31,0.000000,Training,-0.147763,-0.078548,-0.058375,-0.044342,-0.031492,-0.023500,-0.023926,-0.019882,0.039889,0.216164,1.317803
2001-08-01,0.000000,Training,-0.128488,-0.080659,-0.061501,-0.051594,-0.036040,-0.025869,-0.022704,-0.015617,0.031400,0.200463,1.228593
2001-08-02,0.000000,Training,-0.138102,-0.076545,-0.060744,-0.049188,-0.036111,-0.031565,-0.032052,-0.032586,0.015368,0.179175,1.207780
2001-08-03,0.000000,Training,-0.127683,-0.080931,-0.063543,-0.054828,-0.039550,-0.034025,-0.033489,-0.034245,-0.001474,0.153354,1.113725
2001-08-04,0.000000,Training,-0.125917,-0.079972,-0.061241,-0.053507,-0.038385,-0.034110,-0.033731,-0.034758,-0.004374,0.148777,1.102192
2001-08-05,0.000000,Training,-0.127948,-0.080627,-0.060991,-0.052722,-0.037432,-0.034022,-0.034270,-0.036559,-0.008242,0.142799,1.089098
2001-08-06,0.000000,Training,-0.133569,-0.083404,-0.060583,-0.050247,-0.035441,-0.031819,-0.033647,-0.037639,-0.010561,0.139678,1.083892
2001-08-07,0.000000,Training,-0.129811,-0.081972,-0.060063,-0.050908,-0.035716,-0.033187,-0.034072,-0.037173,-0.011166,0.138953,1.081947
2001-08-08,0.000000,Training,-0.121817,-0.077799,-0.058414,-0.051333,-0.035367,-0.034646,-0.033713,-0.034406,-0.009299,0.140343,1.081857
2001-08-09,0.000000,Training,-0.121931,-0.077960,-0.058052,-0.050861,-0.035074,-0.035081,-0.034569,-0.036626,-0.012982,0.135454,1.070059
2001-08-10,0.000000,Training,-0.124801,-0.079539,-0.058225,-0.049941,-0.034424,-0.034532,-0.034922,-0.038639,-0.016139,0.131589,1.061685
2001-08-11,0.000000,Training,-0.128140,-0.081278,-0.058747,-0.049108,-0.033484,-0.033346,-0.034279,-0.038831,-0.016972,0.130679,1.060217
2001-08-12,0.000000,Training,-0.127239,-0.081387,-0.059166,-0.049434,-0.033628,-0.033788,-0.034449,-0.038857,-0.017463,0.130517,1.059124
2001-08-13,0.000000,Training,-0.125656,-0.079442,-0.058602,-0.048923,-0.033360,-0.034565,-0.035005,-0.039068,-0.016467,0.132471,1.067503
2001-08-14,,,0.132074,0.633492,0.875343,1.161154,1.351754,1.950727,2.546315,4.326508,9.858424,14.559871,45.192692
2001-08-15,,,0.022639,0.530002,0.814069,1.139625,1.376786,2.039196,2.718500,4.807929,11.317698,17.065125,52.204113
2001-08-16,0.000000,Training,-0.118032,-0.074687,-0.056375,-0.048475,-0.029391,-0.035464,-0.031312,-0.030633,-0.009971,0.135523,1.073783
2001-08-17,0.000000,Training,-0.116082,-0.074398,-0.056378,-0.048426,-0.030203,-0.036810,-0.032123,-0.032428,-0.009544,0.137242,1.082579
2001-08-18,0.000000,Training,-0.137823,-0.073871,-0.055678,-0.043253,-0.025223,-0.034143,-0.032066,-0.035211,-0.000771,0.152433,1.154406
2001-08-19,0.000000,Training,-0.120512,-0.077774,-0.059408,-0.049833,-0.028307,-0.033720,-0.028032,-0.027123,-0.007594,0.138932,1.076651
2001-08-20,0.000000,Training,-0.123668,-0.081666,-0.061526,-0.050619,-0.031898,-0.035194,-0.032613,-0.036900,-0.016593,0.132375,1.060877
2001-08-21,0.000000,Training,-0.123654,-0.081887,-0.062884,-0.051927,-0.032048,-0.036345,-0.033300,-0.038116,-0.020549,0.125480,1.042021
2001-08-22,0.000000,Training,-0.123000,-0.081711,-0.061965,-0.051143,-0.031414,-0.036221,-0.033584,-0.038731,-0.022561,0.122754,1.035138
2001-08-23,0.000000,Training,-0.123807,-0.082558,-0.061727,-0.050168,-0.030859,-0.035487,-0.033580,-0.039390,-0.023468,0.122096,1.032762
2001-08-24,0.000000,Training,-0.134438,-0.082508,-0.059039,-0.042733,-0.025525,-0.029471,-0.030661,-0.038093,-0.016174,0.133399,1.074467
2001-08-25,0.000000,Training,-0.166574,-0.087362,-0.063829,-0.043735,-0.026146,-0.035072,-0.035047,-0.044177,0.002201,0.169182,1.224928
2001-08-26,0.000000,Training,-0.127954,-0.086173,-0.067063,-0.052238,-0.031001,-0.031946,-0.027723,-0.028092,-0.006193,0.148664,1.096623
2001-08-27,0.000000,Training,-0.127911,-0.086807,-0.067028,-0.053082,-0.031526,-0.033599,-0.029149,-0.031198,-0.010424,0.141707,1.075624
2001-08-28,0.000000,Training,-0.132001,-0.083293,-0.066714,-0.051506,-0.029760,-0.035213,-0.032217,-0.035904,-0.016054,0.131635,1.063385
2001-08-29,0.000000,Training,-0.127411,-0.083506,-0.065651,-0.052234,-0.029573,-0.035324,-0.031445,-0.033927,-0.018823,0.126421,1.042170
2001-08-30,0.000000,Training,-0.126431,-0.081904,-0.063880,-0.050883,-0.027501,-0.034193,-0.029527,-0.030627,-0.015690,0.128963,1.048724
2001-08-31,0.000000,Training,-0.126083,-0.082980,-0.064152,-0.050967,-0.028434,-0.034111,-0.030506,-0.032894,-0.018588,0.126525,1.040061
2001-09-01,0.000000,Training,,,,,,,,,,,
2001-09-02,0.000000,Training,,,,,,,,,,,
2001-09-03,0.000000,Training,-0.128230,-0.085476,-0.061558,-0.045210,-0.025501,-0.028368,-0.028399,-0.032588,-0.017074,0.131143,1.044860
2001-09-04,0.000000,Training,-0.128175,-0.085858,-0.061721,-0.045212,-0.025475,-0.028180,-0.028151,-0.031941,-0.015953,0.132940,1.048898
2001-09-05,0.000000,Training,-0.125802,-0.084143,-0.063436,-0.049484,-0.027790,-0.032661,-0.030096,-0.032529,-0.017290,0.129896,1.046649
2001-09-06,0.000000,Training,-0.124866,-0.082154,-0.062585,-0.049725,-0.026317,-0.032885,-0.028128,-0.029179,-0.014725,0.130499,1.051023
2001-09-07,0.000000,Training,-0.124660,-0.083936,-0.062365,-0.048492,-0.027740,-0.032059,-0.029929,-0.033326,-0.018049,0.129423,1.044706
2001-09-08,0.000000,Training,-0.126583,-0.084982,-0.059993,-0.043550,-0.024719,-0.026625,-0.026843,-0.030708,-0.013710,0.136340,1.056958
2001-09-09,0.000000,Training,-0.127255,-0.085278,-0.059436,-0.042303,-0.023713,-0.024833,-0.025448,-0.028849,-0.011125,0.139960,1.065066
2001-09-10,0.000000,Training,-0.125311,-0.085136,-0.062348,-0.047537,-0.027423,-0.030209,-0.028717,-0.031105,-0.013742,0.136486,1.060253
2001-09-11,0.000000,Training,-0.125078,-0.082091,-0.062274,-0.049411,-0.026052,-0.032386,-0.027385,-0.026943,-0.009895,0.137116,1.069646
2001-09-12,0.000000,Training,-0.123879,-0.080612,-0.061309,-0.049066,-0.025104,-0.032471,-0.026406,-0.024876,-0.006788,0.139657,1.078050
2001-09-13,0.000000,Training,-0.124697,-0.082278,-0.062037,-0.049641,-0.025899,-0.031720,-0.025840,-0.025468,-0.008719,0.137950,1.069745
2001-09-14,0.000000,Training,-0.124768,-0.081904,-0.061742,-0.049496,-0.025506,-0.031327,-0.025172,-0.024051,-0.006861,0.139938,1.074754
2001-09-15,0.000000,Training,-0.124494,-0.084325,-0.061733,-0.048260,-0.027586,-0.030063,-0.027325,-0.028952,-0.010789,0.139153,1.067329
2001-09-16,0.000000,Training,-0.125052,-0.084890,-0.058530,-0.042654,-0.024465,-0.024234,-0.024201,-0.026236,-0.006091,0.146719,1.079960
2001-09-17,0.000000,Training,-0.124882,-0.085059,-0.059127,-0.043761,-0.025288,-0.025178,-0.024785,-0.026161,-0.005843,0.147040,1.081598
2001-09-18,0.000000,Training,-0.125212,-0.084659,-0.062093,-0.049229,-0.028022,-0.030349,-0.026934,-0.026872,-0.007578,0.142767,1.077866
2001-09-19,0.000000,Training,-0.125256,-0.083344,-0.061641,-0.049645,-0.027293,-0.030781,-0.026093,-0.024699,-0.005439,0.143494,1.081886
2001-09-20,0.000000,Training,-0.127245,-0.080728,-0.060150,-0.048157,-0.024820,-0.029961,-0.024139,-0.020556,0.001198,0.149971,1.105152
2001-09-21,0.000000,Training,-0.306257,-0.158092,-0.137073,-0.059550,-0.009641,0.018167,0.035143,0.070172,0.185311,0.463849,1.948449
2001-09-22,0.000000,Training,-0.297680,-0.164111,-0.169077,-0.072772,0.012520,0.064096,0.150725,0.249270,0.548712,1.020403,3.612509
2001-09-23,0.000000,Training,-0.198929,-0.099665,-0.104389,-0.038733,0.024242,0.076953,0.147937,0.240773,0.527094,0.921762,3.280315
2001-09-24,0.000000,Training,-0.151059,-0.086173,-0.082933,-0.047568,-0.012841,0.034073,0.064815,0.119606,0.250319,0.495533,1.977502
2001-09-25,0.000000,Training,-0.143768,-0.071383,-0.063849,-0.043924,-0.018898,0.018599,0.036715,0.071867,0.162440,0.366018,1.644390
2001-09-26,0.000000,Training,-0.137419,-0.069699,-0.058773,-0.044029,-0.024387,0.006524,0.016026,0.041269,0.106600,0.294990,1.457183
2001-09-27,0.000000,Training,-0.135364,-0.071065,-0.056727,-0.044158,-0.025782,-0.002024,0.004272,0.026319,0.081389,0.262529,1.382041
2001-09-28,0.000000,Training,-0.160608,-0.071060,-0.055501,-0.040462,-0.023304,-0.007692,-0.002914,0.016289,0.090520,0.282078,1.503949
2001-09-29,0.000000,Training,-0.265215,-0.131575,-0.120208,-0.082837,-0.047883,-0.017274,0.005304,0.044838,0.168491,0.438097,1.981338
2001-09-30,0.000000,Training,-0.149467,-0.090520,-0.081824,-0.052382,-0.026767,0.021604,0.036287,0.086043,0.187132,0.435839,1.792594
2001-10-01,0.000000,Training,-0.141868,-0.084046,-0.072074,-0.051239,-0.031999,0.010232,0.018281,0.052522,0.129340,0.342001,1.552891
2001-10-02,0.000000,Training,-0.150756,-0.076033,-0.063123,-0.045514,-0.032330,-0.006174,-0.006526,0.012098,0.075679,0.265354,1.416726
2001-10-03,0.000000,Training,-0.139573,-0.075951,-0.061429,-0.047783,-0.032767,-0.007904,-0.006623,0.014703,0.067602,0.250585,1.355271
2001-10-04,0.000000,Training,-0.133395,-0.075259,-0.059167,-0.048995,-0.031882,-0.010504,-0.007091,0.016090,0.064352,0.241598,1.320477
2001-10-05,0.000000,Training,-0.297954,-0.145281,-0.133610,-0.078878,-0.040688,0.001555,0.019187,0.070843,0.214497,0.507065,2.138386
2001-10-06,0.000000,Training,-0.325615,-0.139156,-0.153183,0.008945,0.089580,0.208090,0.290036,0.463797,1.037472,1.808097,5.922171
2001-10-07,0.000000,Training,-0.173370,-0.064889,-0.078021,0.014626,0.081055,0.190537,0.277977,0.459553,0.914305,1.469248,4.544456
2001-10-08,0.000000,Training,-0.215590,-0.078111,-0.079940,-0.035355,-0.003503,0.068399,0.114240,0.202257,0.495914,0.860856,3.184048
2001-10-09,0.000000,Training,-0.184889,-0.078888,-0.077156,-0.039899,-0.012799,0.047399,0.079211,0.152480,0.376470,0.675288,2.482431
2001-10-10,0.000000,Training,-0.172152,-0.068779,-0.061329,-0.036155,-0.019181,0.037255,0.053697,0.111122,0.286021,0.554516,2.200727
2001-10-11,0.000000,Training,-0.303668,-0.144491,-0.138171,-0.081241,-0.053509,0.023577,0.043316,0.109033,0.335694,0.713624,2.762105
2001-10-12,0.000000,Training,-0.309865,-0.145625,-0.155533,-0.059633,0.007460,0.106504,0.185433,0.335767,0.779846,1.377919,4.719775
2001-10-13,,,-0.276110,0.245180,0.656500,1.146729,1.563293,2.489680,3.426853,6.701968,16.525023,26.552080,74.089828
2001-10-14,,,-0.364111,0.154795,0.601490,1.162424,1.671726,2.697387,3.761363,7.517807,18.759705,30.515690,83.298950
2001-10-15,,,,,,,,,,,,,
2001-10-16,,,,,,,,,,,,,
2001-10-17,,,,,,,,,,,,,
2001-10-18,,,,,,,,,,,,,
2001-10-19,,,,,,,,,,,,,
2001-10-20,,,,,,,,,,,,,
2001-10-21,,,,,,,,,,,,,
2001-10-22,,,,,,,,,,,,,
2001-10-23,,,,,,,,,,,,,
2001-10-24,,,,,,,,,,,,,
2001-10-25,,,,,,,,,,,,,
2001-10-26,,,,,,,,,,,,,
2001-10-27,,,,,,,,,,,,,
2001-10-28,,,,,,,,,,,,,
2001-10-29,,,,,,,,,,,,,
2001-10-30,,,,,,,,,,,,,
2001-10-31,,,,,,,,,,,,,
2001-11-01,,,,,,,,,,,,,
2001-11-02,,,,,,,,,,,,,
2001-11-03,,,,,,,,,,,,,
2001-11-04,,,,,,,,,,,,,
2001-11-05,,,,,,,,,,,,,
2001-11-06,,,,,,,,,,,,,
2001-11-07,,,,,,,,,,,,,
2001-11-08,,,,,,,,,,,,,
2001-11-09,,,,,,,,,,,,,
2001-11-10,,,,,,,,,,,,,
2001-11-11,,,,,,,,,,,,,
2001-11-12,,,,,,,,,,,,,
2001-11-13,,,,,,,,,,,,,
2001-11-14,,,,,,,,,,,,,
2001-11-15,,,,,,,,,,,,,
2001-11-16,,,,,,,,,,,,,
2001-11-17,,,,,,,,,,,,,
2001-11-18,,,,,,,,,,,,,
2001-11-19,,,,,,,,,,,,,
2001-11-20,,,,,,,,,,,,,
2001-11-21,,,,,,,,,,,,,
2001-11-22,,,,,,,,,,,,,
2001-11-23,,,,,,,,,,,,,
2001-11-24,,,,,,,,,,,,,
2001-11-25,,,,,,,,,,,,,
2001-11-26,,,,,,,,,,,,,
2001-11-27,,,,,,,,,,,,,
2001-11-28,,,,,,,,,,,,,
2001-11-29,,,,,,,,,,,,,
2001-11-30,,,,,,,,,,,,,
2001-12-01,,,,,,,,,,,,,
2001-12-02,,,,,,,,,,,,,
2001-12-03,,,,,,,,,,,,,
2001-12-04,,,,,,,,,,,,,
2001-12-05,,,,,,,,,,,,,
2001-12-06,,,,,,,,,,,,,
2001-12-07,,,,,,,,,,,,,
2001-12-08,,,,,,,,,,,,,
2001-12-09,,,,,,,,,,,,,
2001-12-10,,,,,,,,,,,,,
2001-12-11,,,,,,,,,,,,,
2001-12-12,,,,,,,,,,,,,
2001-12-13,,,,,,,,,,,,,
2001-12-14,,,,,,,,,,,,,
2001-12-15,,,,,,,,,,,,,
2001-12-16,,,,,,,,,,,,,
2001-12-17,,,,,,,,,,,,,
2001-12-18,,,,,,,,,,,,,
2001-12-19,,,,,,,,,,,,,
2001-12-20,,,,,,,,,,,,,
2001-12-21,,,,,,,,,,,,,
2001-12-22,,,,,,,,,,,,,
2001-12-23,,,,,,,,,,,,,
2001-12-24,,,,,,,,,,,,,
2001-12-25,,,,,,,,,,,,,
2001-12-26,,,,,,,,,,,,,
2001-12-27,,,,,,,,,,,,,
2001-12-28,,,,,,,,,,,,,
2001-12-29,,,,,,,,,,,,,
2001-12-30,,,,,,,,,,,,,
2001-12-31,,,,,,,,,,,,,
2002-01-01,,,,,,,,,,,,,
2002-01-02,,,,,,,,,,,,,
2002-01-03,,,,,,,,,,,,,
2002-01-04,,,,,,,,,,,,,
2002-01-05,,,,,,,,,,,,,
2002-01-06,,,,,,,,,,,,,
2002-01-07,,,,,,,,,,,,,
2002-01-08,,,,,,,,,,,,,
2002-01-09,,,,,,,,,,,,,
2002-01-10,,,,,,,,,,,,,
2002-01-11,,,,,,,,,,,,,
2002-01-12,,,,,,,,,,,,,
2002-01-13,,,,,,,,,,,,,
2002-01-14,,,,,,,,,,,,,
2002-01-15,,,,,,,,,,,,,
2002-01-16,,,,,,,,,,,,,
2002-01-17,,,,,,,,,,,,,
2002-01-18,,,,,,,,,,,,,
2002-01-19,,,,,,,,,,,,,
2002-01-20,,,,,,,,,,,,,
2002-01-21,,,,,,,,,,,,,
2002-01-22,,,,,,,,,,,,,
2002-01-23,,,,,,,,,,,,,
2002-01-24,,,,,,,,,,,,,
2002-01-25,,,,,,,,,,,,,
2002-01-26,,,,,,,,,,,,,
2002-01-27,,,,,,,,,,,,,
2002-01-28,,,,,,,,,,,,,
2002-01-29,,,,,,,,,,,,,
2002-01-30,,,,,,,,,,,,,
2002-01-31,,,,,,,,,,,,,
2002-02-01,,,,,,,,,,,,,
2002-02-02,,,,,,,,,,,,,
2002-02-03,,,,,,,,,,,,,
2002-02-04,,,,,,,,,,,,,
2002-02-05,,,,,,,,,,,,,
2002-02-06,,,,,,,,,,,,,
2002-02-07,,,,,,,,,,,,,
2002-02-08,,,,,,,,,,,,,
2002-02-09,,,,,,,,,,,,,
2002-02-10,,,,,,,,,,,,,
2002-02-11,,,,,,,,,,,,,
2002-02-12,,,,,,,,,,,,,
2002-02-13,,,,,,,,,,,,,
2002-02-14,,,,,,,,,,,,,
2002-02-15,,,,,,,,,,,,,
2002-02-16,,,,,,,,,,,,,
2002-02-17,,,,,,,,,,,,,
2002-02-18,,,,,,,,,,,,,
2002-02-19,,,,,,,,,,,,,
2002-02-20,,,,,,,,,,,,,
2002-02-21,,,,,,,,,,,,,
2002-02-22,,,,,,,,,,,,,
2002-02-23,,,,,,,,,,,,,
2002-02-24,,,,,,,,,,,,,
2002-02-25,,,,,,,,,,,,,
2002-02-26,,,,,,,,,,,,,
2002-02-27,,,,,,,,,,,,,
2002-02-28,,,,,,,,,,,,,
2002-03-01,,,,,,,,,,,,,
2002-03-02,,,,,,,,,,,,,
2002-03-03,,,,,,,,,,,,,
2002-03-04,,,,,,,,,,,,,
2002-03-05,,,,,,,,,,,,,
2002-03-06,,,,,,,,,,,,,
2002-03-07,,,,,,,,,,,,,
2002-03-08,,,,,,,,,,,,,
2002-03-09,,,,,,,,,,,,,
2002-03-10,,,,,,,,,,,,,
2002-03-11,,,,,,,,,,,,,
2002-03-12,,,,,,,,,,,,,
2002-03-13,,,,,,,,,,,,,
2002-03-14,,,,,,,,,,,,,
2002-03-15,,,,,,,,,,,,,
2002-03-16,,,,,,,,,,,,,
2002-03-17,,,,,,,,,,,,,
2002-03-18,,,,,,,,,,,,,
2002-03-19,,,,,,,,,,,,,
2002-03-20,,,,,,,,,,,,,
2002-03-21,,,,,,,,,,,,,
2002-03-22,,,,,,,,,,,,,
2002-03-23,,,,,,,,,,,,,
2002-03-24,,,,,,,,,,,,,
2002-03-25,,,,,,,,,,,,,
2002-03-26,,,,,,,,,,,,,
2002-03-27,,,,,,,,,,,,,
2002-03-28,,,,,,,,,,,,,
2002-03-29,,,,,,,,,,,,,
2002-03-30,,,,,,,,,,,,,
2002-03-31,,,,,,,,,,,,,
2002-04-01,,,,,,,,,,,,,
2002-04-02,,,,,,,,,,,,,
2002-04-03,,,,,,,,,,,,,
2002-04-04,,,,,,,,,,,,,
2002-04-05,,,,,,,,,,,,,
2002-04-06,,,,,,,,,,,,,
2002-04-07,,,,,,,,,,,,,
2002-04-08,,,,,,,,,,,,,
2002-04-09,,,,,,,,,,,,,
2002-04-10,,,,,,,,,,,,,
2002-04-11,,,,,,,,,,,,,
2002-04-12,,,,,,,,,,,,,
2002-04-13,,,,,,,,,,,,,
2002-04-14,,,,,,,,,,,,,
2002-04-15,,,,,,,,,,,,,
2002-04-16,,,,,,,,,,,,,
2002-04-17,,,,,,,,,,,,,
2002-04-18,,,,,,,,,,,,,
2002-04-19,,,,,,,,,,,,,
2002-04-20,,,,,,,,,,,,,
2002-04-21,,,,,,,,,,,,,
2002-04-22,,,,,,,,,,,,,
2002-04-23,,,,,,,,,,,,,
2002-04-24,,,,,,,,,,,,,
2002-04-25,,,,,,,,,,,,,
2002-04-26,,,,,,,,,,,,,
2002-04-27,,,,,,,,,,,,,
2002-04-28,,,,,,,,,,,,,
2002-04-29,,,,,,,,,,,,,
2002-04-30,,,,,,,,,,,,,
2002-05-01,,,,,,,,,,,,,
2002-05-02,,,,,,,,,,,,,
2002-05-03,,,,,,,,,,,,,
2002-05-04,,,,,,,,,,,,,
2002-05-05,,,,,,,,,,,,,
2002-05-06,,,,,,,,,,,,,
2002-05-07,,,,,,,,,,,,,
2002-05-08,,,,,,,,,,,,,
2002-05-09,,,,,,,,,,,,,
2002-05-10,,,,,,,,,,,,,
2002-05-11,,,,,,,,,,,,,
2002-05-12,,,,,,,,,,,,,
2002-05-13,,,,,,,,,,,,,
2002-05-14,,,,,,,,,,,,,
2002-05-15,,,,,,,,,,,,,
2002-05-16,,,,,,,,,,,,,
2002-05-17,0.000000,Training,,,,,,,,,,,
2002-05-18,0.000000,Training,,,,,,,,,,,
2002-05-19,0.000000,Training,-0.069993,-0.007253,-0.000626,0.011176,0.041178,0.092936,0.137316,0.226540,0.435349,0.733009,2.468473
2002-05-20,0.000000,Training,-0.073488,-0.009100,-0.005761,0.006748,0.037599,0.085316,0.130026,0.216985,0.423974,0.713474,2.426713
2002-05-21,0.000000,Training,-0.116824,-0.007589,-0.002983,0.011407,0.046280,0.072942,0.123050,0.213043,0.481900,0.801492,2.831292
2002-05-22,0.000000,Training,-0.095325,-0.007570,-0.001056,0.012363,0.052636,0.074385,0.126712,0.223874,0.476092,0.774554,2.697379
2002-05-23,0.000000,Training,-0.076089,-0.016260,-0.008085,0.002643,0.044813,0.071256,0.124419,0.219170,0.438779,0.719436,2.463491
2002-05-24,0.000000,Training,-0.076600,-0.015486,-0.011280,0.001072,0.037513,0.071049,0.120492,0.207183,0.416285,0.693598,2.397523
2002-05-25,0.000000,Training,-0.082214,-0.014991,-0.010509,0.002752,0.038824,0.073896,0.122645,0.210776,0.416489,0.691553,2.387704
2002-05-26,0.000000,Training,-0.073460,-0.018616,-0.011386,-0.001813,0.043811,0.055143,0.099718,0.180925,0.363937,0.607623,2.194479
2002-05-27,0.000000,Training,-0.067847,-0.015770,-0.007803,0.001101,0.047359,0.051992,0.092694,0.167514,0.334339,0.563545,2.091472
2002-05-28,0.000000,Training,-0.053561,-0.005488,-0.000601,0.007616,0.042931,0.057204,0.090323,0.155011,0.304960,0.533533,2.026359
2002-05-29,0.000000,Training,-0.054109,-0.007734,-0.003035,0.006346,0.036347,0.054667,0.082821,0.138892,0.279831,0.508148,1.970050
2002-05-30,0.000000,Training,-0.064780,-0.013357,-0.006164,0.006167,0.033920,0.054349,0.078654,0.127868,0.263042,0.488709,1.937143
2002-05-31,0.000000,Training,-0.068491,-0.013896,-0.005075,0.008441,0.034826,0.055220,0.077679,0.124023,0.256257,0.479241,1.925449
2002-06-01,0.000000,Training,-0.065299,-0.012947,-0.004070,0.008550,0.033431,0.053026,0.075051,0.118967,0.248367,0.469288,1.904861
2002-06-02,0.000000,Training,-0.057754,-0.010897,-0.003291,0.007249,0.031318,0.048795,0.071225,0.114680,0.242510,0.462090,1.882228
2002-06-03,0.000000,Training,-0.049335,-0.006349,0.000208,0.007666,0.035072,0.045971,0.073360,0.123309,0.257476,0.475380,1.907727
2002-06-04,0.000000,Training,-0.166903,-0.043386,-0.031119,-0.011447,0.033239,0.025235,0.072005,0.137618,0.365083,0.641257,2.531613
2002-06-05,0.000000,Training,-0.073942,-0.011149,-0.002335,0.009962,0.045632,0.046489,0.080658,0.143319,0.307945,0.536645,2.110404
2002-06-06,0.000000,Training,-0.085999,-0.020133,-0.008730,0.004878,0.041569,0.042157,0.076876,0.138510,0.310636,0.544743,2.122479
2002-06-07,0.000000,Training,-0.087290,-0.013760,-0.009388,0.005938,0.034948,0.042039,0.072409,0.125007,0.296754,0.532441,2.125936
2002-06-08,0.000000,Training,-0.084981,-0.033289,-0.023016,-0.011473,0.029646,0.028976,0.065612,0.124132,0.279695,0.498296,1.960838
2002-06-09,0.000000,Training,-0.072115,-0.021484,-0.014061,-0.003834,0.028171,0.037949,0.068409,0.119035,0.259199,0.476317,1.909835
2002-06-10,0.000000,Training,-0.069136,-0.021533,-0.015302,-0.004767,0.020125,0.036052,0.060174,0.099487,0.226600,0.441823,1.829039
2002-06-11,0.000000,Training,-0.090080,-0.032138,-0.020434,-0.005646,0.018126,0.037350,0.057301,0.089205,0.211642,0.424298,1.804149
2002-06-12,0.000000,Training,-0.098173,-0.030485,-0.017669,-0.000620,0.021186,0.039043,0.056730,0.087271,0.215514,0.430719,1.846981
2002-06-13,0.000000,Training,-0.101470,-0.029742,-0.016443,0.001196,0.021964,0.038537,0.055274,0.085227,0.216778,0.433825,1.870105
2002-06-14,0.000000,Training,-0.085359,-0.031845,-0.018564,-0.006039,0.015847,0.032265,0.050715,0.079851,0.195521,0.403231,1.756521
2002-06-15,0.000000,Training,-0.086060,-0.032670,-0.018662,-0.006373,0.014037,0.029778,0.047059,0.073105,0.185899,0.391039,1.728328
2002-06-16,0.000000,Training,-0.094673,-0.036732,-0.019907,-0.004859,0.014515,0.030303,0.044910,0.068007,0.178105,0.380275,1.706118
2002-06-17,0.000000,Training,-0.092667,-0.036777,-0.020161,-0.006490,0.012533,0.027313,0.041919,0.064252,0.172086,0.372670,1.688113
2002-06-18,0.000000,Training,-0.080779,-0.032602,-0.019115,-0.009494,0.009323,0.022051,0.038317,0.061590,0.167646,0.367289,1.666565
2002-06-19,0.000000,Training,-0.081978,-0.027217,-0.015722,-0.005740,0.011153,0.020890,0.036776,0.060947,0.176153,0.380180,1.717910
2002-06-20,0.000000,Training,-0.075574,-0.031371,-0.019067,-0.011515,0.006900,0.017025,0.034002,0.057333,0.162418,0.360062,1.642724
2002-06-21,0.000000,Training,-0.084553,-0.037026,-0.023217,-0.014395,0.003796,0.015102,0.031200,0.050981,0.156384,0.354393,1.633944
2002-06-22,0.000000,Training,-0.090267,-0.040808,-0.027220,-0.017514,0.000303,0.012713,0.029189,0.047786,0.156351,0.356258,1.642356
2002-06-23,0.000000,Training,-0.078886,-0.033150,-0.019943,-0.013083,0.006664,0.014188,0.029823,0.052191,0.149219,0.339617,1.587011
2002-06-24,0.000000,Training,-0.079102,-0.034515,-0.020759,-0.014354,0.004560,0.012155,0.027043,0.047864,0.142088,0.330761,1.564255
2002-06-25,0.000000,Training,-0.099405,-0.036644,-0.021533,-0.010711,0.004475,0.012582,0.023182,0.037864,0.140942,0.334727,1.617970
2002-06-26,0.000000,Training,-0.101163,-0.034498,-0.020477,-0.009911,0.004144,0.010397,0.021271,0.036996,0.146285,0.343712,1.656819
2002-06-27,0.000000,Training,-0.083291,-0.039158,-0.024445,-0.017820,-0.002352,0.007028,0.019396,0.035896,0.125786,0.313239,1.529024
2002-06-28,0.000000,Training,-0.093956,-0.045678,-0.028966,-0.021002,-0.006140,0.004940,0.014885,0.026528,0.112227,0.297077,1.490926
2002-06-29,0.000000,Training,-0.092783,-0.045238,-0.029690,-0.022336,-0.007614,0.002718,0.012001,0.024020,0.106924,0.289324,1.468389
2002-06-30,0.000000,Training,-0.088364,-0.042587,-0.027446,-0.021582,-0.006652,0.002407,0.012446,0.027674,0.109958,0.291482,1.468560
2002-07-01,0.000000,Validation,-0.093855,-0.046586,-0.030264,-0.024091,-0.010034,0.000381,0.008527,0.020112,0.099013,0.279147,1.440161
2002-07-02,0.000000,Validation,-0.091634,-0.045428,-0.029424,-0.024112,-0.010168,-0.000574,0.008012,0.020758,0.099171,0.278511,1.436689
2002-07-03,0.000000,Validation,-0.093529,-0.047125,-0.030789,-0.025708,-0.012063,-0.001968,0.005869,0.017588,0.093695,0.271954,1.419022
2002-07-04,0.000000,Validation,-0.096736,-0.049430,-0.032535,-0.027364,-0.014081,-0.003488,0.003310,0.013495,0.087245,0.264314,1.400031
2002-07-05,0.000000,Validation,-0.098059,-0.050583,-0.033547,-0.028576,-0.015423,-0.004727,0.001603,0.011368,0.083313,0.259364,1.386426
2002-07-06,0.000000,Validation,-0.098873,-0.051284,-0.034262,-0.029509,-0.016460,-0.005884,0.000163,0.009854,0.080498,0.255726,1.376225
2002-07-07,0.000000,Validation,-0.101938,-0.053754,-0.036136,-0.031283,-0.018380,-0.007387,-0.002203,0.006151,0.074318,0.248240,1.357018
2002-07-08,0.000000,Validation,-0.098491,-0.050689,-0.033561,-0.029473,-0.015654,-0.006846,0.000133,0.012541,0.082009,0.255101,1.371694
2002-07-09,0.000000,Validation,-0.102437,-0.050067,-0.033037,-0.028153,-0.014747,-0.006811,-0.000421,0.012445,0.084014,0.257725,1.385895
2002-07-10,0.000000,Validation,-0.115397,-0.049455,-0.032792,-0.025434,-0.014471,-0.007584,-0.003458,0.007111,0.088519,0.268283,1.443788
2002-07-11,0.000000,Validation,-0.102600,-0.055573,-0.038153,-0.033855,-0.020453,-0.010363,-0.004725,0.006499,0.071132,0.242944,1.338331
2002-07-12,0.000000,Validation,-0.106297,-0.059301,-0.041197,-0.036750,-0.024008,-0.013044,-0.008860,-0.000791,0.061185,0.232264,1.310596
2002-07-13,0.000000,Validation,-0.111635,-0.062320,-0.043895,-0.038759,-0.025772,-0.014990,-0.012297,-0.006325,0.052189,0.220299,1.283028
2002-07-14,0.000000,Validation,-0.121286,-0.067779,-0.046483,-0.039735,-0.026886,-0.015310,-0.014123,-0.011075,0.045316,0.211778,1.268621
2002-07-15,0.000000,Validation,-0.120185,-0.068456,-0.046991,-0.040721,-0.027988,-0.016670,-0.015158,-0.012493,0.042516,0.208388,1.260260
2002-07-16,0.000000,Validation,-0.122879,-0.070746,-0.048235,-0.041375,-0.028729,-0.017393,-0.016524,-0.014337,0.039392,0.204686,1.250968
2002-07-17,0.000000,Validation,-0.127267,-0.073797,-0.049260,-0.040427,-0.028454,-0.016640,-0.017509,-0.016384,0.036160,0.200862,1.239957
2002-07-18,0.000000,Validation,-0.127119,-0.074566,-0.050144,-0.041771,-0.029457,-0.018193,-0.018737,-0.017541,0.033652,0.197587,1.231848
2002-07-19,0.000000,Validation,-0.124233,-0.073792,-0.050495,-0.043795,-0.030815,-0.020817,-0.020249,-0.018581,0.030952,0.193726,1.222289
2002-07-20,0.000000,Validation,-0.116256,-0.070313,-0.049007,-0.044355,-0.031273,-0.022910,-0.021309,-0.018278,0.029639,0.191378,1.211583
2002-07-21,0.000000,Validation,-0.113127,-0.068706,-0.047999,-0.044210,-0.030975,-0.024035,-0.022051,-0.018562,0.027757,0.187857,1.201109
2002-07-22,0.000000,Validation,-0.138405,-0.062648,-0.042930,-0.035597,-0.022416,-0.023517,-0.020332,-0.013737,0.058163,0.229560,1.370031
2002-07-23,0.000000,Validation,-0.114073,-0.070242,-0.050247,-0.045586,-0.031781,-0.024332,-0.021805,-0.016446,0.029450,0.190810,1.207393
2002-07-24,0.000000,Validation,-0.126552,-0.077973,-0.054407,-0.047510,-0.033809,-0.025191,-0.024444,-0.023488,0.021506,0.182325,1.189074
2002-07-25,0.000000,Validation,-0.133012,-0.080651,-0.057121,-0.047440,-0.033543,-0.025267,-0.026640,-0.027500,0.014796,0.172490,1.165087
2002-07-26,0.000000,Validation,-0.131505,-0.080350,-0.056846,-0.048163,-0.033892,-0.026433,-0.027352,-0.027554,0.012807,0.169854,1.159262
2002-07-27,0.000000,Validation,-0.125474,-0.077895,-0.055854,-0.049314,-0.034464,-0.028636,-0.028238,-0.027205,0.011368,0.167373,1.151018
2002-07-28,0.000000,Validation,-0.128046,-0.079261,-0.055965,-0.048848,-0.034153,-0.028972,-0.029194,-0.029542,0.007577,0.162138,1.140065
2002-07-29,0.000000,Validation,-0.119538,-0.075330,-0.054120,-0.048982,-0.034471,-0.030929,-0.029841,-0.029234,0.006597,0.160520,1.133832
2002-07-30,0.000000,Validation,-0.116890,-0.073781,-0.053209,-0.048731,-0.033732,-0.031407,-0.029564,-0.028049,0.006631,0.159488,1.129777
2002-07-31,0.000000,Validation,-0.117923,-0.074660,-0.053659,-0.049009,-0.034152,-0.032341,-0.030982,-0.030911,0.002110,0.153801,1.116723
2002-08-01,0.000000,Validation,-0.116621,-0.073584,-0.053148,-0.048725,-0.033393,-0.032432,-0.030532,-0.029725,0.002312,0.153259,1.114907
2002-08-02,0.000000,Validation,-0.116461,-0.073396,-0.053197,-0.048726,-0.033027,-0.032557,-0.030401,-0.029446,0.001488,0.151812,1.110897
2002-08-03,0.000000,Validation,-0.116429,-0.073097,-0.053145,-0.048565,-0.032453,-0.032563,-0.030110,-0.028897,0.001064,0.150747,1.108110
2002-08-04,0.000000,Validation,-0.118310,-0.075244,-0.054774,-0.049581,-0.033934,-0.033613,-0.032079,-0.032861,-0.004317,0.145306,1.094681
2002-08-05,0.000000,Validation,-0.117061,-0.073656,-0.053934,-0.048902,-0.032349,-0.033072,-0.030594,-0.029918,-0.002186,0.146566,1.097320
2002-08-06,0.000000,Validation,-0.117058,-0.073232,-0.053783,-0.048560,-0.031448,-0.032858,-0.029972,-0.028806,-0.001915,0.146202,1.096220
2002-08-07,0.000000,Validation,-0.120315,-0.077028,-0.056365,-0.049997,-0.033915,-0.034352,-0.033168,-0.035331,-0.009732,0.138794,1.078137
2002-08-08,0.000000,Validation,-0.123450,-0.079032,-0.057362,-0.049842,-0.033755,-0.034277,-0.033681,-0.037024,-0.012042,0.136264,1.073392
2002-08-09,0.000000,Validation,-0.118231,-0.075570,-0.056178,-0.049988,-0.032681,-0.034940,-0.032423,-0.033263,-0.008650,0.138897,1.079335
2002-08-10,0.000000,Validation,-0.135268,-0.069243,-0.051010,-0.041577,-0.023878,-0.032082,-0.028288,-0.026894,0.013701,0.167579,1.194435
2002-08-11,0.000000,Validation,-0.120048,-0.078229,-0.058819,-0.051176,-0.033841,-0.034689,-0.031731,-0.033210,-0.008973,0.140761,1.083263
2002-08-12,0.000000,Validation,-0.128514,-0.083911,-0.060881,-0.050583,-0.034117,-0.033534,-0.032709,-0.037851,-0.013796,0.136538,1.072399
2002-08-13,0.000000,Validation,-0.134084,-0.085838,-0.061989,-0.048762,-0.032287,-0.031319,-0.032410,-0.039129,-0.016680,0.131818,1.060265
2002-08-14,0.000000,Validation,-0.130536,-0.084757,-0.062137,-0.050531,-0.033215,-0.033527,-0.033290,-0.038683,-0.017700,0.130643,1.057317
2002-08-15,0.000000,Validation,-0.122580,-0.080220,-0.060770,-0.051810,-0.033205,-0.035878,-0.033274,-0.036125,-0.016193,0.130934,1.056810
2002-08-16,0.000000,Validation,-0.121725,-0.079583,-0.059926,-0.051127,-0.032483,-0.036138,-0.033607,-0.037256,-0.018576,0.127165,1.047752
2002-08-17,0.000000,Validation,-0.121230,-0.079543,-0.059592,-0.050699,-0.032098,-0.036284,-0.033942,-0.038296,-0.020655,0.124324,1.040628
2002-08-18,0.000000,Validation,-0.120597,-0.078288,-0.058928,-0.050113,-0.030598,-0.035785,-0.032568,-0.035892,-0.018733,0.125582,1.044478
2002-08-19,0.000000,Validation,-0.120103,-0.077477,-0.058447,-0.049603,-0.029150,-0.035207,-0.031143,-0.033409,-0.016824,0.126834,1.047115
2002-08-20,0.000000,Validation,-0.120560,-0.078840,-0.059381,-0.050051,-0.030106,-0.035635,-0.032289,-0.035901,-0.019791,0.124411,1.040224
2002-08-21,0.000000,Validation,-0.120916,-0.079453,-0.059745,-0.049999,-0.030166,-0.035663,-0.032617,-0.036817,-0.021012,0.123404,1.037459
2002-08-22,0.000000,Validation,-0.120092,-0.077083,-0.058298,-0.048825,-0.027054,-0.034476,-0.029510,-0.030998,-0.015522,0.127469,1.048326
2002-08-23,0.000000,Validation,-0.120293,-0.076629,-0.058086,-0.048349,-0.025797,-0.033920,-0.028291,-0.028820,-0.013245,0.129568,1.053461
2002-08-24,0.000000,Validation,-0.127335,-0.074231,-0.056506,-0.044423,-0.022865,-0.032058,-0.027491,-0.028315,-0.006171,0.140330,1.097677
2002-08-25,0.000000,Validation,-0.233295,-0.122331,-0.104730,-0.078366,-0.045744,-0.055765,-0.039661,-0.038008,0.020769,0.211558,1.364173
2002-08-26,0.000000,Validation,-0.131187,-0.087264,-0.071429,-0.053199,-0.027399,-0.022900,-0.013165,-0.001821,0.029553,0.198465,1.208672
2002-08-27,0.000000,Validation,-0.131851,-0.088173,-0.070725,-0.054301,-0.028942,-0.026506,-0.017155,-0.009877,0.019915,0.182192,1.165871
2002-08-28,0.000000,Validation,-0.130258,-0.086227,-0.070116,-0.055278,-0.034373,-0.035736,-0.033057,-0.037901,-0.019804,0.130480,1.051111
2002-08-29,0.000000,Validation,-0.128103,-0.085745,-0.066972,-0.052780,-0.033448,-0.035071,-0.033623,-0.039884,-0.023771,0.125805,1.040048
2002-08-30,0.000000,Validation,-0.126284,-0.084409,-0.064856,-0.051329,-0.032036,-0.034476,-0.033008,-0.038905,-0.023783,0.124762,1.038013
2002-08-31,0.000000,Validation,-0.125235,-0.083318,-0.063987,-0.051047,-0.031136,-0.034502,-0.032334,-0.037440,-0.022880,0.124730,1.038795
2002-09-01,0.000000,Validation,-0.126720,-0.082753,-0.062795,-0.048878,-0.029881,-0.033208,-0.032006,-0.037464,-0.021240,0.127534,1.048787
2002-09-02,0.000000,Validation,-0.124309,-0.081516,-0.062797,-0.050402,-0.028912,-0.033723,-0.029955,-0.032973,-0.019019,0.127203,1.045650
2002-09-03,0.000000,Validation,-0.123941,-0.078874,-0.061121,-0.049284,-0.025211,-0.032801,-0.026356,-0.025596,-0.011000,0.133489,1.062360
2002-09-04,0.000000,Validation,-0.124020,-0.078539,-0.061000,-0.049181,-0.024334,-0.032420,-0.025275,-0.023358,-0.008337,0.136001,1.067529
2002-09-05,0.000000,Validation,-0.124128,-0.078315,-0.060864,-0.049111,-0.023536,-0.032055,-0.024284,-0.021246,-0.005711,0.138681,1.073199
2002-09-06,0.000000,Validation,-0.124128,-0.078511,-0.060967,-0.048980,-0.024083,-0.031362,-0.024260,-0.021868,-0.006510,0.138783,1.072958
2002-09-07,0.000000,Validation,-0.159843,-0.079760,-0.062715,-0.046352,-0.021002,-0.034641,-0.026893,-0.026486,0.014996,0.175381,1.236488
2002-09-08,0.000000,Validation,-0.205830,-0.106597,-0.090896,-0.068642,-0.034000,-0.045378,-0.027213,-0.019437,0.042177,0.230087,1.408806
2002-09-09,0.000000,Validation,-0.135415,-0.089344,-0.074898,-0.055183,-0.024909,-0.020657,-0.007014,0.010786,0.047660,0.220724,1.259349
2002-09-10,0.000000,Validation,-0.137892,-0.090398,-0.076263,-0.056870,-0.030960,-0.025633,-0.017199,-0.008965,0.022248,0.187237,1.178309
2002-09-11,0.000000,Validation,-0.135155,-0.087251,-0.073729,-0.056654,-0.034915,-0.033071,-0.029700,-0.030478,-0.008495,0.146318,1.089674
2002-09-12,0.000000,Validation,-0.129078,-0.084260,-0.068873,-0.054128,-0.034850,-0.034108,-0.030715,-0.032722,-0.009737,0.145726,1.097006
2002-09-13,0.000000,Validation,-0.130626,-0.083339,-0.065840,-0.051794,-0.028717,-0.030748,-0.026936,-0.025533,-0.008647,0.140669,1.074941
2002-09-14,0.000000,Validation,-0.272275,-0.142012,-0.126481,-0.082701,-0.043526,-0.039575,-0.022281,-0.006901,0.063705,0.280704,1.527795
2002-09-15,0.000000,Validation,-0.307039,-0.173424,-0.170512,-0.089606,-0.028511,0.018449,0.066135,0.125475,0.309374,0.684673,2.629498
2002-09-16,0.000000,Validation,-0.286955,-0.058727,-0.076720,0.162817,0.278256,0.394234,0.504483,0.722561,1.405445,2.299785,7.154427
2002-09-17,0.000000,Validation,-0.262556,0.043993,0.022130,0.297021,0.466302,0.631722,0.852332,1.198853,2.386528,3.722101,11.474566
2002-09-18,0.000000,Validation,-0.183223,0.125364,0.103189,0.257729,0.389793,0.538695,0.748987,1.016701,1.926641,2.882903,9.232790
2002-09-19,0.000000,Validation,-0.124392,0.121951,0.096666,0.172328,0.206175,0.358257,0.433247,0.560733,1.034728,1.532272,5.031586
2002-09-20,0.000000,Validation,-0.207023,0.048585,0.019571,0.083005,0.105588,0.237689,0.293926,0.364362,0.745659,1.212211,4.255774
2002-09-21,0.000000,Validation,-0.274460,-0.003523,-0.035857,0.088279,0.147733,0.305502,0.391115,0.522363,1.065487,1.753525,5.658040
2002-09-22,0.000000,Validation,-0.192174,0.057142,0.030824,0.138747,0.204898,0.358702,0.470059,0.627997,1.259699,1.991603,6.247629
2002-09-23,0.000000,Validation,-0.131420,0.063302,0.041759,0.111980,0.130395,0.262837,0.313768,0.414617,0.801313,1.263240,4.102541
2002-09-24,0.000000,Validation,-0.098943,0.034840,0.022025,0.062838,0.058365,0.168797,0.186693,0.242417,0.440688,0.744533,2.596498
2002-09-25,0.000000,Validation,-0.322170,-0.062687,-0.082676,0.092527,0.136699,0.304519,0.343212,0.470741,1.032772,1.766989,5.594806
2002-09-26,0.000000,Validation,-0.119611,0.039998,0.023550,0.134091,0.168559,0.359506,0.432874,0.596159,1.109057,1.764901,5.028436
2002-09-27,0.000000,Validation,-0.094358,0.059037,0.044016,0.099231,0.090573,0.245094,0.274318,0.354047,0.645022,1.045265,3.339175
2002-09-28,0.000000,Validation,-0.118766,0.015398,0.010884,0.045641,0.024014,0.125927,0.129871,0.159313,0.330086,0.610350,2.303620
2002-09-29,0.000000,Validation,-0.153914,-0.014989,-0.014520,0.020158,0.000184,0.087914,0.090657,0.112985,0.296402,0.587322,2.317367
2002-09-30,0.000000,Validation,-0.208949,-0.060028,-0.059274,-0.016655,-0.025477,0.059971,0.074870,0.102511,0.329177,0.674077,2.622916
2002-10-01,0.000000,Training,-0.376788,-0.148567,-0.168441,0.040681,0.097856,0.271630,0.359074,0.541863,1.376303,2.428092,7.628804
2002-10-02,0.000000,Training,-0.170630,0.140540,0.191096,0.424659,0.513165,0.835013,1.115475,1.557674,3.271348,5.054736,14.058066
2002-10-03,0.000000,Training,-0.125136,0.056636,0.044075,0.130081,0.118532,0.306384,0.373653,0.487820,0.981335,1.541553,4.650377
2002-10-04,0.000000,Training,-0.168077,-0.040904,-0.042549,0.002685,-0.013931,0.091616,0.105572,0.139376,0.362265,0.682096,2.516924
2002-10-05,0.000000,Training,-0.163623,-0.063323,-0.058965,-0.028269,-0.034277,0.035316,0.036252,0.063196,0.210407,0.474219,1.987130
2002-10-06,0.000000,Training,-0.171201,-0.071642,-0.061964,-0.038337,-0.035780,0.012253,0.011276,0.038826,0.164018,0.408375,1.844336
2002-10-07,0.000000,Training,-0.145865,-0.073004,-0.063071,-0.043925,-0.033479,0.010239,0.011811,0.047336,0.139137,0.357847,1.630291
2002-10-08,0.000000,Training,-0.262380,-0.123127,-0.116022,-0.079743,-0.056233,-0.011785,0.008597,0.053822,0.225017,0.523954,2.235686
2002-10-09,0.000000,Training,-0.202654,-0.114302,-0.108789,-0.070435,-0.033858,0.002657,0.028420,0.099674,0.291591,0.588236,2.263915
2002-10-10,0.000000,Training,-0.191368,-0.115523,-0.102164,-0.073605,-0.036243,-0.009052,0.010497,0.075815,0.225605,0.473883,1.907187
2002-10-11,0.000000,Training,-0.165944,-0.099595,-0.085401,-0.067908,-0.034718,-0.015845,-0.003215,0.045449,0.137244,0.335013,1.543293
2002-10-12,0.000000,Training,-0.163152,-0.081211,-0.068824,-0.048907,-0.033898,0.000481,0.001826,0.037343,0.130351,0.338279,1.598303
2002-10-13,0.000000,Training,-0.154938,-0.080699,-0.068262,-0.049943,-0.038140,0.000863,0.004179,0.038598,0.134241,0.345481,1.605906
2002-10-14,0.000000,Training,-0.156729,-0.078007,-0.061106,-0.046686,-0.025874,-0.002330,0.000025,0.038834,0.116963,0.307176,1.500692
2002-10-15,0.000000,Training,-0.207065,-0.094038,-0.076969,-0.059662,-0.033376,-0.014205,-0.005042,0.034370,0.149186,0.368366,1.752420
2002-10-16,0.000000,Training,-0.221339,-0.107312,-0.093295,-0.069102,-0.035590,-0.006777,0.011637,0.068568,0.219219,0.480940,2.061672
2002-10-17,0.000000,Training,-0.168521,-0.104777,-0.090353,-0.067420,-0.029080,0.000680,0.019856,0.088329,0.216770,0.452326,1.821744
2002-10-18,0.000000,Training,-0.160982,-0.099032,-0.083391,-0.066950,-0.035942,-0.012298,0.001545,0.052794,0.158735,0.365348,1.611940
2002-10-19,0.000000,Training,-0.144592,-0.082149,-0.067065,-0.052760,-0.037151,-0.002206,0.000708,0.036198,0.120050,0.318835,1.506243
2002-10-20,0.000000,Training,-0.306731,-0.147737,-0.132539,-0.080770,-0.042795,0.011269,0.024841,0.093941,0.268617,0.577822,2.323981
2002-10-21,0.145979,Training,-0.283415,-0.152535,-0.150177,-0.090148,-0.027018,0.038847,0.097869,0.222705,0.545953,0.999261,3.572442
2002-10-22,0.600135,Training,-0.248144,-0.122691,-0.118075,-0.063966,-0.006056,0.063129,0.121270,0.252937,0.612083,1.056277,3.715094
2002-10-23,3.698130,Training,-0.179868,-0.098465,-0.089378,-0.053528,-0.013764,0.047624,0.075125,0.176609,0.386566,0.685982,2.456590
2002-10-24,1.605767,Training,-0.177855,-0.089219,-0.074548,-0.052493,-0.021022,0.022602,0.038272,0.113723,0.272964,0.515436,2.024943
2002-10-25,1.330029,Training,-0.162225,-0.074606,-0.059854,-0.041575,-0.021226,0.025698,0.032145,0.093558,0.224083,0.452163,1.861281
2002-10-26,1.265150,Training,-0.146803,-0.073147,-0.055500,-0.040727,-0.023800,0.024402,0.029540,0.087474,0.205790,0.430131,1.784400
2002-10-27,0.713674,Training,-0.140875,-0.068495,-0.048038,-0.036776,-0.016650,0.023206,0.025819,0.081371,0.178098,0.383052,1.653901
2002-10-28,0.551476,Training,-0.133458,-0.065041,-0.042510,-0.031966,-0.016324,0.023489,0.022859,0.071830,0.160382,0.361750,1.603033
2002-10-29,0.421717,Training,-0.179869,-0.068925,-0.045900,-0.030315,-0.014360,0.017397,0.019523,0.067981,0.202518,0.431718,1.910386
2002-10-30,1.248930,Training,-0.222773,-0.097652,-0.077965,-0.053868,-0.023111,0.012884,0.031211,0.102802,0.289242,0.572695,2.339748
2002-10-31,0.681235,Training,-0.152573,-0.088385,-0.069610,-0.046212,-0.013854,0.034510,0.053002,0.137486,0.293545,0.558357,2.090248
2002-11-01,0.519036,Training,-0.154236,-0.074943,-0.056865,-0.035730,-0.014410,0.032228,0.041211,0.108219,0.253701,0.496552,1.972275
2002-11-02,0.454156,Training,-0.192189,-0.078368,-0.061363,-0.036183,-0.019919,0.022310,0.029654,0.087346,0.266562,0.530070,2.191490
2002-11-03,0.405497,Training,-0.181703,-0.079094,-0.060679,-0.032314,-0.014364,0.035568,0.045631,0.116015,0.304549,0.586489,2.316079
2002-11-04,0.356837,Training,-0.166142,-0.101466,-0.076755,-0.054339,-0.018223,0.013292,0.031775,0.108987,0.256187,0.493795,1.928776
2002-11-05,0.308178,Training,-0.151652,-0.082182,-0.060632,-0.042028,-0.014492,0.019928,0.032753,0.097939,0.229941,0.451341,1.839915
2002-11-06,0.259518,Training,-0.145359,-0.074723,-0.054542,-0.036906,-0.014372,0.020467,0.030418,0.089062,0.214736,0.430588,1.796461
2002-11-07,0.210858,Training,-0.160249,-0.091496,-0.068540,-0.048037,-0.021560,0.007941,0.025749,0.090356,0.242728,0.471417,1.902973
2002-11-08,0.129759,Training,-0.168017,-0.104750,-0.075357,-0.055537,-0.021158,-0.007932,0.007467,0.071053,0.203433,0.414057,1.731875
2002-11-09,0.000000,Training,-0.161795,-0.099189,-0.068862,-0.050529,-0.012604,-0.002279,0.013246,0.078069,0.202677,0.405854,1.705591
2002-11-10,0.000000,Training,-0.161425,-0.098028,-0.066249,-0.047350,-0.007723,0.002518,0.017679,0.083616,0.202066,0.400827,1.683870
2002-11-11,0.000000,Training,-0.172593,-0.083824,-0.055823,-0.032938,0.001928,0.016592,0.031852,0.098934,0.248708,0.465761,1.929597
2002-11-12,0.000000,Training,-0.169568,-0.089985,-0.062721,-0.037578,-0.001097,0.017303,0.035162,0.107762,0.260805,0.484340,1.949528
2002-11-13,0.081099,Training,-0.370979,-0.208713,-0.192061,-0.084860,-0.017197,0.048264,0.113192,0.291047,0.811872,1.366049,4.780906
2002-11-14,3.389953,Training,-0.699000,-0.543711,-0.492588,-0.213205,-0.056678,0.113666,0.356435,1.078510,3.862695,7.275895,23.019239
2002-11-15,2.157243,Validation,-0.520899,-0.316764,-0.226611,0.013510,0.179881,0.374813,0.670536,1.449197,3.905513,6.368839,18.131823
2002-11-16,1.265150,Validation,-0.516545,-0.259469,-0.174933,0.000004,0.117307,0.291869,0.531497,1.134024,3.106430,4.810899,14.553703
2002-11-17,1.021852,Validation,-0.366757,-0.110346,-0.048475,0.105261,0.191619,0.392146,0.579878,1.103153,2.634988,3.892272,10.985460
2002-11-18,0.940752,Validation,-0.394416,-0.127137,-0.083228,0.041278,0.113834,0.275127,0.432943,0.843315,2.177802,3.355410,10.364796
2002-11-19,9.034468,Validation,-0.854931,-0.675998,-0.535814,-0.154970,0.262362,0.806221,1.352652,3.711944,12.058163,23.748615,57.212418
2002-11-20,5.920253,Validation,-0.777961,-0.491019,-0.206720,0.330831,1.040515,1.763838,2.776150,6.238946,16.875261,29.541462,68.028587
2002-11-21,2.027484,Validation,-0.658396,-0.299229,-0.081392,0.327086,0.738336,1.251094,1.875917,3.862747,9.770807,15.726480,41.892822
2002-11-22,1.816625,Validation,-0.901532,-0.665087,-0.392625,0.356368,1.550830,2.703111,4.288715,10.106899,26.707283,48.053829,102.949989
2002-11-23,5.904033,Validation,-0.796902,-0.285952,0.369705,1.973254,4.651982,6.722587,10.132369,19.963921,44.349171,70.707863,141.460648
2002-11-24,6.504168,Validation,-0.822237,-0.289278,0.462930,2.692569,6.735094,9.605208,14.206473,27.240810,56.916462,88.372665,156.543625
2002-11-25,5.498536,Validation,-0.488590,0.620547,1.963355,5.154141,9.818844,12.743463,17.333515,28.078106,48.561707,64.862114,108.741631
2002-11-26,4.719982,Validation,-0.636990,0.227224,0.978158,2.891582,5.306659,6.932083,9.178027,14.995542,26.817675,36.577908,72.084198
2002-11-27,4.428025,Validation,-0.660311,0.284214,1.026065,3.100828,5.712668,7.753713,10.422439,17.202740,32.364368,45.389633,99.529938
2002-11-28,4.865961,Validation,-0.601050,0.303842,1.026410,2.896372,5.103036,6.832685,8.861735,14.310182,25.617340,34.867439,69.465759
2002-11-29,4.200946,Validation,-0.558202,0.250279,0.775987,2.153562,3.555266,4.734367,5.956057,9.267233,15.579270,20.500856,39.723171
2002-11-30,3.746790,Validation,-0.554654,0.222973,0.606083,1.760940,2.767203,3.645146,4.507884,6.661540,11.024977,14.044081,29.420244
2002-12-01,3.325073,Validation,-0.562342,0.136134,0.421017,1.364982,2.098497,2.761177,3.394593,4.871562,8.115607,10.180133,22.414301
2002-12-02,3.179095,Validation,-0.539672,-0.015744,0.169756,0.751280,1.156833,1.601111,1.998441,2.954829,5.025167,6.434448,14.392588
2002-12-03,2.660059,Validation,-0.502476,-0.083001,0.048375,0.437957,0.679963,0.994193,1.269843,1.942604,3.435931,4.487668,10.455949
2002-12-04,2.368101,Validation,-0.465416,-0.090244,-0.004408,0.309795,0.491341,0.748514,0.982607,1.491388,2.657244,3.445374,8.568994
2002-12-05,2.027484,Validation,-0.448585,-0.149089,-0.075201,0.165695,0.298335,0.483538,0.666131,1.063250,1.981500,2.640461,6.603896
2002-12-06,1.540888,Validation,-0.457985,-0.199864,-0.135399,0.073718,0.190666,0.327148,0.483374,0.793827,1.536798,2.041028,5.242080
2002-12-07,1.167831,Validation,-0.431961,-0.208721,-0.151630,0.018188,0.112847,0.225301,0.359299,0.631899,1.280998,1.737426,4.618596
2002-12-08,1.005632,Validation,-0.381412,-0.197716,-0.147371,-0.019473,0.055257,0.146543,0.259639,0.497446,1.066524,1.497839,4.129836
2002-12-09,1.476008,Validation,-0.720200,-0.507049,-0.457244,-0.204522,-0.045336,0.120489,0.331864,0.932930,2.834156,4.588580,12.873247
2002-12-10,4.022528,Validation,-0.854860,-0.699657,-0.613089,-0.245014,0.131061,0.401378,0.937973,2.516055,7.976635,14.769935,38.698189
2002-12-11,5.530976,Validation,-0.645283,-0.447715,-0.350701,-0.075356,0.136866,0.362303,0.694903,1.627978,4.418619,7.091304,18.622866
2002-12-12,3.779230,Validation,-0.417581,-0.261856,-0.202271,-0.074013,0.016381,0.139529,0.301270,0.691398,1.706162,2.483405,6.977318
2002-12-13,3.227754,Validation,-0.894387,-0.772838,-0.688520,-0.366640,-0.021228,0.363099,0.777113,2.829657,10.125479,20.096373,51.503288
2002-12-14,18.101375,Validation,-0.854104,-0.622098,-0.392585,0.255176,1.153770,1.987743,3.342948,8.224069,23.619864,42.818710,106.129196
2002-12-15,6.942105,Validation,-0.646462,-0.403551,-0.238970,0.086240,0.394847,0.780176,1.245794,2.788329,6.822124,10.644025,26.015331
2002-12-16,5.060600,Validation,-0.421721,-0.179218,-0.108253,0.030281,0.135874,0.324465,0.529782,1.120773,2.746675,4.138615,12.180164
2002-12-17,54.888042,Validation,-0.898299,-0.729663,-0.575893,-0.012168,0.715412,1.798178,2.676960,7.867985,25.096258,51.737759,126.670647
2002-12-18,30.444697,Validation,-0.873196,-0.544358,-0.099328,1.263543,3.768361,6.256375,10.266397,24.181108,62.692398,111.941589,252.791916
2002-12-19,2.514080,Validation,-0.849441,-0.492920,-0.091300,0.976101,2.743311,4.242899,6.626047,14.416957,34.453518,55.655491,130.378265
2002-12-20,0.924533,Validation,-0.669646,-0.326884,-0.093884,0.425457,0.957437,1.596248,2.253245,4.561903,9.736228,14.775542,32.433132
2002-12-21,0.746114,Validation,-0.514310,-0.195953,-0.053726,0.257605,0.491967,0.881961,1.217458,2.376081,4.810977,7.081456,16.620676
2002-12-22,0.648795,Validation,-0.442183,-0.146109,-0.032543,0.218673,0.381061,0.678973,0.934168,1.789705,3.534266,5.113781,12.219660
2002-12-23,0.632575,Validation,-0.610910,-0.277899,-0.154124,0.150602,0.373884,0.714791,1.018374,2.077549,4.678493,7.281346,18.963049
2002-12-24,0.632575,Validation,-0.813109,-0.534806,-0.357103,0.160847,0.757586,1.419351,2.142936,4.838964,12.123017,20.808495,50.301231
2002-12-25,2.806038,Validation,-0.746267,-0.334489,-0.004657,0.901858,1.969043,3.166817,4.429559,8.834173,20.044184,32.098984,72.418457
2002-12-26,1.021852,Validation,-0.840221,-0.364958,0.255285,2.432037,6.431734,10.590796,15.249692,33.222740,73.947380,124.407524,237.175476
2002-12-27,37.516560,Validation,0.123919,2.875671,6.673784,17.711563,34.436893,46.144615,63.811123,105.195526,185.055161,264.622864,442.737183
2002-12-28,8.207254,Validation,-0.397970,0.851932,2.307110,6.064210,11.597840,15.000691,20.221834,33.403183,56.895538,75.428001,126.105049
2002-12-29,3.844109,Validation,-0.656347,-0.073699,0.415703,1.630347,3.141748,4.304396,5.719279,9.940622,17.400761,23.584711,42.873875
2002-12-30,4.947060,Validation,-0.791761,-0.303877,0.122366,1.272123,2.890876,4.216923,5.907930,11.390918,22.682137,34.184441,70.578568
2002-12-31,3.681911,Validation,-0.471844,0.553688,1.551940,4.029868,7.199604,9.654445,12.567117,20.921694,36.056755,49.668816,87.702423
2003-01-01,2.595179,Validation,-0.597220,-0.078360,0.255161,1.090005,1.924594,2.888309,3.716842,6.713593,12.156871,17.494913,34.713741
2003-01-02,2.724938,Validation,-0.775079,-0.378832,-0.141948,0.533935,1.272037,2.083509,2.902544,5.873846,12.742002,20.210707,48.075336
2003-01-03,4.541564,Validation,-0.682822,-0.111393,0.367220,1.640924,3.220275,4.675243,6.305610,11.728679,23.341602,34.696968,70.180649
2003-01-04,3.325073,Validation,-0.591893,0.098183,0.681517,2.087899,3.744100,5.237871,6.771271,11.723345,20.983688,29.557529,54.649948
2003-01-05,2.984456,Validation,-0.842135,-0.546838,-0.310561,0.337383,1.222338,2.048569,3.020121,6.585196,15.042119,24.490559,51.528584
2003-01-06,4.947060,Validation,-0.698639,-0.332988,-0.018362,0.724555,1.603678,2.443613,3.392145,6.551612,13.536512,19.963339,37.473450
2003-01-07,4.492904,Validation,-0.869069,-0.580899,-0.284897,0.538801,1.896142,3.157481,4.704997,10.575259,24.326509,39.883274,78.245499
2003-01-08,12.294662,Validation,-0.778526,-0.282526,0.335091,1.984454,4.897696,7.109541,10.643319,21.279093,46.087337,70.486549,134.483246
2003-01-09,39.446725,Validation,-0.645169,-0.004915,0.680094,2.317816,4.614366,6.422327,8.720648,15.563793,29.243973,40.006710,71.855133
2003-01-10,22.399641,Validation,-0.546255,0.118646,0.618371,1.883346,3.438930,4.776105,6.092606,10.473260,17.210737,23.669119,42.710651
2003-01-11,8.920929,Validation,-0.545038,0.006402,0.385201,1.349864,2.514953,3.481980,4.392696,7.570066,12.327659,17.175779,31.583405
2003-01-12,6.747466,Validation,-0.574116,-0.171009,0.062778,0.651638,1.291018,1.929953,2.451548,4.499043,7.762321,11.172701,21.715277
2003-01-13,6.601487,Validation,-0.554615,-0.123331,0.119168,0.723046,1.353097,2.009903,2.511747,4.462896,7.534157,10.782588,20.736921
2003-01-14,8.823610,Validation,-0.494732,-0.213487,-0.100352,0.159689,0.382853,0.730040,0.973922,1.987886,3.826483,5.670923,12.431150
2003-01-15,8.109935,Validation,-0.379453,-0.208830,-0.160552,-0.048448,0.054766,0.244683,0.390208,0.940144,2.037204,3.069718,7.671587
2003-01-16,7.996396,Validation,-0.373268,-0.189715,-0.139129,-0.024698,0.074593,0.271594,0.420145,0.981202,2.104280,3.132121,7.796786
2003-01-17,7.720658,Validation,-0.419028,-0.168982,-0.081494,0.098124,0.238533,0.508180,0.702578,1.472079,2.942048,4.249340,9.803097
2003-01-18,7.866637,Validation,-0.871779,-0.689424,-0.515873,-0.050737,0.645782,1.365953,2.184914,5.794102,15.810537,27.973038,57.217468
2003-01-19,15.652175,Validation,-0.787588,-0.454047,-0.055562,0.960353,2.515056,3.833762,5.903891,12.636334,30.665110,50.368793,99.827423
2003-01-20,35.229559,Validation,-0.839815,-0.448511,0.055791,1.628214,4.617945,7.092367,10.691101,23.417435,50.515610,82.318375,146.225586
2003-01-21,151.396271,Validation,-0.651110,-0.006806,0.753720,2.711707,5.617627,7.863268,11.144015,20.582731,40.458076,58.922997,103.009384
2003-01-22,22.464521,Validation,-0.726873,-0.204468,0.278335,1.503354,3.205526,4.572562,6.441967,12.116712,24.250870,35.866173,70.396393
2003-01-23,16.057672,Validation,-0.592229,-0.087286,0.313670,1.205263,2.246423,3.148551,4.223318,7.515246,13.603315,18.876661,33.675762
2003-01-24,11.954045,Validation,-0.514024,-0.127970,0.118032,0.569294,1.011323,1.531685,2.053771,3.767555,7.071912,9.988769,19.387114
2003-01-25,10.494256,Validation,-0.460131,-0.045047,0.185054,0.625132,1.027946,1.514986,1.977449,3.506345,6.294734,8.810682,17.100801
2003-01-26,9.472404,Validation,-0.318023,-0.009770,0.127466,0.343094,0.520441,0.829813,1.099537,1.990450,3.645024,5.207251,11.233403
2003-01-27,8.888489,Validation,-0.176406,0.041731,0.111864,0.208514,0.291167,0.498017,0.679095,1.210078,2.229443,3.178173,7.810125
2003-01-28,8.450553,Validation,-0.148524,0.026624,0.081356,0.149152,0.213817,0.376916,0.527079,0.934913,1.734779,2.484274,6.353162
2003-01-29,8.466772,Validation,-0.188727,-0.026774,0.046314,0.114912,0.191146,0.329480,0.478147,0.860088,1.631698,2.324270,5.755336
2003-01-30,7.947737,Validation,-0.210596,-0.054540,0.020016,0.085241,0.163440,0.293332,0.437551,0.799416,1.546904,2.161599,5.402030
2003-01-31,7.720658,Validation,-0.223893,-0.071263,-0.001445,0.063735,0.143132,0.271469,0.410818,0.769096,1.501187,2.102455,5.266978
2003-02-01,7.428701,Validation,-0.265720,-0.124775,-0.087656,-0.029596,0.041528,0.166021,0.278382,0.620871,1.273000,1.862333,4.827337
2003-02-02,7.590899,Validation,-0.249887,-0.103435,-0.029022,0.046503,0.137183,0.261488,0.409638,0.772041,1.541005,2.163420,5.337117
2003-02-03,7.006984,Validation,-0.236632,-0.096603,-0.022525,0.051398,0.144616,0.263634,0.413181,0.763795,1.510483,2.149308,5.270102
2003-02-04,6.909665,Validation,-0.246103,-0.088793,-0.022187,0.057986,0.147420,0.265608,0.411299,0.771078,1.542863,2.255843,5.628632
2003-02-05,7.412481,Validation,-0.236351,-0.101463,-0.028550,0.049422,0.141559,0.250271,0.395859,0.732303,1.415500,2.026489,4.953433
2003-02-06,7.607119,Validation,-0.188873,-0.091780,-0.040183,0.005881,0.086180,0.165562,0.280937,0.538747,1.085151,1.599446,4.207902
2003-02-07,7.509800,Validation,-0.400257,-0.201361,-0.130989,-0.041685,0.077951,0.156961,0.321637,0.667161,1.614886,2.436874,6.722650
2003-02-08,8.158595,Validation,-0.175298,-0.100292,-0.059826,-0.006131,0.084075,0.173260,0.296758,0.577437,1.226152,1.847646,4.930581
2003-02-09,8.207254,Validation,-0.186713,-0.102474,-0.057079,-0.010008,0.075841,0.165204,0.285920,0.553270,1.179362,1.755903,4.703412
2003-02-10,7.704438,Validation,-0.159249,-0.097631,-0.061787,-0.030537,0.044160,0.094074,0.181893,0.365248,0.787884,1.192200,3.453499
2003-02-11,7.882857,Validation,-0.139227,-0.078315,-0.048355,-0.021471,0.047107,0.093432,0.172352,0.344851,0.728193,1.130766,3.315849
2003-02-12,7.688219,Validation,-0.134469,-0.063435,-0.037951,-0.011958,0.053004,0.098058,0.175263,0.345244,0.732409,1.143734,3.402509
2003-02-13,8.109935,Validation,-0.139631,-0.084944,-0.050211,-0.026963,0.042781,0.081526,0.159134,0.317328,0.676438,1.041460,3.073417
2003-02-14,8.028836,Validation,-0.145971,-0.088943,-0.052546,-0.029344,0.041391,0.078767,0.156997,0.313468,0.675508,1.029128,3.050495
2003-02-15,8.012616,Validation,-0.161365,-0.100613,-0.065549,-0.041575,0.028516,0.067399,0.143266,0.304690,0.668702,1.004360,3.007292
2003-02-16,7.688219,Validation,-0.176322,-0.111239,-0.086454,-0.064269,0.001535,0.045264,0.112022,0.282635,0.635648,0.967569,2.951204
2003-02-17,7.623339,Validation,-0.217122,-0.108001,-0.066358,-0.030797,0.045641,0.084427,0.174296,0.360087,0.855557,1.278832,3.818725
2003-02-18,7.704438,Validation,-0.663059,-0.452717,-0.362390,-0.129625,0.128146,0.388702,0.713136,1.817549,5.124035,8.602359,23.369780
2003-02-19,23.762110,Validation,-0.843801,-0.667385,-0.487381,-0.044642,0.608033,1.164013,2.152570,5.499820,16.139301,28.869654,64.222099
2003-02-20,15.279118,Validation,-0.813140,-0.556965,-0.275918,0.334732,1.269964,1.988913,3.330710,7.387740,19.057869,31.444113,68.194305
2003-02-21,9.342645,Validation,-0.783893,-0.443322,-0.093371,0.656616,1.814321,2.729099,4.285580,8.780285,20.673315,32.543247,66.183380
2003-02-22,11.662087,Validation,-0.796614,-0.355947,0.098207,1.301111,3.322790,5.208281,7.946830,16.819017,38.331760,62.827545,125.445015
2003-02-23,11.629647,Validation,-0.613371,-0.009324,0.548442,1.908689,3.694268,5.247343,7.334616,13.352379,26.925968,40.107468,74.247688
2003-02-24,7.039424,Validation,-0.760854,-0.167964,0.492978,2.422916,5.880030,8.838616,12.611284,24.882099,49.472164,77.462654,131.215271
2003-02-25,37.257042,Validation,-0.423589,0.874339,2.461267,7.012748,14.942701,20.165949,28.551029,49.257046,91.819862,132.577911,209.710190
2003-02-26,35.894573,Validation,-0.350399,1.065737,2.693256,7.047413,14.231720,18.529667,26.103556,42.909679,77.339462,107.173454,177.835938
2003-02-27,46.259071,Validation,-0.232013,0.990087,2.191236,5.142227,8.998299,11.463563,15.131776,23.577679,38.890030,51.785038,81.026245
2003-02-28,14.095067,Validation,-0.366577,0.486186,1.101095,2.610667,4.324799,5.681895,7.311715,11.682606,18.866302,25.598490,42.086819
2003-03-01,9.034468,Validation,-0.503655,0.168628,0.593094,1.644659,2.706416,3.603502,4.628929,7.473319,12.806210,18.065056,32.639347
2003-03-02,7.169183,Validation,-0.395275,0.207158,0.504108,1.259681,1.888463,2.630816,3.280406,5.259153,8.613332,12.139949,22.260529
2003-03-03,6.001352,Validation,-0.391718,0.155210,0.400152,1.007090,1.478577,2.075418,2.568114,4.068851,6.640512,9.387855,17.684357
2003-03-04,5.255238,Validation,-0.337033,0.156443,0.343162,0.825161,1.167441,1.644465,2.037502,3.184227,5.087734,7.084329,13.670882
2003-03-05,4.574003,Validation,-0.342663,0.102648,0.281961,0.697951,0.998764,1.389579,1.730057,2.684792,4.290311,5.955383,11.402577
2003-03-06,4.038748,Validation,-0.338578,0.072781,0.251358,0.625882,0.898135,1.233273,1.543621,2.362441,3.771898,5.175051,9.851589
2003-03-07,3.552152,Validation,-0.319421,0.047709,0.206127,0.517280,0.741430,1.021419,1.295737,1.978819,3.180716,4.344940,8.507430
2003-03-08,3.243974,Validation,-0.291002,0.046881,0.170874,0.435516,0.617413,0.866800,1.114081,1.710858,2.754333,3.783359,7.793948
2003-03-09,3.000676,Validation,-0.245479,0.024604,0.111770,0.290877,0.412143,0.611827,0.816067,1.284723,2.130838,2.955770,6.547302
2003-03-10,2.773598,Validation,-0.196863,0.008367,0.071121,0.186716,0.265768,0.426412,0.591261,0.951518,1.626914,2.298545,5.428021
2003-03-11,2.546520,Validation,-0.170407,0.000614,0.054774,0.141448,0.208674,0.342649,0.489413,0.794484,1.370765,1.954575,4.765816
2003-03-12,2.335661,Validation,-0.136372,0.001419,0.045214,0.106286,0.155501,0.275441,0.396392,0.644233,1.116136,1.629889,4.159872
2003-03-13,2.238342,Validation,-0.158593,-0.011613,0.021894,0.066445,0.109281,0.198823,0.302400,0.513858,1.009869,1.542856,4.289698
2003-03-14,2.108583,Validation,-0.100773,-0.017494,0.013640,0.039970,0.095264,0.163541,0.267113,0.460375,0.844094,1.268363,3.465500
2003-03-15,1.913945,Validation,-0.086628,-0.030058,-0.005376,0.009388,0.066627,0.115293,0.202620,0.363203,0.695145,1.078869,3.078265
2003-03-16,1.849065,Validation,-0.053437,-0.012805,-0.003535,0.003756,0.055194,0.097486,0.166446,0.294937,0.574368,0.915307,2.799100
2003-03-17,1.784186,Validation,-0.369398,-0.161642,-0.103612,-0.006778,0.117350,0.180148,0.315326,0.600468,1.377335,2.093714,5.969086
2003-03-18,1.849065,Validation,-0.098714,-0.058965,-0.039678,-0.003469,0.073179,0.142231,0.244156,0.452756,0.918499,1.450783,3.975446
2003-03-19,1.735526,Validation,-0.203505,-0.065120,-0.040299,0.004794,0.082913,0.160936,0.287362,0.533785,1.227244,1.936525,5.576854
2003-03-20,1.573327,Validation,-0.113783,-0.053031,-0.033123,-0.001759,0.066842,0.133868,0.234123,0.432765,0.889363,1.371206,3.830184
2003-03-21,1.378689,Validation,-0.141283,-0.046782,-0.026785,0.000164,0.061391,0.114727,0.202557,0.378311,0.826736,1.300651,3.823439
2003-03-22,1.232710,Validation,-0.101360,-0.027539,-0.017524,0.002928,0.058524,0.111801,0.191814,0.349328,0.730464,1.145683,3.430920
2003-03-23,1.200270,Validation,-0.137855,-0.032616,-0.018877,0.002701,0.059501,0.104089,0.187646,0.345878,0.772297,1.221611,3.736080
2003-03-24,1.184051,Validation,-0.245039,-0.084376,-0.064788,-0.027008,0.049412,0.092678,0.203274,0.395927,0.954517,1.526443,4.695640
2003-03-25,1.151611,Validation,-0.405492,-0.181271,-0.137260,-0.031149,0.095147,0.204295,0.383175,0.779595,1.867423,2.968762,8.517901
2003-03-26,1.200270,Validation,-0.597978,-0.356890,-0.278940,-0.055417,0.186553,0.456261,0.824663,1.853006,4.965422,8.537889,22.865593
2003-03-27,1.670647,Validation,-0.821849,-0.599787,-0.428062,0.048051,0.753219,1.515366,2.473234,6.250177,17.426800,32.189400,71.896606
2003-03-28,3.065556,Validation,-0.560480,-0.219740,0.030308,0.559509,1.131205,1.794894,2.640917,5.209988,11.691561,18.511463,38.506622
2003-03-29,2.903357,Validation,-0.745916,-0.421355,-0.236800,0.193184,0.725450,1.314532,2.060698,4.416220,10.682182,17.872408,40.786430
2003-03-30,8.077495,Validation,-0.512514,-0.168594,-0.000005,0.355369,0.698166,1.111610,1.588214,2.970672,6.327878,9.804205,20.783655
2003-03-31,4.574003,Validation,-0.327369,-0.064151,0.052288,0.257377,0.441129,0.731438,1.026232,1.830320,3.451758,5.071491,10.662449
2003-04-01,2.984456,Training,-0.237936,-0.012674,0.057063,0.192573,0.291037,0.505032,0.710361,1.212337,2.214793,3.201517,7.383713
2003-04-02,2.416761,Training,-0.214741,-0.015298,0.048680,0.155943,0.244076,0.407725,0.586976,0.992039,1.793589,2.556768,5.999835
2003-04-03,2.027484,Training,-0.198707,-0.019155,0.042204,0.131010,0.209941,0.348869,0.509191,0.850800,1.521176,2.167613,5.182565
2003-04-04,1.686867,Training,-0.220965,-0.036849,0.036520,0.134350,0.225008,0.349307,0.512170,0.854184,1.515220,2.149633,4.997121
2003-04-05,1.946384,Training,-0.162438,-0.036264,0.013200,0.063956,0.134690,0.219897,0.349290,0.599566,1.104316,1.607430,4.054824
2003-04-06,2.627619,Training,-0.140424,-0.021611,0.014876,0.059163,0.116390,0.205117,0.322987,0.542467,0.992587,1.461952,3.825400
2003-04-07,2.530300,Training,-0.124857,-0.019921,0.008782,0.045561,0.091235,0.178059,0.279268,0.465744,0.858031,1.296002,3.507639
2003-04-08,2.465420,Training,-0.125038,-0.022399,0.004006,0.039781,0.085489,0.166087,0.264486,0.441650,0.818239,1.241266,3.398326
2003-04-09,2.303222,Training,-0.128918,-0.029904,-0.000518,0.031074,0.090769,0.149176,0.255021,0.436738,0.822309,1.230165,3.372120
2003-04-10,2.303222,Training,-0.219415,-0.069356,-0.022346,0.028351,0.101057,0.145523,0.261322,0.472527,0.991851,1.503185,4.067842
2003-04-11,2.303222,Training,-0.241353,-0.081578,-0.031717,0.022758,0.100035,0.143263,0.263314,0.484060,1.035049,1.576306,4.280731
2003-04-12,2.303222,Training,-0.205033,-0.050716,-0.020991,0.020990,0.088363,0.139772,0.256678,0.463117,0.991892,1.529881,4.371334
2003-04-13,2.449200,Training,-0.611794,-0.358613,-0.279555,-0.054024,0.171519,0.395901,0.662623,1.506094,3.786082,6.137569,15.610559
2003-04-14,10.186079,Training,-0.558900,-0.341608,-0.265933,-0.039110,0.191303,0.407243,0.799290,1.737780,4.683886,8.174274,21.222151
2003-04-15,5.320118,Training,-0.432105,-0.202105,-0.129827,0.032861,0.201428,0.404340,0.710001,1.443360,3.569007,5.754444,15.296755
2003-04-16,3.714350,Training,-0.199789,-0.009569,0.029287,0.126252,0.225001,0.433831,0.652690,1.171283,2.345002,3.436413,8.613051
2003-04-17,2.660059,Training,-0.177890,0.011823,0.027292,0.088705,0.140984,0.290307,0.431038,0.756249,1.575092,2.365539,6.569191
2003-04-18,1.995044,Training,-0.494453,-0.207936,-0.154592,-0.000711,0.147012,0.333795,0.555511,1.142605,2.754587,4.312936,11.927546
2003-04-19,1.686867,Training,-0.250977,-0.098141,-0.038046,0.051303,0.150233,0.288875,0.460491,0.874851,1.871538,2.865967,7.148064
2003-04-20,1.654427,Training,-0.207071,-0.062008,-0.014562,0.048387,0.126677,0.245508,0.386011,0.714087,1.464692,2.213483,5.689394
2003-04-21,1.524668,Training,-0.143045,-0.028872,-0.002512,0.041395,0.103843,0.207367,0.328614,0.581684,1.126170,1.669426,4.474377
2003-04-22,1.297590,Training,-0.321862,-0.110537,-0.072802,-0.003840,0.079961,0.166984,0.312276,0.602580,1.391894,2.168703,6.102343
2003-04-23,1.265150,Training,-0.210948,-0.064156,-0.029409,0.025779,0.094366,0.176924,0.297913,0.554938,1.176134,1.783796,4.860468
2003-04-24,1.248930,Training,-0.219844,-0.061045,-0.029083,0.022651,0.086738,0.169734,0.290894,0.537351,1.166464,1.790881,4.996171
2003-04-25,1.184051,Training,-0.445830,-0.188561,-0.151885,-0.026596,0.078368,0.215217,0.386741,0.787724,1.855483,2.950456,8.315602
2003-04-26,1.151611,Validation,-0.400452,-0.172576,-0.132824,-0.005081,0.098656,0.255128,0.456242,0.896847,2.127933,3.460406,9.450055
2003-04-27,1.119171,Validation,-0.249745,-0.088125,-0.049155,0.056985,0.135856,0.317508,0.488720,0.881173,1.772183,2.696944,6.756758
2003-04-28,1.119171,Validation,-0.348550,-0.119396,-0.078260,0.036263,0.116696,0.261507,0.423306,0.781558,1.723776,2.653049,7.011103
2003-04-29,1.005632,Validation,-0.327953,-0.121598,-0.075938,0.028090,0.114485,0.225166,0.376923,0.711228,1.547138,2.333472,6.078728
2003-04-30,0.940752,Validation,-0.268530,-0.094487,-0.052964,0.026244,0.100245,0.198208,0.330045,0.615562,1.289846,1.942297,5.125669
2003-05-01,0.908313,Validation,-0.195205,-0.066063,-0.036410,0.022474,0.084218,0.180125,0.296730,0.533496,1.032797,1.538487,4.101715
2003-05-02,0.746114,Validation,-0.143256,-0.045653,-0.029020,0.003924,0.059602,0.127613,0.218783,0.400974,0.797299,1.213203,3.474058
2003-05-03,0.405497,Validation,-0.107902,-0.028140,-0.020611,0.002225,0.043462,0.109185,0.178292,0.317482,0.630183,0.997027,3.026642
2003-05-04,0.291958,Validation,-0.097426,-0.021171,-0.013388,0.003516,0.045304,0.095979,0.161057,0.287969,0.581525,0.927648,2.910530
2003-05-05,0.470376,Validation,-0.185528,-0.050827,-0.030955,-0.001556,0.057088,0.088160,0.175094,0.332427,0.757138,1.182350,3.664339
2003-05-06,0.486596,Validation,-0.130421,-0.050586,-0.027669,-0.002797,0.058372,0.095010,0.176979,0.331802,0.657791,1.015882,3.015982
2003-05-07,0.486596,Validation,-0.088594,-0.023898,-0.012944,-0.000358,0.053855,0.087374,0.154528,0.281866,0.559296,0.884735,2.786809
2003-05-08,0.486596,Validation,-0.080013,-0.016780,-0.013396,-0.000245,0.044576,0.086106,0.145052,0.257758,0.512993,0.827999,2.672776
2003-05-09,0.389277,Validation,-0.077076,-0.017338,-0.013894,-0.000742,0.038443,0.081522,0.134394,0.236344,0.474141,0.782035,2.571225
2003-05-10,0.356837,Validation,-0.081035,-0.018500,-0.013903,0.000617,0.038410,0.083500,0.136753,0.239185,0.479296,0.790528,2.590742
2003-05-11,0.308178,Validation,-0.065408,-0.011061,-0.007778,0.002561,0.039196,0.076657,0.124147,0.215755,0.432013,0.723949,2.449218
2003-05-12,0.275738,Validation,-0.064766,-0.011623,-0.008246,0.002985,0.036875,0.074033,0.119513,0.205500,0.416699,0.705928,2.419520
2003-05-13,0.243298,Validation,-0.067345,-0.013088,-0.008538,0.004277,0.035726,0.073960,0.117943,0.199921,0.403683,0.688495,2.381842
2003-05-14,0.210858,Validation,-0.066106,-0.009168,-0.002946,0.010886,0.042990,0.077139,0.111441,0.184622,0.364331,0.629969,2.261679
2003-05-15,0.194638,Validation,-0.051815,-0.002338,0.002190,0.012899,0.044568,0.073653,0.104855,0.172716,0.334689,0.586589,2.149291
2003-05-16,0.016220,Validation,-0.040261,0.002950,0.005508,0.011307,0.047639,0.069249,0.107609,0.183776,0.355139,0.606455,2.183972
2003-05-17,0.000000,Validation,-0.037543,0.004375,0.006923,0.012891,0.046189,0.067714,0.101899,0.171326,0.329246,0.572739,2.104791
2003-05-18,0.000000,Validation,-0.038517,0.003162,0.006308,0.013903,0.042950,0.065513,0.094514,0.155300,0.300940,0.538296,2.032285
2003-05-19,0.000000,Validation,-0.035925,0.003788,0.006779,0.013870,0.042116,0.062386,0.090979,0.149215,0.291457,0.525078,2.005902
2003-05-20,0.000000,Validation,-0.039085,0.001974,0.005703,0.013951,0.040777,0.061631,0.088285,0.143398,0.282198,0.514046,1.985468
2003-05-21,0.000000,Validation,-0.058693,-0.003997,0.004864,0.019249,0.045126,0.069849,0.092920,0.144956,0.283477,0.514958,2.011117
2003-05-22,0.000000,Validation,-0.067773,-0.007274,0.004760,0.022520,0.048395,0.074009,0.095431,0.147282,0.286459,0.517912,2.026625
2003-05-23,0.000000,Validation,-0.067423,-0.008441,0.003349,0.020576,0.046639,0.071856,0.093591,0.145990,0.285389,0.517628,2.026279
2003-05-24,0.000000,Validation,-0.033143,0.004363,0.008728,0.015328,0.042344,0.055820,0.083533,0.138719,0.274312,0.498437,1.957744
2003-05-25,0.000000,Validation,-0.031788,0.004200,0.008998,0.015589,0.040847,0.053664,0.080114,0.131795,0.263527,0.484297,1.924850
2003-05-26,,,0.101170,0.612462,0.859696,1.143661,1.395058,2.019480,2.684023,4.578106,10.670924,15.723145,48.377296
2003-05-27,,,-0.005470,0.511270,0.805146,1.130240,1.429799,2.125943,2.876184,5.106976,12.231743,18.397591,55.511593
2003-05-28,,,,,,,,,,,,,
2003-05-29,,,,,,,,,,,,,
2003-05-30,,,,,,,,,,,,,
2003-05-31,,,,,,,,,,,,,
2003-06-01,,,,,,,,,,,,,
2003-06-02,,,,,,,,,,,,,
2003-06-03,,,,,,,,,,,,,
2003-06-04,,,,,,,,,,,,,
2003-06-05,,,,,,,,,,,,,
2003-06-06,,,,,,,,,,,,,
2003-06-07,,,,,,,,,,,,,
2003-06-08,,,,,,,,,,,,,
2003-06-09,,,,,,,,,,,,,
2003-06-10,,,,,,,,,,,,,
2003-06-11,,,,,,,,,,,,,
2003-06-12,,,,,,,,,,,,,
2003-06-13,,,,,,,,,,,,,
2003-06-14,,,,,,,,,,,,,
2003-06-15,,,,,,,,,,,,,
2003-06-16,,,,,,,,,,,,,
2003-06-17,,,,,,,,,,,,,
2003-06-18,,,,,,,,,,,,,
2003-06-19,,,,,,,,,,,,,
2003-06-20,,,,,,,,,,,,,
2003-06-21,,,,,,,,,,,,,
2003-06-22,,,,,,,,,,,,,
2003-06-23,,,,,,,,,,,,,
2003-06-24,,,,,,,,,,,,,
2003-06-25,,,,,,,,,,,,,
2003-06-26,,,,,,,,,,,,,
2003-06-27,,,,,,,,,,,,,
2003-06-28,,,,,,,,,,,,,
2003-06-29,,,,,,,,,,,,,
2003-06-30,,,,,,,,,,,,,
2003-07-01,,,,,,,,,,,,,
2003-07-02,,,,,,,,,,,,,
2003-07-03,,,,,,,,,,,,,
2003-07-04,,,,,,,,,,,,,
2003-07-05,,,,,,,,,,,,,
2003-07-06,,,,,,,,,,,,,
2003-07-07,,,,,,,,,,,,,
2003-07-08,,,,,,,,,,,,,
2003-07-09,,,,,,,,,,,,,
2003-07-10,,,,,,,,,,,,,
2003-07-11,0.000000,Training,,,,,,,,,,,
2003-07-12,0.000000,Training,,,,,,,,,,,
2003-07-13,0.000000,Training,-0.107034,-0.057982,-0.039980,-0.035497,-0.022841,-0.013003,-0.009166,0.000424,0.063134,0.233251,1.317941
2003-07-14,0.000000,Training,-0.117694,-0.054329,-0.036877,-0.030114,-0.018724,-0.011929,-0.009020,0.001132,0.074689,0.249329,1.387664
2003-07-15,0.000000,Training,-0.142632,-0.058572,-0.040251,-0.031523,-0.017918,-0.016701,-0.010991,0.001085,0.093640,0.278392,1.508490
2003-07-16,0.000000,Training,-0.109689,-0.061343,-0.043282,-0.037797,-0.021706,-0.012815,-0.005944,0.011337,0.075613,0.247082,1.343367
2003-07-17,0.000000,Training,-0.113812,-0.066604,-0.048571,-0.042719,-0.028974,-0.017243,-0.013482,-0.003076,0.057633,0.229330,1.297103
2003-07-18,0.000000,Training,-0.117668,-0.068588,-0.051591,-0.045339,-0.031166,-0.020809,-0.018706,-0.012419,0.041706,0.207250,1.244556
2003-07-19,0.000000,Training,-0.117117,-0.068882,-0.050192,-0.044913,-0.031115,-0.021715,-0.020141,-0.015485,0.034246,0.196917,1.221388
2003-07-20,0.000000,Training,-0.112863,-0.065995,-0.047428,-0.043275,-0.028956,-0.021190,-0.018571,-0.011528,0.037308,0.198616,1.224216
2003-07-21,0.000000,Training,-0.112391,-0.066243,-0.047166,-0.043342,-0.029164,-0.022044,-0.019498,-0.012951,0.034390,0.194591,1.215045
2003-07-22,0.000000,Training,-0.113011,-0.067367,-0.047773,-0.044045,-0.030124,-0.023311,-0.021350,-0.016002,0.029325,0.188431,1.200317
2003-07-23,0.000000,Training,-0.112119,-0.066417,-0.046875,-0.043437,-0.029000,-0.023231,-0.020763,-0.014299,0.029984,0.187954,1.198689
2003-07-24,0.000000,Training,-0.114530,-0.069048,-0.048855,-0.045103,-0.031203,-0.025054,-0.023729,-0.019794,0.022248,0.179530,1.178792
2003-07-25,0.000000,Training,-0.115199,-0.069744,-0.049390,-0.045574,-0.031579,-0.025852,-0.024699,-0.021190,0.019376,0.175824,1.169668
2003-07-26,0.000000,Training,-0.116702,-0.070910,-0.050266,-0.046190,-0.032131,-0.026596,-0.025766,-0.023073,0.015952,0.171608,1.159509
2003-07-27,0.000000,Training,-0.121587,-0.067956,-0.048453,-0.042720,-0.029780,-0.025681,-0.025809,-0.023038,0.021050,0.179274,1.194156
2003-07-28,0.000000,Training,-0.118817,-0.072847,-0.052116,-0.047372,-0.032997,-0.027777,-0.027134,-0.024992,0.011846,0.166742,1.147253
2003-07-29,0.000000,Training,-0.131655,-0.079925,-0.054654,-0.045213,-0.031878,-0.024654,-0.027320,-0.028692,0.007614,0.162411,1.137468
2003-07-30,0.000000,Training,-0.133585,-0.081690,-0.055633,-0.043558,-0.031120,-0.022574,-0.027185,-0.029002,0.006690,0.162078,1.131903
2003-07-31,0.000000,Training,-0.134542,-0.083434,-0.056958,-0.043723,-0.031460,-0.022460,-0.027623,-0.029430,0.005981,0.162335,1.130027
2003-08-01,0.000000,Training,-0.147781,-0.079660,-0.053230,-0.034461,-0.026032,-0.018451,-0.027536,-0.030996,0.018944,0.184301,1.217925
2003-08-02,0.000000,Training,-0.167674,-0.085047,-0.058247,-0.037144,-0.028281,-0.023233,-0.030205,-0.034858,0.031858,0.210057,1.324347
2003-08-03,0.000000,Training,-0.137663,-0.089892,-0.064928,-0.051456,-0.036442,-0.026509,-0.026438,-0.025920,0.012603,0.175880,1.168250
2003-08-04,0.000000,Training,-0.138763,-0.090329,-0.065216,-0.052100,-0.037131,-0.029260,-0.029699,-0.032082,0.004508,0.163776,1.137603
2003-08-05,0.000000,Training,-0.143330,-0.087224,-0.063914,-0.048408,-0.034733,-0.029697,-0.033052,-0.038309,-0.001943,0.154031,1.127073
2003-08-06,0.000000,Training,-0.140901,-0.087588,-0.062468,-0.046303,-0.033590,-0.027959,-0.032753,-0.038223,-0.004882,0.150370,1.112092
2003-08-07,0.000000,Training,-0.143623,-0.086148,-0.060991,-0.044158,-0.031835,-0.027424,-0.032288,-0.037771,-0.001285,0.156004,1.136777
2003-08-08,0.000000,Training,-0.137136,-0.089310,-0.063663,-0.049295,-0.034646,-0.030174,-0.032676,-0.037397,-0.008314,0.144974,1.092316
2003-08-09,0.000000,Training,-0.136395,-0.088633,-0.063058,-0.049389,-0.034312,-0.031285,-0.033195,-0.038356,-0.010290,0.141851,1.086298
2003-08-10,0.000000,Training,-0.135608,-0.088138,-0.062710,-0.049208,-0.033797,-0.031805,-0.033553,-0.039185,-0.012698,0.137940,1.076824
2003-08-11,0.000000,Training,-0.135220,-0.088108,-0.061935,-0.047481,-0.032760,-0.030746,-0.033516,-0.039862,-0.014019,0.136515,1.072072
2003-08-12,0.000000,Training,-0.140304,-0.085370,-0.059715,-0.043189,-0.029762,-0.028984,-0.032935,-0.039837,-0.008494,0.145306,1.110196
2003-08-13,0.000000,Training,-0.136161,-0.087702,-0.061784,-0.046373,-0.031530,-0.030272,-0.032791,-0.039009,-0.012100,0.139980,1.085623
2003-08-14,0.000000,Training,-0.131921,-0.087409,-0.062618,-0.049961,-0.033233,-0.033766,-0.033694,-0.039096,-0.015060,0.135243,1.070968
2003-08-15,0.000000,Training,-0.124274,-0.079964,-0.060268,-0.050437,-0.032807,-0.037008,-0.034475,-0.037645,-0.012486,0.136929,1.082710
2003-08-16,0.000000,Training,-0.120606,-0.078183,-0.058852,-0.050232,-0.030931,-0.036818,-0.032629,-0.034278,-0.012188,0.134098,1.071031
2003-08-17,0.000000,Training,-0.119541,-0.078239,-0.058663,-0.050184,-0.031061,-0.037131,-0.033284,-0.035973,-0.015360,0.130172,1.060089
2003-08-18,0.000000,Training,-0.120106,-0.079985,-0.059808,-0.050768,-0.032253,-0.037676,-0.034818,-0.039142,-0.019347,0.126585,1.049565
2003-08-19,0.000000,Training,-0.120281,-0.080249,-0.059841,-0.050430,-0.032042,-0.037685,-0.035205,-0.040055,-0.020612,0.125336,1.046937
2003-08-20,0.000000,Training,-0.119443,-0.079939,-0.059772,-0.050454,-0.031782,-0.037869,-0.034918,-0.039994,-0.020981,0.124675,1.046201
2003-08-21,0.000000,Training,-0.120886,-0.080855,-0.060186,-0.050247,-0.031315,-0.037123,-0.034221,-0.040127,-0.022282,0.123220,1.040893
2003-08-22,0.000000,Training,-0.127054,-0.080051,-0.058925,-0.046357,-0.028985,-0.034926,-0.033952,-0.040981,-0.018588,0.130023,1.069308
2003-08-23,0.000000,Training,-0.134751,-0.079587,-0.058157,-0.043050,-0.026689,-0.033029,-0.033295,-0.040712,-0.012026,0.140999,1.111247
2003-08-24,0.000000,Training,-0.122921,-0.083241,-0.062640,-0.050876,-0.031263,-0.035816,-0.032603,-0.037358,-0.018829,0.129438,1.053651
2003-08-25,0.000000,Training,-0.122509,-0.081008,-0.061810,-0.050748,-0.028837,-0.035421,-0.030011,-0.032527,-0.014730,0.131278,1.058172
2003-08-26,0.000000,Training,-0.122844,-0.080141,-0.061744,-0.050550,-0.027461,-0.035192,-0.029089,-0.030809,-0.014249,0.129765,1.053668
2003-08-27,0.000000,Training,-0.154444,-0.079126,-0.061238,-0.045832,-0.022498,-0.036832,-0.030391,-0.033195,0.006975,0.163977,1.205294
2003-08-28,0.000000,Training,-0.165008,-0.084468,-0.067492,-0.050041,-0.023178,-0.036724,-0.026352,-0.024003,0.024891,0.191346,1.284389
2003-08-29,0.000000,Training,-0.145821,-0.083040,-0.066609,-0.046907,-0.024412,-0.026611,-0.020191,-0.016628,0.025759,0.194709,1.250116
2003-08-30,0.000000,Training,-0.134215,-0.090714,-0.074625,-0.056666,-0.032889,-0.030936,-0.025129,-0.023698,0.002175,0.160775,1.117302
2003-08-31,0.000000,Training,-0.208848,-0.110870,-0.096858,-0.072270,-0.043463,-0.052196,-0.042029,-0.047081,0.012567,0.195740,1.315966
2003-09-01,0.000000,Training,-0.151741,-0.088948,-0.076823,-0.052486,-0.028883,-0.025872,-0.021819,-0.017214,0.022190,0.192088,1.226801
2003-09-02,0.000000,Training,-0.137718,-0.089895,-0.075088,-0.056546,-0.028830,-0.027676,-0.019050,-0.010168,0.017135,0.176430,1.151791
2003-09-03,0.000000,Training,-0.136782,-0.085728,-0.072671,-0.055671,-0.029466,-0.033199,-0.027323,-0.024115,-0.003872,0.145322,1.086797
2003-09-04,0.000000,Training,-0.135179,-0.083941,-0.069883,-0.053758,-0.028253,-0.032533,-0.027553,-0.024828,-0.006840,0.140730,1.076342
2003-09-05,,,0.130308,0.638049,0.875974,1.161012,1.360842,1.961877,2.544442,4.312964,9.731857,14.343661,43.737640
2003-09-06,,,0.030403,0.543369,0.821400,1.141429,1.383674,2.043513,2.704182,4.754505,11.052556,16.610003,49.924820
2003-09-07,,,,,,,,,,,,,
2003-09-08,,,,,,,,,,,,,
2003-09-09,,,,,,,,,,,,,
2003-09-10,,,,,,,,,,,,,
2003-09-11,,,,,,,,,,,,,
2003-09-12,,,,,,,,,,,,,
2003-09-13,,,,,,,,,,,,,
2003-09-14,,,,,,,,,,,,,
2003-09-15,,,,,,,,,,,,,
2003-09-16,,,,,,,,,,,,,
2003-09-17,,,,,,,,,,,,,
2003-09-18,,,,,,,,,,,,,
2003-09-19,,,,,,,,,,,,,
2003-09-20,,,,,,,,,,,,,
2003-09-21,,,,,,,,,,,,,
2003-09-22,,,,,,,,,,,,,
2003-09-23,,,,,,,,,,,,,
2003-09-24,,,,,,,,,,,,,
2003-09-25,,,,,,,,,,,,,
2003-09-26,,,,,,,,,,,,,
2003-09-27,,,,,,,,,,,,,
2003-09-28,,,,,,,,,,,,,
2003-09-29,,,,,,,,,,,,,
2003-09-30,,,,,,,,,,,,,
2003-10-01,,,,,,,,,,,,,
2003-10-02,,,,,,,,,,,,,
2003-10-03,,,,,,,,,,,,,
2003-10-04,,,,,,,,,,,,,
2003-10-05,,,,,,,,,,,,,
2003-10-06,,,,,,,,,,,,,
2003-10-07,,,,,,,,,,,,,
2003-10-08,,,,,,,,,,,,,
2003-10-09,,,,,,,,,,,,,
2003-10-10,,,,,,,,,,,,,
2003-10-11,,,,,,,,,,,,,
2003-10-12,,,,,,,,,,,,,
2003-10-13,,,,,,,,,,,,,
2003-10-14,,,,,,,,,,,,,
2003-10-15,,,,,,,,,,,,,
2003-10-16,,,,,,,,,,,,,
2003-10-17,,,,,,,,,,,,,
2003-10-18,,,,,,,,,,,,,
2003-10-19,,,,,,,,,,,,,
2003-10-20,,,,,,,,,,,,,
2003-10-21,,,,,,,,,,,,,
2003-10-22,,,,,,,,,,,,,
2003-10-23,,,,,,,,,,,,,
2003-10-24,0.000000,Training,,,,,,,,,,,
2003-10-25,0.000000,Training,,,,,,,,,,,
2003-10-26,0.810994,Training,-0.612152,-0.361519,-0.296607,-0.001376,0.204221,0.431672,0.819166,1.667239,4.702899,8.362807,26.013166
2003-10-27,1.719306,Training,-0.610181,-0.324418,-0.242626,0.039637,0.256697,0.510400,0.909681,1.803905,4.926332,8.424081,26.794065
2003-10-28,0.827213,Training,-0.531369,-0.201796,-0.094032,0.150800,0.364402,0.623430,1.038311,1.909478,4.879913,7.810627,23.976898
2003-10-29,0.843433,Training,-0.392486,-0.053193,0.031056,0.218834,0.342666,0.602287,0.878761,1.499508,3.466110,5.133069,14.954820
2003-10-30,0.600135,Training,-0.275049,0.028884,0.050313,0.149633,0.196985,0.372429,0.509518,0.819336,1.860347,2.762901,8.553799
2003-10-31,5.709394,Training,-0.899810,-0.727944,-0.548026,0.027349,0.655411,1.418815,2.172574,5.815895,16.956154,33.980797,73.206772
2003-11-01,5.693175,Training,-0.675374,-0.321445,-0.009633,0.573129,1.239436,1.920735,2.920751,5.580918,12.826835,20.484224,46.495663
2003-11-02,2.416761,Training,-0.444696,-0.101602,0.022390,0.281743,0.457132,0.762966,1.091933,1.894859,4.005370,5.846728,14.560061
2003-11-03,0.924533,Training,-0.206136,0.059396,0.085503,0.187084,0.217211,0.400271,0.519242,0.827303,1.624197,2.299860,6.355242
2003-11-04,0.000000,Training,-0.270840,-0.015828,0.020762,0.118638,0.136114,0.283312,0.377464,0.615762,1.345402,1.974343,5.849464
2003-11-05,0.000000,Training,-0.257152,-0.029211,0.006356,0.111740,0.126671,0.305789,0.403851,0.648791,1.386182,2.044926,5.977392
2003-11-06,0.000000,Training,-0.197814,-0.022983,0.006295,0.083167,0.090249,0.259449,0.332725,0.527158,1.066558,1.582795,4.629296
2003-11-07,0.000000,Training,-0.184107,-0.022071,0.002745,0.064292,0.069096,0.207888,0.264783,0.421091,0.851612,1.264155,3.849983
2003-11-08,0.000000,Training,-0.268718,-0.070119,-0.038753,0.032939,0.048136,0.160522,0.227983,0.388955,0.924533,1.406101,4.486662
2003-11-09,0.000000,Training,-0.787536,-0.614205,-0.550544,-0.251931,-0.064915,0.208250,0.484478,1.359205,4.816270,9.184636,26.338213
2003-11-10,0.000000,Training,-0.724476,-0.448906,-0.244135,0.242297,0.720884,1.189835,1.939618,3.868953,10.074015,16.672716,43.818600
2003-11-11,0.000000,Training,-0.579236,-0.234473,-0.032531,0.365449,0.687105,1.092440,1.619323,2.908982,6.404098,9.331784,22.947105
2003-11-12,0.000000,Training,-0.489878,-0.075412,0.088232,0.441743,0.672482,1.057194,1.474209,2.431247,4.975513,6.826145,17.197586
2003-11-13,0.000000,Training,-0.305967,-0.061221,-0.021664,0.102751,0.135511,0.327353,0.452357,0.755411,1.614223,2.296124,6.657601
2003-11-14,0.000000,Training,-0.242690,-0.072207,-0.043819,0.034640,0.058153,0.189228,0.261937,0.456820,0.980998,1.446277,4.407458
2003-11-15,0.000000,Training,-0.904672,-0.777510,-0.673849,-0.233494,0.146896,0.665038,1.084563,3.554393,11.861770,24.699593,60.793251
2003-11-16,0.000000,Training,-0.684241,-0.439885,-0.249668,0.190435,0.604954,1.072071,1.745034,3.691102,9.421367,15.629249,38.059532
2003-11-17,0.000000,Training,-0.494378,-0.231549,-0.115496,0.124316,0.294191,0.569533,0.893290,1.724346,3.950870,5.821874,15.548946
2003-11-18,0.000000,Training,-0.292886,-0.053700,-0.007311,0.114761,0.167816,0.358073,0.508282,0.875725,1.805850,2.522906,7.147022
2003-11-19,0.000000,Training,-0.177058,-0.041076,-0.014923,0.034884,0.060308,0.173762,0.229396,0.400304,0.800387,1.185151,3.690287
2003-11-20,0.000000,Training,-0.185044,-0.068948,-0.039275,0.007241,0.036972,0.125793,0.172454,0.318056,0.649046,0.990506,3.137966
2003-11-21,0.000000,Training,-0.318598,-0.144292,-0.110553,-0.038346,0.003985,0.081530,0.147818,0.319430,0.829909,1.322849,4.336229
2003-11-22,0.000000,Training,-0.801756,-0.652575,-0.591730,-0.302040,-0.107012,0.166115,0.446884,1.480883,5.485648,10.831900,31.388775
2003-11-23,0.000000,Training,-0.852049,-0.669985,-0.504591,-0.063028,0.436703,0.878727,1.665174,4.068845,12.398916,23.131968,58.729923
2003-11-24,0.000000,Training,-0.938523,-0.793602,-0.598065,0.044192,1.106758,1.946994,3.467785,8.840119,24.518305,45.145924,98.480873
2003-11-25,0.000000,Training,-0.796342,-0.397969,0.095326,1.291108,2.980371,4.290499,6.477090,12.307098,26.519066,39.079372,76.365112
2003-11-26,0.000000,Training,-0.869734,-0.538875,-0.214285,0.646229,1.877990,2.798501,4.337232,8.671901,20.129389,31.387747,71.580254
2003-11-27,0.000000,Training,-0.731428,-0.202248,0.277295,1.437880,2.841250,4.052659,5.601397,10.074036,20.203478,28.832821,57.588486
2003-11-28,0.000000,Training,-0.576295,-0.159366,0.059077,0.487834,0.826377,1.323983,1.777142,3.206949,6.494085,9.310795,21.062775
2003-11-29,0.000000,Training,-0.527372,-0.080241,0.090666,0.476035,0.722295,1.157649,1.520561,2.664493,5.403921,7.737464,19.122126
2003-11-30,0.000000,Training,-0.827098,-0.503413,-0.287512,0.269948,0.876514,1.578524,2.313704,4.865690,12.234243,20.201738,50.439171
2003-12-01,0.000000,Training,-0.735433,-0.312769,0.106668,1.013906,2.064388,3.068331,4.242839,7.775370,16.502445,24.160641,49.482903
2003-12-02,0.000000,Training,-0.671146,-0.209695,0.114571,0.814041,1.466073,2.220172,2.893410,5.091140,9.637371,13.288785,28.316523
2003-12-03,0.000000,Training,-0.805434,-0.355061,0.061306,1.087808,2.322663,3.266180,4.536219,7.880529,16.141214,22.500950,50.729366
2003-12-04,2.368101,Training,-0.652229,-0.307091,-0.079020,0.396335,0.800407,1.331650,1.824429,3.468453,7.417851,10.654274,23.844374
2003-12-05,10.315838,Training,-0.895616,-0.676810,-0.453610,0.151275,0.969404,1.725489,2.711573,5.962428,15.590139,25.591471,57.515141
2003-12-06,24.540664,Training,-0.729980,0.011259,1.210046,5.427897,13.101182,18.973473,27.884293,55.147995,116.830643,184.787079,298.847198
2003-12-07,18.555532,Training,-0.400993,1.039365,3.178987,9.026580,18.161909,23.166965,33.424095,55.544651,103.902405,143.697250,262.923676
2003-12-08,15.003380,Training,-0.644662,0.292920,1.485868,4.702673,9.575641,11.868019,16.937380,27.601414,51.706264,69.074120,138.927139
2003-12-09,28.822710,Training,-0.500106,0.855965,2.846939,9.045443,19.315094,25.589512,36.086700,61.412651,115.736847,163.238434,276.870209
2003-12-10,29.325526,Training,-0.310551,1.112051,2.949948,7.575878,14.323328,18.208883,24.692984,39.035355,65.867081,85.288223,140.208847
2003-12-11,9.813022,Training,-0.709814,-0.191026,0.240111,1.331085,2.646865,3.648261,4.932906,8.652795,15.878021,21.518532,42.153481
2003-12-12,6.925885,Training,-0.584883,-0.193347,0.000237,0.443489,0.808171,1.245151,1.679233,3.107997,6.029442,8.474121,18.890676
2003-12-13,5.498536,Training,-0.398524,-0.095104,0.025090,0.236672,0.375257,0.647524,0.878518,1.638326,3.215352,4.561491,11.007477
2003-12-14,4.671323,Training,-0.392107,-0.082405,0.035378,0.252990,0.389380,0.661334,0.883285,1.612428,3.103688,4.397775,10.536245
2003-12-15,4.152287,Training,-0.289903,-0.034567,0.051062,0.189651,0.274091,0.483690,0.657016,1.188200,2.307004,3.273290,8.309222
2003-12-16,3.746790,Training,-0.304257,-0.064103,0.021340,0.155120,0.236813,0.425784,0.589528,1.076492,2.137395,3.047027,7.777658
2003-12-17,3.503492,Training,-0.558515,-0.260088,-0.155366,0.067158,0.230651,0.478360,0.724425,1.501187,3.584781,5.592862,14.989958
2003-12-18,9.131787,Training,-0.728620,-0.400464,-0.168874,0.370634,0.941247,1.552663,2.249479,4.601745,11.007029,17.803516,41.699078
2003-12-19,7.152963,Training,-0.558894,-0.286597,-0.126497,0.202362,0.481923,0.874779,1.268304,2.543591,5.651001,8.548054,19.353573
2003-12-20,5.028160,Training,-0.481858,-0.201275,-0.076360,0.181576,0.367619,0.674059,0.953366,1.859626,3.914624,5.703653,13.515090
2003-12-21,4.152287,Training,-0.469116,-0.131912,0.013153,0.327312,0.551645,0.903869,1.218143,2.263065,4.466005,6.335215,14.791192
2003-12-22,3.584591,Training,-0.397047,-0.140802,-0.030150,0.158640,0.287952,0.525889,0.739140,1.401301,2.819822,4.001328,9.643249
2003-12-23,3.049336,Training,-0.430750,-0.170205,-0.053722,0.145779,0.282526,0.517754,0.729903,1.379256,2.731389,3.780242,9.022583
2003-12-24,2.676279,Training,-0.351395,-0.167218,-0.089253,0.030243,0.119543,0.271415,0.425756,0.848499,1.770963,2.509791,6.437224
2003-12-25,2.465420,Training,-0.251120,-0.138765,-0.093765,-0.034448,0.031777,0.108513,0.206165,0.439807,0.965673,1.444681,4.152636
2003-12-26,2.303222,Training,-0.245296,-0.138933,-0.093541,-0.041297,0.024570,0.087099,0.177831,0.385667,0.859352,1.287297,3.805029
2003-12-27,2.303222,Training,-0.209675,-0.117829,-0.078694,-0.035685,0.027558,0.074478,0.153663,0.330477,0.725258,1.116737,3.410785
2003-12-28,2.497860,Training,-0.221771,-0.106563,-0.072472,-0.033015,0.033613,0.062618,0.133727,0.293785,0.704246,1.095449,3.553265
2003-12-29,2.481640,Training,-0.198169,-0.118579,-0.083906,-0.047326,0.021671,0.060821,0.135371,0.300811,0.684873,1.044921,3.296000
2003-12-30,2.303222,Training,-0.181594,-0.094701,-0.066499,-0.028477,0.037081,0.087355,0.162865,0.341779,0.749723,1.162695,3.587747
2003-12-31,2.173463,Training,-0.180256,-0.085682,-0.061427,-0.022959,0.041737,0.095213,0.170731,0.354467,0.775761,1.194395,3.691192
2004-01-01,1.995044,Training,-0.212708,-0.083342,-0.057545,-0.014120,0.051022,0.108154,0.190714,0.393776,0.905848,1.393489,4.372772
2004-01-02,1.930165,Training,-0.180213,-0.093130,-0.064770,-0.024292,0.044289,0.109137,0.193202,0.399295,0.860197,1.315512,3.933019
2004-01-03,1.865285,Training,-0.192137,-0.098181,-0.065493,-0.025055,0.044473,0.113208,0.199829,0.412368,0.893922,1.353629,3.997247
2004-01-04,1.735526,Training,-0.209206,-0.100603,-0.063505,-0.016551,0.056600,0.136146,0.232738,0.476368,1.017413,1.505059,4.312581
2004-01-05,1.573327,Training,-0.189373,-0.098028,-0.062759,-0.027345,0.045375,0.103092,0.184930,0.381546,0.818141,1.225098,3.653827
2004-01-06,1.540888,Training,-0.170115,-0.095461,-0.062283,-0.033421,0.038247,0.069964,0.137602,0.289559,0.622598,0.954492,2.999660
2004-01-07,1.411129,Training,-0.164629,-0.088579,-0.057116,-0.027630,0.043398,0.079933,0.148930,0.308170,0.652994,1.004090,3.114001
2004-01-08,1.411129,Training,-0.194837,-0.064599,-0.040919,-0.005033,0.064244,0.109449,0.188072,0.373433,0.835913,1.286157,4.103320
2004-01-09,1.492228,Training,-0.165432,-0.050646,-0.032130,0.006233,0.071606,0.135977,0.218122,0.420398,0.905522,1.385663,4.327590
2004-01-10,1.573327,Training,-0.152520,-0.058487,-0.038944,-0.001485,0.065982,0.138558,0.223513,0.432211,0.905850,1.381268,4.163701
2004-01-11,1.589547,Training,-0.141509,-0.052446,-0.035464,-0.001739,0.065206,0.137826,0.220563,0.424047,0.869060,1.313896,3.940227
2004-01-12,1.573327,Training,-0.159764,-0.070244,-0.044953,-0.010443,0.060803,0.122136,0.202096,0.400514,0.829089,1.255031,3.708166
2004-01-13,1.573327,Training,-0.169436,-0.070579,-0.041244,-0.006307,0.065769,0.125146,0.205045,0.404367,0.845390,1.273927,3.770511
2004-01-14,1.459788,Training,-0.187127,-0.055748,-0.029661,0.009148,0.080783,0.145610,0.232203,0.450739,0.971764,1.470582,4.437093
2004-01-15,1.654427,Training,-0.486794,-0.259084,-0.198513,-0.066213,0.084178,0.230968,0.431371,0.975415,2.519021,3.945203,11.416713
2004-01-16,3.097995,Training,-0.274609,-0.158147,-0.102151,0.013036,0.143672,0.301589,0.505302,1.018550,2.303273,3.501174,9.035224
2004-01-17,2.854697,Training,-0.286454,-0.114265,-0.053854,0.045561,0.160754,0.330846,0.520883,1.035134,2.297442,3.424689,9.004120
2004-01-18,2.189683,Training,-0.246623,-0.105496,-0.051274,0.020268,0.117832,0.243121,0.396079,0.777484,1.667706,2.367033,6.289788
2004-01-19,2.043704,Training,-0.235435,-0.104401,-0.054896,0.002086,0.086310,0.200883,0.324977,0.653976,1.385526,1.967694,5.309883
2004-01-20,1.865285,Training,-0.226828,-0.113585,-0.078188,-0.034665,0.039366,0.132032,0.227740,0.499713,1.071590,1.546407,4.368467
2004-01-21,1.719306,Training,-0.213722,-0.106405,-0.064565,-0.022089,0.054046,0.141094,0.240084,0.500236,1.063935,1.530050,4.294007
2004-01-22,1.427349,Training,-0.206575,-0.103218,-0.059618,-0.018245,0.058472,0.141904,0.241441,0.493701,1.047574,1.508232,4.224165
2004-01-23,1.232710,Training,-0.175869,-0.080432,-0.037695,0.001484,0.079142,0.158854,0.260285,0.503526,1.039004,1.528922,4.232845
2004-01-24,1.167831,Training,-0.146909,-0.056042,-0.025025,0.009940,0.080664,0.160922,0.256275,0.490728,0.988338,1.480032,4.160898
2004-01-25,1.119171,Training,-0.162005,-0.057466,-0.026490,0.010897,0.079887,0.154462,0.248373,0.479072,0.991288,1.493302,4.259462
2004-01-26,1.135391,Training,-0.238024,-0.074089,-0.040013,0.009853,0.087103,0.167047,0.282922,0.555313,1.253834,1.908862,5.619874
2004-01-27,1.557108,Training,-0.668480,-0.448085,-0.367654,-0.126497,0.121765,0.419896,0.746497,1.933591,5.522265,9.429289,27.085871
2004-01-28,8.174815,Training,-0.587852,-0.365365,-0.210729,0.131104,0.465222,0.838039,1.358415,2.963161,7.562841,12.569003,29.193663
2004-01-29,5.482316,Training,-0.892856,-0.715843,-0.498038,0.110621,1.150939,2.137778,3.436198,9.044219,24.492289,42.518791,82.948441
2004-01-30,5.206578,Training,-0.785980,-0.252957,0.446528,2.517546,6.438200,10.004339,15.645297,34.248497,77.139740,128.150421,236.488693
2004-01-31,8.223474,Training,-0.745830,-0.054155,0.796924,3.324136,7.983744,11.870868,17.975994,36.491917,76.190628,119.839813,226.931641
2004-02-01,31.450329,Training,-0.663965,0.238346,1.213301,3.989870,8.622293,12.490175,18.394581,34.596184,70.265320,107.364456,214.124023
2004-02-02,17.955397,Training,-0.523875,0.433324,1.269797,3.491018,6.395194,8.962119,12.109907,21.115637,39.345837,55.720497,107.004539
2004-02-03,9.877901,Training,-0.488112,0.104711,0.474285,1.348960,2.267334,3.311506,4.327205,7.719599,13.666939,19.523977,36.778038
2004-02-04,6.747466,Training,-0.414006,0.073373,0.301579,0.824536,1.267715,1.880243,2.416539,4.219240,7.319403,10.462900,20.804718
2004-02-05,5.190359,Training,-0.345662,0.089468,0.262833,0.640750,0.929238,1.393913,1.780401,3.060525,5.263477,7.493306,15.349721
2004-02-06,4.379365,Training,-0.305707,0.078159,0.228739,0.517094,0.730319,1.104507,1.410394,2.389292,4.085412,5.805220,12.119136
2004-02-07,3.811670,Training,-0.285475,0.062547,0.201393,0.443915,0.624221,0.939726,1.207586,2.027321,3.468091,4.914529,10.365622
2004-02-08,3.471052,Training,-0.246018,0.079371,0.196715,0.401805,0.546848,0.833883,1.074485,1.776648,3.029549,4.270286,9.361066
2004-02-09,3.211534,Training,-0.236900,0.071968,0.182266,0.371434,0.505301,0.771034,0.999314,1.642928,2.803481,3.942771,8.723818
2004-02-10,2.952016,Training,-0.253871,0.039125,0.156235,0.343811,0.484050,0.726762,0.951630,1.570582,2.690008,3.781372,8.177355
2004-02-11,2.741158,Training,-0.246689,0.029993,0.142298,0.316044,0.448380,0.673736,0.889489,1.464986,2.511507,3.525244,7.671732
2004-02-12,2.497860,Training,-0.241867,0.018093,0.125100,0.286237,0.411112,0.618551,0.824777,1.357276,2.327841,3.262785,7.153161
2004-02-13,2.303222,Training,-0.235347,0.000092,0.095035,0.238351,0.350929,0.532517,0.723597,1.195381,2.055977,2.881285,6.450428
2004-02-14,2.108583,Training,-0.240368,-0.019924,0.075918,0.210044,0.316906,0.479985,0.662139,1.099337,1.912634,2.685509,6.053489
2004-02-15,1.946384,Training,-0.213539,-0.055225,0.024277,0.110822,0.200550,0.316955,0.469354,0.806614,1.460152,2.061162,4.866704
2004-02-16,1.913945,Training,-0.216311,-0.069619,0.008755,0.090084,0.178039,0.282898,0.429284,0.742126,1.356011,1.909811,4.565090
2004-02-17,1.865285,Training,-0.178322,-0.075722,-0.021309,0.029473,0.106778,0.181251,0.298988,0.545882,1.042392,1.529309,3.908799
2004-02-18,1.735526,Training,-0.144748,-0.071804,-0.033314,-0.000907,0.070685,0.124628,0.221547,0.418235,0.827526,1.256002,3.431464
2004-02-19,1.735526,Training,-0.140030,-0.081007,-0.043473,-0.018453,0.054970,0.092829,0.177883,0.341868,0.708643,1.081260,3.088391
2004-02-20,1.654427,Training,-0.394802,-0.194272,-0.129783,-0.037745,0.088919,0.154598,0.306293,0.603449,1.459092,2.156903,6.193106
2004-02-21,1.573327,Training,-0.375087,-0.209355,-0.148642,-0.050308,0.080780,0.166963,0.366091,0.736616,1.900116,2.942007,8.368548
2004-02-22,1.962604,Training,-0.654671,-0.445381,-0.330067,-0.104774,0.156043,0.391051,0.787557,1.803124,5.112279,8.248206,21.137094
2004-02-23,3.357513,Training,-0.827441,-0.600365,-0.338025,0.330160,1.415229,2.422043,3.880064,9.675199,27.107122,46.288643,92.252563
2004-02-24,10.169859,Training,-0.647715,-0.266231,0.180253,1.092013,2.300443,3.421366,5.106531,10.385747,23.566362,36.823544,69.541397
2004-02-25,7.461140,Training,-0.851077,-0.587353,-0.287084,0.420428,1.659285,2.768686,4.376471,10.181075,24.974476,41.628105,80.978722
2004-02-26,17.160623,Training,-0.597511,-0.242337,0.105964,0.760863,1.560985,2.310675,3.315099,6.317981,13.059894,19.496340,35.047974
2004-02-27,8.401893,Training,-0.609457,-0.247339,0.040786,0.552131,1.111361,1.679123,2.353360,4.385218,9.001329,13.147998,25.479929
2004-02-28,5.336337,Training,-0.563605,-0.205784,0.014528,0.415300,0.803119,1.238677,1.708212,3.202509,6.484319,9.438980,19.218666
2004-02-29,4.346925,Training,-0.445089,-0.117862,0.096784,0.426805,0.734566,1.114731,1.514913,2.691949,5.202526,7.470983,14.682427
2004-03-01,3.763010,Training,-0.370172,-0.074025,0.097393,0.347587,0.565659,0.880699,1.190839,2.101153,3.903399,5.477094,10.985653
2004-03-02,3.195314,Training,-0.351084,-0.069043,0.055039,0.254029,0.412916,0.688416,0.921632,1.681742,3.087571,4.344861,9.109831
2004-03-03,2.724938,Training,-0.296775,-0.035038,0.106871,0.292106,0.452655,0.693982,0.945475,1.614261,2.957277,4.128595,8.591894
2004-03-04,2.400541,Training,-0.254997,-0.018284,0.092246,0.244785,0.371282,0.582834,0.798443,1.373056,2.483016,3.545736,7.642181
2004-03-05,2.270782,Training,-0.345230,-0.064162,0.045491,0.220252,0.354937,0.559274,0.778103,1.366677,2.669269,3.937835,8.923109
2004-03-06,2.124803,Training,-0.307840,-0.049191,0.036189,0.189416,0.301141,0.493878,0.697302,1.220356,2.391562,3.525786,8.332255
2004-03-07,2.108583,Training,-0.241667,-0.046926,0.032334,0.156448,0.259828,0.432197,0.621565,1.078870,1.995711,2.883491,6.526519
2004-03-08,2.076143,Training,-0.237201,-0.029743,0.043147,0.170651,0.273944,0.446992,0.635560,1.084788,1.966788,2.809607,6.382420
2004-03-09,1.913945,Training,-0.260159,-0.019670,0.069363,0.225772,0.344326,0.524278,0.721165,1.196033,2.103286,2.964500,6.529122
2004-03-10,1.751746,Training,-0.261274,-0.038398,0.037474,0.153843,0.252186,0.397846,0.570899,0.981483,1.856999,2.686886,6.342241
2004-03-11,1.735526,Training,-0.187771,-0.037151,0.020149,0.091191,0.170992,0.283828,0.429171,0.746190,1.385872,2.010311,4.914463
2004-03-12,2.270782,Training,-0.679255,-0.429359,-0.304013,-0.045768,0.250229,0.521296,0.849049,1.908208,4.696942,7.538266,16.646481
2004-03-13,5.985132,Training,-0.349672,-0.182387,-0.071294,0.113441,0.299456,0.529225,0.831476,1.597252,3.517866,5.412458,11.765684
2004-03-14,4.346925,Training,-0.292273,-0.123007,-0.027726,0.105606,0.251488,0.462908,0.715726,1.354286,2.793439,4.183389,9.360012
2004-03-15,3.065556,Training,-0.126732,0.026129,0.061725,0.123238,0.211561,0.373373,0.554362,0.977101,1.892307,2.737419,6.844578
2004-03-16,2.432981,Training,-0.079037,0.039959,0.063779,0.096057,0.155409,0.287223,0.417771,0.715253,1.345313,1.963999,5.160161
2004-03-17,2.092363,Training,-0.071417,0.022484,0.044738,0.064349,0.119270,0.218954,0.328445,0.562451,1.058941,1.565811,4.256167
2004-03-18,1.865285,Training,-0.075067,-0.001826,0.019514,0.032245,0.087832,0.157391,0.250420,0.435142,0.834029,1.263237,3.573640
2004-03-19,1.719306,Training,-0.067647,-0.009191,0.011442,0.020349,0.077080,0.133044,0.219138,0.383063,0.732559,1.123890,3.233624
2004-03-20,1.573327,Training,-0.052272,0.000817,0.015829,0.021576,0.072371,0.128405,0.207801,0.356635,0.676241,1.049541,3.091676
2004-03-21,1.394909,Training,-0.068837,-0.015108,0.004329,0.012370,0.070715,0.116164,0.198058,0.347243,0.666467,1.033959,3.019911
2004-03-22,1.265150,Training,-0.094332,-0.039552,-0.011002,0.002923,0.066802,0.104594,0.186230,0.336158,0.656349,1.022626,2.936107
2004-03-23,1.135391,Training,-0.103204,-0.047433,-0.014646,0.000970,0.066901,0.102687,0.184894,0.334281,0.656234,1.018225,2.910861
2004-03-24,1.021852,Training,-0.112361,-0.059153,-0.024714,-0.008400,0.059221,0.088866,0.167423,0.306315,0.614282,0.956683,2.779336
2004-03-25,0.940752,Training,-0.097994,-0.052575,-0.025729,-0.011496,0.053303,0.080480,0.154628,0.286153,0.571995,0.909752,2.690643
2004-03-26,0.892093,Training,-0.124798,-0.068544,-0.034325,-0.015863,0.052295,0.075354,0.150461,0.280545,0.583884,0.914830,2.712120
2004-03-27,0.778554,Training,-0.375553,-0.177281,-0.114473,-0.027761,0.089735,0.142122,0.282782,0.546965,1.275812,1.944088,5.453073
2004-03-28,0.875873,Training,-0.437073,-0.240410,-0.174745,-0.052378,0.092316,0.199676,0.422544,0.868200,2.164516,3.503750,9.423515
2004-03-29,1.054292,Training,-0.350586,-0.183541,-0.110920,0.010148,0.144690,0.279660,0.515913,1.005379,2.436422,3.900386,9.980944
2004-03-30,1.216490,Training,-0.377450,-0.186432,-0.117660,-0.009949,0.111950,0.229930,0.437589,0.865303,2.114137,3.316079,8.611110
2004-03-31,1.086731,Training,-0.398567,-0.190296,-0.138914,-0.034448,0.088872,0.198936,0.401834,0.823152,2.081445,3.304936,9.104910
2004-04-01,1.135391,Training,-0.778449,-0.581648,-0.451319,-0.134980,0.266461,0.639838,1.129554,2.867304,8.218660,14.395228,31.634798
2004-04-02,2.303222,Training,-0.582112,-0.329534,-0.142723,0.217415,0.600187,0.987689,1.561620,3.199858,7.949756,13.052360,28.362671
2004-04-03,2.627619,Training,-0.293934,-0.114821,-0.027855,0.118509,0.270950,0.498131,0.775295,1.486520,3.113145,4.651119,10.805364
2004-04-04,2.984456,Training,-0.158793,-0.013775,0.021233,0.093795,0.170151,0.325935,0.499997,0.892710,1.742418,2.530239,6.469872
2004-04-05,2.724938,Training,-0.112788,0.000886,0.022674,0.067717,0.113896,0.240681,0.359443,0.622659,1.182300,1.747664,4.686584
2004-04-06,2.530300,Training,-0.096409,0.003496,0.025347,0.057320,0.093644,0.206220,0.302956,0.515504,0.961689,1.448330,3.993136
2004-04-07,2.351881,Training,-0.094830,-0.005997,0.020700,0.041933,0.094339,0.171445,0.274179,0.476823,0.896666,1.333944,3.693889
2004-04-08,2.303222,Training,-0.093753,-0.007134,0.017660,0.035991,0.087813,0.151937,0.248059,0.433198,0.827012,1.244058,3.517891
2004-04-09,2.270782,Training,-0.086885,-0.014320,0.010058,0.024874,0.078813,0.132279,0.223181,0.393813,0.750433,1.139848,3.253788
2004-04-10,2.124803,Training,-0.118918,-0.045693,-0.009597,0.012531,0.073491,0.117768,0.206842,0.377750,0.734866,1.123974,3.142887
2004-04-11,2.108583,Training,-0.122943,-0.049745,-0.014311,0.008939,0.071538,0.113681,0.202274,0.370557,0.722630,1.106799,3.102423
2004-04-12,2.011264,Training,-0.109586,-0.037510,-0.010621,0.009867,0.071215,0.114424,0.203379,0.367599,0.710752,1.090532,3.101523
2004-04-13,1.930165,Training,-0.097062,-0.024860,-0.005660,0.012154,0.069308,0.115474,0.203590,0.359732,0.691356,1.059865,3.073779
2004-04-14,1.913945,Training,-0.108759,-0.024507,-0.002183,0.021751,0.079339,0.131077,0.225430,0.393004,0.738500,1.114664,3.161942
2004-04-15,1.443568,Training,-0.085780,-0.019144,-0.004138,0.010061,0.064073,0.106755,0.188050,0.328869,0.627159,0.971412,2.891778
2004-04-16,0.648795,Training,-0.094031,-0.035858,-0.016311,-0.003028,0.059221,0.086071,0.162627,0.296351,0.579115,0.908406,2.730631
2004-04-17,0.454156,Training,-0.133827,-0.055817,-0.025880,-0.003708,0.061642,0.082274,0.157630,0.296340,0.610223,0.957146,2.855673
2004-04-18,0.356837,Training,-0.211556,-0.080561,-0.046039,-0.015820,0.058983,0.072476,0.162399,0.316380,0.728716,1.153597,3.509227
2004-04-19,0.227078,Training,-0.115436,-0.055960,-0.030256,-0.009171,0.056714,0.080012,0.152284,0.289030,0.577467,0.916929,2.752795
2004-04-20,0.032440,Training,-0.078263,-0.032510,-0.021314,-0.008235,0.053663,0.075312,0.138233,0.253715,0.501083,0.806377,2.537674
2004-04-21,0.129759,Training,-0.224377,-0.082799,-0.068112,-0.034981,0.042039,0.050418,0.133880,0.266462,0.651143,1.059101,3.455649
2004-04-22,0.308178,Training,-0.092739,-0.049009,-0.035025,-0.016598,0.047724,0.066354,0.129821,0.248745,0.501338,0.809162,2.544339
2004-04-23,0.502816,Training,-0.064046,-0.021086,-0.015066,-0.004155,0.047730,0.082395,0.141553,0.251190,0.489660,0.797596,2.553227
2004-04-24,0.616355,Training,-0.065472,-0.018925,-0.017584,-0.004935,0.038595,0.081551,0.133552,0.232567,0.457337,0.758780,2.472660
2004-04-25,0.535256,Training,-0.069524,-0.019562,-0.014659,-0.001558,0.039597,0.083527,0.129792,0.223441,0.432127,0.726355,2.398243
2004-04-26,0.421717,Training,-0.069939,-0.016305,-0.009017,0.004635,0.044130,0.088174,0.131040,0.222133,0.423277,0.713194,2.383305
2004-04-27,0.373057,Training,-0.057655,-0.009071,-0.003472,0.006867,0.044880,0.085046,0.127127,0.215484,0.410148,0.694187,2.345475
2004-04-28,0.340617,Training,-0.057835,0.004195,0.006576,0.013971,0.054732,0.082264,0.130426,0.225936,0.451243,0.744108,2.525425
2004-04-29,0.308178,Training,-0.049618,-0.006572,0.000132,0.004038,0.055384,0.073237,0.127510,0.226863,0.436230,0.707696,2.374541
2004-04-30,0.291958,Training,-0.111776,-0.033543,-0.015768,0.000510,0.057551,0.063039,0.118503,0.227641,0.491643,0.796228,2.633718
2004-05-01,0.243298,Training,-0.231181,-0.081380,-0.060730,-0.026456,0.047441,0.054644,0.133709,0.272954,0.646266,1.050889,3.478015
2004-05-02,0.210858,Training,-0.190495,-0.069487,-0.048995,-0.019081,0.049662,0.064470,0.142276,0.287593,0.676400,1.099508,3.551179
2004-05-03,0.194638,Training,-0.111179,-0.038207,-0.029578,-0.002762,0.056700,0.095223,0.166773,0.310974,0.650179,1.037071,3.216355
2004-05-04,0.194638,Training,-0.101599,-0.042457,-0.035400,-0.014399,0.043068,0.078723,0.145017,0.272435,0.559037,0.889937,2.797984
2004-05-05,0.194638,Training,-0.246502,-0.098914,-0.080548,-0.040702,0.030401,0.050152,0.134012,0.283936,0.723083,1.166863,3.746223
2004-05-06,0.259518,Training,-0.139616,-0.054968,-0.040114,-0.011725,0.048230,0.081954,0.151726,0.298825,0.638579,1.007820,3.130359
2004-05-07,0.275738,Training,-0.120444,-0.060357,-0.041360,-0.019380,0.040837,0.070896,0.134240,0.264874,0.543829,0.874080,2.718520
2004-05-08,0.259518,Training,-0.114938,-0.052847,-0.039814,-0.019797,0.038979,0.065721,0.127956,0.249588,0.516999,0.826426,2.632130
2004-05-09,0.243298,Training,-0.275978,-0.119927,-0.090769,-0.046294,0.028920,0.048315,0.134034,0.292808,0.735298,1.186481,3.752706
2004-05-10,0.275738,Training,-0.169082,-0.066446,-0.046200,-0.014849,0.047566,0.070024,0.138157,0.281128,0.638065,1.019240,3.246804
2004-05-11,0.259518,Training,-0.204266,-0.072469,-0.055029,-0.022173,0.043119,0.073304,0.156300,0.311633,0.744658,1.195008,3.830289
2004-05-12,0.243298,Training,-0.106206,-0.028149,-0.026200,-0.001375,0.044579,0.096116,0.160398,0.292396,0.608361,0.968735,3.097968
2004-05-13,0.243298,Training,-0.169465,-0.037213,-0.035427,-0.006954,0.034683,0.084518,0.151297,0.278541,0.662767,1.079050,3.581670
2004-05-14,0.259518,Training,-0.094651,-0.026636,-0.025994,-0.004376,0.034204,0.096030,0.152689,0.272151,0.545968,0.880603,2.819474
2004-05-15,0.194638,Training,-0.090789,-0.021275,-0.016626,0.000397,0.035903,0.097949,0.150559,0.262134,0.515557,0.841225,2.715000
2004-05-16,0.129759,Training,-0.091056,-0.018941,-0.015281,0.001892,0.037410,0.095774,0.145392,0.251525,0.492719,0.804697,2.631159
2004-05-17,0.000000,Training,-0.088470,-0.017204,-0.011019,0.005070,0.039276,0.093492,0.139130,0.237811,0.462988,0.763850,2.545770
2004-05-18,0.000000,Training,-0.083489,-0.013311,-0.006858,0.008226,0.041294,0.093047,0.137813,0.234895,0.456359,0.753989,2.527358
2004-05-19,0.000000,Training,-0.083600,-0.012599,-0.005459,0.010187,0.041394,0.092856,0.136320,0.230152,0.446904,0.741735,2.505918
2004-05-20,0.000000,Training,-0.125123,-0.009259,-0.004917,0.013448,0.042979,0.076260,0.119560,0.206316,0.477721,0.806855,2.880744
2004-05-21,0.000000,Training,-0.195692,-0.043815,-0.039403,-0.009933,0.031575,0.061227,0.118399,0.222001,0.533464,0.911218,3.280339
2004-05-22,0.000000,Training,-0.195897,-0.047813,-0.044692,-0.011799,0.028257,0.068717,0.129265,0.242782,0.582740,1.003597,3.551695
2004-05-23,0.000000,Training,-0.334600,-0.116832,-0.112594,-0.002684,0.060746,0.175951,0.260575,0.493908,1.146711,1.929304,6.330143
2004-05-24,0.583915,Training,-0.351350,-0.148368,-0.156709,-0.032738,0.043042,0.179302,0.305925,0.599362,1.491538,2.574423,8.504408
2004-05-25,0.908313,Training,-0.135042,-0.040083,-0.048738,0.012852,0.054151,0.172869,0.260704,0.466891,1.017221,1.654317,5.065245
2004-05-26,0.470376,Training,-0.107543,-0.022640,-0.025793,0.007418,0.028655,0.120665,0.179372,0.310995,0.657072,1.071765,3.411087
2004-05-27,0.324397,Training,-0.107267,-0.016129,-0.014984,0.015410,0.027483,0.114334,0.168710,0.288125,0.611493,0.993893,3.201808
2004-05-28,0.243298,Training,-0.085405,-0.013690,-0.010271,0.007784,0.019832,0.084267,0.124333,0.211368,0.459049,0.782054,2.678493
2004-05-29,0.210858,Training,-0.081958,-0.015467,-0.010276,0.006726,0.016652,0.073219,0.107155,0.179507,0.401945,0.707250,2.504263
2004-05-30,0.194638,Training,-0.068662,-0.013743,-0.007854,0.005315,0.016003,0.061885,0.092680,0.154443,0.350140,0.632863,2.319006
2004-05-31,0.081099,Training,-0.072421,-0.016821,-0.009801,0.004387,0.013989,0.058509,0.088047,0.144769,0.334356,0.612450,2.272529
2004-06-01,0.000000,Training,-0.076858,-0.018180,-0.008493,0.006318,0.016104,0.057401,0.083226,0.131772,0.306239,0.571409,2.188200
2004-06-02,0.000000,Training,-0.086508,-0.022857,-0.010034,0.008019,0.017514,0.058080,0.081617,0.126682,0.297902,0.559783,2.169965
2004-06-03,0.000000,Training,-0.104140,-0.021921,-0.008297,0.015710,0.021879,0.060154,0.080765,0.124102,0.313240,0.586285,2.292898
2004-06-04,0.000000,Training,-0.090246,-0.028053,-0.014130,0.005671,0.014923,0.052733,0.075370,0.116951,0.284571,0.543643,2.136315
2004-06-05,0.000000,Training,-0.074715,-0.024584,-0.015328,-0.000976,0.008463,0.041410,0.067128,0.107573,0.272938,0.529359,2.085753
2004-06-06,0.000000,Training,-0.074199,-0.025478,-0.017601,-0.003273,0.005788,0.035542,0.061829,0.099416,0.265662,0.519134,2.062169
2004-06-07,0.000000,Training,-0.084037,-0.032284,-0.023456,-0.005960,0.002201,0.033735,0.061937,0.098091,0.271905,0.529241,2.088758
2004-06-08,0.000000,Training,-0.105451,-0.040205,-0.029017,-0.004894,0.001599,0.037092,0.066607,0.100759,0.285762,0.549511,2.157337
2004-06-09,0.000000,Training,-0.104853,-0.041476,-0.027861,-0.004706,0.003510,0.036942,0.064186,0.094533,0.264307,0.516026,2.071123
2004-06-10,0.000000,Training,-0.111251,-0.037344,-0.023374,0.000324,0.007883,0.039075,0.063797,0.092175,0.261951,0.512530,2.091929
2004-06-11,0.000000,Training,-0.084981,-0.033302,-0.018276,-0.003162,0.011143,0.032064,0.051925,0.076680,0.204830,0.423731,1.832268
2004-06-12,0.000000,Training,-0.081335,-0.028416,-0.011362,0.003321,0.021882,0.035089,0.049905,0.073867,0.182028,0.383242,1.719443
2004-06-13,0.000000,Training,-0.084681,-0.030916,-0.012647,0.002964,0.020932,0.033807,0.047577,0.069128,0.174832,0.373408,1.696209
2004-06-14,0.000000,Training,-0.087367,-0.033039,-0.013239,0.003240,0.020210,0.033155,0.045567,0.065641,0.169714,0.367217,1.681629
2004-06-15,0.000000,Training,-0.080619,-0.031202,-0.013827,-0.001145,0.016157,0.027421,0.041541,0.061412,0.163254,0.358990,1.661341
2004-06-16,0.000000,Training,-0.082249,-0.032627,-0.014656,-0.002059,0.014673,0.025590,0.039037,0.057451,0.157851,0.352335,1.645381
2004-06-17,0.000000,Training,-0.087434,-0.035605,-0.015747,-0.001667,0.014279,0.025374,0.037244,0.053843,0.152880,0.346060,1.630945
2004-06-18,0.000000,Training,-0.083344,-0.030617,-0.014246,-0.002439,0.012517,0.021587,0.034208,0.051253,0.154076,0.349182,1.651894
2004-06-19,0.000000,Training,-0.066175,-0.024394,-0.010721,-0.003447,0.013140,0.018081,0.034567,0.058425,0.160774,0.353651,1.641255
2004-06-20,0.000000,Training,-0.066146,-0.026917,-0.012697,-0.006315,0.010302,0.015671,0.031746,0.053934,0.151877,0.342150,1.603868
2004-06-21,0.000000,Training,-0.072251,-0.031204,-0.016543,-0.009534,0.005768,0.013183,0.026673,0.043926,0.137332,0.326094,1.565853
2004-06-22,0.000000,Training,-0.076919,-0.033955,-0.018744,-0.011449,0.003676,0.011788,0.024468,0.039662,0.131293,0.318957,1.550683
2004-06-23,0.000000,Training,-0.092360,-0.032648,-0.017760,-0.007194,0.005568,0.012792,0.023119,0.036753,0.140300,0.334582,1.626815
2004-06-24,0.000000,Training,-0.084560,-0.038650,-0.022589,-0.014790,0.000022,0.009438,0.020841,0.034299,0.123684,0.310260,1.532016
2004-06-25,0.000000,Training,-0.092582,-0.043277,-0.025391,-0.016586,-0.001911,0.008649,0.018934,0.030401,0.118591,0.304619,1.519362
2004-06-26,0.000000,Training,-0.101188,-0.047939,-0.028393,-0.017736,-0.003157,0.008036,0.016447,0.026202,0.111939,0.295897,1.498520
2004-06-27,0.000000,Training,-0.105445,-0.050950,-0.029894,-0.018235,-0.004364,0.007589,0.014533,0.023529,0.107592,0.291040,1.485497
2004-06-28,0.000000,Training,-0.110637,-0.054272,-0.031192,-0.017315,-0.004692,0.008670,0.013172,0.021141,0.103828,0.287166,1.472298
2004-06-29,0.000000,Training,-0.112548,-0.056363,-0.032576,-0.018330,-0.006270,0.007532,0.011208,0.018356,0.099621,0.282407,1.458984
2004-06-30,0.000000,Training,-0.104693,-0.053288,-0.033243,-0.024417,-0.010721,0.000882,0.007965,0.016448,0.095671,0.276701,1.446415
2004-07-01,0.000000,Training,-0.096399,-0.050155,-0.032092,-0.025736,-0.012414,-0.002032,0.005654,0.015316,0.092509,0.272417,1.426622
2004-07-02,0.000000,Training,-0.099644,-0.051847,-0.033122,-0.026839,-0.013599,-0.003426,0.003465,0.011506,0.086292,0.263917,1.406143
2004-07-03,0.000000,Training,-0.102234,-0.053455,-0.034359,-0.028107,-0.014939,-0.004766,0.001514,0.008635,0.081471,0.257600,1.390753
2004-07-04,0.000000,Training,-0.106150,-0.055882,-0.036112,-0.029516,-0.016441,-0.005845,-0.000322,0.005828,0.076885,0.252005,1.377400
2004-07-05,0.000000,Training,-0.106437,-0.056690,-0.037067,-0.030834,-0.017891,-0.007309,-0.002141,0.003909,0.073197,0.247490,1.363949
2004-07-06,0.000000,Training,-0.097874,-0.051359,-0.033954,-0.029399,-0.016320,-0.007782,-0.001168,0.009348,0.079678,0.254193,1.373715
2004-07-07,0.000000,Training,-0.098128,-0.050471,-0.032586,-0.028578,-0.013136,-0.007427,0.001456,0.015971,0.087542,0.259789,1.384054
2004-07-08,0.000000,Training,-0.098391,-0.051632,-0.033519,-0.029830,-0.014706,-0.008851,-0.000490,0.013207,0.082185,0.253076,1.365738
2004-07-09,0.000000,Training,-0.099475,-0.053903,-0.035868,-0.032154,-0.018831,-0.010999,-0.004764,0.005489,0.070516,0.241201,1.336519
2004-07-10,0.000000,Training,-0.101715,-0.054734,-0.036769,-0.032891,-0.020107,-0.012177,-0.006895,0.002313,0.066181,0.236410,1.327327
2004-07-11,0.000000,Training,-0.104334,-0.058452,-0.039877,-0.036135,-0.023830,-0.014752,-0.010949,-0.004650,0.054928,0.223583,1.293511
2004-07-12,0.000000,Training,-0.114312,-0.064503,-0.043536,-0.038282,-0.026106,-0.016009,-0.013583,-0.011180,0.046358,0.213493,1.275316
2004-07-13,0.000000,Training,-0.120852,-0.068578,-0.045672,-0.038697,-0.026776,-0.016072,-0.015113,-0.013961,0.042061,0.208351,1.263963
2004-07-14,0.000000,Training,-0.124309,-0.071377,-0.047187,-0.038819,-0.027297,-0.015918,-0.016130,-0.015300,0.039649,0.205929,1.256245
2004-07-15,0.000000,Training,-0.123118,-0.071643,-0.048203,-0.041018,-0.028916,-0.018210,-0.017617,-0.016346,0.037140,0.202590,1.247911
2004-07-16,0.000000,Training,-0.126642,-0.069798,-0.047251,-0.039248,-0.028066,-0.018526,-0.018660,-0.017594,0.039417,0.206575,1.270211
2004-07-17,0.000000,Training,-0.114722,-0.068340,-0.047429,-0.042702,-0.030325,-0.021507,-0.019655,-0.016474,0.034585,0.198674,1.232966
2004-07-18,0.000000,Training,-0.113130,-0.067885,-0.047254,-0.043126,-0.030613,-0.022658,-0.020595,-0.017328,0.032394,0.195257,1.221966
2004-07-19,0.000000,Training,-0.111643,-0.067342,-0.047069,-0.043504,-0.030548,-0.023690,-0.021356,-0.017920,0.029660,0.190320,1.207934
2004-07-20,0.000000,Training,-0.113687,-0.068896,-0.048087,-0.044318,-0.031363,-0.024722,-0.022929,-0.020580,0.025218,0.184762,1.195113
2004-07-21,0.000000,Training,-0.119217,-0.072107,-0.049943,-0.045239,-0.032063,-0.025263,-0.024223,-0.023590,0.020500,0.178792,1.183317
2004-07-22,0.000000,Training,-0.121917,-0.073891,-0.051111,-0.045822,-0.032438,-0.025667,-0.024964,-0.024871,0.017945,0.175563,1.176091
2004-07-23,0.000000,Training,-0.129525,-0.078506,-0.052819,-0.044007,-0.031571,-0.023336,-0.025162,-0.026710,0.015561,0.173457,1.169180
2004-07-24,0.000000,Training,-0.131447,-0.080501,-0.053536,-0.042146,-0.030835,-0.021191,-0.025080,-0.027216,0.014548,0.173203,1.163395
2004-07-25,0.000000,Training,-0.132131,-0.081790,-0.055085,-0.044131,-0.032032,-0.023064,-0.026056,-0.027973,0.012928,0.171364,1.160010
2004-07-26,0.000000,Training,-0.131059,-0.081726,-0.055923,-0.046673,-0.033427,-0.026245,-0.027559,-0.029332,0.010096,0.167194,1.152947
2004-07-27,0.000000,Training,-0.129167,-0.081009,-0.056001,-0.047993,-0.034191,-0.028526,-0.028912,-0.030858,0.006935,0.162550,1.143002
2004-07-28,0.000000,Training,-0.118930,-0.076018,-0.054218,-0.049211,-0.034929,-0.031534,-0.030021,-0.030115,0.006090,0.160616,1.135022
2004-07-29,0.000000,Training,-0.116365,-0.074382,-0.053230,-0.048930,-0.034367,-0.032388,-0.030337,-0.030243,0.004604,0.157603,1.127061
2004-07-30,0.000000,Training,-0.122349,-0.077672,-0.054739,-0.049146,-0.034745,-0.032790,-0.031924,-0.034625,-0.001505,0.150058,1.112205
2004-07-31,0.000000,Training,-0.127526,-0.080550,-0.056046,-0.048606,-0.034276,-0.031797,-0.031908,-0.035768,-0.003479,0.147860,1.107843
2004-08-01,0.000000,Training,-0.128557,-0.081578,-0.057037,-0.048985,-0.034482,-0.031858,-0.032028,-0.035855,-0.004234,0.147427,1.106095
2004-08-02,0.000000,Training,-0.122367,-0.079133,-0.056924,-0.050623,-0.035591,-0.034144,-0.032952,-0.035378,-0.004872,0.146678,1.101267
2004-08-03,0.000000,Training,-0.123482,-0.074277,-0.054162,-0.047180,-0.032855,-0.033532,-0.032521,-0.034226,0.000550,0.153804,1.131876
2004-08-04,0.000000,Training,-0.117576,-0.075371,-0.055215,-0.049842,-0.033886,-0.034756,-0.032029,-0.032971,-0.004002,0.145755,1.099015
2004-08-05,0.000000,Training,-0.119733,-0.078055,-0.056881,-0.050864,-0.035305,-0.035799,-0.033932,-0.037081,-0.009559,0.139939,1.083606
2004-08-06,0.000000,Training,-0.123050,-0.079939,-0.057976,-0.050837,-0.035169,-0.035667,-0.034405,-0.038834,-0.012451,0.136326,1.075626
2004-08-07,0.000000,Training,-0.121705,-0.079463,-0.057984,-0.051005,-0.035081,-0.036129,-0.034597,-0.038743,-0.013345,0.135131,1.072184
2004-08-08,0.000000,Training,-0.201404,-0.104240,-0.083110,-0.067991,-0.047248,-0.056580,-0.048627,-0.055157,0.010658,0.192580,1.325003
2004-08-09,0.000000,Training,-0.156333,-0.080872,-0.063189,-0.048638,-0.030637,-0.033002,-0.027228,-0.023141,0.036450,0.212698,1.335509
2004-08-10,0.000000,Training,-0.140829,-0.081090,-0.063510,-0.048522,-0.031042,-0.027446,-0.022072,-0.015863,0.035834,0.209025,1.282301
2004-08-11,0.000000,Training,-0.136074,-0.081544,-0.066867,-0.052870,-0.035865,-0.034280,-0.031587,-0.031614,0.006267,0.166740,1.165753
2004-08-12,0.000000,Training,-0.140738,-0.080479,-0.066558,-0.051780,-0.035473,-0.035725,-0.035086,-0.037830,-0.000555,0.157813,1.153255
2004-08-13,0.000000,Training,-0.128916,-0.083509,-0.067576,-0.056211,-0.038021,-0.037152,-0.035326,-0.037427,-0.013848,0.136975,1.072276
2004-08-14,0.000000,Training,-0.130972,-0.085143,-0.066143,-0.054189,-0.037177,-0.036378,-0.036533,-0.041131,-0.019521,0.130209,1.054981
2004-08-15,0.000000,Training,-0.127972,-0.082718,-0.064405,-0.053392,-0.035719,-0.036602,-0.036264,-0.040195,-0.020765,0.126644,1.046197
2004-08-16,0.000000,Training,-0.150515,-0.078145,-0.060553,-0.046046,-0.030185,-0.036807,-0.037776,-0.043307,-0.003865,0.154417,1.172995
2004-08-17,0.000000,Training,-0.243381,-0.128268,-0.111730,-0.083516,-0.055528,-0.058393,-0.046340,-0.044061,0.022824,0.224487,1.405397
2004-08-18,0.000000,Training,-0.230844,-0.126699,-0.113627,-0.083499,-0.052204,-0.044489,-0.025150,-0.010690,0.079636,0.312033,1.632561
2004-08-19,0.000000,Training,-0.153183,-0.094361,-0.084512,-0.056031,-0.032446,-0.011987,-0.002103,0.016922,0.084837,0.289044,1.453298
2004-08-20,0.000000,Training,-0.139534,-0.090239,-0.078847,-0.060028,-0.037377,-0.029140,-0.023274,-0.016130,0.018035,0.184146,1.175037
2004-08-21,0.000000,Training,-0.135656,-0.085945,-0.074043,-0.058489,-0.039562,-0.035981,-0.035233,-0.037888,-0.015903,0.137722,1.070544
2004-08-22,0.000000,Training,-0.133975,-0.084177,-0.069219,-0.054422,-0.037529,-0.035451,-0.037089,-0.041798,-0.022485,0.129256,1.054164
2004-08-23,0.000000,Training,-0.129120,-0.082589,-0.065800,-0.052625,-0.035655,-0.035174,-0.036647,-0.040820,-0.024885,0.124484,1.039924
2004-08-24,0.000000,Training,-0.127890,-0.082113,-0.063587,-0.050268,-0.033900,-0.034105,-0.036136,-0.040624,-0.025119,0.124032,1.038575
2004-08-25,0.000000,Training,-0.126947,-0.081955,-0.062338,-0.048648,-0.032803,-0.033611,-0.035924,-0.040726,-0.024963,0.124338,1.039939
2004-08-26,0.000000,Training,-0.123594,-0.081244,-0.061833,-0.048626,-0.033811,-0.035310,-0.037114,-0.042549,-0.024630,0.126075,1.048601
2004-08-27,0.000000,Training,-0.124115,-0.080594,-0.061977,-0.049735,-0.030956,-0.034588,-0.034254,-0.037102,-0.022558,0.124416,1.038337
2004-08-28,0.000000,Training,-0.123532,-0.079555,-0.061241,-0.049491,-0.029823,-0.034114,-0.032586,-0.035126,-0.021673,0.124246,1.038368
2004-08-29,0.000000,Training,-0.123176,-0.079892,-0.061198,-0.049284,-0.030120,-0.034112,-0.032793,-0.036187,-0.022671,0.123717,1.037078
2004-08-30,0.000000,Training,-0.122840,-0.079147,-0.060880,-0.049084,-0.029378,-0.033867,-0.031817,-0.034625,-0.021034,0.125184,1.041857
2004-08-31,0.000000,Training,-0.122462,-0.078290,-0.060411,-0.048735,-0.028232,-0.033528,-0.030393,-0.032292,-0.018498,0.127373,1.048631
2004-09-01,0.000000,Training,-0.122229,-0.077105,-0.059771,-0.048202,-0.026316,-0.033090,-0.028469,-0.028236,-0.013786,0.131536,1.059563
2004-09-02,0.000000,Training,-0.226048,-0.116497,-0.100019,-0.074566,-0.042839,-0.054342,-0.039029,-0.036942,0.020209,0.208772,1.361499
2004-09-03,0.000000,Training,-0.136958,-0.085211,-0.071088,-0.049539,-0.028460,-0.022347,-0.016347,-0.007509,0.031288,0.208223,1.258438
2004-09-04,0.000000,Training,-0.283769,-0.157534,-0.142626,-0.087890,-0.056655,-0.036825,-0.017944,-0.004955,0.102396,0.371509,1.788816
2004-09-05,0.000000,Training,-0.143877,-0.102131,-0.094215,-0.063113,-0.036667,-0.013898,-0.000585,0.017230,0.075225,0.281439,1.408645
2004-09-06,0.000000,Training,-0.152458,-0.093250,-0.080067,-0.054057,-0.030963,-0.015976,-0.007956,0.001482,0.055434,0.243496,1.344450
2004-09-07,0.000000,Training,-0.136374,-0.088508,-0.074739,-0.057167,-0.035429,-0.029722,-0.024445,-0.024110,0.002052,0.163077,1.135500
2004-09-08,0.000000,Training,-0.135428,-0.084999,-0.068933,-0.052560,-0.033500,-0.029293,-0.026649,-0.028146,-0.002060,0.158565,1.133024
2004-09-09,0.000000,Training,-0.129989,-0.084960,-0.067445,-0.052938,-0.033992,-0.029968,-0.027709,-0.029492,-0.008559,0.148262,1.097277
2004-09-10,0.000000,Training,-0.127806,-0.082975,-0.064782,-0.051426,-0.032530,-0.030008,-0.027676,-0.029068,-0.009568,0.145345,1.091203
2004-09-11,0.000000,Training,-0.126507,-0.081723,-0.063260,-0.050472,-0.031662,-0.029861,-0.027615,-0.028806,-0.010159,0.143475,1.086594
2004-09-12,0.000000,Training,-0.125477,-0.081259,-0.062129,-0.049588,-0.031400,-0.029548,-0.027866,-0.029181,-0.010802,0.142725,1.083748
2004-09-13,0.000000,Training,-0.124944,-0.077283,-0.060062,-0.049072,-0.026617,-0.029667,-0.023657,-0.019387,-0.000685,0.149065,1.102957
2004-09-14,0.000000,Training,-0.131356,-0.074625,-0.057960,-0.044830,-0.024605,-0.027246,-0.023297,-0.019972,0.005482,0.159800,1.146965
2004-09-15,0.000000,Training,-0.125151,-0.078281,-0.060756,-0.049091,-0.028142,-0.027941,-0.023204,-0.019050,0.001012,0.154174,1.112691
2004-09-16,0.000000,Training,-0.125059,-0.080371,-0.061111,-0.048925,-0.030729,-0.027716,-0.025775,-0.024670,-0.004265,0.151084,1.101147
2004-09-17,0.000000,Training,-0.125158,-0.080765,-0.060862,-0.048327,-0.031101,-0.027526,-0.026808,-0.026561,-0.005932,0.149421,1.095355
2004-09-18,0.000000,Training,-0.124716,-0.079980,-0.060460,-0.048746,-0.030934,-0.028494,-0.026986,-0.025989,-0.005408,0.148946,1.096776
2004-09-19,0.000000,Training,-0.123951,-0.079598,-0.060403,-0.049168,-0.031480,-0.029657,-0.027377,-0.026098,-0.003758,0.151117,1.105552
2004-09-20,0.000000,Training,-0.120380,-0.078421,-0.059907,-0.049201,-0.033730,-0.030470,-0.027213,-0.026948,0.001719,0.161164,1.137633
2004-09-21,0.000000,Training,-0.122924,-0.082362,-0.057761,-0.044010,-0.029430,-0.024444,-0.025540,-0.025557,-0.000054,0.158594,1.113072
2004-09-22,0.000000,Training,-0.119262,-0.081058,-0.054450,-0.039706,-0.029110,-0.019690,-0.021749,-0.023345,0.008751,0.173874,1.153933
2004-09-23,0.000000,Training,-0.129005,-0.083066,-0.054140,-0.036583,-0.020152,-0.015283,-0.017850,-0.014375,0.013316,0.171887,1.138766
2004-09-24,0.000000,Training,-0.127127,-0.085138,-0.061122,-0.048123,-0.027543,-0.025771,-0.023704,-0.018487,0.005456,0.159819,1.110990
2004-09-25,0.000000,Training,-0.126558,-0.084880,-0.060263,-0.047698,-0.027807,-0.025861,-0.024047,-0.019447,0.005092,0.159278,1.109759
2004-09-26,0.000000,Training,-0.126320,-0.083667,-0.059702,-0.048004,-0.027633,-0.026456,-0.024129,-0.018963,0.005421,0.158161,1.109054
2004-09-27,0.000000,Training,-0.125867,-0.083667,-0.058921,-0.047187,-0.027584,-0.025492,-0.023777,-0.018452,0.006964,0.160690,1.113951
2004-09-28,0.000000,Training,-0.125766,-0.083492,-0.058493,-0.046948,-0.027480,-0.024900,-0.023276,-0.017285,0.009050,0.163292,1.119762
2004-09-29,0.000000,Training,-0.125637,-0.083370,-0.057971,-0.046525,-0.027320,-0.024112,-0.022714,-0.016110,0.011270,0.166205,1.125994
2004-09-30,0.000000,Training,-0.126504,-0.082743,-0.058417,-0.047880,-0.027321,-0.024984,-0.022189,-0.013982,0.013984,0.168071,1.133468
2004-10-01,0.000000,Training,-0.126912,-0.082242,-0.058184,-0.048063,-0.026936,-0.024713,-0.021321,-0.011803,0.017276,0.171400,1.142349
2004-10-02,0.000000,Training,-0.125897,-0.082624,-0.057201,-0.046664,-0.027189,-0.022953,-0.021128,-0.011977,0.018590,0.174797,1.147005
2004-10-03,0.000000,Training,-0.124096,-0.082516,-0.054057,-0.042108,-0.025383,-0.018181,-0.018841,-0.010188,0.022844,0.182347,1.159777
2004-10-04,0.000000,Training,-0.124633,-0.082646,-0.055034,-0.043966,-0.026399,-0.019599,-0.019356,-0.009661,0.023956,0.183195,1.164130
2004-10-05,0.000000,Training,-0.126157,-0.082365,-0.056462,-0.046747,-0.027190,-0.021837,-0.019566,-0.008127,0.025904,0.183709,1.169854
2004-10-06,0.000000,Training,-0.138060,-0.078297,-0.053614,-0.041439,-0.023226,-0.019408,-0.018300,-0.006098,0.040419,0.204262,1.252854
2004-10-07,0.000000,Training,-0.125405,-0.082801,-0.054988,-0.043875,-0.026323,-0.016617,-0.016096,-0.002827,0.036319,0.199917,1.203509
2004-10-08,0.000000,Training,-0.293113,-0.154314,-0.130193,-0.079683,-0.042624,-0.014391,0.002444,0.040916,0.162892,0.428578,1.909063
2004-10-09,0.000000,Training,-0.204891,-0.117684,-0.103739,-0.069352,-0.022314,0.001435,0.037428,0.100943,0.267240,0.549123,2.212711
2004-10-10,0.000000,Training,-0.195910,-0.108957,-0.092060,-0.064397,-0.022601,-0.000007,0.030358,0.089156,0.250046,0.505391,2.082331
2004-10-11,0.000000,Training,-0.155279,-0.100160,-0.083420,-0.064374,-0.029916,-0.009678,0.009253,0.054713,0.147026,0.348846,1.577232
2004-10-12,0.000000,Training,-0.152582,-0.094480,-0.076429,-0.061948,-0.031512,-0.015519,-0.002359,0.034946,0.111724,0.295974,1.444153
2004-10-13,0.000000,Training,-0.154488,-0.094924,-0.075534,-0.063874,-0.030929,-0.024615,-0.012675,0.022384,0.089618,0.259815,1.354844
2004-10-14,0.000000,Training,-0.160977,-0.093084,-0.071338,-0.059857,-0.026920,-0.025512,-0.014828,0.021145,0.093107,0.263914,1.385071
2004-10-15,0.000000,Training,-0.160067,-0.094995,-0.071924,-0.060877,-0.026385,-0.025857,-0.014303,0.024655,0.097319,0.268962,1.389964
2004-10-16,0.000000,Training,-0.165256,-0.096704,-0.072842,-0.060677,-0.025604,-0.025325,-0.013601,0.027715,0.107145,0.283027,1.429373
2004-10-17,0.000000,Training,-0.150683,-0.091284,-0.068267,-0.058202,-0.025040,-0.017689,-0.005796,0.036453,0.108204,0.282959,1.407126
2004-10-18,0.000000,Training,-0.293877,-0.151324,-0.132085,-0.090165,-0.041343,-0.014910,0.013526,0.082095,0.250658,0.529230,2.200694
2004-10-19,0.000000,Training,-0.340768,-0.116296,-0.121854,0.101916,0.182546,0.338529,0.433676,0.721522,1.663250,2.752315,8.994443
2004-10-20,0.000000,Training,-0.314149,-0.035438,-0.038986,0.173901,0.310119,0.496203,0.729918,1.183208,2.681748,4.302310,14.024686
2004-10-21,0.000000,Training,-0.377321,-0.070396,-0.052771,0.159257,0.299104,0.495739,0.741323,1.251978,2.951791,4.656317,15.510037
2004-10-22,0.000000,Training,-0.154401,0.067990,0.077477,0.177163,0.237995,0.447797,0.565261,0.889899,1.721480,2.504045,7.399171
2004-10-23,0.000000,Training,-0.117723,0.067809,0.066489,0.104143,0.110587,0.280055,0.321761,0.483081,0.892603,1.316586,4.132747
2004-10-24,0.000000,Training,-0.291639,-0.029846,-0.035675,0.037827,0.061967,0.205392,0.264535,0.419531,0.970654,1.545701,5.269719
2004-10-25,0.000000,Training,-0.583947,-0.325042,-0.280006,-0.007732,0.139050,0.413815,0.648584,1.272016,3.721721,6.609379,20.338829
2004-10-26,0.000000,Training,-0.442051,-0.149986,-0.051442,0.184931,0.376678,0.643273,0.993218,1.761366,4.350063,6.935312,19.963255
2004-10-27,2.335661,Training,-0.837138,-0.608634,-0.375364,0.327232,1.007611,1.939571,2.777377,7.046500,20.146481,39.405777,97.443375
2004-10-28,5.904033,Training,-0.867491,-0.572958,-0.161606,0.802462,2.502112,3.831318,6.618847,14.563890,37.296791,66.460403,150.747665
2004-10-29,2.043704,Training,-0.849609,-0.551573,-0.244517,0.417848,1.396848,2.027816,3.521488,7.082933,17.802164,29.720104,75.725990
2004-10-30,3.146655,Training,-0.824767,-0.504132,-0.238265,0.336573,1.087737,1.576383,2.660538,4.986170,12.214080,19.408285,50.410393
2004-10-31,2.351881,Training,-0.861568,-0.564155,-0.295199,0.348981,1.257837,1.851924,3.155420,6.038386,14.985189,24.411552,62.239487
2004-11-01,1.216490,Training,-0.672412,-0.254949,0.025151,0.612815,1.212497,1.769629,2.585170,4.361250,8.952824,12.747692,29.535070
2004-11-02,0.794774,Training,-0.713135,-0.329554,-0.135047,0.301686,0.674970,1.030571,1.578040,2.653371,5.970791,8.883103,23.458200
2004-11-03,0.681235,Training,-0.799225,-0.463589,-0.258649,0.262220,0.818640,1.262227,2.070416,3.641725,8.754663,13.703190,37.632828
2004-11-04,1.005632,Training,-0.699539,-0.267386,0.045949,0.743841,1.447378,2.044963,2.972206,4.825184,9.739707,13.638177,32.868713
2004-11-05,0.827213,Training,-0.604555,-0.000108,0.396640,1.269914,2.071170,2.765419,3.765271,5.581388,9.820655,12.795126,29.579195
2004-11-06,0.616355,Training,-0.555620,-0.045820,0.176089,0.695804,1.031684,1.533457,2.042854,2.928261,5.175423,6.836801,16.927826
2004-11-07,0.470376,Training,-0.451928,-0.081665,0.020490,0.276580,0.392800,0.678100,0.922989,1.357370,2.519705,3.380877,8.838255
2004-11-08,0.389277,Training,-0.404331,-0.070032,0.015363,0.222998,0.310192,0.545701,0.746199,1.104994,2.069998,2.784346,7.350176
2004-11-09,0.324397,Training,-0.348294,-0.049970,0.022589,0.189155,0.249210,0.450211,0.611369,0.918339,1.737424,2.364504,6.300018
2004-11-10,0.291958,Training,-0.386405,-0.056297,0.039330,0.245604,0.331755,0.557613,0.753297,1.120646,2.114501,2.863869,7.375218
2004-11-11,0.259518,Training,-0.468172,-0.098929,0.041320,0.334298,0.488111,0.745621,1.003153,1.476722,2.766746,3.699368,9.017914
2004-11-12,0.227078,Training,-0.459456,-0.112549,0.018088,0.285820,0.420505,0.659870,0.897482,1.347199,2.601342,3.504888,8.723080
2004-11-13,0.194638,Training,-0.391988,-0.115017,-0.015647,0.175432,0.260029,0.455560,0.637902,1.000397,1.994684,2.731778,6.971939
2004-11-14,0.194638,Training,-0.429736,-0.174039,-0.082572,0.107955,0.201747,0.372539,0.550272,0.872236,1.766502,2.408913,6.219969
2004-11-15,0.162199,Training,-0.312941,-0.183765,-0.140717,-0.058038,-0.014500,0.064558,0.132720,0.287328,0.694620,1.049638,3.165692
2004-11-16,0.000000,Training,-0.276396,-0.174803,-0.137921,-0.073848,-0.029692,0.021757,0.070193,0.188007,0.479690,0.771395,2.539811
2004-11-17,0.000000,Training,-0.240846,-0.154509,-0.119814,-0.068527,-0.025667,0.009304,0.047027,0.143013,0.370614,0.630167,2.205622
2004-11-18,0.000000,Training,-0.221890,-0.143864,-0.108916,-0.064675,-0.022500,0.003401,0.035976,0.120872,0.318900,0.560858,2.040805
2004-11-19,0.000000,Training,-0.218889,-0.145928,-0.107389,-0.070767,-0.027034,-0.010710,0.016652,0.092995,0.269996,0.482054,1.873770
2004-11-20,0.000000,Training,-0.210240,-0.136854,-0.102142,-0.061949,-0.018021,0.001752,0.033785,0.115109,0.305131,0.540899,1.996546
2004-11-21,0.000000,Training,-0.201950,-0.132660,-0.097066,-0.060823,-0.016732,-0.000915,0.028862,0.105344,0.284135,0.513234,1.932365
2004-11-22,0.000000,Training,-0.184991,-0.119500,-0.084313,-0.053559,-0.006901,0.003994,0.030444,0.104786,0.263651,0.482235,1.854434
2004-11-23,0.000000,Training,-0.180064,-0.114639,-0.080412,-0.050331,-0.004489,0.006559,0.033522,0.107057,0.265735,0.485885,1.865961
2004-11-24,0.000000,Training,-0.178250,-0.112534,-0.078646,-0.049120,-0.002727,0.007622,0.035397,0.109241,0.269308,0.490017,1.876867
2004-11-25,0.000000,Training,-0.173799,-0.107289,-0.074642,-0.045958,0.001168,0.011654,0.040631,0.115590,0.276870,0.498959,1.898934
2004-11-26,0.000000,Training,-0.168462,-0.101296,-0.070024,-0.042629,0.005262,0.015934,0.046302,0.122200,0.285067,0.508280,1.924588
2004-11-27,0.000000,Training,-0.190516,-0.096963,-0.066440,-0.034559,0.012985,0.021174,0.053232,0.132933,0.334648,0.580106,2.183202
2004-11-28,0.000000,Training,-0.288520,-0.143261,-0.115301,-0.060623,0.003282,0.025397,0.084641,0.203617,0.537519,0.903720,3.237672
2004-11-29,0.000000,Training,-0.240300,-0.137018,-0.110960,-0.051117,0.013253,0.050804,0.119734,0.265811,0.663706,1.090034,3.653711
2004-11-30,0.000000,Training,-0.250814,-0.134132,-0.110050,-0.049360,0.012956,0.057449,0.129075,0.277627,0.710389,1.147908,3.855838
2004-12-01,0.162199,Training,-0.790939,-0.655949,-0.608381,-0.346597,-0.181130,0.011419,0.229100,1.049646,4.296581,8.187764,24.436567
2004-12-02,0.470376,Training,-0.609291,-0.423485,-0.313362,-0.023780,0.203924,0.465138,0.851297,1.961189,5.329471,8.725204,22.395834
2004-12-03,0.746114,Training,-0.384236,-0.214603,-0.151558,-0.027997,0.063266,0.216477,0.389223,0.840046,2.005391,2.951722,8.323440
2004-12-04,0.519036,Training,-0.329495,-0.152340,-0.106812,-0.017754,0.043704,0.151120,0.260697,0.549123,1.327992,1.943365,5.787249
2004-12-05,0.356837,Training,-0.254844,-0.139811,-0.098355,-0.038986,0.017004,0.097931,0.174811,0.373744,0.848107,1.282438,3.852910
2004-12-06,0.275738,Training,-0.236644,-0.133934,-0.093346,-0.043353,0.010500,0.074960,0.141209,0.306622,0.695139,1.074150,3.305011
2004-12-07,0.227078,Training,-0.236471,-0.138736,-0.098253,-0.052487,0.003112,0.053686,0.116192,0.263073,0.614062,0.948749,2.999408
2004-12-08,0.210858,Training,-0.257303,-0.157717,-0.124228,-0.081933,-0.030714,0.017657,0.070302,0.218750,0.542812,0.845004,2.794348
2004-12-09,0.194638,Training,-0.248223,-0.153017,-0.115084,-0.071898,-0.016787,0.025378,0.084439,0.228936,0.558202,0.861057,2.824199
2004-12-10,0.259518,Training,-0.250527,-0.155881,-0.119383,-0.076048,-0.020765,0.020323,0.079498,0.225248,0.554033,0.858201,2.819778
2004-12-11,0.227078,Training,-0.219071,-0.131193,-0.094255,-0.049786,0.008057,0.047290,0.113121,0.256458,0.588767,0.928259,2.947592
2004-12-12,0.275738,Training,-0.205855,-0.119324,-0.085901,-0.043137,0.012838,0.052317,0.117717,0.258710,0.583538,0.927385,2.948665
2004-12-13,0.227078,Training,-0.382072,-0.202055,-0.167143,-0.078197,-0.000940,0.059006,0.168318,0.404225,1.075779,1.727126,5.564084
2004-12-14,0.178419,Training,-0.259277,-0.173263,-0.138211,-0.053577,0.023383,0.104125,0.221612,0.476645,1.086068,1.703906,4.955403
2004-12-15,0.243298,Training,-0.260200,-0.160668,-0.120327,-0.051778,0.014621,0.087644,0.186862,0.405697,0.926913,1.437949,4.212842
2004-12-16,0.210858,Training,-0.263925,-0.154425,-0.115317,-0.048953,0.012893,0.069919,0.158743,0.349110,0.800763,1.216234,3.649372
2004-12-17,0.178419,Training,-0.222627,-0.134677,-0.095237,-0.052616,0.008660,0.042270,0.112859,0.257239,0.595290,0.927865,2.960687
2004-12-18,0.178419,Training,-0.196388,-0.112744,-0.078099,-0.039258,0.019338,0.052232,0.120207,0.260675,0.572944,0.907474,2.906552
2004-12-19,0.178419,Training,-0.198539,-0.106814,-0.071639,-0.032838,0.023935,0.053210,0.118792,0.255622,0.570115,0.906247,2.940260
2004-12-20,0.162199,Training,-0.175106,-0.104840,-0.071769,-0.043238,0.019777,0.034137,0.089957,0.207230,0.472198,0.757908,2.572001
2004-12-21,0.081099,Training,-0.191434,-0.117471,-0.083172,-0.054159,0.008791,0.022914,0.078171,0.197054,0.468470,0.738703,2.549856
2004-12-22,0.113539,Training,-0.193901,-0.119862,-0.086843,-0.057382,0.006133,0.021510,0.077213,0.199991,0.475389,0.744967,2.565312
2004-12-23,0.145979,Training,-0.186263,-0.115317,-0.080749,-0.051521,0.012969,0.027175,0.084339,0.204928,0.479215,0.753237,2.573479
2004-12-24,0.000000,Training,-0.182789,-0.112876,-0.078045,-0.048639,0.016424,0.031536,0.089728,0.211920,0.489634,0.770478,2.606081
2004-12-25,0.000000,Training,-0.194528,-0.118547,-0.084286,-0.053280,0.010560,0.027119,0.084278,0.211096,0.500398,0.780540,2.660164
2004-12-26,0.000000,Training,-0.208570,-0.134382,-0.116347,-0.089965,-0.033346,-0.008684,0.035301,0.171133,0.434667,0.706446,2.512467
2004-12-27,0.000000,Training,-0.213241,-0.144585,-0.132221,-0.107509,-0.051640,-0.026156,0.016751,0.152394,0.415801,0.692715,2.502244
2004-12-28,0.000000,Training,-0.206588,-0.131162,-0.101739,-0.069902,-0.006824,0.017571,0.073973,0.217910,0.523761,0.810888,2.754437
2004-12-29,0.000000,Training,-0.177914,-0.109842,-0.075360,-0.042175,0.025463,0.050695,0.116344,0.260287,0.580683,0.907296,2.927998
2004-12-30,0.000000,Training,-0.184493,-0.116191,-0.079166,-0.046367,0.021460,0.047981,0.114329,0.258707,0.584059,0.904435,2.915860
2004-12-31,0.000000,Training,-0.187142,-0.112633,-0.075252,-0.038971,0.028971,0.071851,0.146713,0.318528,0.694890,1.065843,3.291442
2005-01-01,0.000000,Training,-0.172526,-0.106983,-0.071317,-0.042179,0.026513,0.044310,0.104006,0.234385,0.521294,0.810116,2.678323
2005-01-02,0.000000,Training,-0.183280,-0.115372,-0.081677,-0.052618,0.014299,0.033550,0.090524,0.224342,0.511209,0.787911,2.646570
2005-01-03,0.000000,Training,-0.172300,-0.106361,-0.070951,-0.042147,0.027323,0.046860,0.107636,0.241830,0.535116,0.826235,2.717956
2005-01-04,0.000000,Training,-0.171670,-0.105737,-0.070306,-0.041439,0.028193,0.049486,0.110867,0.246650,0.544314,0.840460,2.745186
2005-01-05,0.000000,Training,-0.169847,-0.104317,-0.069003,-0.040253,0.029311,0.051535,0.113280,0.250131,0.549630,0.848322,2.760122
2005-01-06,0.000000,Training,-0.177406,-0.110333,-0.075391,-0.046491,0.022303,0.046365,0.107407,0.247195,0.551711,0.844478,2.763396
2005-01-07,0.000000,Training,-0.171597,-0.106241,-0.070933,-0.042525,0.027036,0.049848,0.111633,0.249596,0.551298,0.846657,2.758836
2005-01-08,0.000000,Training,-0.175539,-0.109365,-0.074494,-0.045899,0.023233,0.047883,0.109365,0.249918,0.556227,0.850851,2.772935
2005-01-09,0.000000,Training,-0.182926,-0.114947,-0.083164,-0.054606,0.012740,0.040110,0.098995,0.244623,0.551938,0.843409,2.768531
2005-01-10,0.000000,Training,-0.185453,-0.116863,-0.086093,-0.057436,0.009958,0.039366,0.098404,0.248053,0.560710,0.855360,2.799843
2005-01-11,0.000000,Training,-0.189953,-0.120238,-0.092395,-0.064018,0.002376,0.034743,0.091950,0.246388,0.560934,0.858171,2.813279
2005-01-12,0.000000,Training,-0.174445,-0.109151,-0.073240,-0.043447,0.028127,0.058702,0.125370,0.276745,0.610397,0.925332,2.941914
2005-01-13,0.000000,Training,-0.162649,-0.096529,-0.062315,-0.032271,0.038534,0.070783,0.137681,0.290250,0.626273,0.964236,3.020924
2005-01-14,0.000000,Training,-0.145297,-0.083847,-0.053707,-0.024996,0.043240,0.078382,0.144254,0.298318,0.624928,0.975043,3.027950
2005-01-15,0.000000,Training,-0.151499,-0.084639,-0.053520,-0.024582,0.043764,0.077228,0.143537,0.296371,0.629392,0.979829,3.048635
2005-01-16,0.000000,Training,-0.145105,-0.083615,-0.052788,-0.025697,0.042914,0.075536,0.142024,0.292443,0.614526,0.957819,2.973543
2005-01-17,0.000000,Training,-0.148702,-0.086735,-0.054120,-0.027876,0.041677,0.073028,0.139843,0.287908,0.609670,0.945527,2.938626
2005-01-18,0.000000,Training,-0.157593,-0.094331,-0.059524,-0.033470,0.037641,0.067673,0.135567,0.282199,0.608131,0.930089,2.906989
2005-01-19,0.000000,Training,-0.156016,-0.093099,-0.058420,-0.032513,0.039032,0.069650,0.138084,0.285961,0.613832,0.938833,2.922729
2005-01-20,0.000000,Training,-0.142022,-0.080954,-0.050240,-0.024285,0.045404,0.078712,0.146427,0.297723,0.622535,0.968042,2.978043
2005-01-21,0.000000,Training,-0.135764,-0.075555,-0.046887,-0.021351,0.047042,0.081353,0.148808,0.300185,0.622626,0.973159,2.986936
2005-01-22,0.000000,Training,-0.139135,-0.079237,-0.048912,-0.023689,0.045311,0.077754,0.145386,0.294217,0.615639,0.959440,2.948443
2005-01-23,0.000000,Training,-0.148480,-0.087561,-0.053941,-0.029157,0.041902,0.072221,0.141218,0.287550,0.613050,0.942479,2.910429
2005-01-24,0.000000,Training,-0.152717,-0.090286,-0.055813,-0.030754,0.041161,0.071576,0.141519,0.289010,0.620554,0.947687,2.927214
2005-01-25,0.000000,Training,-0.183367,-0.116297,-0.099645,-0.077850,-0.014067,0.023281,0.077417,0.235789,0.543743,0.848206,2.752641
2005-01-26,0.000000,Training,-0.189776,-0.145661,-0.142547,-0.125308,-0.062282,-0.030766,0.018616,0.162759,0.451466,0.755651,2.590247
2005-01-27,0.000000,Training,-0.194868,-0.186396,-0.184712,-0.168023,-0.094850,-0.074284,-0.025255,0.112743,0.392602,0.695079,2.464384
2005-01-28,0.000000,Training,-0.196979,-0.183361,-0.181444,-0.163547,-0.092718,-0.069123,-0.019358,0.121156,0.410382,0.717268,2.521826
2005-01-29,0.000000,Training,-0.197658,-0.150542,-0.144931,-0.123984,-0.060973,-0.023718,0.028225,0.185712,0.501548,0.818424,2.746391
2005-01-30,,,-0.091818,0.453602,0.797698,1.164921,1.577658,2.391471,3.242911,5.905213,14.001028,21.144739,58.641045
2005-01-31,0.000000,Training,-0.198795,-0.141251,-0.128121,-0.101911,-0.037438,0.007195,0.064018,0.239991,0.587220,0.916298,2.955910
2005-02-01,0.000000,Training,-0.189053,-0.130317,-0.102331,-0.071189,-0.001396,0.041114,0.107733,0.284756,0.655784,0.986969,3.077540
2005-02-02,0.000000,Training,-0.168896,-0.116359,-0.078096,-0.046048,0.028821,0.066424,0.142097,0.308881,0.689247,1.030639,3.135422
2005-02-03,0.000000,Training,-0.155716,-0.106145,-0.068321,-0.038511,0.035382,0.070970,0.144637,0.303968,0.666829,1.009557,3.063116
2005-02-04,0.000000,Training,-0.160287,-0.110261,-0.073432,-0.044957,0.026494,0.060102,0.129455,0.283792,0.631839,0.952849,2.940422
2005-02-05,0.000000,Training,-0.166272,-0.113833,-0.081163,-0.053681,0.014762,0.048199,0.112128,0.266256,0.602326,0.911153,2.861714
2005-02-06,0.000000,Training,-0.215447,-0.129609,-0.117783,-0.089399,-0.027972,0.007901,0.059723,0.226098,0.591293,0.930456,3.096820
2005-02-07,0.000000,Training,-0.213733,-0.137063,-0.128181,-0.099242,-0.038167,0.001324,0.054315,0.225950,0.597026,0.942487,3.130188
2005-02-08,0.000000,Training,-0.170384,-0.119446,-0.082749,-0.048545,0.024816,0.063982,0.140089,0.309350,0.703183,1.052269,3.206454
2005-02-09,0.000000,Training,-0.148325,-0.102791,-0.067962,-0.036659,0.036109,0.074545,0.148035,0.309869,0.678413,1.037046,3.114078
2005-02-10,0.000000,Training,-0.131868,-0.088354,-0.057348,-0.029304,0.039657,0.075134,0.142234,0.295703,0.632114,0.982628,2.970698
2005-02-11,0.000000,Training,-0.125268,-0.083320,-0.052174,-0.027347,0.039682,0.071528,0.134957,0.279390,0.593765,0.929486,2.838429
2005-02-12,0.000000,Training,-0.122241,-0.080695,-0.049282,-0.026438,0.039835,0.069164,0.130856,0.269522,0.572590,0.897697,2.761382
2005-02-13,0.000000,Training,-0.114261,-0.073158,-0.044026,-0.022322,0.042631,0.072510,0.133710,0.271993,0.570340,0.900285,2.761760
2005-02-14,0.000000,Training,-0.115637,-0.073011,-0.043348,-0.022198,0.043481,0.073365,0.135819,0.273885,0.575316,0.904828,2.766115
2005-02-15,0.000000,Training,-0.125784,-0.079756,-0.047204,-0.026081,0.042082,0.071344,0.136462,0.274410,0.585566,0.905962,2.770053
2005-02-16,0.000000,Training,-0.140606,-0.090208,-0.056622,-0.034520,0.034608,0.065119,0.131380,0.273358,0.595565,0.904322,2.780348
2005-02-17,0.000000,Training,,,,,,,,,,,
2005-02-18,0.000000,Training,-0.156536,-0.100305,-0.070363,-0.046878,0.022278,0.058599,0.124669,0.279990,0.619357,0.934239,2.862146
2005-02-19,0.000000,Training,-0.153724,-0.098685,-0.065151,-0.040726,0.031002,0.067352,0.138244,0.294006,0.646010,0.970492,2.929526
2005-02-20,0.000000,Training,-0.143039,-0.090804,-0.054888,-0.030847,0.042948,0.078780,0.153523,0.307512,0.664260,1.002740,2.979953
2005-02-21,0.000000,Training,-0.152832,-0.098264,-0.064614,-0.040187,0.031262,0.068169,0.139345,0.295391,0.648287,0.973768,2.930029
2005-02-22,0.000000,Training,-0.274816,-0.136211,-0.100462,-0.057792,0.025718,0.061700,0.153867,0.348638,0.892629,1.343230,4.163218
2005-02-23,0.000000,Training,-0.287740,-0.141124,-0.094954,-0.035888,0.064855,0.118881,0.251094,0.506829,1.258404,1.937610,5.688509
2005-02-24,0.000000,Training,-0.221674,-0.120612,-0.073155,-0.010542,0.082932,0.165386,0.298901,0.580200,1.348088,2.013422,5.519811
2005-02-25,0.000000,Training,-0.200972,-0.133309,-0.095826,-0.053005,0.026037,0.096633,0.198616,0.431634,0.978344,1.437539,4.047007
2005-02-26,0.000000,Training,-0.245053,-0.146444,-0.127729,-0.088851,-0.020598,0.042552,0.121398,0.346804,0.859067,1.303476,3.897069
2005-02-27,0.000000,Training,-0.273785,-0.145579,-0.104558,-0.053805,0.027699,0.088031,0.192292,0.436287,1.085251,1.608950,4.688158
2005-02-28,0.000000,Training,-0.203899,-0.133145,-0.096713,-0.059655,0.015503,0.084423,0.177071,0.406379,0.917244,1.352888,3.826104
2005-03-01,0.000000,Training,-0.214493,-0.147923,-0.139659,-0.112766,-0.049129,0.020099,0.091393,0.307693,0.756228,1.176132,3.513417
2005-03-02,0.000000,Training,-0.182425,-0.102751,-0.059980,-0.024394,0.052974,0.117952,0.215866,0.435474,0.957557,1.399323,3.915314
2005-03-03,0.000000,Training,-0.174833,-0.101806,-0.063228,-0.032891,0.039652,0.105126,0.194136,0.405239,0.881914,1.291207,3.641543
2005-03-04,0.000000,Training,-0.170125,-0.096102,-0.060205,-0.031480,0.038727,0.104208,0.189940,0.399316,0.864000,1.264756,3.586195
2005-03-05,0.000000,Training,-0.157656,-0.086602,-0.046653,-0.018465,0.054304,0.116749,0.206392,0.408753,0.874668,1.278891,3.595030
2005-03-06,0.000000,Training,-0.137375,-0.070614,-0.032188,-0.006335,0.066414,0.127316,0.217124,0.413834,0.866377,1.287574,3.585183
2005-03-07,0.000000,Training,-0.130377,-0.064430,-0.028063,-0.003267,0.067767,0.127363,0.215173,0.407395,0.847071,1.265808,3.530599
2005-03-08,0.000000,Training,-0.126715,-0.061116,-0.026025,-0.001864,0.068292,0.126327,0.213047,0.401895,0.832525,1.247807,3.486884
2005-03-09,0.000000,Training,-0.115429,-0.052020,-0.021598,0.001572,0.069402,0.127354,0.212172,0.400257,0.818855,1.243515,3.475021
2005-03-10,0.000000,Training,-0.112485,-0.040201,-0.015426,0.008238,0.073266,0.132021,0.216843,0.407436,0.836646,1.279959,3.608785
2005-03-11,0.000000,Training,-0.081647,-0.021357,-0.006057,0.010274,0.071225,0.132560,0.216099,0.397976,0.796580,1.219057,3.492182
2005-03-12,0.000000,Training,-0.134125,-0.021730,-0.002826,0.023371,0.084538,0.149977,0.246428,0.455729,0.975650,1.489440,4.293490
2005-03-13,0.000000,Training,-0.203257,-0.053278,-0.031772,0.000424,0.071950,0.127379,0.237367,0.451837,1.051771,1.638595,4.905406
2005-03-14,0.000000,Training,-0.105334,-0.024502,-0.012631,0.010305,0.070907,0.125469,0.209081,0.385209,0.823702,1.282971,3.813831
2005-03-15,0.000000,Training,-0.058902,-0.014265,-0.009013,0.006292,0.057514,0.123412,0.195534,0.348853,0.695148,1.096253,3.254678
2005-03-16,0.000000,Training,-0.064026,-0.012890,-0.008048,0.005845,0.056828,0.121099,0.193493,0.345752,0.687324,1.077774,3.205117
2005-03-17,0.000000,Training,-0.059278,-0.008051,-0.001591,0.013909,0.054157,0.125271,0.183959,0.320667,0.624670,1.000878,3.029278
2005-03-18,0.000000,Training,-0.047121,-0.010896,-0.003295,0.006776,0.046695,0.098679,0.149488,0.260954,0.509156,0.840757,2.656755
2005-03-19,0.000000,Training,-0.041093,-0.004980,0.001362,0.009262,0.049284,0.096194,0.147147,0.256082,0.501083,0.827369,2.638396
2005-03-20,0.000000,Training,-0.084553,0.000439,0.005915,0.018184,0.058912,0.095443,0.152306,0.267064,0.583243,0.954578,3.127184
2005-03-21,0.000000,Training,-0.194568,-0.048615,-0.037503,-0.012069,0.052121,0.081038,0.168001,0.314667,0.742467,1.209248,3.981138
2005-03-22,0.000000,Training,-0.081991,-0.005382,-0.000851,0.015007,0.063724,0.104195,0.173732,0.310094,0.668960,1.080066,3.411946
2005-03-23,0.000000,Training,-0.297303,-0.109742,-0.087057,-0.026506,0.065387,0.119430,0.240737,0.469514,1.103961,1.767410,5.403615
2005-03-24,0.000000,Training,-0.073671,-0.029647,-0.026385,-0.001439,0.057741,0.122099,0.205653,0.373746,0.758829,1.210603,3.520997
2005-03-25,0.000000,Training,-0.112085,-0.018999,-0.015504,0.010639,0.061724,0.127573,0.209139,0.376630,0.815935,1.300202,3.910638
2005-03-26,0.000000,Training,-0.361336,-0.143024,-0.118475,-0.034596,0.068317,0.148512,0.291066,0.585299,1.404953,2.216332,6.676938
2005-03-27,0.000000,Training,-0.210595,-0.083996,-0.057169,-0.005873,0.072370,0.142726,0.263663,0.514409,1.189570,1.887320,5.359102
2005-03-28,0.000000,Training,-0.338560,-0.136656,-0.107070,-0.032005,0.066648,0.163198,0.324071,0.647714,1.575507,2.545990,7.377979
2005-03-29,0.000000,Training,-0.175776,-0.053951,-0.037263,0.015985,0.083981,0.179641,0.302581,0.565629,1.246172,1.939135,5.429558
2005-03-30,0.000000,Training,-0.114591,-0.033920,-0.022550,0.011629,0.069179,0.164256,0.267481,0.487042,0.982838,1.512098,4.181557
2005-03-31,0.000000,Training,-0.101467,-0.025753,-0.018629,0.013753,0.049908,0.146114,0.219651,0.388762,0.776863,1.229543,3.561528
2005-04-01,0.000000,Training,-0.204280,-0.051126,-0.042380,-0.009221,0.043151,0.101079,0.193249,0.365640,0.877906,1.415197,4.423291
2005-04-02,0.000000,Training,-0.359466,-0.141111,-0.111469,-0.030181,0.068157,0.148962,0.288165,0.587344,1.382439,2.189164,6.531158
2005-04-03,0.000000,Training,-0.323247,-0.132523,-0.107163,-0.031814,0.061551,0.159828,0.322361,0.649852,1.575454,2.584507,7.550556
2005-04-04,0.000000,Training,-0.149960,-0.057851,-0.037412,0.012889,0.082735,0.188984,0.315925,0.590452,1.230680,1.919370,5.138508
2005-04-05,0.000000,Training,-0.124405,-0.036985,-0.024678,0.012536,0.064709,0.165134,0.269988,0.490691,0.991557,1.529883,4.223966
2005-04-06,0.000000,Training,-0.111419,-0.028733,-0.019503,0.012999,0.053161,0.146526,0.232492,0.416098,0.831903,1.297274,3.687389
2005-04-07,0.000000,Training,-0.108861,-0.025626,-0.013149,0.014403,0.055652,0.140055,0.223659,0.399456,0.787785,1.225892,3.497376
2005-04-08,0.000000,Training,-0.140631,-0.026943,-0.010142,0.021274,0.067428,0.136720,0.227324,0.411714,0.854763,1.321934,3.815653
2005-04-09,0.000000,Training,-0.118749,-0.049017,-0.022688,-0.001041,0.058991,0.102704,0.187125,0.352930,0.705675,1.096162,3.127550
2005-04-10,0.000000,Training,-0.119496,-0.047931,-0.021047,0.001357,0.061173,0.105097,0.191244,0.357034,0.708095,1.098411,3.121639
2005-04-11,0.000000,Training,-0.079936,-0.022480,-0.009815,0.001501,0.055140,0.093549,0.167969,0.305163,0.605064,0.954413,2.886796
2005-04-12,0.000000,Training,-0.078058,-0.019820,-0.009366,0.002268,0.052913,0.094485,0.168385,0.302323,0.598947,0.947122,2.876083
2005-04-13,0.000000,Training,-0.087141,-0.024632,-0.011860,0.002208,0.054439,0.095904,0.173337,0.311036,0.612558,0.961887,2.888039
2005-04-14,0.000000,Training,-0.119876,-0.042078,-0.022173,-0.002914,0.056550,0.080000,0.152554,0.290202,0.615138,0.975881,2.962781
2005-04-15,0.000000,Training,-0.114778,-0.057055,-0.031183,-0.012829,0.049550,0.070843,0.141275,0.273830,0.564659,0.899061,2.707348
2005-04-16,0.000000,Training,-0.098785,-0.051104,-0.029314,-0.014326,0.046817,0.064952,0.129022,0.249880,0.513120,0.829891,2.562538
2005-04-17,0.000000,Training,-0.081861,-0.029023,-0.018768,-0.007244,0.049402,0.070359,0.135163,0.250914,0.516483,0.831864,2.639968
2005-04-18,0.000000,Training,-0.132886,-0.040012,-0.025652,-0.006389,0.052622,0.067291,0.139004,0.265534,0.604351,0.968017,3.078147
2005-04-19,0.000000,Training,-0.119846,-0.045188,-0.028239,-0.007149,0.054938,0.075727,0.151022,0.286890,0.609279,0.962644,2.951492
2005-04-20,0.000000,Training,-0.093560,-0.040526,-0.024392,-0.009567,0.053086,0.077018,0.149639,0.277211,0.550489,0.872395,2.671730
2005-04-21,0.000000,Training,-0.082273,-0.034278,-0.024059,-0.011483,0.050318,0.068604,0.132382,0.244747,0.489370,0.785429,2.494826
2005-04-22,0.000000,Training,-0.074520,-0.017520,-0.011822,-0.000056,0.056367,0.072384,0.127967,0.229775,0.461857,0.746850,2.468080
2005-04-23,0.000000,Training,-0.111086,-0.033391,-0.020030,-0.002753,0.058915,0.066756,0.125704,0.235905,0.504386,0.811627,2.655118
2005-04-24,0.000000,Training,-0.100433,-0.024463,-0.013521,0.001500,0.061808,0.073901,0.134536,0.247433,0.517351,0.826844,2.701687
2005-04-25,0.000000,Training,-0.069324,-0.022368,-0.012397,-0.002837,0.058229,0.078293,0.139164,0.250077,0.480708,0.768676,2.468206
2005-04-26,0.000000,Training,-0.062565,-0.012865,-0.007456,0.001856,0.057162,0.086993,0.144467,0.251777,0.476387,0.765214,2.463826
2005-04-27,0.000000,Training,-0.059935,-0.010203,-0.006588,0.004174,0.051250,0.089872,0.139105,0.237097,0.444541,0.731410,2.389139
2005-04-28,0.000000,Training,-0.061866,-0.010687,-0.005070,0.006638,0.050447,0.091132,0.135740,0.228626,0.426319,0.709916,2.351859
2005-04-29,0.000000,Training,-0.061526,-0.008427,-0.001479,0.010874,0.052445,0.093132,0.134415,0.223446,0.414414,0.693722,2.332662
2005-04-30,0.000000,Training,-0.047694,-0.001444,0.003194,0.011681,0.051826,0.088648,0.130058,0.216973,0.402733,0.676760,2.296619
2005-05-01,0.000000,Training,-0.063807,0.010484,0.012772,0.021881,0.062290,0.088982,0.134214,0.227246,0.455282,0.749004,2.570235
2005-05-02,0.000000,Training,-0.035482,0.007180,0.009881,0.014520,0.056331,0.086114,0.130460,0.220990,0.408729,0.677767,2.306911
2005-05-03,0.000000,Training,-0.034660,0.006942,0.009715,0.013953,0.055206,0.083119,0.126671,0.214427,0.399041,0.664803,2.278370
2005-05-04,0.000000,Training,-0.036398,0.006642,0.007717,0.013973,0.051754,0.082289,0.121248,0.202955,0.378683,0.640630,2.229543
2005-05-05,0.000000,Training,-0.043750,0.002968,0.006396,0.015942,0.050222,0.083480,0.116944,0.192619,0.359796,0.619155,2.193070
2005-05-06,0.000000,Training,-0.053006,0.000802,0.007050,0.019940,0.053234,0.088018,0.118875,0.193008,0.359062,0.617573,2.207703
2005-05-07,0.000000,Training,-0.037943,0.004560,0.007653,0.016449,0.048115,0.077375,0.108232,0.178086,0.335487,0.586843,2.129859
2005-05-08,0.000000,Training,-0.028703,0.008927,0.010283,0.015844,0.048783,0.071749,0.105471,0.176483,0.335282,0.582469,2.120251
2005-05-09,0.000000,Training,-0.026722,0.009303,0.010690,0.016210,0.047391,0.069593,0.101572,0.169371,0.322725,0.565791,2.083655
2005-05-10,0.000000,Training,-0.053778,0.016380,0.016526,0.027050,0.054181,0.070946,0.101264,0.168812,0.357691,0.620951,2.329003
2005-05-11,0.000000,Training,-0.277841,-0.055924,-0.036629,0.065161,0.136921,0.202149,0.259989,0.441726,0.882666,1.384104,4.598637
2005-05-12,0.000000,Training,-0.154818,-0.033610,-0.035474,0.001521,0.050161,0.097900,0.172804,0.313005,0.705745,1.205451,4.138829
2005-05-13,0.000000,Training,-0.224635,-0.069771,-0.066509,-0.017382,0.042932,0.097050,0.186493,0.352991,0.827423,1.385180,4.679270
2005-05-14,0.000000,Training,-0.072173,-0.019138,-0.021522,0.004643,0.045842,0.100869,0.162548,0.284192,0.576699,0.946131,3.046129
2005-05-15,0.000000,Training,-0.076369,-0.018218,-0.017364,0.000042,0.035224,0.079631,0.130761,0.232409,0.483364,0.804097,2.697442
2005-05-16,0.000000,Training,-0.324286,-0.122145,-0.104402,-0.025166,0.044827,0.094231,0.177860,0.361171,0.889094,1.440796,4.715039
2005-05-17,0.000000,Training,-0.081975,-0.025934,-0.024156,0.002994,0.042615,0.107865,0.170903,0.308462,0.622951,1.022326,3.234393
2005-05-18,0.000000,Training,-0.079214,-0.017914,-0.014849,0.006323,0.033051,0.103512,0.156184,0.272313,0.550290,0.920290,2.975625
2005-05-19,0.000000,Training,-0.088947,-0.021823,-0.020583,0.002293,0.021275,0.089903,0.133127,0.226449,0.473485,0.806154,2.713880
2005-05-20,0.000000,Training,-0.075959,-0.016085,-0.012538,0.002604,0.021387,0.078847,0.118286,0.201925,0.420528,0.728563,2.516661
2005-05-21,0.000000,Training,-0.067314,-0.009811,-0.005443,0.005849,0.027006,0.074782,0.116093,0.199397,0.411301,0.706793,2.461987
2005-05-22,0.000000,Training,-0.069115,-0.010949,-0.003777,0.005354,0.033953,0.068487,0.115153,0.202576,0.417448,0.701349,2.448567
2005-05-23,0.000000,Training,-0.059268,-0.004943,-0.000148,0.008579,0.029785,0.069643,0.110183,0.187414,0.386734,0.668043,2.369935
2005-05-24,0.000000,Training,-0.072741,-0.012222,-0.005233,0.008190,0.024965,0.070808,0.103616,0.167906,0.353888,0.632307,2.300450
2005-05-25,0.000000,Training,-0.079091,-0.015992,-0.007662,0.007125,0.025186,0.069284,0.101942,0.163975,0.347984,0.622994,2.284600
2005-05-26,0.000000,Training,-0.086083,-0.019842,-0.009900,0.006913,0.025577,0.068633,0.100959,0.160772,0.344563,0.617805,2.280164
2005-05-27,0.000000,Training,-0.069622,-0.015926,-0.010071,0.002225,0.020319,0.058477,0.094710,0.154909,0.339904,0.612448,2.249410
2005-05-28,0.000000,Training,-0.080438,-0.021190,-0.014924,0.000885,0.018059,0.057900,0.097934,0.159185,0.357336,0.637371,2.311968
2005-05-29,0.000000,Training,-0.091334,-0.024937,-0.017922,0.002224,0.018820,0.063165,0.108955,0.174953,0.383035,0.667908,2.367864
2005-05-30,0.000000,Training,-0.183693,-0.049863,-0.041896,-0.012791,0.011374,0.033343,0.075556,0.134678,0.395279,0.730439,2.816530
2005-05-31,0.000000,Training,-0.082309,-0.017206,-0.009579,0.008789,0.028919,0.061771,0.090493,0.145573,0.318187,0.580319,2.225191
2005-06-01,0.000000,Training,-0.080031,-0.022629,-0.010603,0.006552,0.028658,0.057963,0.082050,0.128463,0.276037,0.519019,2.040987
2005-06-02,0.000000,Training,-0.086150,-0.022917,-0.014658,0.004186,0.023856,0.049551,0.071579,0.110514,0.257408,0.492244,1.999666
2005-06-03,0.000000,Training,-0.067716,-0.019501,-0.013110,-0.001243,0.018013,0.043357,0.067990,0.109631,0.247689,0.478677,1.935914
2005-06-04,0.000000,Training,-0.059099,-0.014113,-0.005838,0.005489,0.025018,0.041848,0.061347,0.096655,0.217707,0.432027,1.825976
2005-06-05,0.000000,Training,-0.075568,-0.019856,-0.006184,0.010019,0.028449,0.046825,0.062910,0.094251,0.213484,0.424912,1.824942
2005-06-06,0.000000,Training,-0.080744,-0.022144,-0.005388,0.013589,0.030323,0.049476,0.062993,0.092578,0.210433,0.421001,1.818622
2005-06-07,0.000000,Training,-0.082897,-0.023116,-0.005894,0.013545,0.029749,0.048595,0.061670,0.090599,0.209508,0.420984,1.824093
2005-06-08,0.000000,Training,-0.081863,-0.025008,-0.007490,0.010771,0.027353,0.045424,0.059020,0.087076,0.203490,0.413171,1.800891
2005-06-09,0.000000,Training,-0.078655,-0.024939,-0.008419,0.007534,0.024426,0.040709,0.055265,0.082391,0.196743,0.404361,1.778660
2005-06-10,0.000000,Training,-0.079119,-0.022478,-0.007199,0.008342,0.023357,0.038091,0.051985,0.077272,0.194045,0.402277,1.788742
2005-06-11,0.000000,Training,-0.064274,-0.020407,-0.007455,0.003154,0.018328,0.031258,0.046942,0.072057,0.181472,0.384990,1.726071
2005-06-12,0.000000,Training,-0.054377,-0.016622,-0.005618,0.002189,0.017361,0.027235,0.044605,0.071837,0.181638,0.384223,1.714082
2005-06-13,0.000000,Training,-0.064592,-0.013414,-0.003279,0.006838,0.020298,0.027748,0.043886,0.070498,0.191267,0.398519,1.782138
2005-06-14,0.000000,Training,-0.058069,-0.019077,-0.007849,-0.000073,0.014796,0.023908,0.040630,0.065300,0.173063,0.373110,1.689392
2005-06-15,0.000000,Training,-0.066320,-0.024415,-0.011517,-0.002474,0.011792,0.022531,0.037737,0.058441,0.164724,0.364603,1.672367
2005-06-16,0.000000,Training,-0.083556,-0.032763,-0.015974,-0.002560,0.011160,0.023597,0.036532,0.053112,0.160609,0.360347,1.675929
2005-06-17,0.000000,Training,-0.092571,-0.038940,-0.018993,-0.001544,0.009053,0.025111,0.035607,0.049796,0.160151,0.363306,1.684397
2005-06-18,0.000000,Training,-0.093058,-0.037390,-0.016897,-0.001005,0.013923,0.026155,0.036229,0.052047,0.151726,0.345956,1.634473
2005-06-19,0.000000,Training,-0.094941,-0.039270,-0.018424,-0.002720,0.011908,0.023992,0.033819,0.048727,0.147808,0.341719,1.624964
2005-06-20,0.000000,Training,-0.096283,-0.040632,-0.019620,-0.004322,0.010110,0.021810,0.031363,0.045379,0.143250,0.336065,1.611100
2005-06-21,0.000000,Training,-0.098092,-0.043857,-0.021577,-0.005945,0.008254,0.020514,0.029250,0.041941,0.136708,0.327613,1.583137
2005-06-22,0.000000,Training,-0.100056,-0.045852,-0.022939,-0.007140,0.006621,0.019019,0.026902,0.038594,0.131531,0.321277,1.565338
2005-06-23,0.000000,Training,-0.092280,-0.043125,-0.023800,-0.013229,0.001876,0.012100,0.022901,0.035384,0.125960,0.313633,1.547127
2005-06-24,0.000000,Training,-0.082934,-0.039179,-0.022492,-0.014828,-0.000275,0.008436,0.019989,0.033734,0.123089,0.310093,1.530004
2005-06-25,0.000000,Training,-0.080116,-0.037983,-0.021962,-0.015585,-0.001102,0.006553,0.018265,0.032518,0.120282,0.305507,1.513734
2005-06-26,0.000000,Training,-0.083260,-0.040158,-0.023674,-0.017405,-0.003081,0.004922,0.015807,0.028458,0.113806,0.297353,1.492883
2005-06-27,0.000000,Training,-0.081736,-0.039316,-0.023404,-0.017981,-0.003534,0.003857,0.015064,0.029023,0.113644,0.296323,1.486824
2005-06-28,0.000000,Training,-0.084167,-0.040289,-0.024424,-0.019024,-0.004855,0.002814,0.013380,0.026849,0.110531,0.292685,1.478037
2005-06-29,0.000000,Training,-0.086383,-0.041279,-0.025428,-0.020046,-0.006169,0.001621,0.011709,0.024631,0.107641,0.289264,1.470488
2005-06-30,0.000000,Training,-0.087407,-0.043386,-0.027268,-0.022404,-0.008444,-0.000082,0.009668,0.021914,0.101987,0.282083,1.448023
2005-07-01,0.000000,Training,-0.095546,-0.048411,-0.030889,-0.025074,-0.011688,-0.001733,0.005987,0.014711,0.091589,0.270333,1.422051
2005-07-02,0.000000,Training,-0.110258,-0.056291,-0.034874,-0.025649,-0.012878,-0.001183,0.003927,0.008997,0.084378,0.261937,1.408501
2005-07-03,0.000000,Training,-0.105430,-0.054770,-0.035147,-0.028128,-0.015293,-0.004028,0.001891,0.007987,0.081391,0.258278,1.397133
2005-07-04,0.000000,Training,-0.098198,-0.052142,-0.034278,-0.029008,-0.016694,-0.006220,0.000121,0.008276,0.080529,0.257541,1.386926
2005-07-05,0.000000,Training,-0.105279,-0.056116,-0.036618,-0.030668,-0.018283,-0.007430,-0.002293,0.003383,0.072870,0.247507,1.364756
2005-07-06,0.000000,Training,-0.110965,-0.059374,-0.038581,-0.031802,-0.019493,-0.008332,-0.004273,0.000005,0.067499,0.240613,1.349624
2005-07-07,0.000000,Training,-0.110818,-0.060009,-0.039531,-0.033173,-0.020962,-0.009736,-0.005840,-0.001437,0.064495,0.237075,1.338980
2005-07-08,0.000000,Training,-0.117903,-0.064468,-0.041930,-0.033753,-0.021982,-0.009976,-0.007740,-0.004893,0.059498,0.231304,1.324869
2005-07-09,0.000000,Training,-0.119390,-0.066018,-0.043100,-0.034771,-0.023136,-0.011137,-0.009406,-0.006929,0.055798,0.226726,1.312607
2005-07-10,0.000000,Training,-0.121757,-0.068069,-0.044458,-0.035513,-0.024092,-0.011829,-0.010855,-0.008780,0.052573,0.223012,1.301722
2005-07-11,0.000000,Training,-0.122149,-0.068430,-0.045203,-0.036719,-0.025196,-0.013523,-0.012468,-0.010562,0.049871,0.219583,1.294522
2005-07-12,0.000000,Training,-0.123510,-0.069918,-0.046231,-0.037521,-0.026065,-0.014547,-0.013923,-0.012513,0.046481,0.215306,1.282774
2005-07-13,0.000000,Training,-0.120894,-0.069833,-0.046916,-0.039805,-0.027725,-0.017112,-0.015607,-0.014062,0.042558,0.209697,1.266876
2005-07-14,0.000000,Training,-0.117348,-0.068635,-0.046724,-0.040983,-0.028656,-0.019093,-0.017008,-0.015026,0.039857,0.205775,1.254893
2005-07-15,0.000000,Training,-0.117797,-0.069380,-0.047238,-0.041720,-0.029285,-0.020392,-0.018505,-0.017114,0.035937,0.200289,1.240809
2005-07-16,0.000000,Training,-0.112349,-0.066997,-0.046145,-0.041850,-0.029554,-0.021907,-0.019636,-0.017088,0.034674,0.198282,1.232364
2005-07-17,0.000000,Training,-0.108361,-0.065083,-0.044966,-0.041658,-0.028907,-0.022581,-0.019486,-0.015234,0.035257,0.197585,1.227027
2005-07-18,0.000000,Training,-0.109628,-0.066339,-0.045837,-0.042560,-0.029921,-0.023978,-0.021386,-0.018397,0.030196,0.191165,1.211967
2005-07-19,0.000000,Training,-0.122359,-0.073425,-0.049533,-0.043630,-0.031081,-0.024128,-0.023657,-0.024496,0.022104,0.181489,1.194735
2005-07-20,0.000000,Training,-0.127548,-0.076833,-0.050693,-0.041768,-0.030240,-0.021889,-0.023767,-0.025406,0.020512,0.180368,1.189127
2005-07-21,0.000000,Training,-0.123217,-0.075331,-0.051698,-0.045614,-0.032573,-0.025577,-0.024926,-0.025009,0.019675,0.179066,1.187326
2005-07-22,0.000000,Training,-0.115301,-0.071136,-0.049923,-0.045564,-0.032549,-0.027109,-0.025376,-0.023448,0.021032,0.180423,1.186901
2005-07-23,0.000000,Training,-0.114238,-0.069664,-0.048862,-0.044878,-0.031785,-0.027717,-0.025862,-0.023890,0.019678,0.177568,1.181242
2005-07-24,0.000000,Training,-0.112641,-0.069860,-0.049053,-0.045683,-0.032001,-0.028588,-0.026296,-0.024156,0.016816,0.172797,1.165900
2005-07-25,0.000000,Training,-0.113230,-0.069847,-0.049226,-0.045719,-0.031835,-0.028884,-0.026554,-0.024360,0.015829,0.171238,1.162586
2005-07-26,0.000000,Training,-0.113970,-0.070924,-0.050222,-0.046620,-0.032552,-0.029691,-0.027537,-0.025965,0.012479,0.167029,1.151206
2005-07-27,0.000000,Training,-0.142195,-0.069529,-0.049278,-0.041217,-0.029285,-0.031291,-0.030785,-0.031603,0.029379,0.196529,1.288116
2005-07-28,0.000000,Training,-0.132691,-0.068141,-0.049280,-0.040820,-0.027999,-0.027160,-0.025734,-0.021969,0.033745,0.199424,1.275662
2005-07-29,0.000000,Training,-0.117176,-0.073479,-0.053749,-0.048192,-0.031820,-0.027647,-0.022993,-0.015861,0.024864,0.183520,1.186077
2005-07-30,0.000000,Training,-0.120558,-0.075273,-0.056820,-0.050491,-0.034013,-0.030446,-0.027219,-0.023266,0.014242,0.169594,1.150788
2005-07-31,0.000000,Training,-0.122363,-0.076623,-0.058090,-0.051535,-0.035530,-0.032271,-0.030693,-0.029623,0.003861,0.156533,1.119652
2005-08-01,0.000000,Training,-0.120404,-0.075192,-0.056193,-0.050366,-0.034173,-0.032040,-0.030372,-0.028896,0.002248,0.153326,1.112080
2005-08-02,0.000000,Training,-0.126653,-0.079208,-0.057650,-0.050318,-0.034644,-0.031966,-0.031943,-0.033581,-0.004154,0.146195,1.097631
2005-08-03,0.000000,Training,-0.131180,-0.081623,-0.058158,-0.049010,-0.033509,-0.030449,-0.031479,-0.034189,-0.005576,0.144494,1.094434
2005-08-04,0.000000,Training,-0.133664,-0.083587,-0.058691,-0.047543,-0.032640,-0.028680,-0.030988,-0.034336,-0.006068,0.144676,1.092705
2005-08-05,0.000000,Training,-0.134682,-0.085001,-0.059247,-0.046488,-0.032195,-0.027530,-0.030937,-0.034783,-0.006825,0.144596,1.089639
2005-08-06,0.000000,Training,-0.134868,-0.085651,-0.059766,-0.046663,-0.032214,-0.027873,-0.031223,-0.035244,-0.007991,0.143413,1.086217
2005-08-07,0.000000,Training,-0.134634,-0.085461,-0.060089,-0.047615,-0.032413,-0.029285,-0.031660,-0.035630,-0.009250,0.141579,1.083905
2005-08-08,0.000000,Training,-0.125339,-0.081197,-0.059637,-0.051123,-0.034449,-0.034234,-0.033575,-0.035644,-0.011217,0.138259,1.075227
2005-08-09,0.000000,Training,-0.170038,-0.084838,-0.065133,-0.052930,-0.034632,-0.044116,-0.040353,-0.044534,0.011326,0.179675,1.267880
2005-08-10,0.000000,Training,-0.161568,-0.081063,-0.063103,-0.049411,-0.030646,-0.036781,-0.031985,-0.030226,0.026190,0.197380,1.302903
2005-08-11,0.000000,Training,-0.126795,-0.085172,-0.066218,-0.054710,-0.036067,-0.031213,-0.027002,-0.023128,0.008545,0.169373,1.143446
2005-08-12,0.000000,Training,-0.137224,-0.090013,-0.069742,-0.055375,-0.037856,-0.034500,-0.034353,-0.038246,-0.010662,0.143795,1.084941
2005-08-13,0.000000,Training,-0.140047,-0.089739,-0.069389,-0.053596,-0.036268,-0.034657,-0.036592,-0.042874,-0.019504,0.130058,1.054757
2005-08-14,0.000000,Training,-0.138557,-0.089281,-0.066709,-0.050983,-0.034393,-0.033144,-0.035966,-0.042041,-0.020306,0.128973,1.052398
2005-08-15,0.000000,Training,-0.136583,-0.088554,-0.065169,-0.050123,-0.033420,-0.032808,-0.034957,-0.041063,-0.020616,0.128337,1.050904
2005-08-16,0.000000,Training,-0.131806,-0.086503,-0.064082,-0.050957,-0.033866,-0.034917,-0.035527,-0.041292,-0.021880,0.126534,1.047504
2005-08-17,0.000000,Training,-0.126118,-0.083612,-0.062816,-0.051563,-0.034195,-0.037048,-0.036582,-0.041682,-0.023192,0.124246,1.041686
2005-08-18,0.000000,Training,-0.122631,-0.081020,-0.061322,-0.051352,-0.033183,-0.037758,-0.036155,-0.040581,-0.023362,0.122323,1.037534
2005-08-19,0.000000,Training,-0.125298,-0.082891,-0.060904,-0.049368,-0.032140,-0.036074,-0.036018,-0.042300,-0.025423,0.120544,1.032153
2005-08-20,0.000000,Training,-0.127043,-0.083633,-0.060600,-0.047964,-0.030804,-0.034412,-0.034840,-0.041427,-0.024641,0.121693,1.034817
2005-08-21,0.000000,Training,-0.124647,-0.082900,-0.061068,-0.049126,-0.031526,-0.035593,-0.035299,-0.041115,-0.024654,0.121999,1.034599
2005-08-22,0.000000,Training,-0.123350,-0.082319,-0.061158,-0.049616,-0.031562,-0.036161,-0.035355,-0.040866,-0.024909,0.121439,1.032652
2005-08-23,0.000000,Training,-0.124720,-0.082898,-0.060601,-0.048026,-0.030275,-0.034628,-0.034547,-0.040664,-0.024860,0.121589,1.032133
2005-08-24,0.000000,Training,-0.123645,-0.082444,-0.060822,-0.048477,-0.030322,-0.035131,-0.034613,-0.040283,-0.024737,0.121634,1.032087
2005-08-25,0.000000,Training,-0.121522,-0.080207,-0.060776,-0.049642,-0.029561,-0.036177,-0.033501,-0.037151,-0.022145,0.122848,1.037038
2005-08-26,0.000000,Training,-0.121845,-0.080194,-0.060732,-0.049071,-0.029302,-0.036331,-0.033915,-0.038013,-0.022018,0.123453,1.040768
2005-08-27,0.000000,Training,-0.119832,-0.079448,-0.060611,-0.049324,-0.028956,-0.036947,-0.033265,-0.036547,-0.019612,0.125746,1.048292
2005-08-28,0.000000,Training,-0.121721,-0.082696,-0.061963,-0.049637,-0.029947,-0.036319,-0.033730,-0.039378,-0.022622,0.123883,1.039188
2005-08-29,0.000000,Training,-0.124393,-0.084884,-0.061831,-0.048000,-0.028738,-0.033558,-0.031703,-0.038700,-0.022478,0.124779,1.037574
2005-08-30,0.000000,Training,-0.125820,-0.085700,-0.061445,-0.046500,-0.027488,-0.031546,-0.030292,-0.037293,-0.020793,0.127225,1.042095
2005-08-31,0.000000,Training,-0.123025,-0.083357,-0.063005,-0.050670,-0.028845,-0.035332,-0.030776,-0.035314,-0.020041,0.125813,1.042717
2005-09-01,0.000000,Training,-0.123311,-0.083640,-0.063081,-0.050553,-0.028846,-0.035115,-0.030772,-0.035533,-0.020219,0.125790,1.041754
2005-09-02,0.000000,Training,-0.124084,-0.084827,-0.062446,-0.048622,-0.028594,-0.033465,-0.031033,-0.037050,-0.021083,0.126355,1.040318
2005-09-03,0.000000,Training,-0.125875,-0.085826,-0.061287,-0.045737,-0.026538,-0.029967,-0.028857,-0.034982,-0.018404,0.130346,1.046815
2005-09-04,0.000000,Training,-0.125692,-0.086030,-0.061834,-0.046427,-0.026963,-0.030331,-0.028952,-0.034546,-0.017887,0.131204,1.048756
2005-09-05,0.000000,Training,-0.124136,-0.082373,-0.062669,-0.050164,-0.026239,-0.033634,-0.027395,-0.028879,-0.013470,0.131858,1.057625
2005-09-06,0.000000,Training,-0.184619,-0.095534,-0.076399,-0.058422,-0.029064,-0.045854,-0.033506,-0.035982,0.013843,0.182545,1.280471
2005-09-07,0.000000,Training,-0.155476,-0.084858,-0.067584,-0.046977,-0.022618,-0.027824,-0.019784,-0.015708,0.031232,0.203425,1.293589
2005-09-08,0.000000,Training,-0.131493,-0.090426,-0.071879,-0.054369,-0.029172,-0.026177,-0.017129,-0.010871,0.018098,0.182002,1.169033
2005-09-09,0.000000,Training,-0.182918,-0.095629,-0.080899,-0.059187,-0.031147,-0.040705,-0.030167,-0.030111,0.026010,0.201186,1.316714
2005-09-10,0.000000,Training,-0.137787,-0.089865,-0.077031,-0.058025,-0.028960,-0.029622,-0.019485,-0.009531,0.018805,0.177600,1.161087
2005-09-11,0.000000,Training,-0.135954,-0.088109,-0.072341,-0.056137,-0.027937,-0.030433,-0.020811,-0.011982,0.014414,0.169937,1.141774
2005-09-12,0.000000,Training,-0.135241,-0.086860,-0.072067,-0.055783,-0.031454,-0.032589,-0.027880,-0.025828,-0.005664,0.145316,1.085501
2005-09-13,0.000000,Training,-0.132204,-0.086461,-0.068637,-0.053456,-0.031781,-0.031970,-0.029819,-0.029688,-0.011688,0.139455,1.069226
2005-09-14,0.000000,Training,-0.129801,-0.085630,-0.065386,-0.050420,-0.030677,-0.030156,-0.029773,-0.030275,-0.012333,0.139428,1.066677
2005-09-15,0.000000,Training,-0.128420,-0.084690,-0.062176,-0.046702,-0.028504,-0.027037,-0.028147,-0.028528,-0.009848,0.142988,1.072370
2005-09-16,0.000000,Training,-0.141190,-0.078705,-0.060045,-0.043679,-0.024829,-0.028059,-0.028166,-0.027426,0.002619,0.159454,1.154196
2005-09-17,0.000000,Training,-0.140427,-0.077968,-0.060627,-0.044622,-0.023610,-0.026639,-0.024310,-0.019334,0.011499,0.169015,1.175500
2005-09-18,0.000000,Training,-0.129456,-0.081764,-0.063762,-0.050666,-0.027063,-0.027501,-0.022335,-0.014187,0.007961,0.161518,1.123212
2005-09-19,0.000000,Training,-0.130690,-0.081988,-0.064273,-0.050989,-0.028098,-0.027500,-0.023432,-0.016574,0.005802,0.158930,1.114935
2005-09-20,0.000000,Training,-0.130401,-0.081834,-0.063609,-0.050307,-0.028890,-0.027021,-0.024923,-0.019602,0.001916,0.154715,1.102551
2005-09-21,0.000000,Training,-0.128809,-0.080839,-0.061637,-0.049002,-0.028291,-0.026241,-0.024849,-0.019318,0.001905,0.154676,1.101621
2005-09-22,0.000000,Training,-0.127782,-0.080011,-0.060438,-0.048275,-0.027700,-0.025740,-0.024376,-0.018166,0.003694,0.156585,1.106274
2005-09-23,0.000000,Training,-0.127471,-0.078317,-0.059680,-0.048395,-0.026219,-0.026381,-0.023003,-0.014277,0.009313,0.161348,1.122116
2005-09-24,0.000000,Training,-0.126064,-0.076686,-0.058475,-0.047346,-0.026342,-0.025622,-0.022027,-0.012806,0.016776,0.172528,1.155818
2005-09-25,0.000000,Training,-0.127899,-0.079038,-0.059518,-0.048682,-0.024236,-0.025683,-0.020489,-0.008775,0.016552,0.167874,1.135086
2005-09-26,0.000000,Training,-0.127088,-0.081544,-0.059890,-0.048397,-0.027170,-0.025770,-0.023049,-0.015094,0.010427,0.164126,1.124192
2005-09-27,0.000000,Training,-0.125649,-0.081143,-0.059457,-0.048320,-0.027819,-0.025618,-0.022966,-0.014847,0.013864,0.169447,1.138668
2005-09-28,0.000000,Training,-0.126974,-0.082684,-0.058769,-0.047269,-0.026497,-0.023938,-0.021893,-0.014174,0.011430,0.165052,1.122030
2005-09-29,0.000000,Training,-0.126233,-0.082802,-0.057566,-0.045706,-0.026201,-0.022290,-0.021417,-0.013656,0.013337,0.168468,1.127846
2005-09-30,0.000000,Training,-0.125540,-0.082621,-0.055960,-0.043628,-0.025371,-0.020041,-0.020289,-0.012229,0.016400,0.173191,1.137087
2005-10-01,0.000000,Validation,-0.125447,-0.082635,-0.055618,-0.043457,-0.025366,-0.019474,-0.019814,-0.011035,0.018679,0.176165,1.143781
2005-10-02,0.000000,Validation,-0.126708,-0.082459,-0.057198,-0.046427,-0.026545,-0.022030,-0.020505,-0.010265,0.019729,0.175872,1.147529
2005-10-03,0.000000,Validation,-0.128032,-0.081003,-0.057462,-0.048060,-0.025426,-0.023350,-0.018993,-0.005591,0.025283,0.179326,1.160449
2005-10-04,0.000000,Validation,-0.128238,-0.080322,-0.057003,-0.048008,-0.024722,-0.022833,-0.017841,-0.002774,0.029673,0.183883,1.171452
2005-10-05,0.000000,Validation,-0.127670,-0.080865,-0.056732,-0.047554,-0.025718,-0.021876,-0.017937,-0.003794,0.029685,0.185686,1.174663
2005-10-06,0.000000,Validation,-0.126561,-0.081409,-0.055911,-0.046398,-0.026473,-0.020482,-0.018086,-0.005220,0.029400,0.187414,1.176882
2005-10-07,0.000000,Validation,-0.127176,-0.080598,-0.055635,-0.046809,-0.025720,-0.020548,-0.016962,-0.002221,0.033531,0.190977,1.187815
2005-10-08,0.000000,Validation,-0.128000,-0.080103,-0.054269,-0.044575,-0.025247,-0.018375,-0.016538,-0.002228,0.036549,0.196699,1.203927
2005-10-09,0.000000,Validation,-0.184101,-0.091234,-0.066127,-0.051894,-0.027845,-0.027995,-0.020520,-0.004799,0.071834,0.256516,1.454740
2005-10-10,0.000000,Validation,-0.301687,-0.161743,-0.142685,-0.082376,-0.035701,0.008593,0.037314,0.099262,0.266853,0.589786,2.355259
2005-10-11,0.000000,Validation,-0.271364,-0.154531,-0.150743,-0.087543,-0.023432,0.035139,0.105089,0.205189,0.503280,0.948633,3.438332
2005-10-12,0.000000,Validation,-0.307875,-0.126329,-0.139162,0.003029,0.105218,0.198049,0.311519,0.520244,1.164595,1.890169,6.333807
2005-10-13,0.000000,Validation,-0.178096,-0.092778,-0.099440,-0.020269,0.054814,0.136669,0.219374,0.394387,0.795801,1.244857,3.893193
2005-10-14,0.000000,Validation,-0.166368,-0.078433,-0.070830,-0.042104,-0.005179,0.057277,0.092506,0.186054,0.393858,0.663609,2.411808
2005-10-15,0.000000,Validation,-0.143983,-0.051563,-0.041139,-0.026386,-0.008688,0.052617,0.067222,0.128560,0.273025,0.503449,1.994809
2005-10-16,0.000000,Validation,-0.144260,-0.061436,-0.043755,-0.031153,-0.018534,0.034456,0.040821,0.091352,0.212041,0.434734,1.821498
2005-10-17,0.000000,Validation,-0.258299,-0.116991,-0.099125,-0.070987,-0.042950,0.003977,0.025921,0.086809,0.277140,0.572422,2.364916
2005-10-18,0.000000,Validation,-0.157866,-0.091859,-0.076513,-0.050814,-0.022682,0.034925,0.053369,0.130753,0.284596,0.555025,2.083686
2005-10-19,0.000000,Validation,-0.147454,-0.081229,-0.061797,-0.045318,-0.024231,0.026191,0.039188,0.101368,0.229656,0.465857,1.866409
2005-10-20,0.470376,Validation,-0.273508,-0.129397,-0.114161,-0.079243,-0.048076,-0.003427,0.018057,0.082088,0.271010,0.569264,2.354388
2005-10-21,0.551476,Validation,-0.186213,-0.094600,-0.083055,-0.045817,-0.020134,0.044896,0.063995,0.149468,0.354463,0.675809,2.498111
2005-10-22,0.648795,Validation,-0.308367,-0.152030,-0.145750,-0.079717,-0.037090,0.046711,0.092579,0.209452,0.548862,1.012020,3.668042
2005-10-23,0.616355,Validation,-0.181998,-0.113613,-0.106672,-0.057408,-0.019055,0.065966,0.100834,0.218727,0.467189,0.834734,2.788045
2005-10-24,0.535256,Validation,-0.162910,-0.085133,-0.071390,-0.044026,-0.022127,0.051824,0.071874,0.157748,0.344952,0.630309,2.292651
2005-10-25,0.551476,Validation,-0.155401,-0.077274,-0.059813,-0.041805,-0.026568,0.027348,0.035720,0.094520,0.224856,0.457334,1.860316
2005-10-26,0.583915,Validation,-0.147282,-0.073912,-0.053933,-0.038239,-0.027719,0.024925,0.029494,0.081726,0.201584,0.430264,1.791236
2005-10-27,0.600135,Validation,-0.478851,-0.227290,-0.207089,0.122234,0.150497,0.371196,0.447683,0.917872,2.494254,4.259550,14.697966
2005-10-28,76.606448,Validation,-0.833556,-0.576568,-0.230071,0.857114,2.042793,3.505573,5.214314,13.114089,35.845940,70.321854,164.159500
2005-10-29,13.754450,Validation,-0.558398,-0.170311,0.114727,0.625282,1.098648,1.759495,2.693552,5.018703,11.733947,18.715044,52.556576
2005-10-30,,,-0.690400,-0.189236,0.455715,1.673392,3.076383,4.881832,7.222386,14.622921,35.391891,57.731236,143.907043
2005-10-31,58.683491,Validation,-0.403273,-0.088458,-0.052351,0.083795,0.127266,0.327769,0.490018,0.795818,1.911854,2.870031,9.041770
2005-11-01,5.287678,Validation,-0.264587,-0.056612,-0.027312,0.069824,0.091992,0.287366,0.380827,0.606916,1.284660,1.941814,5.708404
2005-11-02,3.195314,Validation,-0.207786,-0.044885,-0.019160,0.044642,0.051674,0.209089,0.270868,0.424779,0.875241,1.341264,4.092091
2005-11-03,2.887137,Validation,-0.457866,-0.215178,-0.199296,-0.039477,0.001851,0.179475,0.280139,0.527048,1.472839,2.454059,7.969975
2005-11-04,2.919577,Validation,-0.400872,-0.228040,-0.171526,-0.003024,0.091220,0.285972,0.462840,0.858167,1.995210,3.118858,8.372433
2005-11-05,1.800406,Validation,-0.313894,-0.145713,-0.097885,0.008380,0.054237,0.208695,0.322341,0.576230,1.284872,1.943597,5.531389
2005-11-06,1.313810,Validation,-0.289514,-0.124838,-0.081550,0.007106,0.037721,0.158078,0.239837,0.421788,0.932227,1.403881,4.152969
2005-11-07,1.054292,Validation,-0.300709,-0.141449,-0.098610,-0.008510,0.023441,0.139034,0.221964,0.394269,0.890899,1.348557,4.007990
2005-11-08,0.940752,Validation,-0.366456,-0.178525,-0.136354,-0.038235,-0.005621,0.092392,0.174003,0.342948,0.932719,1.481744,4.703069
2005-11-09,1.135391,Validation,-0.371832,-0.225146,-0.174329,-0.053653,-0.000148,0.118971,0.224332,0.441763,1.056981,1.634386,4.638845
2005-11-10,1.638207,Validation,-0.320552,-0.187217,-0.142198,-0.050033,-0.009176,0.096166,0.179315,0.355512,0.850582,1.326095,3.942413
2005-11-11,0.665015,Validation,-0.338565,-0.194464,-0.151267,-0.053353,-0.009298,0.089421,0.173874,0.342087,0.816150,1.253160,3.755569
2005-11-12,0.551476,Validation,-0.441173,-0.257143,-0.204094,-0.079623,-0.028658,0.058529,0.153978,0.337875,0.949282,1.479442,4.534683
2005-11-13,0.519036,Validation,-0.627186,-0.423401,-0.363913,-0.170069,-0.072995,0.034936,0.203331,0.518795,1.625487,2.541650,7.747514
2005-11-14,0.535256,Validation,-0.607366,-0.413354,-0.333255,-0.086310,0.066595,0.223989,0.467116,0.916700,2.259972,3.312486,8.828654
2005-11-15,0.454156,Validation,-0.473754,-0.295340,-0.239910,-0.080891,-0.001867,0.102107,0.237109,0.501714,1.287437,1.921998,5.581351
2005-11-16,0.437937,Validation,-0.239426,-0.151226,-0.120914,-0.065387,-0.020806,0.032234,0.072708,0.203893,0.504310,0.820249,2.754991
2005-11-17,0.405497,Validation,,,,,,,,,,,
2005-11-18,0.389277,Validation,-0.210061,-0.120605,-0.093019,-0.048878,-0.008534,0.039503,0.077935,0.187446,0.440429,0.725718,2.507317
2005-11-19,0.794774,Validation,-0.824908,-0.679380,-0.617425,-0.250589,-0.079291,0.213406,0.425481,1.624206,5.949925,11.630177,36.041214
2005-11-20,22.448301,Validation,-0.928839,-0.779081,-0.606598,0.009919,0.944716,1.725652,3.295834,8.596751,25.817738,51.390594,127.848312
2005-11-21,19.447625,Validation,-0.920969,-0.714907,-0.464265,0.321710,1.666452,2.499465,4.541338,10.471834,27.839582,47.745716,123.754562
2005-11-22,6.050012,Validation,-0.753494,-0.405417,-0.147744,0.399750,0.999328,1.659678,2.564020,5.297327,13.045253,20.283743,53.409786
2005-11-23,4.363145,Validation,-0.531853,-0.147202,0.007217,0.333542,0.586597,1.031948,1.454836,2.703464,5.732359,8.188058,20.725061
2005-11-24,2.692498,Validation,-0.476263,-0.109558,0.015657,0.285219,0.449806,0.778263,1.058119,1.883136,3.784225,5.297209,12.857485
2005-11-25,1.962604,Validation,-0.546875,-0.179949,-0.039336,0.233997,0.402043,0.696895,0.960671,1.736259,3.732677,5.304712,13.309932
2005-11-26,1.978824,Validation,-0.486867,-0.152134,-0.026611,0.218773,0.365698,0.665347,0.894158,1.621367,3.250000,4.488684,10.871116
2005-11-27,3.260194,Validation,-0.425164,-0.125379,-0.019353,0.161187,0.254878,0.493756,0.669694,1.234233,2.585606,3.606766,9.222396
2005-11-28,2.319441,Validation,-0.631544,-0.331304,-0.204435,0.054466,0.235832,0.491203,0.758341,1.527423,3.810812,5.717712,14.989098
2005-11-29,1.767966,Validation,-0.518012,-0.255619,-0.122448,0.144440,0.327713,0.612017,0.892602,1.682823,3.732248,5.337945,12.821159
2005-11-30,1.330029,Validation,-0.450446,-0.206814,-0.107261,0.081538,0.193265,0.400315,0.591671,1.110607,2.409182,3.333159,8.467394
2005-12-01,1.378689,Validation,-0.938626,-0.811631,-0.674042,-0.169949,0.543296,1.197772,2.028543,5.304535,15.693181,28.566515,59.983677
2005-12-02,25.140799,Validation,-0.812194,-0.269820,0.553818,3.734232,9.631358,14.512461,22.186344,47.136131,105.534500,177.313660,300.260773
2005-12-03,13.024556,Validation,-0.623750,0.294802,1.563089,5.176661,10.791617,14.075817,20.654314,36.270905,70.870064,98.774071,188.088837
2005-12-04,5.871593,Validation,-0.728475,-0.090930,0.530019,2.160649,4.274890,5.685681,7.950889,13.773710,26.550617,35.748821,76.557144
2005-12-05,4.882181,Validation,-0.672151,-0.090987,0.318702,1.370310,2.484694,3.452536,4.597759,7.826838,14.437676,19.254915,40.101933
2005-12-06,3.795450,Validation,-0.652106,-0.156543,0.155359,0.876264,1.534936,2.183079,2.838281,4.697976,8.530662,11.192430,23.336967
2005-12-07,3.162875,Validation,-0.601330,-0.141074,0.091859,0.645820,1.084032,1.572200,2.028713,3.337187,6.072857,8.034175,17.361687
2005-12-08,2.968236,Validation,-0.426698,-0.158741,-0.064987,0.127277,0.238911,0.448091,0.633277,1.144973,2.323277,3.228320,8.038496
2005-12-09,2.092363,Validation,-0.289429,-0.122990,-0.072675,0.023765,0.082190,0.205712,0.316845,0.602100,1.266611,1.840126,5.057498
2005-12-10,1.816625,Validation,-0.248550,-0.125511,-0.080522,-0.017547,0.036550,0.121182,0.206125,0.414326,0.905785,1.350863,3.922108
2005-12-11,1.540888,Validation,-0.254109,-0.145004,-0.099701,-0.044661,0.010128,0.078977,0.156894,0.340177,0.781871,1.168371,3.530206
2005-12-12,1.330029,Validation,-0.268777,-0.159035,-0.117045,-0.062324,-0.007152,0.059637,0.135178,0.322837,0.758282,1.133160,3.469213
2005-12-13,1.216490,Validation,-0.276682,-0.163871,-0.119600,-0.059951,-0.001106,0.067437,0.150708,0.348803,0.812472,1.206319,3.632237
2005-12-14,0.973192,Validation,-0.266760,-0.162495,-0.119379,-0.064365,-0.005700,0.054321,0.134159,0.317538,0.749174,1.125369,3.452679
2005-12-15,1.102951,Validation,-0.282781,-0.173995,-0.136134,-0.080426,-0.023720,0.039151,0.115075,0.308802,0.738266,1.113413,3.441031
2005-12-16,0.956972,Validation,-0.304985,-0.185872,-0.150517,-0.089097,-0.032695,0.040402,0.119759,0.338784,0.801896,1.204476,3.660796
2005-12-17,0.810994,Validation,-0.272496,-0.170635,-0.135698,-0.087020,-0.028451,0.024749,0.096774,0.280248,0.672374,1.023792,3.242850
2005-12-18,0.762334,Validation,-0.259528,-0.159549,-0.113957,-0.061933,0.003221,0.053049,0.137790,0.320025,0.729819,1.090857,3.352938
2005-12-19,0.713674,Validation,-0.263111,-0.159731,-0.111268,-0.055803,0.010378,0.063635,0.151794,0.342739,0.760432,1.126559,3.410623
2005-12-20,0.681235,Validation,-0.213214,-0.133080,-0.091169,-0.052919,0.011990,0.038910,0.109839,0.250669,0.568592,0.877651,2.839744
2005-12-21,0.648795,Validation,-0.183308,-0.113604,-0.078162,-0.047855,0.019661,0.033422,0.091065,0.213561,0.488423,0.769698,2.602363
2005-12-22,0.583915,Validation,-0.180793,-0.112857,-0.077278,-0.048030,0.018217,0.029473,0.084818,0.202086,0.465144,0.734745,2.521505
2005-12-23,0.519036,Validation,-0.174572,-0.102115,-0.068281,-0.038253,0.026326,0.036066,0.089696,0.205209,0.466972,0.745408,2.560719
2005-12-24,0.454156,Validation,-0.158489,-0.088205,-0.058605,-0.029076,0.033495,0.046285,0.099486,0.218301,0.476609,0.769432,2.611014
2005-12-25,0.373057,Validation,-0.311521,-0.144540,-0.112368,-0.046764,0.040310,0.074812,0.168189,0.368494,0.886173,1.404011,4.716042
2005-12-26,3.081775,Validation,-0.678982,-0.521295,-0.465610,-0.221337,-0.011541,0.187099,0.499361,1.482241,4.950031,8.922609,28.533350
2005-12-27,3.584591,Validation,-0.650873,-0.446594,-0.322263,-0.006117,0.290223,0.598938,1.091948,2.630786,7.553713,13.101606,35.480679
2005-12-28,2.124803,Validation,-0.473044,-0.284796,-0.185446,-0.009393,0.144029,0.356780,0.638445,1.434384,3.510477,5.257099,14.111130
2005-12-29,1.557108,Validation,-0.338647,-0.169809,-0.103029,-0.006881,0.088079,0.229101,0.402982,0.856902,1.976726,2.837829,7.928537
2005-12-30,1.476008,Validation,-0.260878,-0.119274,-0.076575,-0.003253,0.070608,0.183630,0.306156,0.640781,1.420505,2.102628,6.041871
2005-12-31,2.238342,Validation,-0.260471,-0.113396,-0.069191,-0.003360,0.064572,0.165146,0.273497,0.568507,1.273777,1.915735,5.567887
2006-01-01,1.719306,Training,-0.231312,-0.113282,-0.068056,-0.012126,0.055356,0.146221,0.247552,0.508834,1.103783,1.650918,4.725456
2006-01-02,1.411129,Training,-0.224865,-0.116906,-0.069508,-0.020343,0.047775,0.131898,0.230371,0.471954,1.017834,1.503855,4.300481
2006-01-03,1.184051,Training,-0.221115,-0.112706,-0.066912,-0.018387,0.050227,0.131760,0.229652,0.468462,1.005875,1.480007,4.223081
2006-01-04,0.989412,Training,-0.230983,-0.122290,-0.075745,-0.028525,0.040119,0.120175,0.216541,0.455059,0.987348,1.439996,4.126954
2006-01-05,0.892093,Training,-0.280688,-0.133684,-0.080783,-0.020734,0.053781,0.137504,0.246445,0.518437,1.192536,1.751934,5.027571
2006-01-06,1.005632,Training,-0.415450,-0.216440,-0.150211,-0.051491,0.057870,0.168896,0.334728,0.739517,1.872243,2.852690,8.110954
2006-01-07,1.151611,Training,-0.333125,-0.198185,-0.138769,-0.040109,0.060054,0.203102,0.364810,0.808640,1.842602,2.697881,7.090718
2006-01-08,0.973192,Training,-0.317103,-0.169993,-0.101352,-0.007220,0.095303,0.239615,0.406866,0.844476,1.877756,2.713947,7.035477
2006-01-09,0.827213,Training,-0.294018,-0.152653,-0.090776,-0.010957,0.079746,0.202737,0.344550,0.720267,1.570811,2.241037,5.919949
2006-01-10,0.681235,Training,-0.282577,-0.142477,-0.081945,-0.009776,0.075252,0.195524,0.327651,0.686125,1.472097,2.096634,5.557158
2006-01-11,0.616355,Training,-0.273666,-0.134027,-0.069971,0.001307,0.087913,0.206228,0.340264,0.693540,1.462340,2.080367,5.467249
2006-01-12,0.632575,Training,-0.289503,-0.135045,-0.060494,0.026265,0.121231,0.251129,0.398807,0.789141,1.608882,2.276826,5.758352
2006-01-13,0.551476,Training,-0.261140,-0.128592,-0.070931,-0.010306,0.072074,0.159381,0.276380,0.567126,1.227204,1.788750,4.918465
2006-01-14,0.616355,Training,-0.454127,-0.234746,-0.169118,-0.060785,0.071689,0.194749,0.379778,0.838522,2.150654,3.265602,9.391700
2006-01-15,0.875873,Training,-0.783846,-0.604738,-0.506421,-0.237075,0.065161,0.403695,0.801207,2.378223,7.293779,12.629364,33.519089
2006-01-16,2.238342,Training,-0.594002,-0.365559,-0.179157,0.172218,0.545784,0.982317,1.551743,3.472647,8.487104,13.123317,29.611635
2006-01-17,1.638207,Training,-0.445907,-0.235823,-0.109824,0.079918,0.274249,0.543221,0.862405,1.829581,4.188460,6.112235,14.665543
2006-01-18,1.394909,Training,-0.300868,-0.108499,-0.024649,0.100288,0.229548,0.428944,0.656770,1.316070,2.803559,4.058475,10.116826
2006-01-19,1.281370,Training,-0.226423,-0.069418,-0.005080,0.070878,0.159216,0.311008,0.471538,0.916760,1.889874,2.722356,7.049820
2006-01-20,1.216490,Training,-0.183496,-0.043203,0.012133,0.069018,0.141649,0.271923,0.406553,0.771643,1.549249,2.241441,5.920117
2006-01-21,1.102951,Training,-0.173477,-0.045906,0.008666,0.055513,0.124239,0.237252,0.359822,0.675810,1.355281,1.954148,5.224308
2006-01-22,1.005632,Training,-0.172820,-0.054424,-0.002552,0.040432,0.107706,0.207969,0.322511,0.609013,1.231676,1.786818,4.833110
2006-01-23,0.843433,Training,-0.173086,-0.061039,-0.010346,0.031783,0.099593,0.194584,0.306931,0.582717,1.178455,1.718769,4.641268
2006-01-24,,,-0.464721,0.109920,0.645228,1.394999,2.298424,3.663717,5.154348,10.308351,24.909033,39.317604,95.649506
2006-01-25,,,-0.451250,0.107187,0.625023,1.324090,2.147680,3.434394,4.847754,9.693626,23.732233,37.596207,93.969818
2006-01-26,,,,,,,,,,,,,
2006-01-27,,,,,,,,,,,,,
2006-01-28,,,,,,,,,,,,,
2006-01-29,,,,,,,,,,,,,
2006-01-30,,,,,,,,,,,,,
2006-01-31,,,,,,,,,,,,,
2006-02-01,,,,,,,,,,,,,
2006-02-02,,,,,,,,,,,,,
2006-02-03,,,,,,,,,,,,,
2006-02-04,,,,,,,,,,,,,
2006-02-05,,,,,,,,,,,,,
2006-02-06,,,,,,,,,,,,,
2006-02-07,,,,,,,,,,,,,
2006-02-08,,,,,,,,,,,,,
2006-02-09,,,,,,,,,,,,,
2006-02-10,,,,,,,,,,,,,
2006-02-11,,,,,,,,,,,,,
2006-02-12,,,,,,,,,,,,,
2006-02-13,,,,,,,,,,,,,
2006-02-14,,,,,,,,,,,,,
2006-02-15,,,,,,,,,,,,,
2006-02-16,,,,,,,,,,,,,
2006-02-17,,,,,,,,,,,,,
2006-02-18,,,,,,,,,,,,,
2006-02-19,,,,,,,,,,,,,
2006-02-20,,,,,,,,,,,,,
2006-02-21,,,,,,,,,,,,,
2006-02-22,,,,,,,,,,,,,
2006-02-23,,,,,,,,,,,,,
2006-02-24,,,,,,,,,,,,,
2006-02-25,,,,,,,,,,,,,
2006-02-26,,,,,,,,,,,,,
2006-02-27,,,,,,,,,,,,,
2006-02-28,,,,,,,,,,,,,
2006-03-01,,,,,,,,,,,,,
2006-03-02,,,,,,,,,,,,,
2006-03-03,,,,,,,,,,,,,
2006-03-04,,,,,,,,,,,,,
2006-03-05,,,,,,,,,,,,,
2006-03-06,,,,,,,,,,,,,
2006-03-07,,,,,,,,,,,,,
2006-03-08,,,,,,,,,,,,,
2006-03-09,,,,,,,,,,,,,
2006-03-10,2.108583,Training,,,,,,,,,,,
2006-03-11,1.849065,Training,,,,,,,,,,,
2006-03-12,1.573327,Training,-0.085477,-0.018980,0.003592,0.021325,0.069861,0.144501,0.237726,0.421485,0.816900,1.251951,3.526805
2006-03-13,1.297590,Training,-0.080278,-0.020079,0.000025,0.014900,0.060215,0.128551,0.214618,0.379987,0.738933,1.148571,3.297584
2006-03-14,1.200270,Training,-0.081036,-0.023707,-0.003952,0.009673,0.055757,0.117217,0.201177,0.357018,0.695541,1.088041,3.155586
2006-03-15,1.038072,Training,-0.091080,-0.030845,-0.006307,0.008723,0.061076,0.114876,0.204351,0.364671,0.703759,1.090996,3.123741
2006-03-16,0.843433,Training,-0.094618,-0.032003,-0.011598,0.000337,0.057054,0.091039,0.169859,0.310614,0.639647,1.013450,3.043425
2006-03-17,1.427349,Training,-0.506811,-0.273500,-0.187588,-0.025067,0.149294,0.291284,0.497373,1.051624,2.554738,3.991503,10.449468
2006-03-18,8.353233,Training,-0.754845,-0.560403,-0.448802,-0.136088,0.249601,0.616814,1.167080,2.939022,8.437022,15.653096,37.838615
2006-03-19,13.073216,Training,-0.792836,-0.559908,-0.376260,0.053813,0.637953,1.167624,2.040012,4.726811,12.691916,22.852102,50.919624
2006-03-20,8.045056,Training,-0.816087,-0.533884,-0.285364,0.282675,1.133917,1.919256,3.121482,6.883964,17.037336,29.075663,60.247066
2006-03-21,,,-0.591941,0.039555,0.717723,1.923630,3.452124,5.365414,7.635198,14.846086,33.870205,52.744827,118.147690
2006-03-22,,,-0.588266,0.025370,0.683825,1.822123,3.255729,5.091455,7.258092,14.235047,32.872314,51.448582,116.861214
2006-03-23,,,,,,,,,,,,,
2006-03-24,,,,,,,,,,,,,
2006-03-25,,,,,,,,,,,,,
2006-03-26,,,,,,,,,,,,,
2006-03-27,,,,,,,,,,,,,
2006-03-28,,,,,,,,,,,,,
2006-03-29,,,,,,,,,,,,,
2006-03-30,,,,,,,,,,,,,
2006-03-31,,,,,,,,,,,,,
2006-04-01,,,,,,,,,,,,,
2006-04-02,1.151611,Training,-0.409983,0.364766,0.896301,2.425072,4.074725,5.558521,7.232577,11.659070,19.584318,27.063913,46.942730
2006-04-03,1.005632,Training,-0.410877,0.232187,0.511539,1.418626,2.087220,2.975034,3.664075,5.664483,9.083612,12.679396,24.461134
2006-04-04,0.908313,Training,-0.440078,0.131672,0.336259,1.034405,1.518969,2.087616,2.589332,3.970742,6.500744,8.949474,18.119780
2006-04-05,0.810994,Training,-0.702589,-0.252482,-0.054438,0.568076,1.165321,1.692019,2.309239,3.994175,7.550959,11.309187,23.795820
2006-04-06,0.827213,Training,-0.724029,-0.339902,-0.148596,0.412849,0.997433,1.536436,2.186939,4.036331,8.225718,13.035546,27.398630
2006-04-07,0.859653,Training,-0.476604,-0.087035,0.098224,0.562071,0.957880,1.435645,1.893698,3.234786,5.913441,8.747540,17.211464
2006-04-08,,,,,,,,,,,,,
2006-04-09,,,,,,,,,,,,,
2006-04-10,,,,,,,,,,,,,
2006-04-11,,,,,,,,,,,,,
2006-04-12,,,,,,,,,,,,,
2006-04-13,,,,,,,,,,,,,
2006-04-14,,,,,,,,,,,,,
2006-04-15,,,,,,,,,,,,,
2006-04-16,,,,,,,,,,,,,
2006-04-17,,,,,,,,,,,,,
2006-04-18,0.616355,Training,,,,,,,,,,,
2006-04-19,0.486596,Training,,,,,,,,,,,
2006-04-20,0.502816,Training,-0.118001,-0.023848,-0.015180,0.000131,0.052067,0.073428,0.140166,0.259848,0.580195,0.933322,3.036649
2006-04-21,0.324397,Training,-0.187640,-0.057318,-0.041637,-0.018187,0.045571,0.061869,0.145547,0.284949,0.685350,1.106554,3.573290
2006-04-22,1.670647,Training,-0.433629,-0.213697,-0.161252,-0.034741,0.095305,0.188226,0.345985,0.726259,1.761885,2.793911,7.791168
2006-04-23,2.011264,Training,-0.141370,-0.062905,-0.048383,0.017194,0.093436,0.220445,0.364171,0.664376,1.346288,2.118876,5.634225
2006-04-24,2.157243,Training,-0.120777,-0.035911,-0.029418,0.013723,0.054562,0.177215,0.265258,0.460871,0.914221,1.453041,4.152170
2006-04-25,1.962604,Training,-0.102063,-0.007954,-0.005761,0.028243,0.060225,0.167506,0.240823,0.405169,0.796875,1.245355,3.722052
2006-04-26,1.832845,Training,-0.095808,-0.018450,-0.008059,0.014665,0.044410,0.128698,0.181585,0.306338,0.596372,0.968442,3.036003
2006-04-27,1.735526,Training,-0.068514,-0.009212,-0.001906,0.011269,0.040569,0.107776,0.158334,0.269572,0.523214,0.863991,2.765209
2006-04-28,1.686867,Training,-0.057383,-0.004692,0.001736,0.011658,0.040363,0.098114,0.146353,0.248890,0.483123,0.805761,2.627082
2006-04-29,1.638207,Training,-0.049044,-0.000701,0.004711,0.012034,0.040849,0.091453,0.139227,0.236946,0.460376,0.770699,2.545411
2006-04-30,1.524668,Training,-0.046677,0.000050,0.004905,0.011815,0.040203,0.087169,0.133750,0.226940,0.443126,0.746697,2.494065
2006-05-01,1.459788,Training,-0.048150,-0.001419,0.003443,0.011296,0.038459,0.084462,0.129873,0.219108,0.431185,0.731786,2.465759
2006-05-02,1.167831,Training,-0.051380,-0.002212,0.003021,0.011426,0.039796,0.085539,0.133889,0.226168,0.441412,0.742667,2.482025
2006-05-03,0.470376,Training,-0.039965,0.007691,0.010885,0.014467,0.049125,0.078567,0.125080,0.214636,0.419121,0.699221,2.404589
2006-05-04,0.016220,Training,-0.048889,0.002322,0.007553,0.011761,0.052269,0.072143,0.122059,0.214142,0.426183,0.701921,2.422919
2006-05-05,0.000000,Training,-0.035881,0.003874,0.007690,0.010178,0.047455,0.071020,0.117813,0.203728,0.396789,0.664155,2.314332
2006-05-06,0.000000,Training,-0.035576,0.003461,0.006682,0.009596,0.045163,0.069273,0.114448,0.197105,0.386610,0.652660,2.290907
2006-05-07,0.000000,Training,-0.049483,-0.007661,-0.001293,0.002905,0.046224,0.061446,0.111134,0.198122,0.395284,0.657556,2.297745
2006-05-08,0.000000,Training,-0.050499,-0.007986,-0.001777,0.002777,0.045472,0.061730,0.111868,0.199216,0.397526,0.661153,2.308850
2006-05-09,0.000000,Training,-0.038195,0.001690,0.003730,0.008858,0.038201,0.069491,0.109521,0.185119,0.363430,0.630180,2.240824
2006-05-10,0.000000,Training,-0.048501,-0.003280,0.001433,0.010747,0.036204,0.071090,0.102732,0.168041,0.328513,0.587150,2.150805
2006-05-11,0.000000,Training,-0.039020,0.003791,0.006273,0.016721,0.041837,0.064917,0.090335,0.147304,0.292821,0.533709,2.038740
2006-05-12,0.000000,Training,-0.026723,0.007155,0.008663,0.015191,0.041139,0.061429,0.089275,0.147356,0.288674,0.524560,2.001965
2006-05-13,0.000000,Training,-0.027896,0.006893,0.008883,0.015768,0.040938,0.061758,0.088607,0.145080,0.284455,0.519283,1.990854
2006-05-14,0.000000,Training,-0.034302,0.004581,0.007991,0.016863,0.041195,0.063755,0.088534,0.142547,0.279311,0.512999,1.982440
2006-05-15,0.000000,Training,-0.038009,0.003209,0.007594,0.017340,0.041843,0.064751,0.089048,0.142347,0.278383,0.511279,1.982482
2006-05-16,0.000000,Training,-0.053226,-0.001024,0.007478,0.021893,0.046855,0.072251,0.094643,0.147291,0.284285,0.517136,2.012287
2006-05-17,0.000000,Training,-0.056246,-0.002126,0.007565,0.023003,0.047873,0.073406,0.095228,0.147497,0.284016,0.516158,2.014745
2006-05-18,0.000000,Training,-0.032941,0.004163,0.007949,0.015924,0.040409,0.060785,0.086088,0.139207,0.273776,0.504271,1.966364
2006-05-19,0.000000,Training,-0.029180,0.006167,0.009448,0.015677,0.041740,0.058658,0.086316,0.141597,0.278519,0.506933,1.969050
2006-05-20,0.000000,Training,-0.030560,0.005601,0.009080,0.015644,0.040949,0.058080,0.084766,0.138051,0.272845,0.499443,1.953224
2006-05-21,0.000000,Training,-0.036083,0.007854,0.010751,0.018718,0.043640,0.059119,0.085538,0.139421,0.281485,0.511044,2.002151
2006-05-22,0.000000,Training,-0.036252,0.003688,0.009100,0.014619,0.048060,0.054465,0.087340,0.148120,0.292039,0.512834,1.990269
2006-05-23,0.000000,Training,-0.038356,0.001604,0.007806,0.013376,0.047716,0.052397,0.085953,0.146371,0.290479,0.509508,1.983050
2006-05-24,0.000000,Training,-0.033098,0.004445,0.008219,0.015307,0.039903,0.055410,0.081283,0.131870,0.263662,0.486002,1.928394
2006-05-25,0.000000,Training,-0.049131,-0.003425,0.003712,0.015155,0.038349,0.057767,0.079447,0.124463,0.251624,0.473221,1.909376
2006-05-26,0.000000,Training,-0.057712,-0.006732,0.002762,0.016572,0.039359,0.059317,0.079460,0.122561,0.248435,0.468433,1.908705
2006-05-27,0.000000,Training,-0.082392,-0.005098,0.007492,0.029592,0.047914,0.068063,0.083525,0.124857,0.269865,0.501271,2.055785
2006-05-28,0.000000,Training,-0.072131,-0.011956,0.003837,0.024515,0.044195,0.067282,0.082779,0.123375,0.248710,0.469146,1.926865
2006-05-29,0.000000,Training,-0.106907,-0.010559,0.005482,0.032355,0.049031,0.067549,0.082185,0.122427,0.288067,0.534562,2.199760
2006-05-30,0.000000,Training,-0.080514,-0.007163,0.002916,0.023254,0.041347,0.060103,0.077601,0.119818,0.267978,0.502772,2.073244
2006-05-31,0.000000,Training,-0.066288,-0.006034,0.001768,0.017602,0.035221,0.052726,0.071877,0.113871,0.257425,0.490282,2.013411
2006-06-01,0.000000,Training,-0.086078,-0.006153,-0.000510,0.016900,0.034721,0.045458,0.066030,0.106387,0.271541,0.513049,2.131045
2006-06-02,0.000000,Training,-0.067969,-0.012993,-0.004500,0.011939,0.031403,0.049743,0.068022,0.106380,0.236097,0.456044,1.906272
2006-06-03,0.000000,Training,-0.071789,-0.018917,-0.007106,0.009423,0.029982,0.049463,0.067254,0.103627,0.227025,0.442744,1.858151
2006-06-04,0.000000,Training,-0.075266,-0.020169,-0.009210,0.008172,0.029301,0.047893,0.065075,0.099844,0.222141,0.434567,1.840951
2006-06-05,0.000000,Training,-0.076813,-0.021303,-0.008188,0.008870,0.029834,0.047846,0.064428,0.098524,0.218369,0.428772,1.828520
2006-06-06,0.000000,Training,-0.080008,-0.022953,-0.007469,0.010510,0.030865,0.048562,0.063924,0.096855,0.215294,0.424298,1.819773
2006-06-07,0.000000,Training,-0.073822,-0.021156,-0.007114,0.007941,0.028197,0.044112,0.060467,0.092789,0.208991,0.416185,1.798854
2006-06-08,0.000000,Training,-0.068491,-0.019632,-0.006780,0.006073,0.026091,0.040397,0.057379,0.089071,0.203604,0.409361,1.778466
2006-06-09,0.000000,Training,-0.062032,-0.013281,-0.003431,0.007707,0.026039,0.036604,0.054017,0.086558,0.206638,0.414736,1.801497
2006-06-10,0.000000,Training,-0.059285,-0.016952,-0.005692,0.004066,0.022659,0.033587,0.050750,0.080750,0.191630,0.393953,1.734784
2006-06-11,0.000000,Training,-0.072305,-0.022459,-0.007553,0.005102,0.022718,0.035230,0.049928,0.075521,0.183892,0.384075,1.722033
2006-06-12,0.000000,Training,-0.108873,-0.021106,-0.006378,0.012099,0.026651,0.033168,0.046621,0.070499,0.215078,0.437068,1.961985
2006-06-13,0.000000,Training,-0.182416,-0.058488,-0.043965,-0.016458,0.005769,0.012669,0.038169,0.072292,0.253686,0.522022,2.268220
2006-06-14,0.000000,Training,-0.344558,-0.078611,-0.050861,0.190174,0.233995,0.387608,0.433675,0.701965,1.454333,2.351605,7.990082
2006-06-15,0.000000,Training,-0.202686,-0.094525,-0.102437,-0.001993,0.052631,0.163572,0.273267,0.456007,1.142087,1.956423,6.583249
2006-06-16,0.000000,Training,-0.350948,-0.142507,-0.142387,-0.013742,0.029116,0.172452,0.255667,0.449035,1.178318,2.033745,7.088114
2006-06-17,0.000000,Training,-0.197717,-0.052809,-0.059972,0.011632,0.018754,0.132455,0.194043,0.308009,0.810386,1.393111,4.659070
2006-06-18,0.000000,Training,-0.137561,-0.043298,-0.043235,0.000132,-0.003411,0.105535,0.139434,0.215096,0.520842,0.919774,3.106504
2006-06-19,0.000000,Training,-0.141487,-0.035788,-0.032819,0.008457,-0.002534,0.101477,0.133607,0.193700,0.475810,0.834078,2.858980
2006-06-20,0.000000,Training,-0.124557,-0.036662,-0.029415,0.000613,-0.008963,0.072966,0.099651,0.145286,0.377950,0.689377,2.481260
2006-06-21,0.000000,Training,-0.127254,-0.046674,-0.034358,-0.008068,-0.015274,0.053603,0.075132,0.106793,0.307114,0.591891,2.242630
2006-06-22,0.000000,Training,-0.136064,-0.055071,-0.038695,-0.011604,-0.017392,0.044215,0.062569,0.086727,0.271029,0.541897,2.126822
2006-06-23,0.000000,Training,-0.132153,-0.056307,-0.040960,-0.015786,-0.020476,0.035142,0.053962,0.075741,0.250093,0.513275,2.050337
2006-06-24,0.000000,Training,-0.116925,-0.049864,-0.037983,-0.016245,-0.019657,0.028006,0.050505,0.077047,0.248473,0.507043,2.016274
2006-06-25,0.000000,Training,-0.118822,-0.049960,-0.038435,-0.016817,-0.019807,0.023299,0.045582,0.069749,0.237151,0.489734,1.977441
2006-06-26,0.000000,Training,-0.118512,-0.051767,-0.040215,-0.019385,-0.020885,0.018772,0.041534,0.064167,0.224581,0.469693,1.920198
2006-06-27,0.000000,Training,-0.122308,-0.055356,-0.044340,-0.022819,-0.024773,0.014591,0.036340,0.054752,0.210403,0.452591,1.875727
2006-06-28,0.000000,Training,-0.126487,-0.057980,-0.047192,-0.024577,-0.025717,0.011615,0.034171,0.051648,0.207193,0.446878,1.861163
2006-06-29,0.000000,Training,-0.135864,-0.065554,-0.055375,-0.029964,-0.032652,0.007270,0.029104,0.040278,0.195189,0.435721,1.831254
2006-06-30,0.000000,Training,-0.166331,-0.083100,-0.072378,-0.037575,-0.040545,0.005785,0.030433,0.035198,0.201871,0.448797,1.863542
2006-07-01,0.000000,Training,-0.192281,-0.095871,-0.086982,-0.041651,-0.041854,0.010067,0.045086,0.053098,0.238982,0.493294,1.947381
2006-07-02,0.000000,Training,-0.165140,-0.080584,-0.070635,-0.036319,-0.034320,0.009500,0.041065,0.049395,0.211081,0.448170,1.838080
2006-07-03,0.000000,Training,-0.102301,-0.052915,-0.040368,-0.031033,-0.025938,-0.006821,0.003909,0.011561,0.113880,0.313587,1.535429
2006-07-04,0.000000,Training,-0.111862,-0.056670,-0.045150,-0.032840,-0.028919,-0.005860,0.008052,0.013548,0.122803,0.326725,1.568366
2006-07-05,0.000000,Training,-0.096387,-0.049270,-0.033556,-0.028976,-0.016742,-0.005956,0.001193,0.012439,0.087652,0.265940,1.402697
2006-07-06,0.000000,Training,-0.101252,-0.053445,-0.036125,-0.031474,-0.018949,-0.007563,-0.001936,0.005749,0.074523,0.249234,1.359797
2006-07-07,0.000000,Training,-0.115285,-0.061094,-0.040417,-0.033141,-0.020752,-0.008000,-0.004556,-0.000880,0.065729,0.238626,1.341759
2006-07-08,0.000000,Training,-0.117258,-0.063008,-0.041871,-0.034303,-0.022107,-0.009118,-0.006243,-0.002886,0.062206,0.234546,1.331444
2006-07-09,0.000000,Training,-0.121817,-0.066449,-0.043665,-0.034487,-0.022926,-0.009193,-0.007888,-0.005229,0.058530,0.230735,1.320320
2006-07-10,0.000000,Training,-0.124865,-0.068974,-0.044777,-0.034083,-0.023233,-0.008974,-0.009303,-0.007306,0.054921,0.226581,1.307171
2006-07-11,0.000000,Training,-0.156354,-0.068929,-0.043740,-0.026108,-0.019045,-0.008521,-0.012056,-0.012735,0.077154,0.265939,1.476100
2006-07-12,0.000000,Training,-0.136450,-0.071813,-0.047223,-0.031065,-0.022495,-0.006174,-0.009114,-0.005923,0.065026,0.245009,1.369486
2006-07-13,0.000000,Training,-0.151790,-0.073723,-0.048499,-0.030599,-0.022918,-0.008782,-0.011827,-0.009963,0.074724,0.263388,1.447005
2006-07-14,0.000000,Training,-0.153249,-0.075668,-0.052565,-0.034120,-0.025258,-0.012078,-0.014994,-0.013307,0.069076,0.254566,1.424610
2006-07-15,0.000000,Training,-0.135882,-0.081906,-0.056929,-0.042492,-0.030775,-0.014143,-0.015342,-0.012002,0.049237,0.223537,1.291447
2006-07-16,0.000000,Training,-0.137354,-0.082907,-0.057389,-0.042563,-0.030962,-0.015452,-0.018030,-0.016388,0.042293,0.213044,1.262487
2006-07-17,0.000000,Training,-0.136577,-0.082099,-0.057041,-0.043449,-0.031199,-0.017878,-0.020452,-0.019197,0.035798,0.202408,1.239230
2006-07-18,0.000000,Training,-0.189074,-0.090692,-0.066715,-0.050635,-0.036540,-0.033354,-0.031111,-0.031772,0.061847,0.255363,1.486302
2006-07-19,0.000000,Training,-0.129083,-0.076941,-0.056442,-0.045914,-0.032383,-0.019459,-0.017854,-0.009763,0.050353,0.224185,1.304171
2006-07-20,0.000000,Training,-0.127464,-0.080459,-0.057693,-0.049292,-0.035029,-0.022763,-0.020647,-0.014803,0.040360,0.209946,1.253597
2006-07-21,0.000000,Training,-0.126627,-0.077932,-0.058195,-0.050142,-0.036194,-0.027305,-0.026893,-0.024703,0.024358,0.186207,1.200118
2006-07-22,0.000000,Training,-0.120315,-0.074360,-0.054544,-0.048530,-0.034798,-0.027757,-0.027149,-0.023654,0.021858,0.181455,1.186449
2006-07-23,0.000000,Training,-0.122484,-0.075469,-0.053987,-0.048013,-0.034467,-0.028069,-0.028118,-0.026110,0.017158,0.174978,1.173487
2006-07-24,0.000000,Training,-0.118126,-0.072711,-0.051939,-0.046969,-0.033522,-0.028500,-0.028158,-0.025031,0.017159,0.174206,1.170890
2006-07-25,0.000000,Training,-0.118425,-0.073448,-0.052169,-0.047345,-0.033757,-0.029120,-0.028893,-0.026300,0.014029,0.170087,1.159719
2006-07-26,0.000000,Training,-0.116646,-0.072374,-0.051472,-0.047104,-0.033353,-0.029566,-0.029064,-0.026140,0.012878,0.168016,1.153728
2006-07-27,0.000000,Training,-0.114373,-0.070263,-0.050089,-0.046207,-0.031764,-0.029209,-0.027771,-0.023135,0.015168,0.169402,1.156071
2006-07-28,0.000000,Training,-0.116637,-0.072621,-0.051829,-0.047492,-0.033560,-0.030792,-0.030359,-0.028060,0.008594,0.162397,1.139823
2006-07-29,0.000000,Training,-0.120730,-0.075042,-0.053282,-0.048034,-0.034233,-0.031216,-0.031577,-0.030935,0.004677,0.158064,1.131528
2006-07-30,0.000000,Training,-0.120867,-0.075488,-0.053740,-0.048364,-0.034290,-0.031546,-0.031663,-0.031535,0.002203,0.154899,1.122496
2006-07-31,0.000000,Training,-0.118765,-0.074748,-0.053866,-0.048877,-0.034657,-0.032482,-0.032130,-0.031689,0.001243,0.153746,1.118698
2006-08-01,0.000000,Training,-0.119582,-0.075532,-0.054443,-0.049170,-0.035059,-0.033068,-0.032777,-0.033553,-0.002061,0.149788,1.109364
2006-08-02,0.000000,Training,-0.123226,-0.077709,-0.055492,-0.049142,-0.035186,-0.033071,-0.033251,-0.035921,-0.005805,0.145360,1.100559
2006-08-03,0.000000,Training,-0.122398,-0.077585,-0.055824,-0.049334,-0.035360,-0.033687,-0.033777,-0.036376,-0.006869,0.144329,1.097889
2006-08-04,0.000000,Training,-0.129395,-0.081678,-0.057261,-0.047833,-0.034509,-0.031950,-0.033750,-0.038484,-0.009051,0.142295,1.094802
2006-08-05,0.000000,Training,-0.129445,-0.082803,-0.058054,-0.047655,-0.035234,-0.032360,-0.034560,-0.040312,-0.009960,0.142544,1.097444
2006-08-06,0.000000,Training,-0.133104,-0.085355,-0.059363,-0.047289,-0.033058,-0.029744,-0.032055,-0.037591,-0.010343,0.140725,1.083326
2006-08-07,0.000000,Training,-0.132072,-0.085135,-0.059972,-0.048909,-0.033755,-0.031741,-0.032667,-0.038059,-0.011826,0.138644,1.080405
2006-08-08,0.000000,Training,-0.131344,-0.085004,-0.060236,-0.049455,-0.033896,-0.032714,-0.033131,-0.038712,-0.013374,0.136555,1.075626
2006-08-09,0.000000,Training,-0.131973,-0.085545,-0.060226,-0.048595,-0.033249,-0.032215,-0.033147,-0.039544,-0.014959,0.134520,1.070003
2006-08-10,0.000000,Training,-0.132121,-0.085970,-0.060472,-0.048351,-0.032948,-0.032178,-0.033209,-0.039985,-0.016064,0.133225,1.066413
2006-08-11,0.000000,Training,-0.132648,-0.086671,-0.060834,-0.047887,-0.032584,-0.031767,-0.033146,-0.040385,-0.016874,0.132522,1.063773
2006-08-12,0.000000,Training,-0.131296,-0.086231,-0.061168,-0.049086,-0.032948,-0.033324,-0.033535,-0.040483,-0.017853,0.131066,1.061398
2006-08-13,0.000000,Training,-0.123372,-0.082801,-0.060962,-0.051739,-0.034733,-0.037260,-0.035400,-0.040912,-0.019485,0.128663,1.054374
2006-08-14,0.000000,Training,-0.120353,-0.080446,-0.059864,-0.051635,-0.033901,-0.038080,-0.035202,-0.040275,-0.019913,0.126611,1.049964
2006-08-15,0.000000,Training,-0.118483,-0.075539,-0.056399,-0.048786,-0.028475,-0.036213,-0.030537,-0.031487,-0.010963,0.132979,1.068676
2006-08-16,0.000000,Training,-0.160094,-0.079336,-0.060425,-0.048483,-0.025273,-0.042144,-0.033326,-0.034540,0.014262,0.173520,1.246232
2006-08-17,0.000000,Training,-0.152986,-0.078697,-0.061194,-0.046608,-0.024936,-0.035153,-0.027302,-0.025081,0.024360,0.189846,1.274339
2006-08-18,0.000000,Training,-0.143506,-0.078641,-0.061756,-0.046180,-0.023457,-0.029950,-0.021035,-0.014333,0.033133,0.199160,1.269490
2006-08-19,0.000000,Training,-0.129104,-0.084451,-0.069438,-0.055494,-0.031669,-0.033655,-0.025588,-0.021442,0.006183,0.160849,1.125575
2006-08-20,0.000000,Training,-0.131428,-0.087689,-0.071708,-0.057368,-0.036928,-0.037504,-0.034552,-0.038568,-0.016327,0.135217,1.061996
2006-08-21,0.000000,Training,-0.136537,-0.089280,-0.069111,-0.052612,-0.033469,-0.034074,-0.034402,-0.041229,-0.022173,0.126567,1.041318
2006-08-22,0.000000,Training,-0.136358,-0.088662,-0.066051,-0.049250,-0.030473,-0.031425,-0.032648,-0.039321,-0.021988,0.125835,1.040061
2006-08-23,0.000000,Training,-0.130931,-0.086723,-0.065341,-0.050505,-0.031231,-0.033493,-0.033434,-0.038378,-0.021690,0.126326,1.039644
2006-08-24,0.000000,Training,-0.126622,-0.084137,-0.064547,-0.051778,-0.031451,-0.035656,-0.034003,-0.037835,-0.022340,0.124048,1.034772
2006-08-25,0.000000,Training,-0.126159,-0.083716,-0.063172,-0.050234,-0.030297,-0.034918,-0.033840,-0.038364,-0.023603,0.122039,1.029001
2006-08-26,0.000000,Training,-0.124935,-0.082637,-0.062569,-0.050088,-0.029658,-0.035014,-0.033424,-0.037484,-0.023375,0.121546,1.028047
2006-08-27,0.000000,Training,-0.128178,-0.084524,-0.061614,-0.046808,-0.027477,-0.031295,-0.031509,-0.036511,-0.021768,0.124620,1.032492
2006-08-28,0.000000,Training,-0.129550,-0.085169,-0.061391,-0.045567,-0.026274,-0.029452,-0.030054,-0.034870,-0.019891,0.127231,1.037744
2006-08-29,0.000000,Training,-0.132285,-0.086619,-0.061658,-0.044398,-0.025081,-0.027184,-0.028291,-0.033145,-0.017653,0.130450,1.044533
2006-08-30,0.000000,Training,-0.133408,-0.087429,-0.061972,-0.043865,-0.024530,-0.025944,-0.027285,-0.031922,-0.015944,0.133033,1.049680
2006-08-31,0.000000,Training,-0.132959,-0.087574,-0.062252,-0.044052,-0.024516,-0.025860,-0.026909,-0.030931,-0.014468,0.135321,1.054176
2006-09-01,0.000000,Training,-0.129058,-0.086429,-0.062934,-0.046319,-0.026367,-0.028964,-0.028913,-0.032033,-0.015551,0.134218,1.051018
2006-09-02,0.000000,Training,-0.128121,-0.086049,-0.062677,-0.046337,-0.026333,-0.029774,-0.029548,-0.032844,-0.015991,0.133333,1.049892
2006-09-03,0.000000,Training,-0.129671,-0.086493,-0.061164,-0.043297,-0.024117,-0.026943,-0.027664,-0.031734,-0.012861,0.137394,1.061479
2006-09-04,0.000000,Training,-0.133221,-0.088942,-0.061629,-0.042059,-0.023011,-0.024101,-0.025420,-0.030774,-0.011705,0.138930,1.064967
2006-09-05,0.000000,Training,-0.132561,-0.089556,-0.062053,-0.042830,-0.023572,-0.024127,-0.024361,-0.029465,-0.010025,0.142070,1.072479
2006-09-06,0.000000,Training,-0.135809,-0.088325,-0.060712,-0.039969,-0.022281,-0.022423,-0.023474,-0.029551,-0.005605,0.149730,1.102466
2006-09-07,0.000000,Training,-0.128879,-0.089055,-0.062174,-0.044031,-0.025371,-0.025698,-0.024966,-0.029602,-0.008912,0.145158,1.080521
2006-09-08,0.000000,Training,-0.133146,-0.087513,-0.059987,-0.040100,-0.022721,-0.022921,-0.023580,-0.028943,-0.004290,0.151811,1.106297
2006-09-09,0.000000,Training,-0.161717,-0.087873,-0.060098,-0.035730,-0.019806,-0.024017,-0.025406,-0.032629,0.016879,0.189427,1.261878
2006-09-10,0.000000,Training,-0.128684,-0.091407,-0.068453,-0.050932,-0.030381,-0.028343,-0.024480,-0.024522,0.000703,0.161082,1.119419
2006-09-11,0.000000,Training,-0.128705,-0.088115,-0.067620,-0.053135,-0.029382,-0.031770,-0.024559,-0.023436,0.000326,0.154682,1.109982
2006-09-12,0.000000,Training,-0.131182,-0.085871,-0.067739,-0.052659,-0.029141,-0.033659,-0.028183,-0.028700,-0.006830,0.142981,1.087172
2006-09-13,0.000000,Training,-0.268581,-0.143122,-0.126025,-0.083641,-0.043645,-0.043453,-0.023674,-0.010172,0.062350,0.276401,1.520182
2006-09-14,0.000000,Training,-0.142920,-0.096819,-0.083288,-0.058637,-0.024398,-0.015272,0.002654,0.029397,0.082233,0.272716,1.385993
2006-09-15,0.000000,Training,-0.144362,-0.091991,-0.075823,-0.055469,-0.024449,-0.019538,-0.004228,0.015868,0.068078,0.245976,1.334485
2006-09-16,0.000000,Training,-0.135680,-0.086702,-0.071802,-0.056843,-0.028779,-0.030550,-0.019621,-0.009613,0.021481,0.178715,1.171684
2006-09-17,0.000000,Training,-0.131777,-0.084729,-0.067688,-0.053835,-0.030184,-0.028617,-0.021776,-0.015491,0.010840,0.168155,1.144441
2006-09-18,0.000000,Training,-0.129680,-0.083543,-0.065127,-0.052088,-0.030354,-0.028084,-0.023391,-0.018807,0.005302,0.161442,1.127217
2006-09-19,0.000000,Training,-0.127986,-0.082577,-0.063116,-0.050770,-0.030033,-0.027814,-0.024218,-0.020118,0.002861,0.158123,1.118432
2006-09-20,0.000000,Training,-0.126652,-0.082195,-0.061600,-0.049449,-0.030091,-0.027165,-0.024949,-0.021602,0.001227,0.156708,1.113175
2006-09-21,0.000000,Training,-0.323496,-0.120626,-0.103897,0.056629,0.113227,0.188021,0.204373,0.313707,0.555798,1.002466,3.391630
2006-09-22,0.000000,Training,-0.169382,-0.109662,-0.116604,-0.048664,0.006896,0.072422,0.128729,0.222908,0.443809,0.809916,2.779171
2006-09-23,0.000000,Training,-0.246956,-0.119915,-0.116054,-0.073531,-0.026268,0.014756,0.063967,0.122763,0.327402,0.646425,2.599752
2006-09-24,0.000000,Training,-0.155690,-0.083394,-0.078721,-0.045450,-0.017617,0.024448,0.043959,0.088943,0.198437,0.438058,1.838149
2006-09-25,0.000000,Training,-0.162104,-0.078080,-0.065987,-0.040251,-0.024974,0.013753,0.020933,0.047671,0.148099,0.375807,1.727263
2006-09-26,0.000000,Training,-0.139255,-0.083014,-0.069027,-0.050610,-0.036048,-0.004507,-0.002472,0.015213,0.069061,0.260692,1.368494
2006-09-27,0.000000,Training,-0.134837,-0.079050,-0.063427,-0.049148,-0.034402,-0.010232,-0.008301,0.008000,0.054828,0.235924,1.312559
2006-09-28,0.000000,Training,-0.170539,-0.078137,-0.063146,-0.045698,-0.031217,-0.017095,-0.015450,-0.003632,0.066871,0.258062,1.457469
2006-09-29,0.000000,Training,-0.147984,-0.075477,-0.061399,-0.044105,-0.028719,-0.009228,-0.006878,0.013580,0.073671,0.262417,1.417685
2006-09-30,0.000000,Training,-0.200699,-0.097167,-0.081700,-0.060838,-0.041947,-0.024536,-0.015297,0.002186,0.097957,0.319182,1.650960
2006-10-01,0.000000,Training,-0.138051,-0.085302,-0.074307,-0.054082,-0.038265,-0.003408,0.002526,0.029015,0.096826,0.303194,1.470400
2006-10-02,0.000000,Training,-0.197546,-0.095964,-0.080310,-0.058262,-0.038513,-0.018927,-0.013120,0.006097,0.099767,0.314911,1.615450
2006-10-03,0.000000,Training,-0.146388,-0.086921,-0.075252,-0.057751,-0.032931,-0.013649,-0.006423,0.024257,0.080150,0.263129,1.370062
2006-10-04,0.000000,Training,-0.157064,-0.082169,-0.067333,-0.051128,-0.028712,-0.015162,-0.009408,0.018476,0.086007,0.270011,1.425091
2006-10-05,0.000000,Training,-0.142249,-0.082848,-0.068999,-0.056319,-0.033302,-0.020231,-0.014937,0.010608,0.058585,0.227984,1.286955
2006-10-06,0.000000,Training,-0.137190,-0.079711,-0.062978,-0.051802,-0.033586,-0.017351,-0.015432,0.006815,0.050878,0.220948,1.268380
2006-10-07,0.000000,Training,-0.134265,-0.078568,-0.060421,-0.049349,-0.035347,-0.016812,-0.018538,-0.000900,0.040706,0.210480,1.243707
2006-10-08,0.000000,Training,-0.130906,-0.077830,-0.057906,-0.047262,-0.037479,-0.017820,-0.021298,-0.007095,0.036503,0.208822,1.246044
2006-10-09,0.000000,Training,-0.126039,-0.075958,-0.056403,-0.046311,-0.041373,-0.015609,-0.017704,-0.006700,0.046953,0.228287,1.302411
2006-10-10,0.000000,Training,-0.141520,-0.070279,-0.051354,-0.040692,-0.022706,-0.012092,-0.012368,0.010850,0.065548,0.236179,1.329461
2006-10-11,0.000000,Training,-0.166543,-0.075045,-0.056262,-0.044046,-0.024622,-0.015823,-0.011235,0.014742,0.101749,0.293961,1.536904
2006-10-12,0.000000,Training,-0.137267,-0.079433,-0.059683,-0.049414,-0.021706,-0.008841,-0.001004,0.036221,0.093875,0.269070,1.368349
2006-10-13,0.000000,Training,-0.135169,-0.077533,-0.056764,-0.046371,-0.023990,-0.005152,-0.001639,0.030260,0.087730,0.264534,1.354095
2006-10-14,0.000000,Training,-0.135953,-0.077440,-0.057702,-0.046928,-0.025385,-0.009109,-0.007573,0.019935,0.072120,0.241848,1.302320
2006-10-15,0.000000,Training,-0.142919,-0.072398,-0.052026,-0.040689,-0.019958,-0.007038,-0.006233,0.022952,0.084462,0.257493,1.369733
2006-10-16,0.000000,Training,-0.334997,-0.143035,-0.129840,-0.001410,0.059267,0.155066,0.174080,0.308034,0.647122,1.143368,3.847624
2006-10-17,0.000000,Training,-0.256459,-0.124096,-0.133726,-0.044515,0.038344,0.119545,0.222164,0.393485,0.908781,1.534367,5.202002
2006-10-18,0.000000,Training,-0.277471,-0.111924,-0.116961,-0.037634,0.034232,0.123992,0.216787,0.391505,0.912417,1.500340,5.224314
2006-10-19,0.000000,Training,-0.271345,-0.109713,-0.114413,-0.040456,0.030720,0.110886,0.198766,0.364804,0.858527,1.404310,4.896611
2006-10-20,1.167831,Training,-0.490060,-0.153738,-0.057751,0.422507,0.587443,0.935119,1.197464,2.315841,5.767953,9.517525,31.093136
2006-10-21,4.557784,Training,-0.252738,0.095880,0.188802,0.433403,0.611695,0.950323,1.317896,2.142087,4.528738,6.834155,19.850151
2006-10-22,1.589547,Training,-0.688519,-0.372720,-0.241011,0.225679,0.481097,1.009089,1.362506,2.785078,7.644513,13.925375,43.135208
2006-10-23,7.477360,Training,-0.846219,-0.550114,-0.244487,0.503652,1.468854,2.619501,4.266866,9.033224,24.070328,45.209106,122.855377
2006-10-24,6.325749,Training,-0.861262,-0.573369,-0.250717,0.567324,1.668611,2.957069,4.674153,10.019876,26.639297,50.459011,132.435272
2006-10-25,46.729447,Training,-0.788692,-0.143733,1.030137,4.621696,10.828441,16.289696,24.673697,53.112450,114.020584,190.031494,351.942688
2006-10-26,36.283850,Training,-0.736823,0.118173,1.496219,5.049677,12.120506,16.520016,26.949553,50.832397,105.001976,157.467209,328.225159
2006-10-27,29.617483,Training,-0.637055,0.084660,0.763905,2.106206,3.892907,5.347804,7.779350,13.112709,24.748274,33.792236,81.321838
2006-10-28,7.298942,Training,-0.612329,0.006120,0.340104,1.085237,1.743693,2.548850,3.441946,5.092396,9.006087,11.901028,30.114384
2006-10-29,4.801082,Training,-0.560678,-0.022944,0.208319,0.725819,1.044199,1.649409,2.145843,3.021285,5.329383,7.192478,18.129580
2006-10-30,3.844109,Training,-0.566573,-0.077898,0.137705,0.591629,0.856627,1.351024,1.775942,2.440712,4.328183,5.797084,14.779748
2006-10-31,3.373733,Training,-0.550559,-0.086774,0.115795,0.527095,0.770752,1.199892,1.599159,2.190567,3.887719,5.152868,13.046605
2006-11-01,2.919577,Training,-0.667390,-0.210320,0.037679,0.517126,0.839467,1.272860,1.776946,2.491189,5.047287,7.114167,19.937029
2006-11-02,2.806038,Training,-0.790215,-0.313329,0.170830,1.260541,2.536974,3.493700,5.289515,8.223037,17.760616,26.214155,73.729935
2006-11-03,3.779230,Training,-0.230616,2.021837,6.058497,19.845417,38.048740,49.286350,67.798027,107.441177,197.717010,283.807251,522.124146
2006-11-04,18.717731,Training,1.000425,6.057733,14.342650,40.035839,70.261688,88.265739,119.120438,170.163757,292.401520,396.562042,706.690125
2006-11-05,130.651057,Training,1.479085,7.365292,16.633236,43.491962,73.809364,90.227402,121.547882,167.216324,280.989532,370.515076,665.332825
2006-11-06,65.171440,Training,1.989853,8.796798,19.319683,49.494740,81.704613,98.055031,129.972900,175.382248,288.583832,371.632233,650.707397
2006-11-07,57.029065,Training,1.753710,7.549969,15.332062,33.731384,53.936123,61.043404,82.479187,109.364975,172.496811,211.964554,404.874634
2006-11-08,26.227531,Training,0.403010,3.431431,6.598224,14.263119,22.804815,25.897987,33.519234,45.186710,66.756882,78.192520,149.167801
2006-11-09,19.139447,Training,-0.154334,1.736025,3.359474,7.361101,11.604871,13.714886,17.468637,23.675468,34.895905,41.338066,83.557312
2006-11-10,14.662763,Training,-0.425788,0.790419,1.702493,3.933225,6.173185,7.520381,9.592440,13.004748,19.588074,23.484028,49.443245
2006-11-11,11.029512,Training,-0.529155,0.378987,1.010960,2.500924,3.940745,4.874610,6.279301,8.532133,13.264994,16.032133,35.024078
2006-11-12,8.174815,Training,-0.598329,0.038814,0.428127,1.307496,2.082965,2.687634,3.528490,4.918971,8.165250,10.191083,23.406904
2006-11-13,7.152963,Training,-0.386890,0.006340,0.143045,0.403398,0.505394,0.830870,1.087598,1.628036,3.133405,4.311542,11.181908
2006-11-14,6.374409,Training,-0.296508,0.046910,0.160561,0.348910,0.401455,0.667819,0.868567,1.300488,2.541625,3.524825,9.338565
2006-11-15,6.228430,Training,-0.714397,-0.362752,-0.165778,0.264358,0.560188,1.067074,1.576135,2.864064,7.450969,12.112972,36.108311
2006-11-16,128.899311,Training,-0.834517,-0.412936,0.233674,1.969622,4.853815,6.802383,10.981206,21.302227,50.521610,81.471863,190.643402
2006-11-17,21.183151,Training,-0.682511,0.061327,1.153782,3.806153,7.686997,9.783643,14.433749,24.598589,49.296848,69.190216,145.948837
2006-11-18,13.121875,Training,-0.665084,0.196745,1.277510,3.939250,7.551585,9.607203,13.849332,22.575291,44.024975,59.704811,133.324554
2006-11-19,10.461816,Training,-0.466773,0.704266,1.908915,4.917345,8.449697,10.595368,14.181813,21.375498,35.977314,44.857349,88.621765
2006-11-20,7.769318,Training,-0.534502,0.481862,1.309597,3.491190,5.794055,7.155482,9.283534,13.452424,22.037792,26.945278,55.428444
2006-11-21,5.530976,Training,-0.578720,0.317174,0.952367,2.694221,4.412119,5.507028,7.084209,10.166769,16.810682,20.662828,43.679432
2006-11-22,4.525344,Training,-0.641554,0.020863,0.425735,1.483236,2.403701,3.220922,4.170338,6.223509,11.085236,14.380859,33.176418
2006-11-23,4.152287,Training,-0.711313,-0.246655,0.016987,0.662429,1.191170,1.782380,2.450239,4.037245,8.517657,12.250970,31.717371
2006-11-24,32.423521,Training,-0.838777,-0.365273,0.491447,3.958013,9.847960,15.358702,22.750042,51.110771,114.069183,195.659805,335.679718
2006-11-25,176.601950,Training,-0.664066,0.331852,1.905154,6.696305,15.355138,20.852850,32.915363,60.668839,124.495827,187.634003,350.317169
2006-11-26,23.178195,Training,-0.728213,-0.135215,0.557335,2.312154,4.864916,6.493553,9.466405,16.932137,32.775204,45.470856,90.082565
2006-11-27,13.835550,Training,-0.811952,-0.247461,0.223375,1.697013,3.736662,4.755946,6.905087,11.285526,22.203768,29.733299,71.975334
2006-11-28,33.072316,Training,-0.673349,0.365391,1.623005,5.885970,12.594065,15.782910,22.614540,36.345257,69.540405,94.901642,186.247589
2006-11-29,18.036496,Training,-0.266126,1.269127,2.831042,7.111225,12.418154,14.861151,19.153286,27.183735,43.415279,53.202911,92.267799
2006-11-30,11.889165,Training,-0.499258,0.544152,1.298211,3.469029,5.839607,7.117573,8.961505,12.624564,19.618477,23.551003,45.686634
2006-12-01,9.959000,Training,-0.513141,0.453923,1.013971,2.737527,4.411267,5.375076,6.646554,9.120021,13.909463,16.477819,33.293968
2006-12-02,26.049112,Training,-0.715139,0.133497,0.910146,3.432480,6.640254,8.129522,10.830299,15.753323,28.396145,36.364948,76.831032
2006-12-03,16.803786,Training,-0.075803,1.597410,3.140259,7.339828,11.786718,14.029614,17.471544,23.410164,36.365349,43.781277,77.951721
2006-12-04,11.824286,Training,-0.614677,0.230254,0.817624,2.596520,4.397766,5.613664,7.136559,10.224213,17.598339,22.043530,49.646980
2006-12-05,33.072316,Training,-0.769300,-0.067403,0.865983,4.351109,10.011317,12.745426,18.033438,30.198595,60.651089,84.662994,165.448441
2006-12-06,67.717959,Training,-0.168593,1.396645,3.207360,8.268885,14.463575,17.222643,22.409197,31.774914,52.453571,64.852631,113.114952
2006-12-07,15.879253,Training,-0.592384,0.312590,1.052490,3.235926,5.693433,7.054455,9.088474,13.374051,22.581135,28.106403,57.938148
2006-12-08,62.900658,Training,-0.674562,0.260292,1.237738,4.300781,8.467016,10.247440,14.036061,21.138447,38.517319,49.938663,103.808571
2006-12-09,21.653527,Training,-0.309532,0.966568,2.279094,5.724618,9.654422,11.479609,14.589057,20.015633,31.913528,37.552315,67.299294
2006-12-10,12.894797,Training,-0.466557,0.527991,1.340415,3.502311,5.750302,6.960500,8.637713,11.814159,18.268627,21.177858,39.933727
2006-12-11,10.169859,Training,-0.561560,0.188456,0.702523,2.107541,3.457346,4.260183,5.313033,7.500087,11.982219,14.135299,28.279724
2006-12-12,8.207254,Training,-0.614088,-0.067840,0.260483,1.128947,1.884927,2.454231,3.099283,4.583765,7.670672,9.433661,19.888157
2006-12-13,7.298942,Training,-0.382568,-0.205094,-0.140901,-0.011114,0.067538,0.200678,0.333270,0.681759,1.505103,2.174390,5.762620
2006-12-14,6.552828,Training,-0.277350,-0.157568,-0.111310,-0.038948,0.019961,0.101254,0.193137,0.414435,0.939184,1.414384,4.086592
2006-12-15,5.952692,Training,-0.337115,-0.186982,-0.130412,-0.030680,0.036967,0.141668,0.256784,0.538075,1.205718,1.763244,4.839622
2006-12-16,5.336337,Training,-0.284417,-0.166384,-0.117429,-0.048138,0.013290,0.087284,0.181565,0.396202,0.905211,1.347988,3.929732
2006-12-17,4.557784,Training,-0.219965,-0.133893,-0.094386,-0.053006,0.007005,0.047700,0.118549,0.270808,0.631550,0.979734,3.099916
2006-12-18,4.054968,Training,-0.228212,-0.141370,-0.101229,-0.059640,0.000344,0.039941,0.110933,0.263852,0.626951,0.964630,3.074514
2006-12-19,3.503492,Training,-0.250132,-0.157167,-0.125102,-0.083060,-0.027506,0.017507,0.081483,0.246786,0.606357,0.938527,3.042868
2006-12-20,2.968236,Training,-0.291239,-0.185731,-0.162103,-0.112502,-0.059037,0.004159,0.071394,0.270956,0.677814,1.057834,3.345207
2006-12-21,2.676279,Training,-0.237217,-0.153276,-0.129408,-0.095300,-0.039736,-0.005367,0.048468,0.200151,0.510680,0.812223,2.770265
2006-12-22,2.481640,Training,-0.250887,-0.171912,-0.155240,-0.121644,-0.067532,-0.030155,0.022625,0.176323,0.486788,0.800504,2.760962
2006-12-23,2.303222,Training,-0.254250,-0.174330,-0.155462,-0.120109,-0.066045,-0.025365,0.029871,0.191008,0.509103,0.828144,2.822770
2006-12-24,2.141023,Training,-0.206916,-0.135391,-0.104676,-0.072481,-0.010904,0.009124,0.062437,0.198268,0.483220,0.757077,2.626759
2006-12-25,2.108583,Training,-0.203086,-0.133499,-0.098331,-0.064582,-0.000855,0.019907,0.078354,0.215265,0.514063,0.798381,2.709290
2006-12-26,1.962604,Training,-0.201020,-0.131073,-0.091885,-0.056424,0.009270,0.034640,0.099746,0.243648,0.562096,0.866447,2.849933
2006-12-27,1.946384,Training,-0.168322,-0.104071,-0.069619,-0.038556,0.027716,0.042810,0.098664,0.224290,0.495637,0.785967,2.637300
2006-12-28,1.913945,Training,-0.155363,-0.093634,-0.061915,-0.032245,0.032100,0.048366,0.102806,0.227941,0.490532,0.786124,2.623984
2006-12-29,2.043704,Training,-0.154856,-0.093043,-0.060935,-0.032413,0.031797,0.046561,0.100393,0.222967,0.481584,0.771759,2.584655
2006-12-30,2.027484,Training,-0.140176,-0.073885,-0.047547,-0.020347,0.041063,0.058060,0.111351,0.234977,0.494592,0.792949,2.663566
2006-12-31,1.686867,Training,-0.129125,-0.066063,-0.041706,-0.017143,0.043324,0.061547,0.114857,0.236633,0.489009,0.783784,2.635803
2007-01-01,1.508448,Training,-0.136738,-0.075391,-0.048044,-0.022754,0.038976,0.054360,0.107174,0.227880,0.477471,0.769539,2.575309
2007-01-02,1.411129,Training,-0.132177,-0.070600,-0.044684,-0.020231,0.041259,0.057361,0.110263,0.231266,0.480053,0.772334,2.582029
2007-01-03,1.394909,Training,-0.138010,-0.076418,-0.048207,-0.023330,0.039436,0.055110,0.108435,0.230103,0.481129,0.773152,2.568910
2007-01-04,1.427349,Training,-0.155834,-0.092003,-0.059010,-0.033725,0.032196,0.046139,0.101425,0.222122,0.483035,0.760556,2.543216
2007-01-05,2.368101,Training,-0.147529,-0.084567,-0.053807,-0.028078,0.037590,0.054836,0.110902,0.236697,0.501398,0.794343,2.612491
2007-01-06,1.378689,Training,-0.154783,-0.088645,-0.056646,-0.029983,0.036757,0.055771,0.113399,0.241898,0.519465,0.815698,2.668683
2007-01-07,1.281370,Training,-0.160348,-0.088978,-0.057069,-0.028628,0.038597,0.060111,0.119771,0.253830,0.550167,0.858522,2.787688
2007-01-08,1.297590,Training,-0.142605,-0.076316,-0.049060,-0.021271,0.044507,0.072388,0.133467,0.274814,0.572856,0.902749,2.875685
2007-01-09,1.265150,Training,-0.155687,-0.089603,-0.057586,-0.029852,0.038707,0.066366,0.129863,0.271042,0.579118,0.900866,2.856666
2007-01-10,1.184051,Training,-0.146053,-0.078701,-0.050688,-0.022594,0.044740,0.075872,0.140181,0.287311,0.601849,0.941337,2.957194
2007-01-11,0.875873,Training,-0.155223,-0.088120,-0.055958,-0.028604,0.041612,0.071793,0.138523,0.285346,0.605856,0.937498,2.931390
2007-01-12,0.486596,Training,-0.153817,-0.086711,-0.054872,-0.027465,0.043060,0.074136,0.141938,0.291028,0.615720,0.952081,2.962689
2007-01-13,0.502816,Training,-0.152851,-0.085733,-0.053837,-0.026529,0.044476,0.076529,0.145324,0.296301,0.624525,0.964875,2.985769
2007-01-14,0.940752,Training,-0.150423,-0.083445,-0.052227,-0.024813,0.045997,0.079148,0.148539,0.301321,0.632095,0.977910,3.012254
2007-01-15,0.989412,Training,-0.185511,-0.074134,-0.045360,-0.010497,0.059917,0.094384,0.169733,0.340742,0.759199,1.176832,3.687544
2007-01-16,1.021852,Training,-0.147745,-0.081997,-0.052543,-0.022153,0.049288,0.089443,0.163950,0.330093,0.688824,1.066564,3.227953
2007-01-17,1.021852,Training,-0.151465,-0.084187,-0.053530,-0.023596,0.047541,0.089238,0.163783,0.329089,0.690473,1.068543,3.218011
2007-01-18,0.956972,Training,-0.147697,-0.079263,-0.052098,-0.022540,0.048655,0.087967,0.160832,0.323801,0.675835,1.044423,3.160579
2007-01-19,0.924533,Training,-0.143613,-0.076821,-0.048525,-0.021228,0.049399,0.087170,0.158724,0.318521,0.660825,1.024050,3.105791
2007-01-20,0.892093,Training,-0.143735,-0.077327,-0.047719,-0.021229,0.049686,0.086522,0.158167,0.316892,0.657708,1.017852,3.084698
2007-01-21,0.875873,Training,-0.154302,-0.085683,-0.052128,-0.025627,0.047615,0.082669,0.156098,0.313559,0.662622,1.012199,3.071295
2007-01-22,0.956972,Training,-0.248008,-0.112569,-0.070780,-0.030407,0.053559,0.087234,0.179788,0.368419,0.882782,1.328118,4.112604
2007-01-23,1.038072,Training,-0.237895,-0.125982,-0.099868,-0.059966,0.013815,0.067404,0.146739,0.359986,0.853279,1.279936,3.929832
2007-01-24,1.021852,Training,-0.222750,-0.157261,-0.150275,-0.120757,-0.051808,0.008074,0.077562,0.279557,0.700273,1.101190,3.429848
2007-01-25,0.940752,Training,-0.354090,-0.191485,-0.172617,-0.116141,-0.028972,0.038605,0.138282,0.411445,1.114283,1.704853,5.325901
2007-01-26,0.908313,Training,-0.251321,-0.190856,-0.184603,-0.144317,-0.067416,0.003557,0.087413,0.330180,0.856889,1.334518,4.062955
2007-01-27,0.843433,Training,-0.247883,-0.157267,-0.136608,-0.093685,-0.017466,0.069076,0.158026,0.428427,1.000431,1.488636,4.346032
2007-01-28,0.794774,Training,-0.598820,-0.378756,-0.329745,-0.179676,-0.023476,0.148549,0.339218,0.965972,2.693347,4.199175,12.153642
2007-01-29,1.200270,Training,-0.540088,-0.330889,-0.203134,0.031904,0.280571,0.530245,0.912155,1.998403,5.316258,8.356023,21.346457
2007-01-30,1.865285,Training,-0.782991,-0.568166,-0.404865,-0.075134,0.360435,0.814746,1.409708,3.567232,10.021066,16.728050,40.080029
2007-01-31,1.605767,Training,-0.542316,-0.300972,-0.088867,0.256700,0.637873,1.074338,1.630806,3.393982,7.846874,11.812604,24.840538
2007-02-01,1.508448,Training,-0.417347,-0.171464,-0.015438,0.208449,0.443669,0.767845,1.126529,2.227500,4.769147,6.926909,15.087774
2007-02-02,1.265150,Training,-0.340017,-0.086458,0.036266,0.212187,0.384142,0.640060,0.915747,1.752610,3.587730,5.166233,11.736700
2007-02-03,1.119171,Training,-0.255337,-0.037621,0.050199,0.164648,0.275103,0.475484,0.677223,1.284517,2.593925,3.779193,9.130184
2007-02-04,1.038072,Training,-0.188875,-0.006310,0.070285,0.152459,0.241235,0.415924,0.590598,1.087778,2.116036,3.046575,7.391410
2007-02-05,1.005632,Training,-0.165046,0.002933,0.072653,0.140190,0.218786,0.374339,0.532902,0.965841,1.860722,2.663600,6.541649
2007-02-06,0.956972,Training,-0.162047,-0.000480,0.066553,0.127385,0.202500,0.343780,0.493392,0.887211,1.717949,2.445940,6.077796
2007-02-07,0.908313,Training,-0.416517,-0.148963,-0.049278,0.079682,0.217382,0.392833,0.610557,1.189396,2.693955,4.064320,10.238082
2007-02-08,4.882181,Training,-0.743121,-0.219935,0.500162,2.831046,6.377123,11.352618,16.101555,40.149261,99.717613,179.700378,317.826965
2007-02-09,11.370129,Training,-0.141427,1.402285,3.501905,9.237449,16.926037,22.110390,30.937046,49.770691,88.290924,120.760765,191.159439
2007-02-10,4.606443,Training,-0.577988,0.246206,0.986986,3.127559,5.791267,7.858358,10.723819,18.140438,33.217239,45.998898,88.648804
2007-02-11,3.373733,Training,-0.671735,-0.035793,0.376132,1.671216,3.104692,4.281110,5.782553,9.670465,17.978025,25.528641,52.589188
2007-02-12,3.990088,Training,-0.794882,-0.273665,0.140129,1.504238,3.281879,4.947336,6.986375,12.770892,25.721327,39.449005,83.661087
2007-02-13,5.368777,Training,-0.654225,-0.069561,0.362651,1.688804,3.109272,4.441061,5.936740,10.032462,19.230398,28.187023,55.090488
2007-02-14,4.476684,Training,-0.687934,-0.167989,0.163445,1.150628,2.191083,3.126649,4.207176,7.154785,13.697846,20.199984,40.941616
2007-02-15,4.574003,Training,-0.597229,-0.056276,0.263776,1.206542,2.099701,2.866720,3.702201,6.005484,10.496751,14.698883,27.416679
2007-02-16,3.730570,Training,-0.775853,-0.406147,-0.177177,0.474246,1.216514,1.869219,2.670431,5.033493,10.405542,16.246870,33.007915
2007-02-17,16.803786,Training,-0.636732,-0.236895,0.038834,0.742164,1.446960,2.052389,2.765704,4.728489,9.044318,13.080721,23.731936
2007-02-18,,,-0.640871,0.126064,0.994010,3.071127,5.833000,8.510742,12.037930,21.922020,46.275158,68.592865,144.940628
2007-02-19,4.574003,Training,-0.776916,-0.447474,-0.214103,0.363294,1.060154,1.617923,2.379007,4.472928,9.588978,14.591667,28.405569
2007-02-20,5.563416,Training,-0.703582,-0.304280,0.005911,0.813123,1.736698,2.448890,3.417643,5.957754,12.168324,18.094044,33.614197
2007-02-21,5.125479,Training,-0.674201,-0.213944,0.143064,1.051752,2.079370,2.875481,3.902421,6.518847,12.589182,17.988501,32.560902
2007-02-22,4.136067,Training,-0.689402,-0.218519,0.084449,0.966503,1.923642,2.706457,3.705493,6.380042,12.569522,18.652897,36.681751
2007-02-23,4.184727,Training,-0.647535,-0.131069,0.203465,1.169972,2.185500,3.031847,4.059054,6.829141,12.960484,18.859219,35.917244
2007-02-24,3.665691,Training,-0.539350,0.016391,0.337557,1.258811,2.126280,2.954909,3.798571,6.227192,10.882329,15.312867,27.624920
2007-02-25,3.730570,Training,-0.550219,0.018385,0.329371,1.199103,2.005031,2.764933,3.549437,5.781706,10.209849,14.470848,26.942205
2007-02-26,4.233386,Training,-0.450585,0.002972,0.236275,0.811872,1.302719,1.833054,2.347666,3.860410,6.562821,9.166542,16.435812
2007-02-27,3.243974,Training,-0.259158,0.000744,0.096723,0.269524,0.419874,0.675333,0.918195,1.619556,2.984795,4.287489,9.172699
2007-02-28,2.773598,Training,-0.388924,-0.057040,0.064349,0.296650,0.488854,0.761648,1.030770,1.829372,3.600233,5.311112,11.546918
2007-03-01,2.757378,Training,-0.268421,-0.009023,0.095265,0.278045,0.432431,0.680215,0.918648,1.595780,2.910785,4.161707,8.745598
2007-03-02,2.595179,Training,-0.258047,0.006365,0.107875,0.287247,0.436578,0.687092,0.921418,1.580010,2.839734,4.047214,8.526977
2007-03-03,2.303222,Training,-0.180600,0.022108,0.086880,0.187565,0.290267,0.468959,0.653331,1.129520,2.080362,2.960600,6.782983
2007-03-04,2.124803,Training,-0.370238,-0.079123,0.027383,0.192223,0.345735,0.546516,0.774703,1.379871,2.819118,4.186728,9.504858
2007-03-05,2.303222,Training,-0.202227,-0.030349,0.052185,0.149028,0.258925,0.423682,0.607814,1.066509,2.027141,2.909152,6.499941
2007-03-06,2.222122,Training,-0.298084,-0.039716,0.063887,0.224237,0.365626,0.585336,0.804840,1.408457,2.737723,3.999931,8.721350
2007-03-07,2.108583,Training,-0.229955,-0.019664,0.035534,0.127472,0.224417,0.380928,0.553817,0.986467,2.003264,2.945786,7.253817
2007-03-08,2.043704,Training,,,,,,,,,,,
2007-03-09,1.751746,Training,-0.165246,0.006705,0.059419,0.142198,0.232986,0.392963,0.563037,0.976870,1.820433,2.604975,6.142648
2007-03-10,1.589547,Training,-0.105943,0.008795,0.034663,0.072711,0.140760,0.253354,0.377293,0.654544,1.238647,1.805420,4.685849
2007-03-11,1.459788,Training,-0.108312,-0.011739,0.016571,0.045941,0.117687,0.204001,0.317269,0.560446,1.073727,1.580355,4.168579
2007-03-12,1.378689,Training,-0.108821,-0.022133,0.008592,0.034746,0.106776,0.180640,0.286629,0.509876,0.979393,1.454047,3.872249
2007-03-13,1.281370,Training,-0.078651,-0.008903,0.010558,0.025786,0.090658,0.153985,0.245975,0.432085,0.828186,1.248499,3.500576
2007-03-14,1.216490,Training,-0.068669,-0.009698,0.005274,0.016705,0.078367,0.132480,0.214731,0.377193,0.726588,1.112964,3.219535
2007-03-15,1.135391,Training,-0.071576,-0.012602,0.002718,0.014591,0.076791,0.129061,0.211569,0.372945,0.721116,1.105504,3.197716
2007-03-16,1.054292,Training,-0.060147,-0.009397,0.002524,0.011170,0.069356,0.116566,0.192170,0.336784,0.651488,1.012684,3.008618
2007-03-17,1.005632,Training,-0.061375,-0.007971,0.003883,0.012630,0.070484,0.116226,0.191513,0.335053,0.650777,1.012270,3.017846
2007-03-18,0.956972,Training,-0.058961,-0.007367,0.005110,0.013256,0.071500,0.118610,0.195339,0.340846,0.656559,1.018102,3.016261
2007-03-19,0.875873,Training,-0.097873,-0.048494,-0.020524,-0.004994,0.061788,0.091136,0.163908,0.300083,0.602445,0.943194,2.773237
2007-03-20,,,-0.145727,0.419683,0.805489,1.227302,1.710664,2.620690,3.561177,6.553156,15.470020,23.484867,62.222595
2007-03-21,0.746114,Training,-0.121902,-0.067406,-0.031799,-0.013616,0.057673,0.086544,0.161761,0.297953,0.613544,0.930193,2.751005
2007-03-22,0.681235,Training,-0.119503,-0.063863,-0.029017,-0.009898,0.062245,0.093920,0.171796,0.314321,0.639327,0.975385,2.833222
2007-03-23,0.648795,Training,-0.094615,-0.051492,-0.027540,-0.011209,0.056391,0.081696,0.150235,0.278744,0.558848,0.888574,2.649362
2007-03-24,0.616355,Training,-0.088651,-0.046615,-0.025186,-0.010235,0.055870,0.080968,0.148935,0.275384,0.550734,0.878190,2.633759
2007-03-25,0.600135,Training,-0.179789,-0.071368,-0.040582,-0.013813,0.059796,0.072660,0.152553,0.289603,0.675671,1.072250,3.300290
2007-03-26,0.648795,Training,-0.225792,-0.093934,-0.063754,-0.029796,0.051917,0.067332,0.161297,0.317387,0.761101,1.221778,3.779779
2007-03-27,0.616355,Training,-0.109492,-0.071097,-0.043417,-0.019484,0.050945,0.083090,0.159765,0.302377,0.624505,0.993656,2.889287
2007-03-28,0.616355,Training,-0.182029,-0.082312,-0.052568,-0.018873,0.055161,0.080725,0.164838,0.316812,0.739259,1.168550,3.478586
2007-03-29,0.535256,Training,-0.108136,-0.065046,-0.046198,-0.023985,0.045627,0.074397,0.148134,0.285401,0.592976,0.941763,2.793448
2007-03-30,0.486596,Training,-0.115569,-0.071194,-0.045770,-0.025330,0.044000,0.068891,0.139062,0.270398,0.563030,0.900119,2.676651
2007-03-31,0.470376,Training,-0.215405,-0.085628,-0.062687,-0.030803,0.048682,0.065007,0.155387,0.307584,0.746718,1.193117,3.692495
2007-04-01,0.535256,Training,-0.140006,-0.075782,-0.046241,-0.019963,0.052360,0.076483,0.151300,0.294964,0.633703,0.994123,2.948877
2007-04-02,0.519036,Training,-0.243669,-0.113010,-0.071951,-0.032829,0.053574,0.075166,0.173763,0.342329,0.834268,1.299526,3.869596
2007-04-03,1.135391,Training,-0.293589,-0.138039,-0.098380,-0.044737,0.052895,0.086954,0.205491,0.416656,1.024838,1.605882,4.674254
2007-04-04,1.849065,Training,-0.158003,-0.090064,-0.057523,-0.017899,0.063517,0.117432,0.216913,0.418617,0.881168,1.363232,3.726366
2007-04-05,0.875873,Training,-0.182777,-0.089091,-0.054951,-0.015161,0.063908,0.112913,0.208374,0.403953,0.876284,1.346326,3.733017
2007-04-06,0.567695,Training,-0.185270,-0.083977,-0.051306,-0.012740,0.064779,0.108055,0.200833,0.392421,0.854351,1.306513,3.667786
2007-04-07,0.454156,Training,,,,,,,,,,,
2007-04-08,0.405497,Training,-0.300680,-0.125700,-0.083923,-0.028949,0.066111,0.112549,0.235521,0.471881,1.116348,1.741795,4.935340
2007-04-09,0.405497,Training,-0.240037,-0.090718,-0.055684,-0.005359,0.081281,0.139449,0.259737,0.508153,1.152846,1.781165,4.957202
2007-04-10,1.362469,Training,-0.388221,-0.165592,-0.124215,-0.032684,0.085846,0.187835,0.363939,0.739116,1.759745,2.784682,7.688078
2007-04-11,6.179771,Training,-0.629849,-0.378184,-0.299582,-0.070590,0.174659,0.423954,0.749950,1.714393,4.459545,7.434615,18.688766
2007-04-12,11.775626,Training,-0.573371,-0.302747,-0.183566,0.109717,0.409142,0.730076,1.181975,2.401325,5.876402,9.700978,22.825245
2007-04-13,3.211534,Training,-0.333467,-0.131787,-0.053021,0.109078,0.265661,0.498741,0.768528,1.463207,3.020108,4.491210,10.345551
2007-04-14,1.897725,Training,-0.214306,-0.061496,-0.022061,0.059223,0.145996,0.290767,0.461579,0.849128,1.683222,2.447937,6.140015
2007-04-15,1.362469,Training,-0.164392,-0.030770,-0.004137,0.055982,0.114678,0.242696,0.371041,0.658619,1.260199,1.847744,4.813385
2007-04-16,1.005632,Training,-0.125828,-0.017262,0.004554,0.043402,0.083870,0.195205,0.290378,0.503319,0.946922,1.430144,3.926131
2007-04-17,0.794774,Training,-0.108951,-0.011224,0.009125,0.039814,0.076822,0.174317,0.259059,0.444229,0.830300,1.268847,3.573768
2007-04-18,0.648795,Training,-0.096649,-0.003605,0.015177,0.041440,0.077591,0.165573,0.248271,0.423200,0.788690,1.207151,3.438583
2007-04-19,0.551476,Training,-0.438924,-0.163862,-0.119121,0.022589,0.127268,0.282960,0.426170,0.837131,1.874728,2.943846,8.524212
2007-04-20,1.784186,Training,-0.310546,-0.116969,-0.087504,0.000019,0.083517,0.208185,0.379579,0.741336,1.727235,2.826988,8.025121
2007-04-21,0.859653,Training,-0.130303,-0.035102,-0.017803,0.033483,0.078467,0.217280,0.331580,0.586516,1.157194,1.827932,4.947549
2007-04-22,0.551476,Training,-0.112057,-0.029256,-0.019307,0.012998,0.043594,0.140362,0.216849,0.374305,0.736080,1.184988,3.446474
2007-04-23,0.437937,Training,-0.112404,-0.027933,-0.018212,0.011487,0.039537,0.126540,0.193790,0.334049,0.659705,1.065552,3.188302
2007-04-24,0.373057,Training,-0.144087,-0.023346,-0.013198,0.019824,0.043998,0.118989,0.184491,0.323241,0.701921,1.143452,3.550879
2007-04-25,0.373057,Training,-0.282890,-0.091092,-0.074367,-0.022437,0.035503,0.094706,0.202863,0.401884,0.964929,1.565755,4.893398
2007-04-26,0.340617,Training,-0.187574,-0.056602,-0.034428,0.008945,0.063580,0.124116,0.228155,0.433869,0.960142,1.508131,4.410881
2007-04-27,0.308178,Training,-0.146490,-0.047061,-0.030122,0.003524,0.055564,0.114087,0.204770,0.383623,0.812853,1.278052,3.742661
2007-04-28,0.291958,Training,-0.137410,-0.056470,-0.038793,-0.008860,0.045175,0.097186,0.182570,0.344573,0.704373,1.102089,3.220128
2007-04-29,0.421717,Training,-0.112227,-0.040466,-0.029882,-0.009242,0.040445,0.083899,0.157973,0.294094,0.602289,0.954288,2.930439
2007-04-30,0.373057,Training,-0.148435,-0.043824,-0.032066,-0.009888,0.042656,0.062002,0.128806,0.253913,0.596139,0.962816,3.137297
2007-05-01,0.308178,Training,-0.354878,-0.157768,-0.122716,-0.036297,0.056576,0.100290,0.202094,0.429905,1.039380,1.657442,5.061264
2007-05-02,0.340617,Training,-0.524099,-0.310909,-0.273830,-0.091469,0.070148,0.237263,0.476779,1.098124,3.030957,5.176837,15.359437
2007-05-03,0.827213,Training,-0.262638,-0.127954,-0.087453,0.044180,0.165821,0.352541,0.594457,1.168952,2.633742,4.143489,10.874598
2007-05-04,1.281370,Training,-0.206805,-0.042589,-0.018573,0.058711,0.126292,0.290982,0.462138,0.860698,1.824037,2.731548,7.530129
2007-05-05,0.746114,Training,-0.145800,0.019237,0.031315,0.090968,0.133613,0.292360,0.431839,0.753747,1.492799,2.195750,6.035762
2007-05-06,1.330029,Training,-0.129139,-0.001927,0.015826,0.057110,0.085687,0.213240,0.315821,0.540993,1.051627,1.581694,4.463610
2007-05-07,0.827213,Training,-0.144734,-0.014876,0.008333,0.056696,0.080623,0.205881,0.299352,0.499639,0.950851,1.440817,4.065986
2007-05-08,0.486596,Training,-0.098214,-0.005809,0.009143,0.034222,0.056276,0.146775,0.205868,0.338959,0.649793,1.030624,3.183965
2007-05-09,0.340617,Training,-0.087701,-0.005122,0.009887,0.029788,0.052242,0.129029,0.177372,0.287882,0.548434,0.890248,2.870370
2007-05-10,0.259518,Training,-0.069751,-0.002327,0.008102,0.021738,0.044565,0.110451,0.159763,0.263104,0.507310,0.835547,2.718453
2007-05-11,0.210858,Training,-0.063195,-0.000463,0.009289,0.018054,0.049627,0.099731,0.158645,0.269823,0.522319,0.840747,2.717297
2007-05-12,0.210858,Training,-0.065211,-0.002022,0.006405,0.016861,0.045434,0.097459,0.153963,0.258761,0.503445,0.819607,2.666939
2007-05-13,0.194638,Training,-0.098668,-0.002152,0.007962,0.024124,0.056433,0.098618,0.162182,0.277749,0.575738,0.917454,2.995611
2007-05-14,0.016220,Training,-0.074660,-0.013970,-0.001343,0.006702,0.052795,0.078657,0.139522,0.246642,0.483802,0.773954,2.559929
2007-05-15,0.000000,Training,-0.054228,-0.001026,0.005472,0.011455,0.045150,0.081611,0.132729,0.224198,0.435190,0.720228,2.448649
2007-05-16,0.000000,Training,-0.058689,-0.005180,-0.000678,0.008589,0.035085,0.078403,0.120214,0.196730,0.389073,0.669726,2.340683
2007-05-17,0.000000,Training,-0.084011,-0.017003,-0.006944,0.009356,0.036346,0.082599,0.120815,0.193725,0.384429,0.663305,2.350873
2007-05-18,0.000000,Training,-0.092724,-0.019000,-0.006569,0.012408,0.039416,0.087500,0.125427,0.199688,0.391490,0.671083,2.376889
2007-05-19,0.000000,Training,-0.083862,-0.010510,-0.000792,0.015273,0.039586,0.087416,0.124057,0.198261,0.386847,0.666418,2.371581
2007-05-20,0.000000,Training,-0.216273,-0.055151,-0.047427,-0.009065,0.030346,0.061123,0.115114,0.212107,0.503215,0.875863,3.201003
2007-05-21,0.000000,Training,-0.053435,-0.003616,0.001818,0.013968,0.053669,0.065291,0.105587,0.186832,0.367499,0.622097,2.277025
2007-05-22,0.000000,Training,-0.220386,-0.066363,-0.052956,-0.013077,0.042390,0.056236,0.117499,0.225556,0.529455,0.895366,3.222717
2007-05-23,0.000000,Training,-0.183884,-0.044831,-0.044475,-0.010821,0.028824,0.053850,0.108621,0.203573,0.497969,0.870955,3.224332
2007-05-24,0.000000,Training,-0.134643,-0.025813,-0.024641,0.002642,0.036492,0.069827,0.121588,0.217486,0.517352,0.894540,3.210950
2007-05-25,0.000000,Training,-0.080839,-0.024998,-0.023907,-0.002870,0.032379,0.065489,0.110955,0.198603,0.421490,0.716138,2.512184
2007-05-26,0.000000,Training,-0.098242,-0.013505,-0.015103,0.005944,0.030367,0.062501,0.100306,0.176045,0.412474,0.710745,2.587899
2007-05-27,0.000000,Training,-0.112179,-0.023925,-0.021469,-0.001109,0.032903,0.050036,0.092072,0.172101,0.414420,0.700021,2.562492
2007-05-28,0.000000,Training,-0.079499,-0.023909,-0.018607,-0.005695,0.028905,0.050091,0.090811,0.167410,0.362218,0.621772,2.271844
2007-05-29,0.000000,Training,-0.071139,-0.016666,-0.012861,-0.001414,0.027703,0.053498,0.090094,0.160011,0.343269,0.599414,2.216328
2007-05-30,0.000000,Training,-0.077891,-0.013442,-0.011053,0.002232,0.028449,0.053139,0.087302,0.153833,0.342353,0.600335,2.249977
2007-05-31,0.000000,Training,-0.077992,-0.018173,-0.012493,-0.001141,0.031014,0.048676,0.086528,0.156783,0.342402,0.592135,2.211583
2007-06-01,0.000000,Training,-0.065427,-0.014408,-0.009656,0.000136,0.025419,0.049561,0.082082,0.142967,0.309935,0.555981,2.110654
2007-06-02,0.000000,Training,-0.074151,-0.019810,-0.013380,-0.000685,0.018944,0.048388,0.073760,0.121381,0.275727,0.518580,2.034727
2007-06-03,0.000000,Training,-0.080077,-0.022480,-0.014182,-0.000271,0.019057,0.047709,0.071795,0.116496,0.267934,0.507490,2.016504
2007-06-04,0.000000,Training,-0.086580,-0.025617,-0.014980,0.000841,0.019851,0.047902,0.070581,0.112825,0.262985,0.500877,2.008066
2007-06-05,0.000000,Training,-0.087943,-0.027340,-0.015911,0.000331,0.018918,0.045782,0.068281,0.108775,0.258648,0.495744,1.998487
2007-06-06,0.000000,Training,-0.083274,-0.027538,-0.017573,-0.002945,0.015117,0.040321,0.064745,0.104257,0.256035,0.494016,1.992248
2007-06-07,0.000000,Training,-0.087792,-0.030965,-0.021702,-0.005698,0.011054,0.038096,0.065514,0.105312,0.266110,0.510162,2.030650
2007-06-08,0.000000,Training,-0.083239,-0.020178,-0.012740,0.001274,0.019474,0.036007,0.059529,0.098001,0.256178,0.493890,2.020943
2007-06-09,0.000000,Training,-0.085231,-0.020898,-0.014756,0.000312,0.017159,0.033873,0.062023,0.104328,0.278350,0.525640,2.106638
2007-06-10,0.000000,Training,-0.085291,-0.016373,-0.009253,0.004412,0.022662,0.032352,0.058339,0.098765,0.267685,0.507111,2.082927
2007-06-11,0.000000,Training,-0.062903,-0.019997,-0.011504,-0.002781,0.021009,0.031614,0.055982,0.094452,0.220698,0.432676,1.814386
2007-06-12,0.000000,Training,-0.064721,-0.020835,-0.011303,-0.002597,0.021590,0.031161,0.053291,0.087795,0.203709,0.408175,1.747778
2007-06-13,0.000000,Training,-0.066386,-0.020069,-0.010838,-0.002263,0.023708,0.030053,0.053416,0.089979,0.207327,0.408233,1.751029
2007-06-14,0.000000,Training,-0.267903,-0.091178,-0.071687,-0.001775,0.038977,0.068192,0.098699,0.169646,0.409765,0.738067,2.792338
2007-06-15,0.000000,Training,-0.117634,-0.030890,-0.023155,0.000116,0.024367,0.043125,0.073532,0.126739,0.320476,0.600943,2.396017
2007-06-16,0.000000,Training,-0.207023,-0.079415,-0.066423,-0.031428,-0.001407,0.025991,0.066043,0.124379,0.362821,0.699268,2.731352
2007-06-17,0.000000,Training,-0.382550,-0.141051,-0.133738,0.079860,0.136374,0.294735,0.350373,0.590015,1.395082,2.370424,7.945359
2007-06-18,0.000000,Training,-0.141459,-0.076128,-0.084061,-0.004950,0.039538,0.166617,0.249749,0.422234,0.927053,1.552035,4.769974
2007-06-19,0.000000,Training,-0.176829,-0.041627,-0.040448,0.003879,0.019982,0.108240,0.162421,0.270757,0.679129,1.130934,3.924381
2007-06-20,0.194638,Training,-0.150697,-0.026175,-0.026394,0.019095,0.020299,0.112694,0.159336,0.249415,0.590316,0.973229,3.271447
2007-06-21,0.259518,Training,-0.132922,-0.042670,-0.032612,-0.004300,0.001489,0.070231,0.106608,0.172840,0.421954,0.735386,2.588603
2007-06-22,0.194638,Training,-0.124074,-0.043812,-0.034385,-0.009852,-0.007838,0.054810,0.082884,0.130880,0.337243,0.620949,2.287250
2007-06-23,0.000000,Training,-0.123148,-0.049844,-0.039369,-0.017202,-0.017498,0.040127,0.061652,0.093693,0.271148,0.537071,2.079378
2007-06-24,0.000000,Training,-0.120211,-0.049933,-0.038892,-0.018450,-0.017218,0.032731,0.054731,0.085150,0.252727,0.507863,2.004870
2007-06-25,0.000000,Training,-0.120966,-0.048232,-0.036791,-0.016741,-0.013232,0.029264,0.053153,0.085523,0.252015,0.500437,1.991219
2007-06-26,0.000000,Training,-0.119771,-0.050137,-0.038696,-0.019586,-0.015895,0.024463,0.047527,0.076131,0.232600,0.473792,1.917335
2007-06-27,0.000000,Training,-0.121525,-0.053847,-0.042660,-0.023975,-0.022069,0.018447,0.038210,0.058447,0.204115,0.440145,1.834422
2007-06-28,0.000000,Training,-0.122814,-0.055351,-0.044327,-0.025905,-0.023731,0.014646,0.033828,0.051304,0.191902,0.423103,1.792008
2007-06-29,0.000000,Training,-0.121834,-0.055548,-0.044441,-0.026761,-0.023936,0.011501,0.030717,0.046928,0.183530,0.410077,1.760152
2007-06-30,0.000000,Training,-0.129014,-0.061301,-0.049886,-0.030804,-0.029041,0.007452,0.024993,0.035246,0.168571,0.393397,1.720539
2007-07-01,0.000000,Validation,-0.136307,-0.063312,-0.053119,-0.030278,-0.028547,0.007637,0.029061,0.041721,0.187199,0.417078,1.778592
2007-07-02,0.000000,Validation,-0.182711,-0.086220,-0.078241,-0.037377,-0.034846,0.014435,0.048293,0.061828,0.240071,0.487349,1.922281
2007-07-03,0.000000,Validation,-0.131451,-0.064600,-0.054169,-0.033956,-0.032917,0.000892,0.018353,0.024209,0.152546,0.371401,1.667832
2007-07-04,0.000000,Validation,-0.157433,-0.077934,-0.067650,-0.039260,-0.038152,0.002692,0.025377,0.026343,0.166413,0.390988,1.711288
2007-07-05,0.000000,Validation,-0.152858,-0.075312,-0.060633,-0.037885,-0.034517,0.002939,0.019923,0.017317,0.134400,0.343779,1.604360
2007-07-06,0.000000,Validation,-0.121436,-0.062845,-0.041990,-0.032215,-0.019202,-0.004079,-0.001185,0.004362,0.075907,0.252880,1.373680
2007-07-07,0.000000,Validation,-0.117394,-0.061980,-0.043083,-0.035365,-0.022056,-0.007649,-0.003428,0.002970,0.074030,0.251220,1.368845
2007-07-08,0.000000,Validation,-0.107070,-0.057702,-0.040131,-0.034913,-0.021581,-0.009423,-0.004339,0.003776,0.070568,0.244925,1.344546
2007-07-09,0.000000,Validation,-0.107324,-0.059127,-0.040838,-0.036071,-0.023059,-0.011589,-0.006881,-0.000521,0.063472,0.235432,1.321347
2007-07-10,0.000000,Validation,-0.114614,-0.063310,-0.042962,-0.037165,-0.024554,-0.012985,-0.009654,-0.006349,0.055161,0.224839,1.302250
2007-07-11,0.000000,Validation,-0.118555,-0.066058,-0.044484,-0.037835,-0.025542,-0.013865,-0.011604,-0.009279,0.050327,0.218958,1.289340
2007-07-12,0.000000,Validation,-0.121314,-0.068358,-0.046009,-0.038689,-0.026498,-0.014653,-0.013056,-0.011194,0.047159,0.215360,1.279944
2007-07-13,0.000000,Validation,-0.120528,-0.068866,-0.046791,-0.040105,-0.027651,-0.016364,-0.014548,-0.012575,0.044150,0.211404,1.268918
2007-07-14,0.000000,Validation,-0.116708,-0.067782,-0.046535,-0.041071,-0.028614,-0.018347,-0.016086,-0.013698,0.041313,0.207510,1.257162
2007-07-15,0.000000,Validation,-0.110646,-0.062522,-0.043331,-0.038790,-0.026994,-0.018952,-0.016262,-0.011461,0.045128,0.211801,1.269428
2007-07-16,0.000000,Validation,-0.107671,-0.062586,-0.043236,-0.039756,-0.026963,-0.019923,-0.016330,-0.010372,0.042962,0.206957,1.250636
2007-07-17,0.000000,Validation,-0.108133,-0.062394,-0.042979,-0.039578,-0.026497,-0.020389,-0.016691,-0.010360,0.042132,0.204985,1.246313
2007-07-18,0.000000,Validation,-0.107497,-0.062358,-0.042777,-0.039745,-0.025506,-0.020565,-0.016021,-0.007989,0.042782,0.203717,1.239724
2007-07-19,0.000000,Validation,-0.108168,-0.061812,-0.042002,-0.039236,-0.022948,-0.020402,-0.014230,-0.003151,0.048032,0.207166,1.246517
2007-07-20,0.000000,Validation,-0.108606,-0.062602,-0.042846,-0.039956,-0.024075,-0.021034,-0.015411,-0.005240,0.044186,0.202995,1.236357
2007-07-21,0.000000,Validation,-0.109098,-0.063329,-0.043545,-0.040627,-0.024815,-0.021661,-0.016355,-0.006650,0.041163,0.199425,1.227257
2007-07-22,0.000000,Validation,-0.109860,-0.064788,-0.045085,-0.042050,-0.027127,-0.022931,-0.018825,-0.011356,0.033923,0.191948,1.209293
2007-07-23,0.000000,Validation,-0.135407,-0.062349,-0.043199,-0.036045,-0.022965,-0.023461,-0.020805,-0.014769,0.051724,0.220758,1.340905
2007-07-24,0.000000,Validation,-0.113327,-0.068905,-0.049670,-0.045334,-0.030720,-0.024166,-0.020934,-0.014481,0.029254,0.189330,1.202640
2007-07-25,0.000000,Validation,-0.119386,-0.074226,-0.053163,-0.048012,-0.034092,-0.026521,-0.024891,-0.022608,0.019530,0.179361,1.177259
2007-07-26,0.000000,Validation,-0.120861,-0.074055,-0.054643,-0.049023,-0.034279,-0.028177,-0.027025,-0.025614,0.013415,0.169484,1.153486
2007-07-27,0.000000,Validation,-0.122769,-0.075380,-0.054643,-0.048910,-0.034248,-0.028619,-0.028098,-0.027621,0.009029,0.163698,1.140889
2007-07-28,0.000000,Validation,-0.131653,-0.080159,-0.055871,-0.047014,-0.032946,-0.026335,-0.028040,-0.029773,0.005886,0.159914,1.133454
2007-07-29,0.000000,Validation,-0.133790,-0.082214,-0.056191,-0.044389,-0.031730,-0.023453,-0.027584,-0.029975,0.005324,0.160390,1.129329
2007-07-30,0.000000,Validation,-0.134602,-0.083531,-0.057377,-0.045147,-0.032226,-0.023928,-0.027931,-0.030144,0.004538,0.160035,1.127507
2007-07-31,0.000000,Validation,-0.130751,-0.081689,-0.058167,-0.049716,-0.034479,-0.029219,-0.029636,-0.030668,0.002113,0.155821,1.122221
2007-08-01,0.000000,Validation,-0.119520,-0.075550,-0.055496,-0.050027,-0.034081,-0.031446,-0.029652,-0.028037,0.003301,0.155586,1.116982
2007-08-02,0.000000,Validation,-0.124207,-0.078309,-0.056513,-0.049976,-0.034464,-0.032095,-0.031618,-0.033261,-0.003885,0.146673,1.097642
2007-08-03,0.000000,Validation,-0.131609,-0.082047,-0.057209,-0.047434,-0.032698,-0.029441,-0.031129,-0.035193,-0.006537,0.143441,1.091177
2007-08-04,0.000000,Validation,-0.134296,-0.083053,-0.057773,-0.045949,-0.031897,-0.027991,-0.030790,-0.035142,-0.005411,0.146250,1.099563
2007-08-05,0.000000,Validation,-0.128692,-0.079884,-0.058199,-0.049285,-0.033857,-0.032372,-0.032286,-0.034686,-0.004641,0.147642,1.107294
2007-08-06,0.000000,Validation,-0.119740,-0.074861,-0.055656,-0.049244,-0.031394,-0.032788,-0.029270,-0.027315,0.000624,0.150086,1.106532
2007-08-07,0.000000,Validation,-0.118846,-0.076069,-0.056438,-0.050284,-0.032868,-0.034525,-0.031625,-0.032118,-0.006677,0.141291,1.083187
2007-08-08,0.000000,Validation,-0.124529,-0.080478,-0.058515,-0.050450,-0.034062,-0.034944,-0.034079,-0.038233,-0.013863,0.134046,1.067160
2007-08-09,0.000000,Validation,-0.128717,-0.082667,-0.059115,-0.049347,-0.032939,-0.033689,-0.033621,-0.038827,-0.014983,0.132701,1.065759
2007-08-10,0.000000,Validation,-0.124963,-0.081601,-0.059525,-0.050667,-0.033962,-0.035536,-0.034630,-0.038992,-0.015462,0.132669,1.064965
2007-08-11,0.000000,Validation,-0.119146,-0.077052,-0.057495,-0.050390,-0.032145,-0.035899,-0.032084,-0.033865,-0.011072,0.135781,1.073240
2007-08-12,0.000000,Validation,-0.117987,-0.075487,-0.056222,-0.049370,-0.029953,-0.035413,-0.030421,-0.030819,-0.008891,0.136337,1.074131
2007-08-13,0.000000,Validation,-0.118037,-0.075955,-0.056678,-0.049551,-0.030309,-0.035665,-0.030997,-0.032363,-0.011339,0.133805,1.067733
2007-08-14,0.000000,Validation,-0.118303,-0.076527,-0.057245,-0.049794,-0.030580,-0.035788,-0.031356,-0.033428,-0.013179,0.132061,1.063067
2007-08-15,0.000000,Validation,-0.144525,-0.073908,-0.055447,-0.043701,-0.025604,-0.036118,-0.032585,-0.036335,0.004683,0.161127,1.194145
2007-08-16,0.000000,Validation,-0.120020,-0.077453,-0.059236,-0.050046,-0.029122,-0.033352,-0.027329,-0.025843,-0.004042,0.144370,1.091596
2007-08-17,0.000000,Validation,-0.122943,-0.082594,-0.062265,-0.052052,-0.033609,-0.035393,-0.032339,-0.036290,-0.014986,0.135232,1.065148
2007-08-18,0.000000,Validation,-0.124613,-0.081948,-0.063541,-0.052643,-0.033135,-0.036599,-0.033978,-0.038703,-0.020146,0.126311,1.044040
2007-08-19,0.000000,Validation,-0.122802,-0.080155,-0.061581,-0.051465,-0.031305,-0.036162,-0.033033,-0.036823,-0.020343,0.124389,1.040070
2007-08-20,0.000000,Validation,-0.123007,-0.081271,-0.061557,-0.050971,-0.031540,-0.036087,-0.033870,-0.038803,-0.022771,0.122367,1.034115
2007-08-21,0.000000,Validation,-0.121843,-0.079436,-0.060468,-0.050325,-0.029616,-0.035474,-0.031975,-0.035285,-0.019948,0.124073,1.039050
2007-08-22,0.000000,Validation,-0.121794,-0.079584,-0.060428,-0.050076,-0.029245,-0.035211,-0.031801,-0.035206,-0.020440,0.123482,1.036640
2007-08-23,0.000000,Validation,-0.122606,-0.081200,-0.061049,-0.049889,-0.029896,-0.035127,-0.032839,-0.037567,-0.022965,0.121763,1.030603
2007-08-24,0.000000,Validation,-0.124767,-0.082535,-0.060857,-0.048219,-0.029022,-0.033592,-0.032490,-0.038235,-0.023131,0.122580,1.032254
2007-08-25,0.000000,Validation,-0.259391,-0.138504,-0.119415,-0.083310,-0.051706,-0.055359,-0.042491,-0.041549,0.020233,0.223590,1.388604
2007-08-26,0.000000,Validation,-0.168040,-0.093117,-0.077798,-0.052438,-0.027693,-0.023917,-0.014076,-0.004745,0.058653,0.254997,1.428847
2007-08-27,0.000000,Validation,-0.138363,-0.098997,-0.079419,-0.057166,-0.035243,-0.021309,-0.014470,-0.007692,0.031753,0.211740,1.228201
2007-08-28,0.000000,Validation,-0.133334,-0.089053,-0.073368,-0.057064,-0.035378,-0.033999,-0.029765,-0.031971,-0.009751,0.145963,1.087643
2007-08-29,0.000000,Validation,-0.132716,-0.084044,-0.070130,-0.054810,-0.031165,-0.034508,-0.029608,-0.030190,-0.011611,0.137153,1.070525
2007-08-30,0.000000,Validation,-0.129579,-0.084678,-0.067960,-0.053776,-0.032519,-0.034739,-0.032165,-0.035278,-0.019876,0.128656,1.047222
2007-08-31,0.000000,Validation,-0.128127,-0.085032,-0.066068,-0.051746,-0.032183,-0.033857,-0.032866,-0.037178,-0.021831,0.127454,1.042552
2007-09-01,0.000000,Validation,-0.127470,-0.084785,-0.064173,-0.049458,-0.030653,-0.032423,-0.032287,-0.036886,-0.021485,0.127879,1.042755
2007-09-02,0.000000,Validation,-0.127532,-0.084738,-0.062713,-0.047299,-0.029120,-0.030548,-0.031137,-0.035756,-0.019707,0.130318,1.047931
2007-09-03,0.000000,Validation,-0.127509,-0.085065,-0.061975,-0.046237,-0.028510,-0.029259,-0.029899,-0.035022,-0.019064,0.131527,1.050221
2007-09-04,0.000000,Validation,-0.127419,-0.085092,-0.061503,-0.045534,-0.028013,-0.028490,-0.029295,-0.034185,-0.017871,0.133267,1.053875
2007-09-05,0.000000,Validation,-0.130047,-0.085812,-0.060153,-0.042497,-0.025497,-0.024656,-0.026497,-0.031614,-0.014510,0.137537,1.063236
2007-09-06,0.000000,Validation,-0.127006,-0.085157,-0.061350,-0.045248,-0.027780,-0.027751,-0.028513,-0.032590,-0.015580,0.136666,1.061010
2007-09-07,0.000000,Validation,-0.125750,-0.084736,-0.062267,-0.047424,-0.029318,-0.030173,-0.029982,-0.033761,-0.017019,0.134548,1.057258
2007-09-08,0.000000,Validation,-0.124411,-0.082532,-0.062391,-0.049491,-0.029510,-0.032676,-0.030374,-0.033131,-0.017609,0.131198,1.054002
2007-09-09,0.000000,Validation,-0.127442,-0.078364,-0.060064,-0.046838,-0.025695,-0.031504,-0.027779,-0.028296,-0.009129,0.139755,1.088431
2007-09-10,0.000000,Validation,-0.259263,-0.138512,-0.120054,-0.082503,-0.051206,-0.050977,-0.037349,-0.033186,0.033781,0.246228,1.453060
2007-09-11,0.000000,Validation,-0.260904,-0.150797,-0.138329,-0.092162,-0.055440,-0.034315,-0.006771,0.015795,0.132671,0.416135,1.919482
2007-09-12,0.762334,Validation,-0.238923,-0.140618,-0.134415,-0.085524,-0.045522,-0.012918,0.028073,0.061002,0.232615,0.559461,2.334174
2007-09-13,0.275738,Validation,-0.279877,-0.160901,-0.160832,-0.099041,-0.050546,-0.012071,0.032157,0.073194,0.251544,0.590894,2.428371
2007-09-14,0.032440,Validation,-0.199592,-0.113605,-0.113366,-0.062402,-0.031578,0.010861,0.036153,0.068267,0.222250,0.510609,2.133459
2007-09-15,0.000000,Validation,-0.238434,-0.129648,-0.125263,-0.083049,-0.054568,-0.021482,0.000484,0.018209,0.158990,0.433566,1.991409
2007-09-16,0.000000,Validation,-0.281139,-0.154357,-0.154592,-0.100365,-0.064936,-0.020783,0.008685,0.038733,0.201707,0.521587,2.255189
2007-09-17,0.000000,Validation,-0.191078,-0.102971,-0.104507,-0.057969,-0.030527,0.019320,0.038689,0.078290,0.226287,0.510132,2.108834
2007-09-18,0.000000,Validation,-0.154465,-0.092561,-0.087762,-0.059583,-0.040733,-0.000257,0.007158,0.030833,0.107014,0.320724,1.535489
2007-09-19,0.000000,Validation,-0.159217,-0.079076,-0.071387,-0.049417,-0.038664,-0.014290,-0.015925,-0.008631,0.054965,0.246373,1.404364
2007-09-20,0.000000,Validation,-0.259714,-0.127257,-0.122299,-0.086872,-0.063057,-0.035836,-0.025226,-0.010706,0.090891,0.336617,1.738608
2007-09-21,0.000000,Validation,-0.163473,-0.084781,-0.081486,-0.051142,-0.035784,0.007158,0.009205,0.037826,0.125251,0.359429,1.672765
2007-09-22,0.000000,Validation,-0.144054,-0.082105,-0.075810,-0.054747,-0.038589,0.000196,0.004318,0.029693,0.093444,0.298472,1.468500
2007-09-23,0.000000,Validation,-0.137421,-0.074624,-0.066572,-0.051587,-0.040121,-0.013882,-0.015711,-0.004135,0.037242,0.214865,1.272962
2007-09-24,0.000000,Validation,-0.133420,-0.071073,-0.061710,-0.048307,-0.039096,-0.013187,-0.017397,-0.007976,0.029810,0.204465,1.245948
2007-09-25,0.000000,Validation,-0.129373,-0.066748,-0.056783,-0.046086,-0.035371,-0.014131,-0.016413,-0.004288,0.031469,0.202330,1.242697
2007-09-26,0.000000,Validation,-0.126565,-0.065501,-0.054434,-0.044619,-0.034851,-0.014224,-0.016812,-0.005044,0.030788,0.201955,1.240716
2007-09-27,0.000000,Validation,-0.124385,-0.064680,-0.053221,-0.043895,-0.035092,-0.014949,-0.016958,-0.005393,0.033241,0.206214,1.252644
2007-09-28,0.000000,Validation,-0.117489,-0.060110,-0.049201,-0.039824,-0.035688,-0.010749,-0.011535,-0.000426,0.051487,0.234588,1.328740
2007-09-29,0.000000,Validation,-0.211531,-0.094300,-0.082085,-0.063443,-0.046656,-0.034186,-0.023211,-0.008058,0.090541,0.312727,1.659949
2007-09-30,0.097319,Validation,-0.310311,-0.156190,-0.154793,-0.066458,-0.021165,0.052367,0.084480,0.160389,0.403617,0.836188,3.077051
2007-10-01,1.346249,Training,-0.296255,-0.130287,-0.151271,-0.019266,0.061470,0.162115,0.264920,0.422493,0.956298,1.685964,5.650501
2007-10-02,1.605767,Training,-0.314925,-0.072469,-0.093773,0.131438,0.260164,0.391869,0.545437,0.854138,1.870945,3.011487,9.608000
2007-10-03,0.875873,Training,-0.163366,0.032059,0.014807,0.137478,0.218991,0.355840,0.485970,0.726696,1.451189,2.197246,6.854276
2007-10-04,1.605767,Training,-0.125142,0.030352,0.017977,0.064189,0.083375,0.209110,0.254387,0.371053,0.695074,1.068199,3.560708
2007-10-05,0.697454,Training,-0.113985,0.012223,0.005614,0.026867,0.031357,0.130792,0.143661,0.207841,0.382147,0.645231,2.367084
2007-10-06,0.373057,Training,-0.115356,-0.015589,-0.012563,0.002809,0.004474,0.081568,0.086459,0.133177,0.258695,0.490474,1.954485
2007-10-07,0.259518,Training,-0.119758,-0.039190,-0.029066,-0.015914,-0.014326,0.048140,0.048876,0.085388,0.186827,0.404197,1.731968
2007-10-08,0.194638,Training,-0.120952,-0.050920,-0.037535,-0.025181,-0.023981,0.030151,0.030629,0.061804,0.155628,0.367642,1.642833
2007-10-09,0.081099,Training,-0.122238,-0.057534,-0.040334,-0.030204,-0.025620,0.019927,0.017762,0.047290,0.122138,0.320463,1.515955
2007-10-10,0.000000,Training,-0.122429,-0.060342,-0.041998,-0.032656,-0.027896,0.014261,0.012084,0.039695,0.110543,0.305830,1.480116
2007-10-11,0.000000,Training,-0.123655,-0.061092,-0.043192,-0.035395,-0.027021,0.008866,0.009820,0.040121,0.110422,0.301308,1.471218
2007-10-12,0.000000,Training,-0.124883,-0.062461,-0.044431,-0.037520,-0.026743,0.005299,0.008118,0.039985,0.111085,0.299937,1.467524
2007-10-13,0.000000,Training,-0.123778,-0.062650,-0.044119,-0.036800,-0.028210,0.006561,0.007571,0.037526,0.108088,0.299432,1.464426
2007-10-14,0.000000,Training,-0.136199,-0.060123,-0.041838,-0.031184,-0.025922,0.008712,0.007153,0.035626,0.121368,0.322731,1.561122
2007-10-15,0.000000,Training,-0.208574,-0.091280,-0.073245,-0.055659,-0.040804,-0.009343,0.001455,0.036010,0.173179,0.421359,1.932309
2007-10-16,0.000000,Training,-0.136957,-0.079591,-0.064447,-0.046059,-0.033812,0.019077,0.027346,0.074635,0.187146,0.429514,1.777171
2007-10-17,0.000000,Training,-0.138074,-0.077739,-0.063425,-0.045379,-0.041466,0.016643,0.025203,0.062147,0.193168,0.439590,1.817548
2007-10-18,0.000000,Training,-0.136800,-0.075629,-0.062057,-0.046103,-0.043863,0.005057,0.010712,0.036804,0.147978,0.371201,1.655066
2007-10-19,0.000000,Training,-0.128602,-0.074772,-0.055513,-0.044721,-0.037019,-0.002367,0.001069,0.027276,0.115555,0.317985,1.522440
2007-10-20,0.000000,Training,-0.126945,-0.074970,-0.052151,-0.043766,-0.030326,-0.006415,-0.003136,0.024421,0.098057,0.284654,1.435129
2007-10-21,,,0.100515,0.609197,0.858142,1.150626,1.365444,1.982431,2.588987,4.433691,10.094897,14.953437,45.284809
2007-10-22,0.000000,Training,-0.131118,-0.075325,-0.048297,-0.041190,-0.015486,-0.005564,0.001040,0.035927,0.097736,0.265832,1.367181
2007-10-23,0.000000,Training,-0.138649,-0.078201,-0.050687,-0.043345,-0.013170,-0.009703,0.000010,0.038176,0.108334,0.275748,1.402399
2007-10-24,0.000000,Training,-0.141765,-0.078105,-0.050535,-0.042086,-0.011498,-0.007613,0.002418,0.042650,0.119118,0.290409,1.444935
2007-10-25,0.000000,Training,-0.138417,-0.082120,-0.053637,-0.046102,-0.013149,-0.008791,0.003200,0.045744,0.120525,0.291214,1.428675
2007-10-26,0.000000,Training,-0.144913,-0.088246,-0.058650,-0.050219,-0.014308,-0.012889,0.000428,0.044804,0.123632,0.294369,1.432502
2007-10-27,0.000000,Training,-0.144204,-0.086640,-0.057330,-0.048462,-0.012899,-0.009830,0.003324,0.048753,0.129388,0.301484,1.450348
2007-10-28,0.000000,Training,-0.140696,-0.082755,-0.053631,-0.044701,-0.010918,-0.004479,0.007967,0.054136,0.136051,0.310706,1.474358
2007-10-29,0.000000,Training,-0.138287,-0.079941,-0.050969,-0.041532,-0.009686,0.000218,0.011802,0.058468,0.141880,0.319365,1.496640
2007-10-30,0.000000,Training,-0.137943,-0.079423,-0.050205,-0.040538,-0.008800,0.001544,0.013235,0.060689,0.146192,0.324823,1.511079
2007-10-31,0.000000,Training,-0.148871,-0.091080,-0.059831,-0.049031,-0.011745,-0.008833,0.005392,0.055453,0.146394,0.324068,1.503379
2007-11-01,0.000000,Training,-0.150234,-0.092851,-0.061513,-0.049919,-0.012287,-0.009369,0.005335,0.056778,0.152417,0.333319,1.527061
2007-11-02,0.000000,Training,-0.133751,-0.077636,-0.049050,-0.038391,-0.008679,0.005147,0.018401,0.067715,0.167989,0.357324,1.603972
2007-11-03,0.000000,Training,-0.137807,-0.079888,-0.049119,-0.037570,-0.004016,0.007525,0.021415,0.072300,0.166710,0.349751,1.572841
2007-11-04,0.000000,Training,-0.139130,-0.080730,-0.049889,-0.037667,-0.003810,0.007694,0.022062,0.073775,0.170670,0.354608,1.585930
2007-11-05,,,0.052964,0.566185,0.848635,1.164578,1.395128,2.064455,2.732297,4.762423,10.997962,16.489609,49.502586
2007-11-06,0.000000,Training,-0.128715,-0.070515,-0.040303,-0.028256,0.000271,0.018909,0.030254,0.081172,0.177070,0.365543,1.615805
2007-11-07,0.000000,Training,-0.127953,-0.069660,-0.039373,-0.027137,0.001453,0.019991,0.031648,0.083135,0.180531,0.369522,1.627023
2007-11-08,0.000000,Training,,,,,,,,,,,
2007-11-09,0.000000,Training,-0.126589,-0.067750,-0.037594,-0.025024,0.004458,0.022190,0.034854,0.088043,0.188716,0.378551,1.652002
2007-11-10,0.000000,Training,-0.129803,-0.070613,-0.040118,-0.027202,0.005262,0.019454,0.034159,0.089151,0.193270,0.382313,1.661219
2007-11-11,0.000000,Training,-0.132068,-0.072644,-0.042130,-0.028305,0.005312,0.018546,0.034413,0.090582,0.198238,0.388607,1.677521
2007-11-12,0.000000,Training,-0.130374,-0.070778,-0.040700,-0.026382,0.006403,0.020990,0.037028,0.093408,0.203038,0.395312,1.696367
2007-11-13,0.000000,Training,-0.134692,-0.074767,-0.044378,-0.028880,0.005862,0.018586,0.036067,0.094017,0.207759,0.401353,1.709242
2007-11-14,0.000000,Training,-0.151811,-0.092232,-0.058925,-0.039534,-0.000937,0.006793,0.025168,0.086038,0.205808,0.402947,1.695920
2007-11-15,0.000000,Training,-0.148820,-0.088441,-0.056589,-0.036769,0.001327,0.011324,0.030631,0.092781,0.216560,0.416795,1.735294
2007-11-16,0.000000,Training,-0.162962,-0.102386,-0.067868,-0.044219,-0.004959,0.003986,0.023131,0.087423,0.216844,0.421866,1.733169
2007-11-17,0.000000,Training,-0.179257,-0.117614,-0.080240,-0.053197,-0.012402,-0.004008,0.015947,0.081407,0.218375,0.423017,1.730923
2007-11-18,0.000000,Training,-0.177048,-0.114375,-0.078771,-0.050469,-0.009554,0.001330,0.022632,0.091036,0.233076,0.444300,1.779069
2007-11-19,0.000000,Training,-0.470995,-0.300885,-0.282943,-0.099405,-0.030541,0.061513,0.157584,0.434815,1.411072,2.363974,8.076318
2007-11-20,3.649471,Training,-0.823922,-0.645270,-0.535654,-0.068803,0.299851,0.813219,1.374959,3.739212,12.678097,25.627819,75.232903
2007-11-21,2.870917,Training,-0.731596,-0.467224,-0.242432,0.227415,0.680440,1.179470,1.972774,4.409379,12.143040,20.533382,54.772110
2007-11-22,1.119171,Training,-0.612064,-0.308004,-0.154537,0.111931,0.309789,0.618423,1.013465,2.121076,5.482446,8.493109,24.327452
2007-11-23,0.551476,Training,,,,,,,,,,,
2007-11-24,0.340617,Training,-0.264323,-0.053034,-0.000506,0.096277,0.140906,0.308609,0.429709,0.767845,1.628811,2.307713,6.418985
2007-11-25,0.210858,Training,-0.245369,-0.053493,-0.003940,0.081782,0.120064,0.259806,0.360124,0.634532,1.322243,1.865037,5.256382
2007-11-26,0.000000,Training,-0.218053,-0.056969,-0.010417,0.058920,0.094181,0.211758,0.292728,0.514666,1.057453,1.525632,4.390965
2007-11-27,0.000000,Training,-0.222136,-0.084831,-0.038726,0.023169,0.061823,0.159012,0.230155,0.418070,0.881463,1.294965,3.808739
2007-11-28,0.000000,Training,-0.239235,-0.118026,-0.071597,-0.013028,0.031067,0.111212,0.177618,0.343693,0.760581,1.132982,3.407024
2007-11-29,0.000000,Training,-0.249610,-0.137796,-0.093151,-0.036151,0.011522,0.079632,0.143563,0.296094,0.680170,1.028972,3.155282
2007-11-30,0.000000,Training,-0.254854,-0.148380,-0.105449,-0.049757,0.000363,0.058519,0.121258,0.263813,0.622377,0.953304,2.976763
2007-12-01,0.000000,Training,-0.245223,-0.139813,-0.102070,-0.046162,0.003805,0.056328,0.118352,0.256005,0.596902,0.934877,2.933882
2007-12-02,0.000000,Training,-0.238156,-0.135650,-0.100190,-0.046581,0.004164,0.050789,0.112819,0.244124,0.567597,0.897246,2.843880
2007-12-03,0.000000,Training,-0.231496,-0.130739,-0.097215,-0.045794,0.005190,0.046766,0.108867,0.234693,0.545586,0.867530,2.779308
2007-12-04,0.000000,Training,-0.228841,-0.128053,-0.095512,-0.045238,0.006585,0.044599,0.107928,0.231069,0.535718,0.852837,2.743717
2007-12-05,0.000000,Training,-0.240460,-0.136473,-0.100855,-0.048911,0.004801,0.039483,0.105319,0.228311,0.536474,0.847362,2.722969
2007-12-06,0.000000,Training,-0.237004,-0.123246,-0.092719,-0.035129,0.017366,0.058177,0.130270,0.258888,0.576638,0.898924,2.852526
2007-12-07,0.000000,Training,-0.249986,-0.129448,-0.095469,-0.030856,0.023282,0.064545,0.140941,0.274113,0.598515,0.921709,2.880313
2007-12-08,0.000000,Training,-0.196737,-0.102274,-0.074679,-0.032842,0.018071,0.044885,0.106763,0.216631,0.490634,0.786469,2.629287
2007-12-09,0.000000,Training,-0.173001,-0.079658,-0.054869,-0.025577,0.030035,0.042052,0.091969,0.194244,0.448347,0.731095,2.570441
2007-12-10,0.000000,Training,-0.179572,-0.108088,-0.075017,-0.046818,0.013697,0.021297,0.071582,0.170785,0.401738,0.661610,2.321657
2007-12-11,0.000000,Training,-0.180374,-0.110350,-0.076099,-0.049314,0.012701,0.017794,0.066628,0.162460,0.386899,0.635164,2.266895
2007-12-12,0.000000,Training,-0.182069,-0.110992,-0.077570,-0.049866,0.013469,0.018912,0.068885,0.166799,0.396694,0.646417,2.293362
2007-12-13,0.000000,Training,-0.184363,-0.113204,-0.078960,-0.051153,0.012761,0.018507,0.069445,0.169322,0.403523,0.653193,2.314165
2007-12-14,0.000000,Training,-0.187549,-0.116162,-0.081522,-0.053342,0.010905,0.017053,0.068698,0.170905,0.409928,0.658756,2.334659
2007-12-15,0.000000,Training,-0.197890,-0.124265,-0.092424,-0.063878,-0.001705,0.006905,0.055571,0.163435,0.403187,0.646188,2.324931
2007-12-16,0.000000,Training,-0.210140,-0.135448,-0.117580,-0.092385,-0.036016,-0.021398,0.016855,0.131478,0.355156,0.597930,2.245627
2007-12-17,0.000000,Training,-0.231551,-0.130545,-0.104164,-0.070143,-0.009737,0.001631,0.048573,0.172567,0.458655,0.729429,2.647219
2007-12-18,0.000000,Training,-0.282320,-0.148921,-0.111429,-0.061149,0.018996,0.034007,0.115777,0.272310,0.710007,1.117679,3.807495
2007-12-19,0.000000,Training,-0.338253,-0.193910,-0.164126,-0.077906,0.021698,0.075999,0.210908,0.480224,1.259726,2.022347,6.649480
2007-12-20,0.000000,Training,-0.293157,-0.180414,-0.148304,-0.048956,0.047051,0.126154,0.268954,0.584916,1.466175,2.288596,7.066545
2007-12-21,0.000000,Training,-0.305147,-0.176579,-0.139886,-0.061271,0.022673,0.085817,0.201301,0.463006,1.199674,1.837280,5.819508
2007-12-22,0.000000,Training,-0.228915,-0.146395,-0.114524,-0.055609,0.019036,0.074818,0.165348,0.376976,0.878732,1.336486,4.137110
2007-12-23,0.000000,Training,-0.207596,-0.123785,-0.093154,-0.047806,0.020602,0.071207,0.147556,0.332697,0.755543,1.163879,3.638918
2007-12-24,0.000000,Training,-0.198891,-0.113693,-0.083521,-0.044502,0.022093,0.064757,0.134098,0.302518,0.681226,1.050129,3.327494
2007-12-25,0.000000,Training,-0.330555,-0.163297,-0.124324,-0.065874,0.017880,0.063041,0.160682,0.380340,0.988872,1.533587,4.987473
2007-12-26,0.000000,Training,-0.217527,-0.130562,-0.096823,-0.041130,0.037144,0.109766,0.206544,0.446057,0.989805,1.518589,4.500220
2007-12-27,0.000000,Training,-0.228190,-0.128280,-0.090041,-0.040356,0.033436,0.112867,0.208871,0.445913,0.999485,1.510451,4.443944
2007-12-28,0.000000,Training,-0.217583,-0.120132,-0.085551,-0.042896,0.025654,0.086065,0.168307,0.369507,0.832034,1.245515,3.795918
2007-12-29,0.000000,Training,-0.221286,-0.122087,-0.085959,-0.045960,0.020731,0.083429,0.163690,0.366291,0.826581,1.226969,3.744097
2007-12-30,0.000000,Training,-0.217002,-0.115553,-0.078221,-0.037647,0.029958,0.097831,0.182044,0.394156,0.877285,1.297314,3.898972
2007-12-31,0.000000,Training,-0.211038,-0.107491,-0.069695,-0.027823,0.040862,0.114203,0.202441,0.424495,0.931619,1.378490,4.072786
2008-01-01,0.000000,Training,-0.405539,-0.203811,-0.150831,-0.064711,0.036158,0.133268,0.278602,0.633426,1.648818,2.502558,7.521474
2008-01-02,0.000000,Training,-0.675393,-0.459983,-0.375073,-0.129440,0.118718,0.405349,0.771619,2.034511,5.978021,10.444937,29.183023
2008-01-03,0.583915,Training,-0.880078,-0.677658,-0.426545,0.386480,1.768387,3.170973,4.913239,13.404151,37.183506,68.532974,130.412125
2008-01-04,2.676279,Training,-0.814478,-0.424050,0.118635,1.554872,4.150006,6.116350,9.685131,20.953766,49.002041,77.698074,155.344833
2008-01-05,1.102951,Training,-0.731795,-0.273739,0.179395,1.307858,2.875973,4.215302,5.981910,11.840681,24.255217,35.863770,69.249741
2008-01-06,0.632575,Training,-0.597023,-0.189664,0.025846,0.531296,1.025390,1.666527,2.294843,4.594478,9.618758,14.382289,33.001442
2008-01-07,0.454156,Training,-0.401136,-0.115265,-0.000191,0.225224,0.409605,0.725697,1.021961,2.030653,4.123484,6.034376,14.393244
2008-01-08,0.356837,Training,-0.322939,-0.050458,0.040567,0.206628,0.330554,0.592168,0.818132,1.572609,3.105558,4.509471,11.104918
2008-01-09,0.308178,Training,-0.353694,-0.071486,0.015259,0.159892,0.270725,0.490882,0.691196,1.340753,2.804313,4.162486,10.798688
2008-01-10,0.259518,Training,-0.313527,-0.073234,0.013121,0.145542,0.249750,0.456959,0.644360,1.237585,2.517699,3.716095,9.260384
2008-01-11,0.243298,Training,-0.562860,-0.267724,-0.149239,0.066835,0.268682,0.546340,0.826763,1.753462,4.072348,6.434916,15.932870
2008-01-12,0.227078,Training,-0.483403,-0.201491,-0.040225,0.252755,0.516742,0.891579,1.245327,2.412738,4.954496,7.184091,15.039768
2008-01-13,0.210858,Training,-0.770185,-0.490888,-0.297571,0.098903,0.591776,1.129595,1.723373,3.826130,9.400729,15.099860,32.569901
2008-01-14,,,-0.607233,0.018833,0.688401,1.940160,3.544224,5.519185,7.837107,15.423344,35.294216,55.079739,122.824112
2008-01-15,,,-0.629434,-0.000780,0.690311,2.040889,3.791904,5.865011,8.356164,16.347279,37.106518,57.664772,127.920036
2008-01-16,,,,,,,,,,,,,
2008-01-17,,,,,,,,,,,,,
2008-01-18,,,,,,,,,,,,,
2008-01-19,,,,,,,,,,,,,
2008-01-20,,,,,,,,,,,,,
2008-01-21,,,,,,,,,,,,,
2008-01-22,,,,,,,,,,,,,
2008-01-23,,,,,,,,,,,,,
2008-01-24,,,,,,,,,,,,,
2008-01-25,,,,,,,,,,,,,
2008-01-26,,,,,,,,,,,,,
2008-01-27,,,,,,,,,,,,,
2008-01-28,,,,,,,,,,,,,
2008-01-29,,,,,,,,,,,,,
2008-01-30,,,,,,,,,,,,,
2008-01-31,,,,,,,,,,,,,
2008-02-01,,,,,,,,,,,,,
2008-02-02,,,,,,,,,,,,,
2008-02-03,,,,,,,,,,,,,
2008-02-04,,,,,,,,,,,,,
2008-02-05,,,,,,,,,,,,,
2008-02-06,,,,,,,,,,,,,
2008-02-07,,,,,,,,,,,,,
2008-02-08,,,,,,,,,,,,,
2008-02-09,,,,,,,,,,,,,
2008-02-10,,,,,,,,,,,,,
2008-02-11,,,,,,,,,,,,,
2008-02-12,,,,,,,,,,,,,
2008-02-13,,,,,,,,,,,,,
2008-02-14,,,,,,,,,,,,,
2008-02-15,,,,,,,,,,,,,
2008-02-16,,,,,,,,,,,,,
2008-02-17,,,,,,,,,,,,,
2008-02-18,,,,,,,,,,,,,
2008-02-19,,,,,,,,,,,,,
2008-02-20,,,,,,,,,,,,,
2008-02-21,,,,,,,,,,,,,
2008-02-22,,,,,,,,,,,,,
2008-02-23,,,,,,,,,,,,,
2008-02-24,,,,,,,,,,,,,
2008-02-25,,,,,,,,,,,,,
2008-02-26,,,,,,,,,,,,,
2008-02-27,,,,,,,,,,,,,
2008-02-28,,,,,,,,,,,,,
2008-02-29,,,,,,,,,,,,,
2008-03-01,,,,,,,,,,,,,
2008-03-02,,,,,,,,,,,,,
2008-03-03,,,,,,,,,,,,,
2008-03-04,,,,,,,,,,,,,
2008-03-05,,,,,,,,,,,,,
2008-03-06,,,,,,,,,,,,,
2008-03-07,0.210858,Training,,,,,,,,,,,
2008-03-08,0.194638,Training,,,,,,,,,,,
2008-03-09,0.145979,Training,-0.164424,-0.070255,-0.023772,0.014701,0.086129,0.145507,0.254972,0.466042,0.940378,1.416806,3.740099
2008-03-10,0.000000,Training,-0.357948,-0.158692,-0.093084,-0.011186,0.094356,0.164740,0.324398,0.630535,1.451629,2.247447,5.935822
2008-03-11,0.000000,Training,-0.122087,-0.057327,-0.028581,0.004558,0.073844,0.143533,0.255220,0.464573,0.923334,1.417976,3.840281
2008-03-12,0.000000,Training,-0.133933,-0.055545,-0.024483,0.011460,0.078269,0.156782,0.270011,0.486253,0.949353,1.444779,3.850527
2008-03-13,0.000000,Training,-0.089904,-0.037058,-0.022265,-0.003386,0.050275,0.111618,0.194798,0.351894,0.698613,1.093085,3.182827
2008-03-14,0.000000,Training,-0.055997,-0.015735,-0.007375,0.003729,0.047571,0.104809,0.165803,0.291333,0.571563,0.925198,2.837597
2008-03-15,0.000000,Training,-0.067438,-0.026235,-0.013380,-0.004879,0.052258,0.089004,0.158900,0.288485,0.576373,0.917162,2.802385
2008-03-16,0.000000,Training,-0.074871,-0.034471,-0.017006,-0.006969,0.053619,0.085274,0.155751,0.287219,0.574548,0.914684,2.762305
2008-03-17,0.000000,Training,-0.093618,-0.038238,-0.018299,-0.003631,0.056421,0.082304,0.150821,0.281150,0.585155,0.935596,2.852139
2008-03-18,0.000000,Training,-0.192422,-0.076089,-0.044878,-0.018039,0.054530,0.070370,0.155945,0.301981,0.720187,1.149568,3.552612
2008-03-19,0.000000,Training,-0.487129,-0.274740,-0.193793,-0.046880,0.118185,0.231597,0.432735,0.879675,2.245376,3.460823,9.205647
2008-03-20,0.000000,Training,-0.183817,-0.110661,-0.070238,0.020413,0.129450,0.260120,0.447071,0.849873,1.842216,2.891989,7.260571
2008-03-21,0.000000,Training,-0.165847,-0.077703,-0.040064,0.017183,0.103497,0.221850,0.375247,0.706218,1.475806,2.239650,5.775097
2008-03-22,0.000000,Training,-0.308902,-0.112289,-0.051909,0.030382,0.134070,0.241804,0.424667,0.805339,1.886693,2.852319,7.617932
2008-03-23,0.000000,Training,-0.186428,-0.097198,-0.045033,-0.003645,0.074661,0.158162,0.277767,0.523880,1.106372,1.610651,4.267671
2008-03-24,0.081099,Training,-0.153616,-0.075204,-0.029738,0.002075,0.073869,0.146623,0.252021,0.467924,0.954991,1.434901,3.835422
2008-03-25,0.145979,Training,-0.138753,-0.063970,-0.028022,0.000755,0.068453,0.130164,0.226285,0.422396,0.854813,1.301095,3.552437
2008-03-26,0.000000,Training,-0.136023,-0.057028,-0.024046,0.001910,0.066233,0.119128,0.209409,0.392040,0.803373,1.236823,3.457780
2008-03-27,0.000000,Training,-0.101059,-0.034812,-0.013013,0.003523,0.063213,0.112890,0.198955,0.364391,0.729250,1.128600,3.254069
2008-03-28,0.000000,Training,-0.089784,-0.031326,-0.010409,0.003034,0.061810,0.109933,0.195386,0.353807,0.693246,1.073292,3.099830
2008-03-29,0.000000,Training,-0.059542,-0.017877,-0.007629,-0.001508,0.049211,0.089461,0.158099,0.281271,0.553849,0.886839,2.731563
2008-03-30,0.000000,Training,-0.127684,-0.044988,-0.021890,-0.003634,0.058500,0.082632,0.159604,0.300723,0.650955,1.031393,3.117672
2008-03-31,0.000000,Training,-0.092440,-0.047146,-0.024456,-0.011781,0.051876,0.078261,0.152540,0.286803,0.575716,0.914217,2.729605
2008-04-01,0.000000,Training,-0.055917,-0.014473,-0.004133,0.001134,0.053749,0.091894,0.161962,0.285048,0.554100,0.885563,2.726353
2008-04-02,0.000000,Training,-0.057497,-0.013385,-0.006424,0.002737,0.046953,0.095057,0.155778,0.269212,0.521072,0.850508,2.646923
2008-04-03,0.000000,Training,-0.062443,-0.016518,-0.007455,0.003932,0.045205,0.094615,0.150126,0.257986,0.498139,0.822583,2.590164
2008-04-04,0.000000,Training,-0.063276,-0.014856,-0.003880,0.008604,0.048136,0.098561,0.151243,0.256763,0.490427,0.812001,2.579098
2008-04-05,0.000000,Training,-0.049229,-0.007627,0.000681,0.008087,0.047762,0.093475,0.148692,0.253673,0.482190,0.797198,2.539976
2008-04-06,0.000000,Training,-0.044125,-0.000807,0.004872,0.011070,0.047781,0.086699,0.136487,0.232800,0.452395,0.758226,2.489789
2008-04-07,0.000000,Training,-0.329583,-0.097645,-0.060723,0.044750,0.162856,0.234748,0.350583,0.633219,1.339920,2.016522,6.171286
2008-04-08,0.000000,Training,-0.535980,-0.318943,-0.266774,-0.063644,0.141764,0.349108,0.626232,1.405236,3.737148,6.306362,18.507935
2008-04-09,0.000000,Training,-0.817701,-0.585079,-0.421926,0.149980,0.851782,1.818542,2.739691,7.559156,21.786377,42.117104,107.541512
2008-04-10,0.908313,Training,-0.875878,-0.652619,-0.420513,0.261895,1.449975,2.604922,4.380365,11.161155,30.543341,57.417770,121.180046
2008-04-11,3.292634,Training,-0.607461,-0.279918,-0.004996,0.491800,1.067134,1.710948,2.494263,4.867016,10.154091,15.605402,29.629742
2008-04-12,1.767966,Training,-0.497614,-0.176523,-0.017901,0.301108,0.568636,0.946171,1.309953,2.357624,4.445411,6.652884,13.347083
2008-04-13,0.875873,Training,-0.515651,-0.181958,-0.044592,0.228598,0.442188,0.723777,1.027581,1.860443,3.770559,5.794340,12.828378
2008-04-14,0.551476,Training,-0.320605,-0.070519,0.026024,0.195795,0.315651,0.530655,0.752401,1.285744,2.364110,3.442871,7.754811
2008-04-15,0.389277,Training,-0.259084,-0.038464,0.030171,0.156992,0.231817,0.417327,0.596316,0.984974,1.799474,2.616461,6.298062
2008-04-16,0.308178,Training,-0.419936,-0.144772,-0.078243,0.069775,0.164631,0.316068,0.508973,0.911672,1.999249,3.101354,8.098137
2008-04-17,0.275738,Training,-0.834673,-0.619994,-0.481368,-0.088663,0.384339,0.842830,1.331398,3.168903,8.181716,14.240000,29.243624
2008-04-18,1.167831,Training,-0.867518,-0.654432,-0.462022,0.128953,0.999966,1.736779,2.939488,6.578744,17.383205,32.260757,65.663551
2008-04-19,12.083803,Training,-0.894597,-0.653080,-0.339342,0.749443,2.862004,4.589188,7.121259,16.649641,39.739464,69.902397,116.807198
2008-04-20,11.418789,Training,-0.792218,-0.271039,0.382686,2.362148,5.922167,8.431669,13.005052,25.132404,54.447262,86.209373,153.923157
2008-04-21,8.337013,Training,-0.593195,0.121184,0.750513,2.479459,4.690492,6.257832,8.447641,13.926707,24.995066,34.071842,58.545795
2008-04-22,4.152287,Training,-0.551869,0.063161,0.414424,1.395001,2.396859,3.268115,4.202009,6.785100,11.208658,15.242800,27.028446
2008-04-23,2.643839,Training,-0.467005,0.115459,0.354550,1.061111,1.602244,2.248348,2.812801,4.362715,6.977068,9.522532,18.458920
2008-04-24,1.978824,Training,-0.390609,0.170613,0.364366,0.930177,1.253717,1.820221,2.199945,3.229273,4.984294,6.853863,13.990845
2008-04-25,1.476008,Training,-0.363966,0.168189,0.339534,0.812448,1.044855,1.541750,1.829742,2.606205,3.964786,5.434716,11.643600
2008-04-26,1.038072,Training,-0.340053,0.089456,0.220605,0.543526,0.690202,1.048420,1.271816,1.826777,2.852971,3.937166,8.911631
2008-04-27,0.778554,Training,-0.279452,0.036088,0.126745,0.318271,0.399186,0.640273,0.814692,1.201006,1.961423,2.751786,6.587046
2008-04-28,0.616355,Training,-0.132814,0.030772,0.084130,0.132086,0.188758,0.294429,0.429641,0.698476,1.234553,1.745207,4.531339
2008-04-29,0.502816,Training,-0.121990,-0.005773,0.038516,0.066491,0.121389,0.189435,0.297796,0.508664,0.937376,1.368141,3.719900
2008-04-30,0.437937,Training,-0.113895,-0.003632,0.030910,0.054834,0.105543,0.169143,0.270701,0.461918,0.860216,1.268790,3.560175
2008-05-01,0.373057,Training,-0.117894,-0.013471,0.017428,0.042821,0.094199,0.155650,0.254653,0.435756,0.810517,1.203529,3.400942
2008-05-02,0.324397,Training,-0.093514,-0.001206,0.015472,0.036284,0.067216,0.142807,0.221231,0.363895,0.675980,1.048098,3.106811
2008-05-03,0.291958,Training,-0.109420,-0.011697,0.005317,0.031908,0.059924,0.139251,0.211057,0.342543,0.637578,1.003545,3.014788
2008-05-04,0.259518,Training,-0.108250,-0.005578,0.011482,0.039748,0.070972,0.147490,0.223319,0.360887,0.652418,1.010128,3.004937
2008-05-05,0.243298,Training,-0.082886,0.002950,0.016747,0.034657,0.061919,0.131683,0.195984,0.314390,0.562733,0.892735,2.764254
2008-05-06,0.227078,Training,-0.068574,0.001522,0.010354,0.022093,0.048945,0.105666,0.157046,0.255168,0.472104,0.778268,2.548631
2008-05-07,0.227078,Training,-0.196970,-0.041523,-0.033494,-0.005085,0.030802,0.070801,0.131484,0.235455,0.557792,0.960968,3.364749
2008-05-08,0.210858,Training,-0.049459,0.006949,0.008083,0.017485,0.052263,0.080720,0.125781,0.218311,0.430206,0.720320,2.506299
2008-05-09,0.194638,Training,-0.150171,-0.040720,-0.026368,-0.006697,0.049191,0.047707,0.104751,0.203842,0.486419,0.811195,2.859957
2008-05-10,0.454156,Training,-0.081338,-0.019369,-0.014483,0.001162,0.048452,0.054023,0.099453,0.188473,0.402329,0.672108,2.386558
2008-05-11,1.930165,Training,-0.061078,-0.004278,-0.002855,0.008813,0.046920,0.063315,0.104352,0.185915,0.385251,0.653451,2.348291
2008-05-12,1.573327,Training,-0.069427,-0.007322,-0.008942,0.005006,0.041671,0.059574,0.100092,0.178649,0.381849,0.647943,2.347135
2008-05-13,0.519036,Training,-0.122357,-0.017184,-0.015677,0.001099,0.041117,0.050989,0.098385,0.181047,0.438777,0.740570,2.722303
2008-05-14,0.291958,Training,-0.084120,-0.013710,-0.010039,0.004514,0.047351,0.060192,0.105754,0.195240,0.417155,0.691747,2.469107
2008-05-15,0.259518,Training,-0.222907,-0.072056,-0.060995,-0.027521,0.034082,0.045284,0.114953,0.232658,0.572308,0.951984,3.335160
2008-05-16,0.356837,Training,-0.124633,-0.018743,-0.019143,0.004018,0.048261,0.072809,0.127665,0.234151,0.532948,0.877760,3.063201
2008-05-17,0.308178,Training,-0.082782,-0.026639,-0.022316,-0.004570,0.042956,0.076249,0.129143,0.235219,0.471803,0.775217,2.587624
2008-05-18,0.243298,Training,-0.214251,-0.071982,-0.063358,-0.030865,0.027947,0.042241,0.111210,0.226112,0.583803,0.964777,3.345078
2008-05-19,0.227078,Training,-0.103576,-0.026345,-0.024704,-0.002568,0.043084,0.069313,0.120401,0.225180,0.483033,0.786919,2.695547
2008-05-20,0.259518,Training,-0.170420,-0.041272,-0.036410,-0.011247,0.032352,0.058032,0.116631,0.221063,0.549076,0.918517,3.235720
2008-05-21,0.243298,Training,-0.103971,-0.018943,-0.020212,0.003173,0.036804,0.074710,0.120769,0.219107,0.482373,0.800101,2.773958
2008-05-22,0.210858,Training,-0.150624,-0.030604,-0.027963,-0.003631,0.031512,0.064112,0.115675,0.213666,0.522889,0.877924,3.091202
2008-05-23,0.243298,Training,-0.317416,-0.109575,-0.103251,-0.020283,0.044686,0.108476,0.187407,0.369185,0.882209,1.438392,4.801215
2008-05-24,0.437937,Training,-0.313017,-0.143055,-0.133012,-0.058314,0.022161,0.084343,0.201162,0.432372,1.098769,1.830754,5.851994
2008-05-25,0.859653,Training,-0.337315,-0.163914,-0.145832,-0.060238,0.024021,0.107670,0.247336,0.529500,1.377259,2.267235,6.955796
2008-05-26,1.054292,Training,-0.250622,-0.093475,-0.081067,-0.020554,0.043908,0.115594,0.221744,0.435516,1.063998,1.689161,5.247016
2008-05-27,0.940752,Training,-0.365085,-0.155810,-0.139527,-0.054210,0.020309,0.106398,0.232312,0.491304,1.278093,2.064304,6.405305
2008-05-28,0.859653,Training,-0.209163,-0.072280,-0.061285,0.001665,0.054895,0.143392,0.237997,0.449465,1.018950,1.581029,4.742701
2008-05-29,0.616355,Training,-0.312071,-0.111917,-0.102775,-0.033283,0.016484,0.104467,0.204511,0.404276,1.040293,1.695625,5.421553
2008-05-30,0.875873,Training,-0.340000,-0.141856,-0.127290,-0.043702,0.020109,0.106317,0.223842,0.464041,1.209142,1.948396,6.088409
2008-05-31,0.681235,Training,-0.195245,-0.074199,-0.058068,0.003936,0.053378,0.156109,0.251455,0.466661,0.995264,1.535535,4.456031
2008-06-01,0.583915,Training,-0.185433,-0.056009,-0.043483,0.005414,0.039196,0.121206,0.195124,0.356468,0.787251,1.230669,3.775765
2008-06-02,0.437937,Training,-0.172190,-0.057651,-0.045516,0.001487,0.034492,0.112864,0.185438,0.335113,0.713198,1.102354,3.373000
2008-06-03,0.356837,Training,-0.130715,-0.037929,-0.029640,0.000137,0.024116,0.091915,0.145337,0.255414,0.541492,0.878066,2.846097
2008-06-04,0.308178,Training,-0.118594,-0.032673,-0.025028,-0.000600,0.021285,0.080844,0.129219,0.223916,0.479108,0.793280,2.647217
2008-06-05,0.291958,Training,-0.124674,-0.035828,-0.026578,-0.000914,0.023991,0.077371,0.129657,0.226718,0.486910,0.798027,2.649492
2008-06-06,0.259518,Training,-0.104799,-0.030691,-0.024043,-0.004676,0.013478,0.062735,0.101903,0.172368,0.386174,0.674429,2.374465
2008-06-07,0.210858,Training,-0.115397,-0.037953,-0.030011,-0.007564,0.009248,0.058406,0.095897,0.158549,0.368278,0.653153,2.333055
2008-06-08,0.097319,Training,-0.101140,-0.033326,-0.026284,-0.008752,0.008600,0.049190,0.084496,0.140310,0.331407,0.601102,2.209668
2008-06-09,0.000000,Training,-0.105331,-0.035219,-0.028249,-0.008254,0.010736,0.048440,0.090306,0.151821,0.356130,0.628893,2.268025
2008-06-10,0.000000,Training,-0.115827,-0.040215,-0.032973,-0.008922,0.007692,0.049381,0.091929,0.149503,0.351664,0.623603,2.246341
2008-06-11,0.000000,Training,-0.097653,-0.035010,-0.027251,-0.011805,0.007092,0.037404,0.067710,0.111184,0.274846,0.520099,2.019808
2008-06-12,0.000000,Training,-0.096089,-0.035946,-0.026224,-0.012319,0.007360,0.031840,0.057279,0.093158,0.240791,0.472749,1.920673
2008-06-13,0.000000,Training,-0.094783,-0.036584,-0.025291,-0.012057,0.007607,0.028232,0.050654,0.081376,0.218301,0.441465,1.852985
2008-06-14,0.000000,Training,-0.089692,-0.036043,-0.025434,-0.013313,0.004616,0.024375,0.046831,0.075265,0.209028,0.430389,1.824780
2008-06-15,0.000000,Training,-0.076077,-0.026427,-0.017121,-0.007931,0.009949,0.021884,0.042706,0.071710,0.199458,0.413519,1.790197
2008-06-16,0.000000,Training,-0.149210,-0.044787,-0.034013,-0.016698,0.003088,0.005905,0.036568,0.066923,0.260923,0.520568,2.220086
2008-06-17,0.000000,Training,-0.073853,-0.030701,-0.020695,-0.011607,0.007705,0.020944,0.043020,0.073795,0.194304,0.405038,1.756290
2008-06-18,0.000000,Training,-0.079099,-0.034464,-0.021225,-0.012100,0.007687,0.020332,0.037830,0.062051,0.167755,0.369168,1.656323
2008-06-19,0.000000,Training,-0.084588,-0.035989,-0.025567,-0.015339,0.003023,0.015782,0.031371,0.050570,0.154245,0.351368,1.623406
2008-06-20,0.000000,Training,-0.095947,-0.041604,-0.026547,-0.014861,0.002632,0.016459,0.029552,0.044720,0.144287,0.338266,1.603428
2008-06-21,0.000000,Training,-0.098944,-0.043589,-0.026463,-0.014238,0.001868,0.015913,0.027256,0.040912,0.137929,0.330325,1.587289
2008-06-22,0.000000,Training,-0.097457,-0.043864,-0.026786,-0.015753,-0.000102,0.013585,0.024783,0.038154,0.133119,0.324421,1.572051
2008-06-23,0.000000,Training,-0.095954,-0.036463,-0.022552,-0.011965,0.000940,0.011691,0.022220,0.036937,0.141370,0.338212,1.628291
2008-06-24,0.000000,Training,-0.083799,-0.039083,-0.024629,-0.017665,-0.003484,0.007730,0.019539,0.034900,0.126216,0.315320,1.538181
2008-06-25,0.000000,Training,-0.100661,-0.047541,-0.028959,-0.018975,-0.005044,0.007942,0.017017,0.027423,0.116412,0.303510,1.517589
2008-06-26,0.000000,Training,-0.105735,-0.050435,-0.031031,-0.019938,-0.006164,0.007086,0.014810,0.024119,0.110938,0.296275,1.499568
2008-06-27,0.000000,Training,-0.108651,-0.052869,-0.032566,-0.021034,-0.007716,0.006150,0.012940,0.021695,0.107064,0.292134,1.487970
2008-06-28,0.000000,Training,-0.113049,-0.055908,-0.033603,-0.020147,-0.008212,0.006632,0.011042,0.018486,0.102113,0.286636,1.471612
2008-06-29,0.000000,Training,-0.111875,-0.056270,-0.034708,-0.023100,-0.010922,0.003093,0.008118,0.015494,0.096967,0.280102,1.456353
2008-06-30,0.000000,Training,-0.107242,-0.054784,-0.035067,-0.026253,-0.013667,-0.000745,0.005502,0.013201,0.092527,0.274195,1.439886
2008-07-01,0.000000,Training,-0.099779,-0.051269,-0.033640,-0.026943,-0.014947,-0.003438,0.003232,0.012015,0.090171,0.271159,1.426776
2008-07-02,0.000000,Training,-0.094877,-0.046136,-0.030005,-0.024334,-0.012058,-0.003364,0.004810,0.017801,0.098952,0.279928,1.447861
2008-07-03,0.000000,Training,-0.093683,-0.047769,-0.031348,-0.026551,-0.013650,-0.005350,0.003535,0.016965,0.095872,0.274955,1.428294
2008-07-04,0.000000,Training,-0.098513,-0.053469,-0.037196,-0.031484,-0.021989,-0.010391,-0.003668,0.002785,0.082055,0.264044,1.408145
2008-07-05,0.000000,Training,-0.101044,-0.054319,-0.036243,-0.031355,-0.018712,-0.009120,-0.003427,0.003499,0.072163,0.245943,1.355358
2008-07-06,0.000000,Training,-0.096949,-0.050151,-0.032381,-0.028661,-0.013565,-0.007596,0.001065,0.015043,0.085613,0.257467,1.378438
2008-07-07,0.000000,Training,-0.098165,-0.051555,-0.033647,-0.029965,-0.015452,-0.008834,-0.001062,0.011869,0.080186,0.251387,1.362345
2008-07-08,0.000000,Training,-0.102003,-0.056404,-0.038070,-0.034059,-0.021738,-0.012404,-0.007748,-0.000703,0.062538,0.233343,1.318950
2008-07-09,0.000000,Training,-0.105594,-0.058913,-0.039952,-0.035725,-0.023528,-0.013792,-0.010044,-0.004576,0.056390,0.225979,1.301691
2008-07-10,0.000000,Training,-0.105388,-0.059165,-0.040380,-0.036517,-0.024233,-0.014827,-0.011185,-0.005479,0.053908,0.222463,1.291434
2008-07-11,0.000000,Training,-0.122429,-0.054750,-0.036970,-0.029609,-0.019857,-0.013951,-0.012063,-0.006339,0.070597,0.248263,1.402119
2008-07-12,0.000000,Training,-0.104019,-0.058006,-0.039617,-0.035858,-0.022027,-0.014313,-0.008570,0.002348,0.062481,0.230369,1.308322
2008-07-13,0.000000,Training,-0.108256,-0.063118,-0.043757,-0.039698,-0.027352,-0.017608,-0.014137,-0.008100,0.048850,0.216925,1.273557
2008-07-14,0.000000,Training,-0.120439,-0.069500,-0.048430,-0.042218,-0.029257,-0.019079,-0.017554,-0.015458,0.038260,0.202801,1.245161
2008-07-15,0.000000,Training,-0.126400,-0.070272,-0.048165,-0.040324,-0.028303,-0.018198,-0.018319,-0.016898,0.037973,0.203234,1.255833
2008-07-16,0.000000,Training,-0.124270,-0.072685,-0.049978,-0.043090,-0.030159,-0.019612,-0.019117,-0.017119,0.033680,0.197204,1.231797
2008-07-17,0.000000,Training,-0.127896,-0.075349,-0.051048,-0.042796,-0.030230,-0.019306,-0.019987,-0.018770,0.031006,0.194119,1.222425
2008-07-18,0.000000,Training,-0.130574,-0.077292,-0.051610,-0.041480,-0.029636,-0.018172,-0.020534,-0.020069,0.028563,0.191150,1.212282
2008-07-19,0.000000,Training,-0.130181,-0.077834,-0.052519,-0.043232,-0.030724,-0.020066,-0.021662,-0.020942,0.026271,0.188034,1.205107
2008-07-20,0.000000,Training,-0.124884,-0.075184,-0.052301,-0.045848,-0.032244,-0.023594,-0.023036,-0.021366,0.024564,0.185139,1.199595
2008-07-21,0.000000,Training,-0.126431,-0.076814,-0.052919,-0.046120,-0.032569,-0.024513,-0.024415,-0.024077,0.019835,0.178669,1.183109
2008-07-22,0.000000,Training,-0.128080,-0.077935,-0.053109,-0.045511,-0.032246,-0.024655,-0.025383,-0.025863,0.016515,0.174191,1.172044
2008-07-23,0.000000,Training,-0.119232,-0.074053,-0.052170,-0.047233,-0.033320,-0.027447,-0.026315,-0.024777,0.016165,0.173345,1.166139
2008-07-24,0.000000,Training,-0.113446,-0.069830,-0.049509,-0.045849,-0.030803,-0.027164,-0.024139,-0.019417,0.021063,0.176783,1.171117
2008-07-25,0.000000,Training,-0.129679,-0.066301,-0.046715,-0.039622,-0.027346,-0.027057,-0.026569,-0.024492,0.029855,0.192453,1.253200
2008-07-26,0.000000,Training,-0.119685,-0.071064,-0.051083,-0.045280,-0.031679,-0.028309,-0.027065,-0.024629,0.017789,0.175550,1.181504
2008-07-27,0.000000,Training,-0.117121,-0.074221,-0.053433,-0.048703,-0.033936,-0.030148,-0.027992,-0.025831,0.012032,0.167757,1.149258
2008-07-28,0.000000,Training,-0.120403,-0.073108,-0.053675,-0.047844,-0.032828,-0.030484,-0.028841,-0.027102,0.011206,0.165783,1.150386
2008-07-29,0.000000,Training,-0.116974,-0.072340,-0.052940,-0.048214,-0.031620,-0.030427,-0.027404,-0.023502,0.011192,0.163023,1.136835
2008-07-30,0.000000,Training,-0.117307,-0.073861,-0.053906,-0.049130,-0.033309,-0.031828,-0.029371,-0.028020,0.004827,0.156372,1.121365
2008-07-31,0.000000,Training,-0.117960,-0.074436,-0.054294,-0.049294,-0.033564,-0.032472,-0.030383,-0.029903,0.001694,0.152606,1.113011
2008-08-01,0.000000,Training,-0.116801,-0.073276,-0.053442,-0.048702,-0.032205,-0.032150,-0.029342,-0.027781,0.002570,0.152378,1.111796
2008-08-02,0.000000,Training,-0.124693,-0.078919,-0.056524,-0.049693,-0.034113,-0.032723,-0.032159,-0.034815,-0.006032,0.143748,1.093246
2008-08-03,0.000000,Training,-0.130085,-0.081891,-0.057510,-0.048356,-0.033113,-0.030918,-0.031646,-0.035641,-0.007457,0.142377,1.090588
2008-08-04,0.000000,Training,-0.131053,-0.082956,-0.058382,-0.048491,-0.033120,-0.030713,-0.031582,-0.035567,-0.008043,0.142203,1.089206
2008-08-05,0.000000,Training,-0.128831,-0.082330,-0.059048,-0.050103,-0.034063,-0.032598,-0.032414,-0.035846,-0.009255,0.140812,1.085595
2008-08-06,0.000000,Training,-0.121331,-0.078716,-0.057984,-0.051036,-0.034462,-0.034720,-0.033086,-0.034976,-0.009741,0.139422,1.078961
2008-08-07,0.000000,Training,-0.118641,-0.075592,-0.055977,-0.049776,-0.031919,-0.034220,-0.031088,-0.031195,-0.007094,0.140009,1.080418
2008-08-08,0.000000,Training,-0.118675,-0.076054,-0.056322,-0.049946,-0.032297,-0.034896,-0.032170,-0.033585,-0.010801,0.135620,1.069706
2008-08-09,0.000000,Training,-0.123351,-0.079946,-0.058235,-0.050077,-0.033390,-0.034949,-0.034033,-0.038370,-0.016397,0.130576,1.057549
2008-08-10,0.000000,Training,-0.121246,-0.078910,-0.058187,-0.050414,-0.033205,-0.035507,-0.033954,-0.037633,-0.016535,0.130053,1.055622
2008-08-11,0.000000,Training,-0.120939,-0.076902,-0.057352,-0.049478,-0.031651,-0.035237,-0.032953,-0.035651,-0.013902,0.132606,1.065570
2008-08-12,0.000000,Training,-0.145140,-0.073717,-0.055233,-0.043767,-0.026244,-0.035770,-0.033333,-0.036415,0.005282,0.161911,1.194533
2008-08-13,0.000000,Training,-0.120223,-0.077208,-0.058860,-0.050110,-0.029717,-0.033226,-0.027753,-0.025868,-0.003497,0.144891,1.092041
2008-08-14,0.000000,Training,-0.120934,-0.077484,-0.058800,-0.050080,-0.028788,-0.033467,-0.027037,-0.024836,-0.002015,0.145844,1.092197
2008-08-15,0.000000,Training,-0.123282,-0.078544,-0.061368,-0.051512,-0.030501,-0.035104,-0.030436,-0.031218,-0.011329,0.134213,1.064076
2008-08-16,0.000000,Training,-0.142996,-0.074100,-0.057243,-0.043995,-0.024407,-0.033986,-0.030586,-0.032297,0.004153,0.158160,1.173592
2008-08-17,0.000000,Training,-0.122839,-0.079213,-0.061597,-0.051023,-0.029807,-0.033422,-0.028558,-0.027997,-0.008404,0.139502,1.076839
2008-08-18,0.000000,Training,-0.123260,-0.080514,-0.061953,-0.051414,-0.030634,-0.034145,-0.029810,-0.030960,-0.011693,0.136278,1.066786
2008-08-19,0.000000,Training,-0.124129,-0.078696,-0.061795,-0.050928,-0.028340,-0.034242,-0.029148,-0.029336,-0.011928,0.132372,1.058034
2008-08-20,0.000000,Training,-0.123396,-0.079269,-0.061389,-0.050670,-0.028994,-0.034555,-0.030602,-0.032270,-0.016559,0.127666,1.046117
2008-08-21,0.000000,Training,-0.123237,-0.080014,-0.061375,-0.050437,-0.029382,-0.034579,-0.031441,-0.034236,-0.019144,0.125402,1.039761
2008-08-22,0.000000,Training,-0.122617,-0.078982,-0.060469,-0.049659,-0.027862,-0.033936,-0.030226,-0.032179,-0.017829,0.125868,1.040840
2008-08-23,0.000000,Training,-0.122953,-0.080135,-0.060942,-0.049668,-0.028477,-0.034039,-0.031201,-0.034299,-0.020371,0.123776,1.034286
2008-08-24,0.000000,Training,-0.122897,-0.079907,-0.060812,-0.049443,-0.027732,-0.033736,-0.030530,-0.033179,-0.019657,0.124130,1.034822
2008-08-25,0.000000,Training,-0.123223,-0.079794,-0.060727,-0.049089,-0.027154,-0.033428,-0.030132,-0.032658,-0.019128,0.124672,1.036562
2008-08-26,0.000000,Training,-0.123483,-0.081087,-0.061389,-0.049304,-0.027802,-0.033538,-0.030801,-0.034064,-0.020661,0.123729,1.032403
2008-08-27,0.000000,Training,-0.123908,-0.081774,-0.061652,-0.049117,-0.027823,-0.033355,-0.030955,-0.034530,-0.021012,0.123819,1.031839
2008-08-28,0.000000,Training,-0.125718,-0.083523,-0.061457,-0.047321,-0.027038,-0.031457,-0.030493,-0.034931,-0.020821,0.125278,1.032668
2008-08-29,0.000000,Training,-0.125987,-0.081794,-0.061738,-0.048096,-0.026834,-0.032773,-0.030642,-0.034051,-0.018752,0.127232,1.044138
2008-08-30,0.000000,Training,-0.126073,-0.079603,-0.061166,-0.048024,-0.024634,-0.032461,-0.028048,-0.028892,-0.012858,0.132099,1.060258
2008-08-31,0.000000,Training,-0.124460,-0.081322,-0.062229,-0.049548,-0.025968,-0.032766,-0.027714,-0.029265,-0.015081,0.129568,1.048344
2008-09-01,0.000000,Training,-0.124726,-0.082520,-0.062931,-0.049930,-0.026876,-0.032895,-0.028442,-0.030780,-0.016409,0.128977,1.045184
2008-09-02,0.000000,Training,-0.124546,-0.080637,-0.061920,-0.049336,-0.024470,-0.032393,-0.026166,-0.026077,-0.011586,0.132359,1.055437
2008-09-03,0.000000,Training,-0.124513,-0.079846,-0.061450,-0.049008,-0.023322,-0.032099,-0.025063,-0.023611,-0.008454,0.135272,1.063457
2008-09-04,0.000000,Training,-0.132480,-0.078393,-0.060093,-0.045023,-0.022373,-0.030243,-0.025712,-0.027179,-0.004503,0.144907,1.108356
2008-09-05,0.000000,Training,-0.258640,-0.137045,-0.119967,-0.081885,-0.043299,-0.046436,-0.027103,-0.017612,0.047078,0.253972,1.463318
2008-09-06,0.000000,Training,-0.163843,-0.092661,-0.079126,-0.050758,-0.020579,-0.013750,0.001348,0.020097,0.088272,0.291179,1.501681
2008-09-07,0.000000,Training,-0.139017,-0.095030,-0.079677,-0.057066,-0.027745,-0.015679,-0.001270,0.015710,0.060768,0.242342,1.305334
2008-09-08,0.000000,Training,-0.136005,-0.088922,-0.074229,-0.056624,-0.032165,-0.028561,-0.021123,-0.017796,0.009311,0.169388,1.143947
2008-09-09,0.000000,Training,-0.136425,-0.087247,-0.071924,-0.054731,-0.032550,-0.030051,-0.026348,-0.026622,-0.002988,0.153138,1.107516
2008-09-10,0.000000,Training,-0.132610,-0.085619,-0.067728,-0.052303,-0.031573,-0.029928,-0.027686,-0.028512,-0.008109,0.146138,1.089728
2008-09-11,0.000000,Training,-0.131258,-0.080117,-0.063552,-0.050234,-0.025061,-0.029692,-0.022907,-0.017469,0.003421,0.153120,1.113393
2008-09-12,0.000000,Training,-0.128913,-0.080251,-0.063199,-0.051303,-0.024163,-0.030651,-0.022073,-0.014206,0.005680,0.153248,1.107333
2008-09-13,0.000000,Training,-0.127822,-0.080781,-0.062844,-0.050254,-0.026832,-0.028671,-0.023257,-0.018752,0.000099,0.150641,1.099468
2008-09-14,0.000000,Training,-0.127305,-0.081687,-0.062581,-0.049810,-0.028435,-0.028332,-0.025085,-0.022730,-0.004261,0.147384,1.089319
2008-09-15,0.000000,Training,-0.126833,-0.081266,-0.061807,-0.049403,-0.028234,-0.028267,-0.025325,-0.022844,-0.004737,0.146444,1.086728
2008-09-16,0.000000,Training,-0.126913,-0.078254,-0.060189,-0.049043,-0.024343,-0.028486,-0.022099,-0.014896,0.003971,0.152114,1.103342
2008-09-17,0.000000,Training,-0.126641,-0.078952,-0.060357,-0.048942,-0.025840,-0.027686,-0.022759,-0.016788,0.002064,0.151816,1.100781
2008-09-18,0.000000,Training,-0.126720,-0.079230,-0.060264,-0.048757,-0.026475,-0.027243,-0.022997,-0.017343,0.002284,0.153143,1.103618
2008-09-19,0.000000,Training,-0.126192,-0.080640,-0.060346,-0.048488,-0.028220,-0.026787,-0.024602,-0.020706,-0.000766,0.151806,1.096945
2008-09-20,0.000000,Training,-0.230274,-0.120934,-0.099077,-0.072731,-0.047303,-0.047294,-0.038414,-0.035589,0.034146,0.238330,1.430083
2008-09-21,0.000000,Training,-0.299643,-0.166353,-0.155464,-0.090707,-0.044259,-0.005797,0.025202,0.070710,0.212931,0.534770,2.216496
2008-09-22,0.000000,Training,-0.236662,-0.137038,-0.135516,-0.081234,-0.030117,0.011248,0.064231,0.123848,0.335744,0.698720,2.698676
2008-09-23,0.000000,Training,-0.157729,-0.100556,-0.098106,-0.057110,-0.030894,0.018710,0.040883,0.083773,0.212794,0.476893,1.935120
2008-09-24,0.000000,Training,-0.149698,-0.092847,-0.082124,-0.059025,-0.035316,-0.009753,0.000472,0.023834,0.088495,0.280948,1.420544
2008-09-25,0.000000,Training,-0.142856,-0.086781,-0.073262,-0.056838,-0.037933,-0.018758,-0.014293,-0.001736,0.043327,0.217884,1.265736
2008-09-26,0.000000,Training,-0.137308,-0.083167,-0.066793,-0.053738,-0.035847,-0.020158,-0.017314,-0.005588,0.032692,0.201713,1.226389
2008-09-27,0.000000,Training,-0.167566,-0.080354,-0.063307,-0.047523,-0.030930,-0.022807,-0.020668,-0.010660,0.053231,0.236391,1.395406
2008-09-28,0.000000,Training,-0.294351,-0.152321,-0.140775,-0.085782,-0.044812,-0.008264,0.014538,0.061097,0.195750,0.488408,2.102968
2008-09-29,0.000000,Training,-0.162624,-0.100952,-0.094133,-0.056187,-0.028279,0.023730,0.041721,0.095482,0.218427,0.493756,1.962859
2008-09-30,0.000000,Training,-0.147720,-0.092915,-0.081164,-0.056579,-0.036468,0.007678,0.017147,0.052251,0.136768,0.357528,1.593237
2008-10-01,0.000000,Training,-0.142442,-0.082616,-0.069211,-0.054230,-0.036144,-0.011638,-0.006588,0.015531,0.071270,0.254325,1.357854
2008-10-02,0.000000,Training,-0.140888,-0.080368,-0.065293,-0.055095,-0.032127,-0.018790,-0.010831,0.014530,0.066889,0.239096,1.320681
2008-10-03,0.000000,Training,-0.141972,-0.082783,-0.065698,-0.057666,-0.030864,-0.025400,-0.015551,0.011882,0.063726,0.230418,1.297631
2008-10-04,0.000000,Training,-0.135016,-0.076104,-0.059076,-0.051479,-0.029294,-0.018448,-0.011459,0.014803,0.064152,0.233324,1.303892
2008-10-05,0.000000,Training,-0.132188,-0.074047,-0.056479,-0.048997,-0.029394,-0.016104,-0.010825,0.014309,0.062775,0.233314,1.303208
2008-10-06,0.000000,Training,-0.131198,-0.073839,-0.055776,-0.048142,-0.030353,-0.015632,-0.011439,0.012626,0.061469,0.233288,1.303683
2008-10-07,0.000000,Training,-0.282291,-0.141233,-0.125514,-0.085228,-0.046501,-0.025468,-0.003183,0.044932,0.178962,0.440575,1.975788
2008-10-08,0.000000,Training,-0.156749,-0.106773,-0.096895,-0.069809,-0.036394,0.000252,0.024896,0.087044,0.217850,0.477215,1.891716
2008-10-09,0.000000,Training,-0.144291,-0.089602,-0.075076,-0.057502,-0.034689,0.002778,0.019932,0.066649,0.177863,0.405650,1.722721
2008-10-10,0.000000,Training,-0.139439,-0.083744,-0.065425,-0.051091,-0.035795,-0.005177,-0.002326,0.024393,0.093909,0.287646,1.429523
2008-10-11,0.000000,Training,-0.270907,-0.136887,-0.118385,-0.084290,-0.053869,-0.021726,-0.006004,0.034009,0.164760,0.428474,1.942658
2008-10-12,0.000000,Training,-0.269336,-0.147557,-0.139053,-0.093802,-0.043474,0.002590,0.046817,0.129648,0.350968,0.708534,2.739145
2008-10-13,0.000000,Training,-0.163979,-0.103092,-0.092926,-0.056562,-0.021478,0.040209,0.067982,0.151279,0.323690,0.621276,2.260835
2008-10-14,0.000000,Training,-0.152184,-0.092227,-0.075814,-0.055968,-0.034224,0.008650,0.018482,0.066633,0.168364,0.390134,1.676368
2008-10-15,0.000000,Training,-0.145433,-0.083897,-0.066271,-0.052342,-0.037102,-0.002693,0.000124,0.033236,0.113649,0.312439,1.495429
2008-10-16,0.000000,Training,-0.140203,-0.080196,-0.060683,-0.049765,-0.036078,-0.004562,-0.000094,0.031449,0.111511,0.308187,1.491990
2008-10-17,0.000000,Training,-0.147980,-0.072395,-0.050499,-0.039251,-0.022737,0.000135,0.001321,0.035101,0.114059,0.303957,1.506617
2008-10-18,0.000000,Training,-0.165479,-0.075540,-0.053197,-0.040751,-0.020388,-0.002869,0.002343,0.040446,0.139225,0.339400,1.637378
2008-10-19,0.000000,Training,-0.137834,-0.076957,-0.054649,-0.043511,-0.023493,0.004341,0.009652,0.051716,0.130808,0.327174,1.528941
2008-10-20,0.000000,Training,-0.139120,-0.074323,-0.051181,-0.039188,-0.023188,0.006488,0.007967,0.045162,0.125419,0.321355,1.520842
2008-10-21,0.000000,Training,-0.178359,-0.078508,-0.057140,-0.041553,-0.021562,-0.001171,0.003095,0.040937,0.151740,0.360602,1.708736
2008-10-22,0.000000,Training,-0.269534,-0.153175,-0.127405,-0.098659,-0.050035,-0.043131,-0.017579,0.047399,0.212212,0.470186,2.018575
2008-10-23,0.000000,Training,-0.155515,-0.097809,-0.080218,-0.055921,-0.021675,0.021414,0.040667,0.115108,0.250744,0.503622,1.942142
2008-10-24,0.000000,Training,-0.153759,-0.089898,-0.070535,-0.052251,-0.024812,0.011979,0.024720,0.083703,0.202346,0.424090,1.753186
2008-10-25,0.000000,Training,-0.151368,-0.084463,-0.065758,-0.048995,-0.028466,0.008266,0.017172,0.067685,0.180207,0.391869,1.694361
2008-10-26,0.000000,Training,-0.139330,-0.076087,-0.051645,-0.039304,-0.019500,0.012180,0.015325,0.060639,0.147065,0.341899,1.555259
2008-10-27,0.000000,Training,-0.231444,-0.105759,-0.080898,-0.058749,-0.029297,-0.004063,0.010937,0.064074,0.219526,0.469054,2.054006
2008-10-28,0.000000,Training,-0.208089,-0.131089,-0.101991,-0.071508,-0.031168,-0.013841,0.003050,0.079542,0.241131,0.491539,1.962158
2008-10-29,0.000000,Training,-0.202242,-0.147154,-0.114035,-0.086112,-0.047138,-0.024300,-0.005055,0.070068,0.229991,0.470964,1.852439
2008-10-30,0.000000,Training,-0.278557,-0.161577,-0.133873,-0.097138,-0.049153,-0.034719,-0.007927,0.069821,0.286033,0.571295,2.297031
2008-10-31,0.000000,Training,-0.391647,-0.248959,-0.236224,-0.131210,-0.047896,0.001645,0.084201,0.276408,0.814366,1.390550,4.844103
2008-11-01,0.000000,Training,-0.269079,-0.193909,-0.171682,-0.077676,0.001929,0.071001,0.154027,0.365276,0.877447,1.399124,4.295799
2008-11-02,0.000000,Training,-0.231114,-0.148525,-0.121442,-0.068827,-0.018251,0.043948,0.087611,0.233662,0.554069,0.891409,2.955727
2008-11-03,0.000000,Training,-0.226890,-0.125026,-0.096601,-0.055406,-0.014513,0.038822,0.067677,0.189451,0.466353,0.752674,2.630885
2008-11-04,0.000000,Training,-0.277534,-0.146460,-0.114398,-0.070593,-0.026041,0.016468,0.048928,0.168280,0.490870,0.824852,2.980147
2008-11-05,0.000000,Training,-0.206860,-0.125866,-0.099092,-0.055868,-0.011049,0.046467,0.076716,0.204682,0.470513,0.792406,2.677369
2008-11-06,0.000000,Training,-0.210095,-0.136771,-0.102366,-0.065903,-0.025508,0.020109,0.043935,0.151402,0.370300,0.647137,2.278500
2008-11-07,0.000000,Training,-0.353940,-0.200185,-0.178243,-0.105695,-0.050200,0.003201,0.053284,0.203278,0.612144,1.055154,3.747904
2008-11-08,0.000000,Training,-0.251035,-0.181786,-0.155433,-0.080476,-0.020123,0.053428,0.111033,0.293127,0.693820,1.144627,3.536463
2008-11-09,0.000000,Training,-0.226159,-0.145006,-0.114477,-0.060047,-0.014808,0.057164,0.105984,0.258164,0.596861,0.965331,3.107214
2008-11-10,0.000000,Training,-0.198103,-0.113035,-0.084884,-0.045941,-0.006932,0.049617,0.082539,0.200784,0.452589,0.738208,2.561185
2008-11-11,0.000000,Training,-0.185315,-0.104906,-0.075040,-0.043606,-0.007478,0.041129,0.068166,0.171650,0.384130,0.648280,2.317937
2008-11-12,0.000000,Training,-0.205280,-0.130228,-0.093485,-0.060057,-0.021906,0.014220,0.037216,0.133257,0.326367,0.576571,2.098892
2008-11-13,0.000000,Training,-0.206224,-0.131787,-0.095916,-0.061179,-0.022246,0.011013,0.035118,0.129693,0.320848,0.570450,2.081082
2008-11-14,0.000000,Training,-0.214357,-0.139177,-0.104047,-0.065100,-0.024883,0.007902,0.036618,0.132953,0.339515,0.597065,2.144045
2008-11-15,0.000000,Training,-0.206225,-0.134505,-0.097842,-0.062546,-0.019263,0.006480,0.032191,0.122349,0.302076,0.539149,1.991083
2008-11-16,0.000000,Training,-0.203723,-0.131214,-0.096321,-0.058735,-0.016966,0.009013,0.037116,0.123950,0.304655,0.543871,2.001199
2008-11-17,0.000000,Training,-0.205621,-0.127995,-0.096823,-0.055301,-0.012940,0.016068,0.050220,0.138630,0.335841,0.583292,2.098437
2008-11-18,0.000000,Training,-0.199265,-0.126782,-0.093408,-0.055824,-0.013172,0.008454,0.039088,0.120063,0.298881,0.533709,1.975057
2008-11-19,0.000000,Training,-0.178255,-0.110012,-0.077883,-0.048742,-0.004393,0.011187,0.037948,0.114525,0.272820,0.494638,1.887468
2008-11-20,0.000000,Training,-0.182245,-0.112912,-0.080188,-0.049520,-0.004981,0.010202,0.037934,0.114631,0.276581,0.500223,1.894736
2008-11-21,0.000000,Training,-0.182100,-0.111167,-0.079513,-0.047930,-0.002936,0.012707,0.042516,0.120026,0.287607,0.513866,1.927744
2008-11-22,0.000000,Training,-0.177913,-0.104054,-0.075141,-0.043241,0.001787,0.020365,0.053885,0.132619,0.309230,0.539996,1.999540
2008-11-23,0.000000,Training,-0.170154,-0.100559,-0.070447,-0.042286,0.002934,0.017218,0.047730,0.122508,0.286189,0.510110,1.929175
2008-11-24,0.000000,Training,-0.196636,-0.113936,-0.080101,-0.045661,-0.000613,0.010620,0.041252,0.118263,0.305002,0.539335,2.024017
2008-11-25,0.000000,Training,-0.216718,-0.133916,-0.096926,-0.058839,-0.010941,0.002271,0.038394,0.119950,0.323216,0.549939,2.050919
2008-11-26,0.000000,Training,-0.218345,-0.143020,-0.111742,-0.081125,-0.034005,-0.020142,0.006121,0.093473,0.268316,0.471933,1.877545
2008-11-27,0.000000,Training,-0.210471,-0.137557,-0.101230,-0.068903,-0.017125,-0.007265,0.025925,0.110016,0.296740,0.504907,1.941642
2008-11-28,0.000000,Training,-0.390856,-0.231641,-0.195076,-0.109739,-0.035352,-0.003462,0.068242,0.225461,0.684003,1.090025,3.803586
2008-11-29,0.000000,Training,-0.639068,-0.490464,-0.460147,-0.274997,-0.152942,-0.055622,0.151437,0.637065,2.381557,4.076006,13.504130
2008-11-30,0.000000,Training,-0.510121,-0.358724,-0.308808,-0.133706,-0.013472,0.117046,0.326452,0.875328,2.520248,3.976294,11.954318
2008-12-01,0.000000,Training,-0.474731,-0.303489,-0.276614,-0.162707,-0.088591,0.024221,0.149550,0.531725,1.601115,2.466540,8.050141
2008-12-02,0.000000,Training,-0.407442,-0.263227,-0.236855,-0.141844,-0.078367,0.048267,0.156386,0.515357,1.395855,2.065745,6.418623
2008-12-03,0.000000,Training,-0.509871,-0.314105,-0.252183,-0.119800,-0.024824,0.086624,0.254023,0.679153,2.076164,3.142502,9.901134
2008-12-04,0.000000,Training,-0.386206,-0.232695,-0.171924,-0.029920,0.065530,0.201419,0.366264,0.824125,2.115396,3.205957,9.274596
2008-12-05,0.000000,Training,-0.275547,-0.138457,-0.098567,-0.011614,0.051094,0.162516,0.272299,0.567482,1.347593,2.014419,6.176399
2008-12-06,0.000000,Training,-0.273074,-0.133624,-0.098311,-0.021734,0.034255,0.120256,0.209218,0.449828,1.096179,1.652243,5.237609
2008-12-07,0.000000,Training,-0.480060,-0.283791,-0.250682,-0.108964,-0.013346,0.109758,0.268204,0.689607,2.011069,3.257047,10.688395
2008-12-08,0.000000,Training,-0.336360,-0.220209,-0.170351,-0.039265,0.060135,0.197515,0.359589,0.791248,1.907423,2.962246,8.295957
2008-12-09,0.000000,Training,-0.290473,-0.166833,-0.121433,-0.037478,0.033925,0.145892,0.259439,0.563332,1.311838,1.975720,5.683934
2008-12-10,0.000000,Training,-0.277270,-0.158425,-0.117428,-0.048480,0.014535,0.097285,0.186255,0.422285,0.995589,1.452730,4.354476
2008-12-11,0.000000,Training,-0.329103,-0.175616,-0.135415,-0.064461,-0.005201,0.074815,0.156751,0.399321,1.028582,1.528552,4.738751
2008-12-12,0.000000,Training,-0.416410,-0.232470,-0.183573,-0.083975,-0.002108,0.096123,0.220054,0.551852,1.505490,2.287016,6.937798
2008-12-13,0.000000,Training,-0.847519,-0.701632,-0.612995,-0.331483,-0.038069,0.273658,0.660268,2.175164,7.372582,13.673518,35.155201
2008-12-14,0.000000,Training,-0.861246,-0.660881,-0.465937,0.051978,0.731160,1.370408,2.322823,5.761782,16.189030,28.070715,66.807678
2008-12-15,0.000000,Training,-0.753382,-0.488645,-0.306933,0.121187,0.555162,1.085929,1.631864,3.777949,9.072314,14.054552,33.156136
2008-12-16,0.000000,Training,-0.669031,-0.348126,-0.141149,0.296700,0.716714,1.227235,1.744424,3.631586,7.882851,11.298582,25.365599
2008-12-17,0.000000,Training,-0.445227,-0.250553,-0.170525,-0.012206,0.105534,0.287996,0.481479,1.086071,2.547058,3.637917,9.621199
2008-12-18,0.000000,Training,-0.304448,-0.162701,-0.116801,-0.040203,0.029066,0.141142,0.250901,0.578460,1.330254,1.909123,5.515666
2008-12-19,0.000000,Training,-0.263746,-0.128379,-0.081054,-0.014867,0.050263,0.157130,0.262848,0.560005,1.243528,1.795204,5.160805
2008-12-20,0.000000,Training,-0.225657,-0.104973,-0.064647,-0.008013,0.051585,0.146684,0.240599,0.497968,1.078382,1.600099,4.637356
2008-12-21,0.000000,Training,-0.219603,-0.081424,-0.039649,0.024733,0.083249,0.198613,0.305334,0.606658,1.275775,1.878041,5.267954
2008-12-22,0.000000,Training,-0.197672,-0.089889,-0.056039,-0.008500,0.048667,0.131120,0.216258,0.441690,0.944997,1.425135,4.188671
2008-12-23,,,-0.444407,0.108221,0.613104,1.304212,2.103660,3.378747,4.758551,9.599000,23.818180,37.988976,95.898720
2008-12-24,0.000000,Training,-0.218047,-0.113634,-0.073803,-0.027029,0.034017,0.107767,0.194868,0.411011,0.910991,1.356462,4.009336
2008-12-25,,,-0.483246,0.075161,0.606269,1.367342,2.263511,3.631907,5.132401,10.381221,25.503441,40.640400,100.561806
2008-12-26,0.000000,Training,-0.225183,-0.126938,-0.093501,-0.053619,0.007722,0.068353,0.142157,0.338250,0.781015,1.165462,3.616906
2008-12-27,0.000000,Training,-0.483074,-0.279501,-0.228605,-0.109425,0.006647,0.117403,0.289401,0.721175,2.011188,3.143617,9.626573
2008-12-28,0.000000,Training,-0.413304,-0.246388,-0.177297,-0.006719,0.140009,0.325614,0.571111,1.260935,3.184493,5.027164,13.587083
2008-12-29,0.000000,Training,-0.350168,-0.169373,-0.103879,0.029028,0.148479,0.346782,0.559819,1.184469,2.739563,4.151047,11.105636
2008-12-30,0.000000,Training,-0.546582,-0.298488,-0.231775,-0.052018,0.102110,0.310844,0.562625,1.337641,3.562093,5.699168,16.832174
2008-12-31,0.000000,Training,-0.837409,-0.661771,-0.550012,-0.198015,0.221632,0.664087,1.247419,3.688076,11.376607,21.279013,56.181252
2009-01-01,0.048660,Training,-0.848722,-0.643583,-0.476965,-0.002773,0.664798,1.376728,2.368316,6.514412,19.303160,36.321163,94.585320
2009-01-02,0.324397,Training,-0.830790,-0.606243,-0.429557,0.033855,0.650813,1.279773,2.204115,5.757288,16.546488,30.066206,81.032173
2009-01-03,,,-0.598640,-0.044706,0.559882,1.576942,2.798556,4.475035,6.432577,13.027994,31.673988,50.846359,122.461327
2009-01-04,2.708718,Training,-0.661946,-0.408292,-0.199779,0.213022,0.652046,1.140819,1.739866,3.771426,8.730844,13.545163,29.268116
2009-01-05,1.411129,Training,-0.536566,-0.289592,-0.150520,0.095176,0.309692,0.600573,0.912559,1.920841,4.266162,6.271173,14.616179
2009-01-06,0.810994,Training,-0.432048,-0.213694,-0.132812,0.027257,0.152297,0.367418,0.557037,1.237380,2.600590,3.734632,9.111658
2009-01-07,0.583915,Training,-0.406181,-0.213393,-0.158624,-0.034774,0.062931,0.255687,0.401326,0.958244,2.023587,3.002441,7.542256
2009-01-08,0.437937,Training,-0.412008,-0.282565,-0.235838,-0.127782,-0.013444,0.141294,0.271927,0.770588,1.697323,2.612056,6.622645
2009-01-09,0.340617,Training,-0.414642,-0.308342,-0.261866,-0.160359,-0.038243,0.104140,0.228385,0.716730,1.595854,2.477246,6.268279
2009-01-10,0.275738,Training,,,,,,,,,,,
2009-01-11,0.243298,Training,-0.416732,-0.226940,-0.169295,-0.036766,0.066982,0.266960,0.418251,0.989875,2.127659,3.163518,7.792828
2009-01-12,0.210858,Training,,,,,,,,,,,
2009-01-13,0.259518,Training,-0.656847,-0.376390,-0.224642,0.083092,0.380559,0.704776,1.079708,2.288195,5.502888,8.517413,19.864603
2009-01-14,0.356837,Training,-0.587921,-0.283748,-0.097042,0.316433,0.690477,1.157601,1.596225,3.145069,6.382011,9.182660,18.900986
2009-01-15,0.600135,Training,-0.899077,-0.705540,-0.454256,0.328293,1.706919,2.964509,4.603992,11.315106,28.328905,47.670425,86.307159
2009-01-16,9.845461,Training,-0.741883,-0.139906,0.692829,3.169645,7.720516,11.265154,17.394957,35.754997,77.622673,122.115936,220.916580
2009-01-17,4.428025,Training,-0.600987,0.052308,0.819659,2.678468,5.352589,7.157104,9.953022,17.189295,31.219063,41.524559,69.599396
2009-01-18,2.400541,Training,-0.666270,-0.183285,0.205682,1.128230,2.226973,3.157587,4.292448,7.828673,14.881367,21.022820,39.796440
2009-01-19,3.438613,Training,-0.862938,-0.554222,-0.245721,0.649454,2.141585,3.529829,5.284608,12.096257,27.346504,45.024048,90.616043
2009-01-20,5.076819,Training,-0.811925,-0.463625,-0.109147,0.790349,2.150009,3.408019,5.002371,10.559418,23.148293,36.275852,74.152184
2009-01-21,3.422393,Training,,,,,,,,,,,
2009-01-22,2.854697,Training,-0.754999,-0.407433,-0.154581,0.411346,1.139437,1.881232,2.772109,5.965680,13.898374,22.482952,50.250427
2009-01-23,4.768642,Training,-0.774361,-0.367605,-0.021775,0.882092,2.161291,3.489705,5.149223,11.030053,25.792652,42.844414,95.724075
2009-01-24,5.936473,Training,-0.646960,-0.198761,0.185850,1.051746,2.089274,3.133715,4.268876,8.188358,16.488291,24.878920,46.705845
2009-01-25,7.331381,Training,-0.823688,-0.448363,-0.053035,0.926380,2.529334,3.875073,5.675185,11.512847,24.134836,36.955021,69.681511
2009-01-26,8.531652,Training,-0.624401,-0.108237,0.400694,1.559876,3.066072,4.297528,5.854312,10.468903,19.756044,27.825001,48.027802
2009-01-27,4.492904,Training,-0.593088,-0.049278,0.382306,1.368822,2.515492,3.537280,4.661717,8.132463,14.712406,20.642115,36.414051
2009-01-28,3.568372,Training,-0.552812,-0.018230,0.291812,1.075859,1.840175,2.631510,3.398794,5.984995,10.825372,15.539675,29.890516
2009-01-29,3.535932,Training,-0.535232,-0.017021,0.252958,0.935223,1.541289,2.257541,2.877226,5.034605,9.118377,13.216549,26.217857
2009-01-30,3.941429,Training,-0.799244,-0.321762,0.184821,1.611066,3.942446,6.044055,8.359235,16.453821,32.047974,49.365356,85.955193
2009-01-31,14.013968,Training,-0.381277,0.965751,2.559147,6.887633,13.781187,18.440443,25.760923,43.120518,77.562019,108.970383,180.561264
2009-02-01,137.495842,Training,0.369747,3.270821,7.489292,20.182821,37.906559,49.078880,66.375702,106.732773,185.918640,252.481445,372.181915
2009-02-02,64.279347,Training,1.872301,6.035272,11.267228,23.131769,36.370781,43.270245,55.985779,76.327858,116.951820,144.293839,220.874588
2009-02-03,25.124579,Training,0.008631,2.158242,4.531105,10.553574,19.224506,23.973915,32.628292,49.529800,82.379837,108.849541,185.099411
2009-02-04,44.474885,Training,0.012585,2.231368,4.809652,11.676361,22.181940,28.867933,39.451744,63.067051,109.172600,148.491898,243.417480
2009-02-05,29.974321,Training,0.316766,2.518131,4.984867,10.728806,18.088549,22.211769,29.129038,42.425716,68.377609,86.523247,137.383392
2009-02-06,24.897501,Training,-0.039763,1.562394,3.017400,6.540837,10.765605,13.336961,16.867226,24.705492,37.655029,46.897991,75.695656
2009-02-07,15.976572,Training,-0.354825,0.599832,1.354233,3.135211,5.176378,6.695808,8.409893,13.040083,20.242464,25.903280,42.642563
2009-02-08,11.726966,Training,-0.429529,0.314390,0.867236,2.111474,3.451686,4.547936,5.752203,9.035398,14.662434,19.541233,32.526466
2009-02-09,10.445597,Training,-0.555901,0.211583,0.711103,2.026470,3.451625,4.650681,5.995462,9.610121,16.647635,23.643824,44.028645
2009-02-10,13.722010,Training,-0.570065,0.093880,0.575210,1.731566,2.999068,4.067936,5.268945,8.533735,15.097744,21.530937,38.931194
2009-02-11,10.526696,Training,-0.448708,0.114184,0.509413,1.338598,2.166484,2.975112,3.768894,6.019300,10.063649,13.763109,23.226664
2009-02-12,8.450553,Training,-0.420226,0.181581,0.531976,1.349540,2.106184,2.856187,3.556016,5.572092,8.998496,12.274212,21.037739
2009-02-13,,,-0.610138,0.175477,1.017739,2.926759,5.436937,8.002707,11.219741,20.450834,42.716763,63.548042,132.279953
2009-02-14,2.773598,Training,-0.380690,0.094599,0.325279,0.828892,1.234025,1.729820,2.157516,3.441464,5.654551,7.831224,14.353355
2009-02-15,2.497860,Training,-0.360761,0.083207,0.287301,0.724365,1.061155,1.498598,1.870782,2.971090,4.865855,6.740260,12.622954
2009-02-16,2.254562,Training,-0.342924,0.061483,0.242390,0.612195,0.888904,1.263324,1.588854,2.517868,4.136583,5.714127,10.947848
2009-02-17,1.946384,Training,-0.332578,0.041050,0.206601,0.533313,0.772925,1.102061,1.398166,2.207576,3.640553,5.006876,9.782764
2009-02-18,1.735526,Training,-0.301877,0.020713,0.161269,0.414007,0.600767,0.879510,1.137630,1.836088,3.095711,4.294708,8.689188
2009-02-19,1.735526,Training,-0.278250,-0.005686,0.123809,0.314769,0.467218,0.696968,0.928049,1.514884,2.633075,3.625886,7.558345
2009-02-20,1.719306,Training,-0.186042,-0.036597,0.030462,0.100948,0.188657,0.317636,0.469883,0.834405,1.584087,2.276501,5.421380
2009-02-21,1.589547,Training,-0.189326,-0.036169,0.029497,0.105726,0.192540,0.323524,0.476352,0.841920,1.569368,2.257454,5.363556
2009-02-22,1.540888,Training,-0.144724,-0.048991,-0.008615,0.029176,0.100857,0.183471,0.297301,0.547059,1.064595,1.582006,4.132396
2009-02-23,1.930165,Training,-0.116230,-0.045080,-0.017814,0.006427,0.075521,0.135314,0.226296,0.421781,0.848019,1.290030,3.584418
2009-02-24,0.810994,Training,-0.095696,-0.034444,-0.014757,0.003419,0.068367,0.121973,0.206115,0.381225,0.764387,1.174632,3.373072
2009-02-25,0.454156,Training,-0.088670,-0.031624,-0.013888,0.002014,0.065231,0.115776,0.197756,0.364038,0.729976,1.127308,3.277823
2009-02-26,0.470376,Training,-0.089233,-0.031941,-0.013893,0.001920,0.065361,0.115245,0.198364,0.364703,0.730646,1.127642,3.274285
2009-02-27,0.827213,Training,-0.092455,-0.031698,-0.011612,0.005062,0.068860,0.121866,0.208833,0.382137,0.758734,1.164444,3.342851
2009-02-28,0.810994,Training,-0.272538,-0.100581,-0.068045,-0.022743,0.066444,0.110625,0.231249,0.451433,1.058911,1.666274,5.006154
2009-03-01,0.892093,Training,-0.350323,-0.162572,-0.116219,-0.037188,0.077583,0.144416,0.297245,0.598624,1.423559,2.244721,6.548500
2009-03-02,0.956972,Training,-0.273642,-0.140575,-0.084711,-0.005017,0.102502,0.197590,0.368867,0.702956,1.687967,2.615695,7.039700
2009-03-03,1.102951,Training,,,,,,,,,,,
2009-03-04,1.086731,Training,-0.362744,-0.183857,-0.103845,0.018376,0.149498,0.286816,0.503445,0.998930,2.396509,3.660209,9.207344
2009-03-05,1.216490,Training,-0.317996,-0.143210,-0.072265,0.035907,0.150621,0.294495,0.487835,0.958269,2.178502,3.320028,8.270984
2009-03-06,1.102951,Training,-0.242342,-0.100763,-0.045645,0.037424,0.132641,0.261695,0.426327,0.823517,1.754105,2.628465,6.565684
2009-03-07,1.021852,Training,-0.148211,-0.032300,-0.001668,0.051524,0.122761,0.248269,0.388682,0.711677,1.416606,2.093754,5.448565
2009-03-08,0.827213,Training,-0.114718,-0.003675,0.021837,0.062776,0.124443,0.241484,0.368899,0.657719,1.273499,1.874011,4.938605
2009-03-09,0.713674,Training,-0.083648,0.020273,0.041396,0.071629,0.121785,0.234628,0.348296,0.605445,1.147657,1.694032,4.552096
2009-03-10,0.632575,Training,-0.062838,0.031665,0.051821,0.072889,0.117352,0.223048,0.326913,0.557927,1.043172,1.548627,4.228410
2009-03-11,0.551476,Training,-0.050217,0.037235,0.055154,0.072060,0.112120,0.213444,0.309724,0.521984,0.970902,1.451768,4.018036
2009-03-12,0.502816,Training,-0.040935,0.039791,0.055113,0.069176,0.105992,0.202841,0.292457,0.488876,0.909022,1.369992,3.844758
2009-03-13,0.437937,Training,-0.035181,0.039815,0.052903,0.065294,0.099709,0.192854,0.276840,0.460637,0.858608,1.304295,3.706598
2009-03-14,0.405497,Training,-0.031473,0.038121,0.049209,0.060381,0.093230,0.182410,0.261576,0.434564,0.813613,1.245562,3.582913
2009-03-15,0.373057,Training,-0.030131,0.035306,0.044906,0.056197,0.086725,0.173934,0.247628,0.410764,0.772820,1.194504,3.477076
2009-03-16,0.356837,Training,-0.032304,0.031165,0.040458,0.053485,0.081461,0.168409,0.236396,0.391289,0.739469,1.154346,3.396574
2009-03-17,0.291958,Training,-0.030252,0.028311,0.035740,0.045243,0.078433,0.155681,0.228228,0.383676,0.732193,1.137852,3.355035
2009-03-18,0.243298,Training,-0.033032,0.032070,0.042104,0.052327,0.088350,0.166946,0.248283,0.419063,0.791890,1.209571,3.500301
2009-03-19,0.210858,Training,-0.027493,0.021732,0.027720,0.033152,0.069987,0.132608,0.201667,0.343567,0.657712,1.030837,3.107370
2009-03-20,0.227078,Training,-0.020220,0.015674,0.017683,0.022768,0.056506,0.108622,0.160964,0.273026,0.530337,0.865881,2.746625
2009-03-21,0.194638,Training,-0.018736,0.011270,0.013558,0.016423,0.053222,0.095215,0.147628,0.252810,0.493919,0.812265,2.617484
2009-03-22,0.194638,Training,-0.092456,0.002956,0.006081,0.016644,0.060166,0.081415,0.140765,0.245990,0.564423,0.927915,3.148262
2009-03-23,0.162199,Training,-0.014185,0.006581,0.007766,0.011646,0.051883,0.081399,0.130259,0.223911,0.439040,0.734862,2.439611
2009-03-24,0.064879,Training,-0.029756,0.007545,0.008203,0.015653,0.052747,0.079708,0.125405,0.214359,0.441532,0.745297,2.513913
2009-03-25,0.162199,Training,-0.020838,0.002238,0.000482,0.008926,0.042989,0.074461,0.114059,0.193924,0.389655,0.674316,2.304402
2009-03-26,0.145979,Training,-0.019950,0.001406,0.002603,0.011428,0.042533,0.075673,0.111387,0.187680,0.373536,0.655098,2.255810
2009-03-27,0.000000,Training,-0.018163,0.004262,0.004579,0.012249,0.043760,0.073868,0.110024,0.186042,0.372166,0.650516,2.254696
2009-03-28,0.000000,Training,-0.036750,-0.015315,-0.008288,-0.002698,0.047073,0.055499,0.104072,0.190860,0.392097,0.661184,2.247209
2009-03-29,0.000000,Training,-0.077507,-0.034258,-0.018682,-0.004456,0.048342,0.050882,0.099206,0.191923,0.422126,0.707364,2.372802
2009-03-30,0.000000,Training,-0.061391,-0.036472,-0.020635,-0.009438,0.044500,0.049921,0.098547,0.190618,0.399652,0.673294,2.240663
2009-03-31,0.000000,Training,-0.058961,-0.032920,-0.019867,-0.009071,0.045052,0.052997,0.102876,0.196394,0.408050,0.686234,2.271602
2009-04-01,0.000000,Training,-0.062356,-0.034143,-0.022578,-0.011017,0.043801,0.051953,0.102471,0.195823,0.408804,0.685749,2.269511
2009-04-02,0.000000,Training,-0.053165,-0.025352,-0.016997,-0.007981,0.045651,0.055550,0.106856,0.199379,0.410523,0.685513,2.283300
2009-04-03,0.000000,Training,-0.051771,-0.023330,-0.015433,-0.007238,0.046497,0.057164,0.109176,0.202210,0.413730,0.688752,2.291517
2009-04-04,0.000000,Training,-0.034112,-0.007438,-0.004805,0.000452,0.047274,0.065845,0.115022,0.203579,0.406351,0.680131,2.292310
2009-04-05,0.000000,Training,-0.035945,-0.007241,-0.004230,0.000864,0.048498,0.066555,0.116313,0.205900,0.410231,0.684724,2.302455
2009-04-06,0.000000,Training,-0.071048,-0.013935,-0.007624,0.002956,0.056222,0.065143,0.119269,0.217600,0.463901,0.759842,2.539516
2009-04-07,0.000000,Training,-0.074167,-0.040231,-0.023839,-0.011956,0.047690,0.054964,0.109354,0.210560,0.432301,0.714347,2.312999
2009-04-08,0.000000,Training,-0.057941,-0.024932,-0.014475,-0.006379,0.052051,0.063020,0.119193,0.220418,0.441898,0.725269,2.360074
2009-04-09,0.000000,Training,-0.059812,-0.021604,-0.013275,-0.004846,0.054338,0.068163,0.126050,0.229970,0.458008,0.744617,2.411535
2009-04-10,0.000000,Training,-0.122196,-0.049064,-0.028598,-0.008051,0.054105,0.056495,0.113177,0.219502,0.489616,0.798945,2.593708
2009-04-11,0.000000,Training,-0.117760,-0.045771,-0.026618,-0.006400,0.056096,0.061463,0.120062,0.232089,0.507310,0.823289,2.649939
2009-04-12,0.000000,Training,-0.079324,-0.041227,-0.025286,-0.011820,0.050723,0.064371,0.123531,0.233314,0.466079,0.760157,2.405843
2009-04-13,0.000000,Training,-0.138651,-0.046447,-0.030177,-0.008046,0.057384,0.066267,0.132483,0.251696,0.567785,0.913718,2.917215
2009-04-14,0.000000,Training,-0.232646,-0.097104,-0.069867,-0.033347,0.048800,0.057513,0.143552,0.288646,0.696580,1.116838,3.493131
2009-04-15,0.162199,Training,-0.322065,-0.150694,-0.107784,-0.043140,0.060246,0.095215,0.212409,0.426384,1.009374,1.580286,4.658249
2009-04-16,1.946384,Training,-0.329030,-0.160037,-0.124348,-0.045322,0.066817,0.133627,0.290222,0.585165,1.426109,2.289739,6.532009
2009-04-17,1.978824,Training,-0.545965,-0.329811,-0.263947,-0.087902,0.094722,0.246144,0.508046,1.129760,3.046724,4.993796,13.209846
2009-04-18,1.946384,Training,-0.671072,-0.447718,-0.342981,-0.076512,0.212878,0.466984,0.910844,2.126391,5.990406,10.324544,25.693899
2009-04-19,,,-0.414954,0.171812,0.695641,1.401913,2.232242,3.544906,4.945214,9.726000,23.314537,36.601112,88.602776
2009-04-20,,,-0.487244,0.097816,0.657678,1.475938,2.459487,3.915632,5.515649,10.966897,26.267706,41.438007,98.780510
2009-04-21,,,,,,,,,,,,,
2009-04-22,,,,,,,,,,,,,
2009-04-23,,,,,,,,,,,,,
2009-04-24,,,,,,,,,,,,,
2009-04-25,,,,,,,,,,,,,
2009-04-26,,,,,,,,,,,,,
2009-04-27,,,,,,,,,,,,,
2009-04-28,,,,,,,,,,,,,
2009-04-29,,,,,,,,,,,,,
2009-04-30,,,,,,,,,,,,,
2009-05-01,,,,,,,,,,,,,
2009-05-02,0.308178,Training,-0.531248,-0.019517,0.239347,1.095836,1.833729,2.791929,3.625390,6.205299,11.135739,16.366905,32.816658
2009-05-03,0.000000,Training,-0.459701,0.035770,0.199429,0.780596,1.149645,1.766326,2.200014,3.535736,5.900201,8.309385,17.806147
2009-05-04,0.000000,Training,-0.397047,0.023208,0.125308,0.518040,0.714515,1.120083,1.392507,2.206897,3.652513,5.047349,11.464763
2009-05-05,0.000000,Training,-0.350355,0.029464,0.117617,0.411073,0.535889,0.875697,1.077778,1.688076,2.754838,3.830285,8.966318
2009-05-06,0.000000,Training,-0.293750,0.013070,0.080972,0.276688,0.347241,0.601494,0.754997,1.194454,2.006883,2.817590,6.975104
2009-05-07,,,,,,,,,,,,,
2009-05-08,,,,,,,,,,,,,
2009-05-09,,,,,,,,,,,,,
2009-05-10,,,,,,,,,,,,,
2009-05-11,,,,,,,,,,,,,
2009-05-12,,,,,,,,,,,,,
2009-05-13,,,,,,,,,,,,,
2009-05-14,,,,,,,,,,,,,
2009-05-15,,,,,,,,,,,,,
2009-05-16,,,,,,,,,,,,,
2009-05-17,,,,,,,,,,,,,
2009-05-18,,,,,,,,,,,,,
2009-05-19,,,,,,,,,,,,,
2009-05-20,,,,,,,,,,,,,
2009-05-21,,,,,,,,,,,,,
2009-05-22,,,,,,,,,,,,,
2009-05-23,,,,,,,,,,,,,
2009-05-24,,,,,,,,,,,,,
2009-05-25,,,,,,,,,,,,,
2009-05-26,,,,,,,,,,,,,
2009-05-27,,,,,,,,,,,,,
2009-05-28,,,,,,,,,,,,,
2009-05-29,,,,,,,,,,,,,
2009-05-30,,,,,,,,,,,,,
2009-05-31,,,,,,,,,,,,,
2009-06-01,,,,,,,,,,,,,
2009-06-02,,,,,,,,,,,,,
2009-06-03,,,,,,,,,,,,,
2009-06-04,,,,,,,,,,,,,
2009-06-05,,,,,,,,,,,,,
2009-06-06,,,,,,,,,,,,,
2009-06-07,,,,,,,,,,,,,
2009-06-08,,,,,,,,,,,,,
2009-06-09,,,,,,,,,,,,,
2009-06-10,,,,,,,,,,,,,
2009-06-11,,,,,,,,,,,,,
2009-06-12,,,,,,,,,,,,,
2009-06-13,,,,,,,,,,,,,
2009-06-14,,,,,,,,,,,,,
2009-06-15,,,,,,,,,,,,,
2009-06-16,,,,,,,,,,,,,
2009-06-17,,,,,,,,,,,,,
2009-06-18,,,,,,,,,,,,,
2009-06-19,,,,,,,,,,,,,
2009-06-20,,,,,,,,,,,,,
2009-06-21,,,,,,,,,,,,,
2009-06-22,,,,,,,,,,,,,
2009-06-23,,,,,,,,,,,,,
2009-06-24,,,,,,,,,,,,,
2009-06-25,,,,,,,,,,,,,
2009-06-26,,,,,,,,,,,,,
2009-06-27,,,,,,,,,,,,,
2009-06-28,,,,,,,,,,,,,
2009-06-29,,,,,,,,,,,,,
2009-06-30,,,,,,,,,,,,,
2009-07-01,,,,,,,,,,,,,
2009-07-02,,,,,,,,,,,,,
2009-07-03,,,,,,,,,,,,,
2009-07-04,,,,,,,,,,,,,
2009-07-05,,,,,,,,,,,,,
2009-07-06,,,,,,,,,,,,,
2009-07-07,,,,,,,,,,,,,
2009-07-08,,,,,,,,,,,,,
2009-07-09,,,,,,,,,,,,,
2009-07-10,,,,,,,,,,,,,
2009-07-11,,,,,,,,,,,,,
2009-07-12,,,,,,,,,,,,,
2009-07-13,,,,,,,,,,,,,
2009-07-14,,,,,,,,,,,,,
2009-07-15,,,,,,,,,,,,,
2009-07-16,,,,,,,,,,,,,
2009-07-17,,,,,,,,,,,,,
2009-07-18,,,,,,,,,,,,,
2009-07-19,,,,,,,,,,,,,
2009-07-20,,,,,,,,,,,,,
2009-07-21,,,,,,,,,,,,,
2009-07-22,,,,,,,,,,,,,
2009-07-23,,,,,,,,,,,,,
2009-07-24,,,,,,,,,,,,,
2009-07-25,,,,,,,,,,,,,
2009-07-26,,,,,,,,,,,,,
2009-07-27,,,,,,,,,,,,,
2009-07-28,,,,,,,,,,,,,
2009-07-29,,,,,,,,,,,,,
2009-07-30,,,,,,,,,,,,,
2009-07-31,,,,,,,,,,,,,
2009-08-01,,,,,,,,,,,,,
2009-08-02,,,,,,,,,,,,,
2009-08-03,,,,,,,,,,,,,
2009-08-04,,,,,,,,,,,,,
2009-08-05,,,,,,,,,,,,,
2009-08-06,,,,,,,,,,,,,
2009-08-07,,,,,,,,,,,,,
2009-08-08,,,,,,,,,,,,,
2009-08-09,,,,,,,,,,,,,
2009-08-10,,,,,,,,,,,,,
2009-08-11,,,,,,,,,,,,,
2009-08-12,,,,,,,,,,,,,
2009-08-13,,,,,,,,,,,,,
2009-08-14,,,,,,,,,,,,,
2009-08-15,,,,,,,,,,,,,
2009-08-16,,,,,,,,,,,,,
2009-08-17,,,,,,,,,,,,,
2009-08-18,,,,,,,,,,,,,
2009-08-19,,,,,,,,,,,,,
2009-08-20,,,,,,,,,,,,,
2009-08-21,,,,,,,,,,,,,
2009-08-22,,,,,,,,,,,,,
2009-08-23,,,,,,,,,,,,,
2009-08-24,,,,,,,,,,,,,
2009-08-25,,,,,,,,,,,,,
2009-08-26,,,,,,,,,,,,,
2009-08-27,,,,,,,,,,,,,
2009-08-28,,,,,,,,,,,,,
2009-08-29,,,,,,,,,,,,,
2009-08-30,,,,,,,,,,,,,
2009-08-31,,,,,,,,,,,,,
2009-09-01,,,,,,,,,,,,,
2009-09-02,,,,,,,,,,,,,
2009-09-03,,,,,,,,,,,,,
2009-09-04,,,,,,,,,,,,,
2009-09-05,,,,,,,,,,,,,
2009-09-06,,,,,,,,,,,,,
2009-09-07,,,,,,,,,,,,,
2009-09-08,,,,,,,,,,,,,
2009-09-09,,,,,,,,,,,,,
2009-09-10,,,,,,,,,,,,,
2009-09-11,,,,,,,,,,,,,
2009-09-12,,,,,,,,,,,,,
2009-09-13,,,,,,,,,,,,,
2009-09-14,,,,,,,,,,,,,
2009-09-15,,,,,,,,,,,,,
2009-09-16,,,,,,,,,,,,,
2009-09-17,,,,,,,,,,,,,
2009-09-18,,,,,,,,,,,,,
2009-09-19,,,,,,,,,,,,,
2009-09-20,,,,,,,,,,,,,
2009-09-21,,,,,,,,,,,,,
2009-09-22,,,,,,,,,,,,,
2009-09-23,,,,,,,,,,,,,
2009-09-24,,,,,,,,,,,,,
2009-09-25,,,,,,,,,,,,,
2009-09-26,,,,,,,,,,,,,
2009-09-27,,,,,,,,,,,,,
2009-09-28,,,,,,,,,,,,,
2009-09-29,,,,,,,,,,,,,
2009-09-30,,,,,,,,,,,,,
2009-10-01,,,,,,,,,,,,,
2009-10-02,,,,,,,,,,,,,
2009-10-03,,,,,,,,,,,,,
2009-10-04,,,,,,,,,,,,,
2009-10-05,,,,,,,,,,,,,
2009-10-06,,,,,,,,,,,,,
2009-10-07,,,,,,,,,,,,,
2009-10-08,,,,,,,,,,,,,
2009-10-09,,,,,,,,,,,,,
2009-10-10,,,,,,,,,,,,,
2009-10-11,,,,,,,,,,,,,
2009-10-12,,,,,,,,,,,,,
2009-10-13,,,,,,,,,,,,,
2009-10-14,,,,,,,,,,,,,
2009-10-15,,,,,,,,,,,,,
2009-10-16,,,,,,,,,,,,,
2009-10-17,,,,,,,,,,,,,
2009-10-18,,,,,,,,,,,,,
2009-10-19,,,,,,,,,,,,,
2009-10-20,,,,,,,,,,,,,
2009-10-21,,,,,,,,,,,,,
2009-10-22,,,,,,,,,,,,,
2009-10-23,,,,,,,,,,,,,
2009-10-24,,,,,,,,,,,,,
2009-10-25,,,,,,,,,,,,,
2009-10-26,,,,,,,,,,,,,
2009-10-27,,,,,,,,,,,,,
2009-10-28,,,,,,,,,,,,,
2009-10-29,,,,,,,,,,,,,
2009-10-30,,,,,,,,,,,,,
2009-10-31,,,,,,,,,,,,,
2009-11-01,,,,,,,,,,,,,
2009-11-02,,,,,,,,,,,,,
2009-11-03,,,,,,,,,,,,,
2009-11-04,,,,,,,,,,,,,
2009-11-05,,,,,,,,,,,,,
2009-11-06,,,,,,,,,,,,,
2009-11-07,,,,,,,,,,,,,
2009-11-08,,,,,,,,,,,,,
2009-11-09,,,,,,,,,,,,,
2009-11-10,,,,,,,,,,,,,
2009-11-11,,,,,,,,,,,,,
2009-11-12,,,,,,,,,,,,,
2009-11-13,,,,,,,,,,,,,
2009-11-14,,,,,,,,,,,,,
2009-11-15,,,,,,,,,,,,,
2009-11-16,,,,,,,,,,,,,
2009-11-17,,,,,,,,,,,,,
2009-11-18,,,,,,,,,,,,,
2009-11-19,,,,,,,,,,,,,
2009-11-20,,,,,,,,,,,,,
2009-11-21,,,,,,,,,,,,,
2009-11-22,,,,,,,,,,,,,
2009-11-23,,,,,,,,,,,,,
2009-11-24,,,,,,,,,,,,,
2009-11-25,,,,,,,,,,,,,
2009-11-26,,,,,,,,,,,,,
2009-11-27,,,,,,,,,,,,,
2009-11-28,,,,,,,,,,,,,
2009-11-29,,,,,,,,,,,,,
2009-11-30,,,,,,,,,,,,,
2009-12-01,,,,,,,,,,,,,
2009-12-02,,,,,,,,,,,,,
2009-12-03,,,,,,,,,,,,,
2009-12-04,,,,,,,,,,,,,
2009-12-05,,,,,,,,,,,,,
2009-12-06,,,,,,,,,,,,,
2009-12-07,,,,,,,,,,,,,
2009-12-08,,,,,,,,,,,,,
2009-12-09,,,,,,,,,,,,,
2009-12-10,,,,,,,,,,,,,
2009-12-11,,,,,,,,,,,,,
2009-12-12,,,,,,,,,,,,,
2009-12-13,,,,,,,,,,,,,
2009-12-14,,,,,,,,,,,,,
2009-12-15,,,,,,,,,,,,,
2009-12-16,,,,,,,,,,,,,
2009-12-17,,,,,,,,,,,,,
2009-12-18,,,,,,,,,,,,,
2009-12-19,,,,,,,,,,,,,
2009-12-20,,,,,,,,,,,,,
2009-12-21,,,,,,,,,,,,,
2009-12-22,,,,,,,,,,,,,
2009-12-23,,,,,,,,,,,,,
2009-12-24,,,,,,,,,,,,,
2009-12-25,,,,,,,,,,,,,
2009-12-26,,,,,,,,,,,,,
2009-12-27,,,,,,,,,,,,,
2009-12-28,,,,,,,,,,,,,
2009-12-29,,,,,,,,,,,,,
2009-12-30,,,,,,,,,,,,,
2009-12-31,,,,,,,,,,,,,
2010-01-01,,,,,,,,,,,,,
2010-01-02,,,,,,,,,,,,,
2010-01-03,,,,,,,,,,,,,
2010-01-04,,,,,,,,,,,,,
2010-01-05,,,,,,,,,,,,,
2010-01-06,,,,,,,,,,,,,
2010-01-07,,,,,,,,,,,,,
2010-01-08,,,,,,,,,,,,,
2010-01-09,,,,,,,,,,,,,
2010-01-10,,,,,,,,,,,,,
2010-01-11,,,,,,,,,,,,,
2010-01-12,,,,,,,,,,,,,
2010-01-13,,,,,,,,,,,,,
2010-01-14,,,,,,,,,,,,,
2010-01-15,,,,,,,,,,,,,
2010-01-16,,,,,,,,,,,,,
2010-01-17,,,,,,,,,,,,,
2010-01-18,,,,,,,,,,,,,
2010-01-19,,,,,,,,,,,,,
2010-01-20,,,,,,,,,,,,,
2010-01-21,,,,,,,,,,,,,
2010-01-22,,,,,,,,,,,,,
2010-01-23,,,,,,,,,,,,,
2010-01-24,,,,,,,,,,,,,
2010-01-25,,,,,,,,,,,,,
2010-01-26,,,,,,,,,,,,,
2010-01-27,,,,,,,,,,,,,
2010-01-28,,,,,,,,,,,,,
2010-01-29,,,,,,,,,,,,,
2010-01-30,,,,,,,,,,,,,
2010-01-31,,,,,,,,,,,,,
2010-02-01,,,,,,,,,,,,,
2010-02-02,,,,,,,,,,,,,
2010-02-03,,,,,,,,,,,,,
2010-02-04,,,,,,,,,,,,,
2010-02-05,,,,,,,,,,,,,
2010-02-06,,,,,,,,,,,,,
2010-02-07,,,,,,,,,,,,,
2010-02-08,,,,,,,,,,,,,
2010-02-09,,,,,,,,,,,,,
2010-02-10,,,,,,,,,,,,,
2010-02-11,,,,,,,,,,,,,
2010-02-12,,,,,,,,,,,,,
2010-02-13,,,,,,,,,,,,,
2010-02-14,,,,,,,,,,,,,
2010-02-15,,,,,,,,,,,,,
2010-02-16,,,,,,,,,,,,,
2010-02-17,,,,,,,,,,,,,
2010-02-18,,,,,,,,,,,,,
2010-02-19,,,,,,,,,,,,,
2010-02-20,,,,,,,,,,,,,
2010-02-21,,,,,,,,,,,,,
2010-02-22,,,,,,,,,,,,,
2010-02-23,,,,,,,,,,,,,
2010-02-24,,,,,,,,,,,,,
2010-02-25,,,,,,,,,,,,,
2010-02-26,,,,,,,,,,,,,
2010-02-27,,,,,,,,,,,,,
2010-02-28,,,,,,,,,,,,,
2010-03-01,,,,,,,,,,,,,
2010-03-02,,,,,,,,,,,,,
2010-03-03,,,,,,,,,,,,,
2010-03-04,,,,,,,,,,,,,
2010-03-05,,,,,,,,,,,,,
2010-03-06,,,,,,,,,,,,,
2010-03-07,,,,,,,,,,,,,
2010-03-08,,,,,,,,,,,,,
2010-03-09,,,,,,,,,,,,,
2010-03-10,,,,,,,,,,,,,
2010-03-11,,,,,,,,,,,,,
2010-03-12,,,,,,,,,,,,,
2010-03-13,,,,,,,,,,,,,
2010-03-14,,,,,,,,,,,,,
2010-03-15,,,,,,,,,,,,,
2010-03-16,,,,,,,,,,,,,
2010-03-17,,,,,,,,,,,,,
2010-03-18,,,,,,,,,,,,,
2010-03-19,,,,,,,,,,,,,
2010-03-20,,,,,,,,,,,,,
2010-03-21,,,,,,,,,,,,,
2010-03-22,,,,,,,,,,,,,
2010-03-23,,,,,,,,,,,,,
2010-03-24,,,,,,,,,,,,,
2010-03-25,,,,,,,,,,,,,
2010-03-26,,,,,,,,,,,,,
2010-03-27,,,,,,,,,,,,,
2010-03-28,,,,,,,,,,,,,
2010-03-29,,,,,,,,,,,,,
2010-03-30,,,,,,,,,,,,,
2010-03-31,,,,,,,,,,,,,
2010-04-01,,,,,,,,,,,,,
2010-04-02,,,,,,,,,,,,,
2010-04-03,,,,,,,,,,,,,
2010-04-04,,,,,,,,,,,,,
2010-04-05,,,,,,,,,,,,,
2010-04-06,,,,,,,,,,,,,
2010-04-07,,,,,,,,,,,,,
2010-04-08,,,,,,,,,,,,,
2010-04-09,,,,,,,,,,,,,
2010-04-10,,,,,,,,,,,,,
2010-04-11,,,,,,,,,,,,,
2010-04-12,,,,,,,,,,,,,
2010-04-13,,,,,,,,,,,,,
2010-04-14,,,,,,,,,,,,,
2010-04-15,,,,,,,,,,,,,
2010-04-16,,,,,,,,,,,,,
2010-04-17,,,,,,,,,,,,,
2010-04-18,,,,,,,,,,,,,
2010-04-19,,,,,,,,,,,,,
2010-04-20,,,,,,,,,,,,,
2010-04-21,,,,,,,,,,,,,
2010-04-22,,,,,,,,,,,,,
2010-04-23,,,,,,,,,,,,,
2010-04-24,,,,,,,,,,,,,
2010-04-25,,,,,,,,,,,,,
2010-04-26,,,,,,,,,,,,,
2010-04-27,,,,,,,,,,,,,
2010-04-28,,,,,,,,,,,,,
2010-04-29,,,,,,,,,,,,,
2010-04-30,,,,,,,,,,,,,
2010-05-01,,,,,,,,,,,,,
2010-05-02,,,,,,,,,,,,,
2010-05-03,,,,,,,,,,,,,
2010-05-04,,,,,,,,,,,,,
2010-05-05,,,,,,,,,,,,,
2010-05-06,,,,,,,,,,,,,
2010-05-07,,,,,,,,,,,,,
2010-05-08,,,,,,,,,,,,,
2010-05-09,,,,,,,,,,,,,
2010-05-10,,,,,,,,,,,,,
2010-05-11,,,,,,,,,,,,,
2010-05-12,,,,,,,,,,,,,
2010-05-13,,,,,,,,,,,,,
2010-05-14,,,,,,,,,,,,,
2010-05-15,,,,,,,,,,,,,
2010-05-16,,,,,,,,,,,,,
2010-05-17,,,,,,,,,,,,,
2010-05-18,,,,,,,,,,,,,
2010-05-19,,,,,,,,,,,,,
2010-05-20,,,,,,,,,,,,,
2010-05-21,,,,,,,,,,,,,
2010-05-22,,,,,,,,,,,,,
2010-05-23,,,,,,,,,,,,,
2010-05-24,,,,,,,,,,,,,
2010-05-25,,,,,,,,,,,,,
2010-05-26,,,,,,,,,,,,,
2010-05-27,,,,,,,,,,,,,
2010-05-28,,,,,,,,,,,,,
2010-05-29,,,,,,,,,,,,,
2010-05-30,,,,,,,,,,,,,
2010-05-31,,,,,,,,,,,,,
2010-06-01,,,,,,,,,,,,,
2010-06-02,,,,,,,,,,,,,
2010-06-03,,,,,,,,,,,,,
2010-06-04,,,,,,,,,,,,,
2010-06-05,,,,,,,,,,,,,
2010-06-06,,,,,,,,,,,,,
2010-06-07,,,,,,,,,,,,,
2010-06-08,,,,,,,,,,,,,
2010-06-09,,,,,,,,,,,,,
2010-06-10,,,,,,,,,,,,,
2010-06-11,,,,,,,,,,,,,
2010-06-12,,,,,,,,,,,,,
2010-06-13,,,,,,,,,,,,,
2010-06-14,,,,,,,,,,,,,
2010-06-15,,,,,,,,,,,,,
2010-06-16,,,,,,,,,,,,,
2010-06-17,,,,,,,,,,,,,
2010-06-18,,,,,,,,,,,,,
2010-06-19,,,,,,,,,,,,,
2010-06-20,,,,,,,,,,,,,
2010-06-21,,,,,,,,,,,,,
2010-06-22,,,,,,,,,,,,,
2010-06-23,,,,,,,,,,,,,
2010-06-24,,,,,,,,,,,,,
2010-06-25,,,,,,,,,,,,,
2010-06-26,,,,,,,,,,,,,
2010-06-27,,,,,,,,,,,,,
2010-06-28,,,,,,,,,,,,,
2010-06-29,,,,,,,,,,,,,
2010-06-30,,,,,,,,,,,,,
2010-07-01,,,,,,,,,,,,,
2010-07-02,,,,,,,,,,,,,
2010-07-03,,,,,,,,,,,,,
2010-07-04,,,,,,,,,,,,,
2010-07-05,,,,,,,,,,,,,
2010-07-06,,,,,,,,,,,,,
2010-07-07,,,,,,,,,,,,,
2010-07-08,,,,,,,,,,,,,
2010-07-09,,,,,,,,,,,,,
2010-07-10,,,,,,,,,,,,,
2010-07-11,,,,,,,,,,,,,
2010-07-12,,,,,,,,,,,,,
2010-07-13,,,,,,,,,,,,,
2010-07-14,,,,,,,,,,,,,
2010-07-15,,,,,,,,,,,,,
2010-07-16,,,,,,,,,,,,,
2010-07-17,,,,,,,,,,,,,
2010-07-18,,,,,,,,,,,,,
2010-07-19,,,,,,,,,,,,,
2010-07-20,,,,,,,,,,,,,
2010-07-21,,,,,,,,,,,,,
2010-07-22,,,,,,,,,,,,,
2010-07-23,,,,,,,,,,,,,
2010-07-24,,,,,,,,,,,,,
2010-07-25,,,,,,,,,,,,,
2010-07-26,,,,,,,,,,,,,
2010-07-27,,,,,,,,,,,,,
2010-07-28,,,,,,,,,,,,,
2010-07-29,,,,,,,,,,,,,
2010-07-30,,,,,,,,,,,,,
2010-07-31,,,,,,,,,,,,,
2010-08-01,,,,,,,,,,,,,
2010-08-02,,,,,,,,,,,,,
2010-08-03,,,,,,,,,,,,,
2010-08-04,,,,,,,,,,,,,
2010-08-05,,,,,,,,,,,,,
2010-08-06,,,,,,,,,,,,,
2010-08-07,,,,,,,,,,,,,
2010-08-08,,,,,,,,,,,,,
2010-08-09,,,,,,,,,,,,,
2010-08-10,,,,,,,,,,,,,
2010-08-11,,,,,,,,,,,,,
2010-08-12,,,,,,,,,,,,,
2010-08-13,,,,,,,,,,,,,
2010-08-14,,,,,,,,,,,,,
2010-08-15,,,,,,,,,,,,,
2010-08-16,,,,,,,,,,,,,
2010-08-17,,,,,,,,,,,,,
2010-08-18,,,,,,,,,,,,,
2010-08-19,,,,,,,,,,,,,
2010-08-20,,,,,,,,,,,,,
2010-08-21,,,,,,,,,,,,,
2010-08-22,,,,,,,,,,,,,
2010-08-23,,,,,,,,,,,,,
2010-08-24,,,,,,,,,,,,,
2010-08-25,,,,,,,,,,,,,
2010-08-26,,,,,,,,,,,,,
2010-08-27,,,,,,,,,,,,,
2010-08-28,,,,,,,,,,,,,
2010-08-29,,,,,,,,,,,,,
2010-08-30,,,,,,,,,,,,,
2010-08-31,,,,,,,,,,,,,
2010-09-01,,,,,,,,,,,,,
2010-09-02,,,,,,,,,,,,,
2010-09-03,,,,,,,,,,,,,
2010-09-04,,,,,,,,,,,,,
2010-09-05,,,,,,,,,,,,,
2010-09-06,,,,,,,,,,,,,
2010-09-07,,,,,,,,,,,,,
2010-09-08,,,,,,,,,,,,,
2010-09-09,,,,,,,,,,,,,
2010-09-10,,,,,,,,,,,,,
2010-09-11,,,,,,,,,,,,,
2010-09-12,,,,,,,,,,,,,
2010-09-13,,,,,,,,,,,,,
2010-09-14,,,,,,,,,,,,,
2010-09-15,,,,,,,,,,,,,
2010-09-16,,,,,,,,,,,,,
2010-09-17,,,,,,,,,,,,,
2010-09-18,,,,,,,,,,,,,
2010-09-19,,,,,,,,,,,,,
2010-09-20,,,,,,,,,,,,,
2010-09-21,,,,,,,,,,,,,
2010-09-22,,,,,,,,,,,,,
2010-09-23,,,,,,,,,,,,,
2010-09-24,,,,,,,,,,,,,
2010-09-25,,,,,,,,,,,,,
2010-09-26,,,,,,,,,,,,,
2010-09-27,,,,,,,,,,,,,
2010-09-28,,,,,,,,,,,,,
2010-09-29,,,,,,,,,,,,,
2010-09-30,,,,,,,,,,,,,
2010-10-01,,,,,,,,,,,,,
2010-10-02,,,,,,,,,,,,,
2010-10-03,,,,,,,,,,,,,
2010-10-04,,,,,,,,,,,,,
2010-10-05,,,,,,,,,,,,,
2010-10-06,,,,,,,,,,,,,
2010-10-07,,,,,,,,,,,,,
2010-10-08,,,,,,,,,,,,,
2010-10-09,,,,,,,,,,,,,
2010-10-10,,,,,,,,,,,,,
2010-10-11,,,,,,,,,,,,,
2010-10-12,,,,,,,,,,,,,
2010-10-13,,,,,,,,,,,,,
2010-10-14,,,,,,,,,,,,,
2010-10-15,,,,,,,,,,,,,
2010-10-16,,,,,,,,,,,,,
2010-10-17,,,,,,,,,,,,,
2010-10-18,,,,,,,,,,,,,
2010-10-19,,,,,,,,,,,,,
2010-10-20,,,,,,,,,,,,,
2010-10-21,,,,,,,,,,,,,
2010-10-22,,,,,,,,,,,,,
2010-10-23,,,,,,,,,,,,,
2010-10-24,,,,,,,,,,,,,
2010-10-25,,,,,,,,,,,,,
2010-10-26,,,,,,,,,,,,,
2010-10-27,,,,,,,,,,,,,
2010-10-28,,,,,,,,,,,,,
2010-10-29,,,,,,,,,,,,,
2010-10-30,,,,,,,,,,,,,
2010-10-31,,,,,,,,,,,,,
2010-11-01,,,,,,,,,,,,,
2010-11-02,,,,,,,,,,,,,
2010-11-03,,,,,,,,,,,,,
2010-11-04,,,,,,,,,,,,,
2010-11-05,,,,,,,,,,,,,
2010-11-06,,,,,,,,,,,,,
2010-11-07,,,,,,,,,,,,,
2010-11-08,,,,,,,,,,,,,
2010-11-09,,,,,,,,,,,,,
2010-11-10,,,,,,,,,,,,,
2010-11-11,,,,,,,,,,,,,
2010-11-12,,,,,,,,,,,,,
2010-11-13,,,,,,,,,,,,,
2010-11-14,,,,,,,,,,,,,
2010-11-15,,,,,,,,,,,,,
2010-11-16,,,,,,,,,,,,,
2010-11-17,,,,,,,,,,,,,
2010-11-18,,,,,,,,,,,,,
2010-11-19,,,,,,,,,,,,,
2010-11-20,,,,,,,,,,,,,
2010-11-21,,,,,,,,,,,,,
2010-11-22,,,,,,,,,,,,,
2010-11-23,,,,,,,,,,,,,
2010-11-24,,,,,,,,,,,,,
2010-11-25,,,,,,,,,,,,,
2010-11-26,,,,,,,,,,,,,
2010-11-27,,,,,,,,,,,,,
2010-11-28,,,,,,,,,,,,,
2010-11-29,,,,,,,,,,,,,
2010-11-30,,,,,,,,,,,,,
2010-12-01,,,,,,,,,,,,,
2010-12-02,,,,,,,,,,,,,
2010-12-03,,,,,,,,,,,,,
2010-12-04,,,,,,,,,,,,,
2010-12-05,,,,,,,,,,,,,
2010-12-06,,,,,,,,,,,,,
2010-12-07,,,,,,,,,,,,,
2010-12-08,,,,,,,,,,,,,
2010-12-09,,,,,,,,,,,,,
2010-12-10,,,,,,,,,,,,,
2010-12-11,,,,,,,,,,,,,
2010-12-12,,,,,,,,,,,,,
2010-12-13,,,,,,,,,,,,,
2010-12-14,,,,,,,,,,,,,
2010-12-15,,,,,,,,,,,,,
2010-12-16,,,,,,,,,,,,,
2010-12-17,,,,,,,,,,,,,
2010-12-18,,,,,,,,,,,,,
2010-12-19,,,,,,,,,,,,,
2010-12-20,,,,,,,,,,,,,
2010-12-21,,,,,,,,,,,,,
2010-12-22,,,,,,,,,,,,,
2010-12-23,,,,,,,,,,,,,
2010-12-24,,,,,,,,,,,,,
2010-12-25,,,,,,,,,,,,,
2010-12-26,,,,,,,,,,,,,
2010-12-27,,,,,,,,,,,,,
2010-12-28,,,,,,,,,,,,,
2010-12-29,,,,,,,,,,,,,
2010-12-30,,,,,,,,,,,,,
2010-12-31,,,,,,,,,,,,,
2011-01-01,,,,,,,,,,,,,
2011-01-02,,,,,,,,,,,,,
2011-01-03,,,,,,,,,,,,,
2011-01-04,,,,,,,,,,,,,
2011-01-05,,,,,,,,,,,,,
2011-01-06,,,,,,,,,,,,,
2011-01-07,,,,,,,,,,,,,
2011-01-08,,,,,,,,,,,,,
2011-01-09,,,,,,,,,,,,,
2011-01-10,,,,,,,,,,,,,
2011-01-11,,,,,,,,,,,,,
2011-01-12,,,,,,,,,,,,,
2011-01-13,,,,,,,,,,,,,
2011-01-14,,,,,,,,,,,,,
2011-01-15,,,,,,,,,,,,,
2011-01-16,,,,,,,,,,,,,
2011-01-17,,,,,,,,,,,,,
2011-01-18,,,,,,,,,,,,,
2011-01-19,,,,,,,,,,,,,
2011-01-20,,,,,,,,,,,,,
2011-01-21,,,,,,,,,,,,,
2011-01-22,,,,,,,,,,,,,
2011-01-23,,,,,,,,,,,,,
2011-01-24,,,,,,,,,,,,,
2011-01-25,,,,,,,,,,,,,
2011-01-26,,,,,,,,,,,,,
2011-01-27,,,,,,,,,,,,,
2011-01-28,,,,,,,,,,,,,
2011-01-29,,,,,,,,,,,,,
2011-01-30,,,,,,,,,,,,,
2011-01-31,,,,,,,,,,,,,
2011-02-01,,,,,,,,,,,,,
2011-02-02,,,,,,,,,,,,,
2011-02-03,,,,,,,,,,,,,
2011-02-04,,,,,,,,,,,,,
2011-02-05,,,,,,,,,,,,,
2011-02-06,,,,,,,,,,,,,
2011-02-07,,,,,,,,,,,,,
2011-02-08,,,,,,,,,,,,,
2011-02-09,,,,,,,,,,,,,
2011-02-10,,,,,,,,,,,,,
2011-02-11,,,,,,,,,,,,,
2011-02-12,,,,,,,,,,,,,
2011-02-13,,,,,,,,,,,,,
2011-02-14,,,,,,,,,,,,,
2011-02-15,,,,,,,,,,,,,
2011-02-16,,,,,,,,,,,,,
2011-02-17,,,,,,,,,,,,,
2011-02-18,,,,,,,,,,,,,
2011-02-19,,,,,,,,,,,,,
2011-02-20,,,,,,,,,,,,,
2011-02-21,,,,,,,,,,,,,
2011-02-22,,,,,,,,,,,,,
2011-02-23,,,,,,,,,,,,,
2011-02-24,,,,,,,,,,,,,
2011-02-25,,,,,,,,,,,,,
2011-02-26,,,,,,,,,,,,,
2011-02-27,,,,,,,,,,,,,
2011-02-28,,,,,,,,,,,,,
2011-03-01,,,,,,,,,,,,,
2011-03-02,,,,,,,,,,,,,
2011-03-03,,,,,,,,,,,,,
2011-03-04,,,,,,,,,,,,,
2011-03-05,,,,,,,,,,,,,
2011-03-06,,,,,,,,,,,,,
2011-03-07,,,,,,,,,,,,,
2011-03-08,,,,,,,,,,,,,
2011-03-09,,,,,,,,,,,,,
2011-03-10,,,,,,,,,,,,,
2011-03-11,,,,,,,,,,,,,
2011-03-12,,,,,,,,,,,,,
2011-03-13,,,,,,,,,,,,,
2011-03-14,,,,,,,,,,,,,
2011-03-15,,,,,,,,,,,,,
2011-03-16,,,,,,,,,,,,,
2011-03-17,,,,,,,,,,,,,
2011-03-18,,,,,,,,,,,,,
2011-03-19,,,,,,,,,,,,,
2011-03-20,,,,,,,,,,,,,
2011-03-21,,,,,,,,,,,,,
2011-03-22,,,,,,,,,,,,,
2011-03-23,,,,,,,,,,,,,
2011-03-24,,,,,,,,,,,,,
2011-03-25,,,,,,,,,,,,,
2011-03-26,,,,,,,,,,,,,
2011-03-27,,,,,,,,,,,,,
2011-03-28,,,,,,,,,,,,,
2011-03-29,,,,,,,,,,,,,
2011-03-30,,,,,,,,,,,,,
2011-03-31,,,,,,,,,,,,,
2011-04-01,,,,,,,,,,,,,
2011-04-02,,,,,,,,,,,,,
2011-04-03,,,,,,,,,,,,,
2011-04-04,,,,,,,,,,,,,
2011-04-05,,,,,,,,,,,,,
2011-04-06,,,,,,,,,,,,,
2011-04-07,,,,,,,,,,,,,
2011-04-08,,,,,,,,,,,,,
2011-04-09,,,,,,,,,,,,,
2011-04-10,,,,,,,,,,,,,
2011-04-11,,,,,,,,,,,,,
2011-04-12,,,,,,,,,,,,,
2011-04-13,,,,,,,,,,,,,
2011-04-14,,,,,,,,,,,,,
2011-04-15,,,,,,,,,,,,,
2011-04-16,,,,,,,,,,,,,
2011-04-17,,,,,,,,,,,,,
2011-04-18,,,,,,,,,,,,,
2011-04-19,,,,,,,,,,,,,
2011-04-20,,,,,,,,,,,,,
2011-04-21,,,,,,,,,,,,,
2011-04-22,,,,,,,,,,,,,
2011-04-23,,,,,,,,,,,,,
2011-04-24,,,,,,,,,,,,,
2011-04-25,,,,,,,,,,,,,
2011-04-26,,,,,,,,,,,,,
2011-04-27,,,,,,,,,,,,,
2011-04-28,,,,,,,,,,,,,
2011-04-29,,,,,,,,,,,,,
2011-04-30,,,,,,,,,,,,,
2011-05-01,,,,,,,,,,,,,
2011-05-02,,,,,,,,,,,,,
2011-05-03,,,,,,,,,,,,,
2011-05-04,,,,,,,,,,,,,
2011-05-05,,,,,,,,,,,,,
2011-05-06,,,,,,,,,,,,,
2011-05-07,,,,,,,,,,,,,
2011-05-08,,,,,,,,,,,,,
2011-05-09,,,,,,,,,,,,,
2011-05-10,,,,,,,,,,,,,
2011-05-11,,,,,,,,,,,,,
2011-05-12,,,,,,,,,,,,,
2011-05-13,,,,,,,,,,,,,
2011-05-14,,,,,,,,,,,,,
2011-05-15,,,,,,,,,,,,,
2011-05-16,,,,,,,,,,,,,
2011-05-17,,,,,,,,,,,,,
2011-05-18,,,,,,,,,,,,,
2011-05-19,,,,,,,,,,,,,
2011-05-20,,,,,,,,,,,,,
2011-05-21,,,,,,,,,,,,,
2011-05-22,,,,,,,,,,,,,
2011-05-23,,,,,,,,,,,,,
2011-05-24,,,,,,,,,,,,,
2011-05-25,,,,,,,,,,,,,
2011-05-26,,,,,,,,,,,,,
2011-05-27,,,,,,,,,,,,,
2011-05-28,,,,,,,,,,,,,
2011-05-29,,,,,,,,,,,,,
2011-05-30,,,,,,,,,,,,,
2011-05-31,,,,,,,,,,,,,
2011-06-01,,,,,,,,,,,,,
2011-06-02,,,,,,,,,,,,,
2011-06-03,,,,,,,,,,,,,
2011-06-04,,,,,,,,,,,,,
2011-06-05,,,,,,,,,,,,,
2011-06-06,,,,,,,,,,,,,
2011-06-07,,,,,,,,,,,,,
2011-06-08,,,,,,,,,,,,,
2011-06-09,,,,,,,,,,,,,
2011-06-10,,,,,,,,,,,,,
2011-06-11,,,,,,,,,,,,,
2011-06-12,,,,,,,,,,,,,
2011-06-13,,,,,,,,,,,,,
2011-06-14,,,,,,,,,,,,,
2011-06-15,,,,,,,,,,,,,
2011-06-16,,,,,,,,,,,,,
2011-06-17,,,,,,,,,,,,,
2011-06-18,,,,,,,,,,,,,
2011-06-19,,,,,,,,,,,,,
2011-06-20,,,,,,,,,,,,,
2011-06-21,,,,,,,,,,,,,
2011-06-22,,,,,,,,,,,,,
2011-06-23,,,,,,,,,,,,,
2011-06-24,,,,,,,,,,,,,
2011-06-25,,,,,,,,,,,,,
2011-06-26,,,,,,,,,,,,,
2011-06-27,,,,,,,,,,,,,
2011-06-28,,,,,,,,,,,,,
2011-06-29,,,,,,,,,,,,,
2011-06-30,,,,,,,,,,,,,
2011-07-01,,,,,,,,,,,,,
2011-07-02,,,,,,,,,,,,,
2011-07-03,,,,,,,,,,,,,
2011-07-04,,,,,,,,,,,,,
2011-07-05,,,,,,,,,,,,,
2011-07-06,,,,,,,,,,,,,
2011-07-07,,,,,,,,,,,,,
2011-07-08,,,,,,,,,,,,,
2011-07-09,,,,,,,,,,,,,
2011-07-10,,,,,,,,,,,,,
2011-07-11,,,,,,,,,,,,,
2011-07-12,,,,,,,,,,,,,
2011-07-13,,,,,,,,,,,,,
2011-07-14,,,,,,,,,,,,,
2011-07-15,,,,,,,,,,,,,
2011-07-16,,,,,,,,,,,,,
2011-07-17,,,,,,,,,,,,,
2011-07-18,,,,,,,,,,,,,
2011-07-19,,,,,,,,,,,,,
2011-07-20,,,,,,,,,,,,,
2011-07-21,,,,,,,,,,,,,
2011-07-22,,,,,,,,,,,,,
2011-07-23,,,,,,,,,,,,,
2011-07-24,,,,,,,,,,,,,
2011-07-25,,,,,,,,,,,,,
2011-07-26,,,,,,,,,,,,,
2011-07-27,,,,,,,,,,,,,
2011-07-28,,,,,,,,,,,,,
2011-07-29,,,,,,,,,,,,,
2011-07-30,,,,,,,,,,,,,
2011-07-31,,,,,,,,,,,,,
2011-08-01,,,,,,,,,,,,,
2011-08-02,,,,,,,,,,,,,
2011-08-03,,,,,,,,,,,,,
2011-08-04,,,,,,,,,,,,,
2011-08-05,,,,,,,,,,,,,
2011-08-06,,,,,,,,,,,,,
2011-08-07,,,,,,,,,,,,,
2011-08-08,,,,,,,,,,,,,
2011-08-09,,,,,,,,,,,,,
2011-08-10,,,,,,,,,,,,,
2011-08-11,,,,,,,,,,,,,
2011-08-12,,,,,,,,,,,,,
2011-08-13,,,,,,,,,,,,,
2011-08-14,,,,,,,,,,,,,
2011-08-15,,,,,,,,,,,,,
2011-08-16,,,,,,,,,,,,,
2011-08-17,,,,,,,,,,,,,
2011-08-18,,,,,,,,,,,,,
2011-08-19,,,,,,,,,,,,,
2011-08-20,,,,,,,,,,,,,
2011-08-21,,,,,,,,,,,,,
2011-08-22,,,,,,,,,,,,,
2011-08-23,,,,,,,,,,,,,
2011-08-24,,,,,,,,,,,,,
2011-08-25,,,,,,,,,,,,,
2011-08-26,,,,,,,,,,,,,
2011-08-27,,,,,,,,,,,,,
2011-08-28,,,,,,,,,,,,,
2011-08-29,,,,,,,,,,,,,
2011-08-30,,,,,,,,,,,,,
2011-08-31,,,,,,,,,,,,,
2011-09-01,,,,,,,,,,,,,
2011-09-02,,,,,,,,,,,,,
2011-09-03,,,,,,,,,,,,,
2011-09-04,,,,,,,,,,,,,
2011-09-05,,,,,,,,,,,,,
2011-09-06,,,,,,,,,,,,,
2011-09-07,,,,,,,,,,,,,
2011-09-08,,,,,,,,,,,,,
2011-09-09,,,,,,,,,,,,,
2011-09-10,,,,,,,,,,,,,
2011-09-11,,,,,,,,,,,,,
2011-09-12,,,,,,,,,,,,,
2011-09-13,,,,,,,,,,,,,
2011-09-14,,,,,,,,,,,,,
2011-09-15,,,,,,,,,,,,,
2011-09-16,,,,,,,,,,,,,
2011-09-17,,,,,,,,,,,,,
2011-09-18,,,,,,,,,,,,,
2011-09-19,,,,,,,,,,,,,
2011-09-20,,,,,,,,,,,,,
2011-09-21,,,,,,,,,,,,,
2011-09-22,,,,,,,,,,,,,
2011-09-23,,,,,,,,,,,,,
2011-09-24,,,,,,,,,,,,,
2011-09-25,,,,,,,,,,,,,
2011-09-26,,,,,,,,,,,,,
2011-09-27,,,,,,,,,,,,,
2011-09-28,,,,,,,,,,,,,
2011-09-29,,,,,,,,,,,,,
2011-09-30,,,,,,,,,,,,,
2011-10-01,,,,,,,,,,,,,
2011-10-02,,,,,,,,,,,,,
2011-10-03,,,,,,,,,,,,,
2011-10-04,,,,,,,,,,,,,
2011-10-05,,,,,,,,,,,,,
2011-10-06,,,,,,,,,,,,,
2011-10-07,,,,,,,,,,,,,
2011-10-08,,,,,,,,,,,,,
2011-10-09,,,,,,,,,,,,,
2011-10-10,,,,,,,,,,,,,
2011-10-11,,,,,,,,,,,,,
2011-10-12,,,,,,,,,,,,,
2011-10-13,,,,,,,,,,,,,
2011-10-14,,,,,,,,,,,,,
2011-10-15,,,,,,,,,,,,,
2011-10-16,,,,,,,,,,,,,
2011-10-17,,,,,,,,,,,,,
2011-10-18,,,,,,,,,,,,,
2011-10-19,,,,,,,,,,,,,
2011-10-20,,,,,,,,,,,,,
2011-10-21,,,,,,,,,,,,,
2011-10-22,,,,,,,,,,,,,
2011-10-23,,,,,,,,,,,,,
2011-10-24,,,,,,,,,,,,,
2011-10-25,,,,,,,,,,,,,
2011-10-26,,,,,,,,,,,,,
2011-10-27,,,,,,,,,,,,,
2011-10-28,,,,,,,,,,,,,
2011-10-29,,,,,,,,,,,,,
2011-10-30,,,,,,,,,,,,,
2011-10-31,,,,,,,,,,,,,
2011-11-01,,,,,,,,,,,,,
2011-11-02,,,,,,,,,,,,,
2011-11-03,,,,,,,,,,,,,
2011-11-04,,,,,,,,,,,,,
2011-11-05,,,,,,,,,,,,,
2011-11-06,,,,,,,,,,,,,
2011-11-07,,,,,,,,,,,,,
2011-11-08,,,,,,,,,,,,,
2011-11-09,,,,,,,,,,,,,
2011-11-10,,,,,,,,,,,,,
2011-11-11,,,,,,,,,,,,,
2011-11-12,,,,,,,,,,,,,
2011-11-13,,,,,,,,,,,,,
2011-11-14,,,,,,,,,,,,,
2011-11-15,,,,,,,,,,,,,
2011-11-16,,,,,,,,,,,,,
2011-11-17,,,,,,,,,,,,,
2011-11-18,,,,,,,,,,,,,
2011-11-19,,,,,,,,,,,,,
2011-11-20,,,,,,,,,,,,,
2011-11-21,,,,,,,,,,,,,
2011-11-22,,,,,,,,,,,,,
2011-11-23,,,,,,,,,,,,,
2011-11-24,,,,,,,,,,,,,
2011-11-25,,,,,,,,,,,,,
2011-11-26,,,,,,,,,,,,,
2011-11-27,,,,,,,,,,,,,
2011-11-28,,,,,,,,,,,,,
2011-11-29,,,,,,,,,,,,,
2011-11-30,,,,,,,,,,,,,
2011-12-01,,,,,,,,,,,,,
2011-12-02,,,,,,,,,,,,,
2011-12-03,,,,,,,,,,,,,
2011-12-04,,,,,,,,,,,,,
2011-12-05,,,,,,,,,,,,,
2011-12-06,,,,,,,,,,,,,
2011-12-07,,,,,,,,,,,,,
2011-12-08,,,,,,,,,,,,,
2011-12-09,,,,,,,,,,,,,
2011-12-10,,,,,,,,,,,,,
2011-12-11,,,,,,,,,,,,,
2011-12-12,,,,,,,,,,,,,
2011-12-13,,,,,,,,,,,,,
2011-12-14,,,,,,,,,,,,,
2011-12-15,,,,,,,,,,,,,
2011-12-16,,,,,,,,,,,,,
2011-12-17,,,,,,,,,,,,,
2011-12-18,,,,,,,,,,,,,
2011-12-19,,,,,,,,,,,,,
2011-12-20,,,,,,,,,,,,,
2011-12-21,,,,,,,,,,,,,
2011-12-22,,,,,,,,,,,,,
2011-12-23,,,,,,,,,,,,,
2011-12-24,,,,,,,,,,,,,
2011-12-25,,,,,,,,,,,,,
2011-12-26,,,,,,,,,,,,,
2011-12-27,,,,,,,,,,,,,
2011-12-28,,,,,,,,,,,,,
2011-12-29,,,,,,,,,,,,,
2011-12-30,,,,,,,,,,,,,
2011-12-31,,,,,,,,,,,,,
2012-01-01,,,,,,,,,,,,,
2012-01-02,,,,,,,,,,,,,
2012-01-03,,,,,,,,,,,,,
2012-01-04,,,,,,,,,,,,,
2012-01-05,,,,,,,,,,,,,
2012-01-06,,,,,,,,,,,,,
2012-01-07,,,,,,,,,,,,,
2012-01-08,,,,,,,,,,,,,
2012-01-09,,,,,,,,,,,,,
2012-01-10,,,,,,,,,,,,,
2012-01-11,,,,,,,,,,,,,
2012-01-12,,,,,,,,,,,,,
2012-01-13,,,,,,,,,,,,,
2012-01-14,,,,,,,,,,,,,
2012-01-15,,,,,,,,,,,,,
2012-01-16,,,,,,,,,,,,,
2012-01-17,,,,,,,,,,,,,
2012-01-18,,,,,,,,,,,,,
2012-01-19,,,,,,,,,,,,,
2012-01-20,,,,,,,,,,,,,
2012-01-21,,,,,,,,,,,,,
2012-01-22,,,,,,,,,,,,,
2012-01-23,,,,,,,,,,,,,
2012-01-24,,,,,,,,,,,,,
2012-01-25,,,,,,,,,,,,,
2012-01-26,,,,,,,,,,,,,
2012-01-27,,,,,,,,,,,,,
2012-01-28,,,,,,,,,,,,,
2012-01-29,,,,,,,,,,,,,
2012-01-30,,,,,,,,,,,,,
2012-01-31,,,,,,,,,,,,,
2012-02-01,,,,,,,,,,,,,
2012-02-02,,,,,,,,,,,,,
2012-02-03,,,,,,,,,,,,,
2012-02-04,,,,,,,,,,,,,
2012-02-05,,,,,,,,,,,,,
2012-02-06,,,,,,,,,,,,,
2012-02-07,,,,,,,,,,,,,
2012-02-08,,,,,,,,,,,,,
2012-02-09,,,,,,,,,,,,,
2012-02-10,,,,,,,,,,,,,
2012-02-11,,,,,,,,,,,,,
2012-02-12,,,,,,,,,,,,,
2012-02-13,,,,,,,,,,,,,
2012-02-14,,,,,,,,,,,,,
2012-02-15,,,,,,,,,,,,,
2012-02-16,,,,,,,,,,,,,
2012-02-17,,,,,,,,,,,,,
2012-02-18,,,,,,,,,,,,,
2012-02-19,,,,,,,,,,,,,
2012-02-20,,,,,,,,,,,,,
2012-02-21,,,,,,,,,,,,,
2012-02-22,,,,,,,,,,,,,
2012-02-23,,,,,,,,,,,,,
2012-02-24,,,,,,,,,,,,,
2012-02-25,,,,,,,,,,,,,
2012-02-26,,,,,,,,,,,,,
2012-02-27,,,,,,,,,,,,,
2012-02-28,,,,,,,,,,,,,
2012-02-29,,,,,,,,,,,,,
2012-03-01,,,,,,,,,,,,,
2012-03-02,,,,,,,,,,,,,
2012-03-03,,,,,,,,,,,,,
2012-03-04,,,,,,,,,,,,,
2012-03-05,,,,,,,,,,,,,
2012-03-06,,,,,,,,,,,,,
2012-03-07,,,,,,,,,,,,,
2012-03-08,,,,,,,,,,,,,
2012-03-09,,,,,,,,,,,,,
2012-03-10,,,,,,,,,,,,,
2012-03-11,,,,,,,,,,,,,
2012-03-12,,,,,,,,,,,,,
2012-03-13,,,,,,,,,,,,,
2012-03-14,,,,,,,,,,,,,
2012-03-15,,,,,,,,,,,,,
2012-03-16,,,,,,,,,,,,,
2012-03-17,,,,,,,,,,,,,
2012-03-18,,,,,,,,,,,,,
2012-03-19,,,,,,,,,,,,,
2012-03-20,,,,,,,,,,,,,
2012-03-21,,,,,,,,,,,,,
2012-03-22,,,,,,,,,,,,,
2012-03-23,,,,,,,,,,,,,
2012-03-24,,,,,,,,,,,,,
2012-03-25,,,,,,,,,,,,,
2012-03-26,,,,,,,,,,,,,
2012-03-27,,,,,,,,,,,,,
2012-03-28,,,,,,,,,,,,,
2012-03-29,,,,,,,,,,,,,
2012-03-30,,,,,,,,,,,,,
2012-03-31,,,,,,,,,,,,,
2012-04-01,,,,,,,,,,,,,
2012-04-02,,,,,,,,,,,,,
2012-04-03,,,,,,,,,,,,,
2012-04-04,,,,,,,,,,,,,
2012-04-05,,,,,,,,,,,,,
2012-04-06,,,,,,,,,,,,,
2012-04-07,,,,,,,,,,,,,
2012-04-08,,,,,,,,,,,,,
2012-04-09,,,,,,,,,,,,,
2012-04-10,,,,,,,,,,,,,
2012-04-11,,,,,,,,,,,,,
2012-04-12,,,,,,,,,,,,,
2012-04-13,,,,,,,,,,,,,
2012-04-14,,,,,,,,,,,,,
2012-04-15,,,,,,,,,,,,,
2012-04-16,,,,,,,,,,,,,
2012-04-17,,,,,,,,,,,,,
2012-04-18,,,,,,,,,,,,,
2012-04-19,,,,,,,,,,,,,
2012-04-20,,,,,,,,,,,,,
2012-04-21,,,,,,,,,,,,,
2012-04-22,,,,,,,,,,,,,
2012-04-23,,,,,,,,,,,,,
2012-04-24,,,,,,,,,,,,,
2012-04-25,,,,,,,,,,,,,
2012-04-26,,,,,,,,,,,,,
2012-04-27,,,,,,,,,,,,,
2012-04-28,,,,,,,,,,,,,
2012-04-29,,,,,,,,,,,,,
2012-04-30,,,,,,,,,,,,,
2012-05-01,,,,,,,,,,,,,
2012-05-02,,,,,,,,,,,,,
2012-05-03,,,,,,,,,,,,,
2012-05-04,,,,,,,,,,,,,
2012-05-05,,,,,,,,,,,,,
2012-05-06,,,,,,,,,,,,,
2012-05-07,,,,,,,,,,,,,
2012-05-08,,,,,,,,,,,,,
2012-05-09,,,,,,,,,,,,,
2012-05-10,,,,,,,,,,,,,
2012-05-11,,,,,,,,,,,,,
2012-05-12,,,,,,,,,,,,,
2012-05-13,,,,,,,,,,,,,
2012-05-14,,,,,,,,,,,,,
2012-05-15,,,,,,,,,,,,,
2012-05-16,,,,,,,,,,,,,
2012-05-17,,,,,,,,,,,,,
2012-05-18,,,,,,,,,,,,,
2012-05-19,,,,,,,,,,,,,
2012-05-20,,,,,,,,,,,,,
2012-05-21,,,,,,,,,,,,,
2012-05-22,,,,,,,,,,,,,
2012-05-23,,,,,,,,,,,,,
2012-05-24,,,,,,,,,,,,,
2012-05-25,,,,,,,,,,,,,
2012-05-26,,,,,,,,,,,,,
2012-05-27,,,,,,,,,,,,,
2012-05-28,,,,,,,,,,,,,
2012-05-29,,,,,,,,,,,,,
2012-05-30,,,,,,,,,,,,,
2012-05-31,,,,,,,,,,,,,
2012-06-01,,,,,,,,,,,,,
2012-06-02,,,,,,,,,,,,,
2012-06-03,,,,,,,,,,,,,
2012-06-04,,,,,,,,,,,,,
2012-06-05,,,,,,,,,,,,,
2012-06-06,,,,,,,,,,,,,
2012-06-07,,,,,,,,,,,,,
2012-06-08,,,,,,,,,,,,,
2012-06-09,,,,,,,,,,,,,
2012-06-10,,,,,,,,,,,,,
2012-06-11,,,,,,,,,,,,,
2012-06-12,,,,,,,,,,,,,
2012-06-13,,,,,,,,,,,,,
2012-06-14,,,,,,,,,,,,,
2012-06-15,,,,,,,,,,,,,
2012-06-16,,,,,,,,,,,,,
2012-06-17,,,,,,,,,,,,,
2012-06-18,,,,,,,,,,,,,
2012-06-19,,,,,,,,,,,,,
2012-06-20,,,,,,,,,,,,,
2012-06-21,,,,,,,,,,,,,
2012-06-22,,,,,,,,,,,,,
2012-06-23,,,,,,,,,,,,,
2012-06-24,,,,,,,,,,,,,
2012-06-25,,,,,,,,,,,,,
2012-06-26,,,,,,,,,,,,,
2012-06-27,,,,,,,,,,,,,
2012-06-28,,,,,,,,,,,,,
2012-06-29,,,,,,,,,,,,,
2012-06-30,,,,,,,,,,,,,
2012-07-01,,,,,,,,,,,,,
2012-07-02,,,,,,,,,,,,,
2012-07-03,,,,,,,,,,,,,
2012-07-04,,,,,,,,,,,,,
2012-07-05,,,,,,,,,,,,,
2012-07-06,,,,,,,,,,,,,
2012-07-07,,,,,,,,,,,,,
2012-07-08,,,,,,,,,,,,,
2012-07-09,,,,,,,,,,,,,
2012-07-10,,,,,,,,,,,,,
2012-07-11,,,,,,,,,,,,,
2012-07-12,,,,,,,,,,,,,
2012-07-13,,,,,,,,,,,,,
2012-07-14,,,,,,,,,,,,,
2012-07-15,,,,,,,,,,,,,
2012-07-16,,,,,,,,,,,,,
2012-07-17,,,,,,,,,,,,,
2012-07-18,,,,,,,,,,,,,
2012-07-19,,,,,,,,,,,,,
2012-07-20,,,,,,,,,,,,,
2012-07-21,,,,,,,,,,,,,
2012-07-22,,,,,,,,,,,,,
2012-07-23,,,,,,,,,,,,,
2012-07-24,,,,,,,,,,,,,
2012-07-25,,,,,,,,,,,,,
2012-07-26,,,,,,,,,,,,,
2012-07-27,,,,,,,,,,,,,
2012-07-28,,,,,,,,,,,,,
2012-07-29,,,,,,,,,,,,,
2012-07-30,,,,,,,,,,,,,
2012-07-31,,,,,,,,,,,,,
2012-08-01,,,,,,,,,,,,,
2012-08-02,,,,,,,,,,,,,
2012-08-03,,,,,,,,,,,,,
2012-08-04,,,,,,,,,,,,,
2012-08-05,,,,,,,,,,,,,
2012-08-06,,,,,,,,,,,,,
2012-08-07,,,,,,,,,,,,,
2012-08-08,,,,,,,,,,,,,
2012-08-09,,,,,,,,,,,,,
2012-08-10,,,,,,,,,,,,,
2012-08-11,,,,,,,,,,,,,
2012-08-12,,,,,,,,,,,,,
2012-08-13,,,,,,,,,,,,,
2012-08-14,,,,,,,,,,,,,
2012-08-15,,,,,,,,,,,,,
2012-08-16,,,,,,,,,,,,,
2012-08-17,,,,,,,,,,,,,
2012-08-18,,,,,,,,,,,,,
2012-08-19,,,,,,,,,,,,,
2012-08-20,,,,,,,,,,,,,
2012-08-21,,,,,,,,,,,,,
2012-08-22,,,,,,,,,,,,,
2012-08-23,,,,,,,,,,,,,
2012-08-24,,,,,,,,,,,,,
2012-08-25,,,,,,,,,,,,,
2012-08-26,,,,,,,,,,,,,
2012-08-27,,,,,,,,,,,,,
2012-08-28,,,,,,,,,,,,,
2012-08-29,,,,,,,,,,,,,
2012-08-30,,,,,,,,,,,,,
2012-08-31,,,,,,,,,,,,,
2012-09-01,,,,,,,,,,,,,
2012-09-02,,,,,,,,,,,,,
2012-09-03,,,,,,,,,,,,,
2012-09-04,,,,,,,,,,,,,
2012-09-05,,,,,,,,,,,,,
2012-09-06,,,,,,,,,,,,,
2012-09-07,,,,,,,,,,,,,
2012-09-08,,,,,,,,,,,,,
2012-09-09,,,,,,,,,,,,,
2012-09-10,,,,,,,,,,,,,
2012-09-11,,,,,,,,,,,,,
2012-09-12,,,,,,,,,,,,,
2012-09-13,,,,,,,,,,,,,
2012-09-14,,,,,,,,,,,,,
2012-09-15,,,,,,,,,,,,,
2012-09-16,,,,,,,,,,,,,
2012-09-17,,,,,,,,,,,,,
2012-09-18,,,,,,,,,,,,,
2012-09-19,,,,,,,,,,,,,
2012-09-20,,,,,,,,,,,,,
2012-09-21,,,,,,,,,,,,,
2012-09-22,,,,,,,,,,,,,
2012-09-23,,,,,,,,,,,,,
2012-09-24,,,,,,,,,,,,,
2012-09-25,,,,,,,,,,,,,
2012-09-26,,,,,,,,,,,,,
2012-09-27,,,,,,,,,,,,,
2012-09-28,,,,,,,,,,,,,
2012-09-29,,,,,,,,,,,,,
2012-09-30,,,,,,,,,,,,,
2012-10-01,,,,,,,,,,,,,
2012-10-02,,,,,,,,,,,,,
2012-10-03,,,,,,,,,,,,,
2012-10-04,,,,,,,,,,,,,
2012-10-05,,,,,,,,,,,,,
2012-10-06,,,,,,,,,,,,,
2012-10-07,,,,,,,,,,,,,
2012-10-08,,,,,,,,,,,,,
2012-10-09,,,,,,,,,,,,,
2012-10-10,,,,,,,,,,,,,
2012-10-11,,,,,,,,,,,,,
2012-10-12,,,,,,,,,,,,,
2012-10-13,,,,,,,,,,,,,
2012-10-14,,,,,,,,,,,,,
2012-10-15,,,,,,,,,,,,,
2012-10-16,,,,,,,,,,,,,
2012-10-17,,,,,,,,,,,,,
2012-10-18,,,,,,,,,,,,,
2012-10-19,,,,,,,,,,,,,
2012-10-20,,,,,,,,,,,,,
2012-10-21,,,,,,,,,,,,,
2012-10-22,,,,,,,,,,,,,
2012-10-23,,,,,,,,,,,,,
2012-10-24,,,,,,,,,,,,,
2012-10-25,,,,,,,,,,,,,
2012-10-26,,,,,,,,,,,,,
2012-10-27,,,,,,,,,,,,,
2012-10-28,,,,,,,,,,,,,
2012-10-29,,,,,,,,,,,,,
2012-10-30,,,,,,,,,,,,,
2012-10-31,,,,,,,,,,,,,
2012-11-01,,,,,,,,,,,,,
2012-11-02,,,,,,,,,,,,,
2012-11-03,,,,,,,,,,,,,
2012-11-04,,,,,,,,,,,,,
2012-11-05,,,,,,,,,,,,,
2012-11-06,,,,,,,,,,,,,
2012-11-07,,,,,,,,,,,,,
2012-11-08,,,,,,,,,,,,,
2012-11-09,,,,,,,,,,,,,
2012-11-10,,,,,,,,,,,,,
2012-11-11,,,,,,,,,,,,,
2012-11-12,,,,,,,,,,,,,
2012-11-13,,,,,,,,,,,,,
2012-11-14,,,,,,,,,,,,,
2012-11-15,,,,,,,,,,,,,
2012-11-16,,,,,,,,,,,,,
2012-11-17,,,,,,,,,,,,,
2012-11-18,,,,,,,,,,,,,
2012-11-19,,,,,,,,,,,,,
2012-11-20,,,,,,,,,,,,,
2012-11-21,,,,,,,,,,,,,
2012-11-22,,,,,,,,,,,,,
2012-11-23,,,,,,,,,,,,,
2012-11-24,,,,,,,,,,,,,
2012-11-25,,,,,,,,,,,,,
2012-11-26,,,,,,,,,,,,,
2012-11-27,,,,,,,,,,,,,
2012-11-28,,,,,,,,,,,,,
2012-11-29,,,,,,,,,,,,,
2012-11-30,,,,,,,,,,,,,
2012-12-01,,,,,,,,,,,,,
2012-12-02,,,,,,,,,,,,,
2012-12-03,,,,,,,,,,,,,
2012-12-04,,,,,,,,,,,,,
2012-12-05,,,,,,,,,,,,,
2012-12-06,,,,,,,,,,,,,
2012-12-07,,,,,,,,,,,,,
2012-12-08,,,,,,,,,,,,,
2012-12-09,,,,,,,,,,,,,
2012-12-10,,,,,,,,,,,,,
2012-12-11,,,,,,,,,,,,,
2012-12-12,,,,,,,,,,,,,
2012-12-13,,,,,,,,,,,,,
2012-12-14,,,,,,,,,,,,,
2012-12-15,,,,,,,,,,,,,
2012-12-16,,,,,,,,,,,,,
2012-12-17,,,,,,,,,,,,,
2012-12-18,,,,,,,,,,,,,
2012-12-19,,,,,,,,,,,,,
2012-12-20,,,,,,,,,,,,,
2012-12-21,,,,,,,,,,,,,
2012-12-22,,,,,,,,,,,,,
2012-12-23,,,,,,,,,,,,,
2012-12-24,,,,,,,,,,,,,
2012-12-25,,,,,,,,,,,,,
2012-12-26,,,,,,,,,,,,,
2012-12-27,,,,,,,,,,,,,
2012-12-28,,,,,,,,,,,,,
2012-12-29,,,,,,,,,,,,,
2012-12-30,,,,,,,,,,,,,
2012-12-31,,,,,,,,,,,,,
2013-01-01,,,,,,,,,,,,,
2013-01-02,,,,,,,,,,,,,
2013-01-03,,,,,,,,,,,,,
2013-01-04,,,,,,,,,,,,,
2013-01-05,,,,,,,,,,,,,
2013-01-06,,,,,,,,,,,,,
2013-01-07,,,,,,,,,,,,,
2013-01-08,,,,,,,,,,,,,
2013-01-09,,,,,,,,,,,,,
2013-01-10,,,,,,,,,,,,,
2013-01-11,,,,,,,,,,,,,
2013-01-12,,,,,,,,,,,,,
2013-01-13,,,,,,,,,,,,,
2013-01-14,,,,,,,,,,,,,
2013-01-15,,,,,,,,,,,,,
2013-01-16,,,,,,,,,,,,,
2013-01-17,,,,,,,,,,,,,
2013-01-18,,,,,,,,,,,,,
2013-01-19,,,,,,,,,,,,,
2013-01-20,,,,,,,,,,,,,
2013-01-21,,,,,,,,,,,,,
2013-01-22,,,,,,,,,,,,,
2013-01-23,,,,,,,,,,,,,
2013-01-24,,,,,,,,,,,,,
2013-01-25,,,,,,,,,,,,,
2013-01-26,,,,,,,,,,,,,
2013-01-27,,,,,,,,,,,,,
2013-01-28,,,,,,,,,,,,,
2013-01-29,,,,,,,,,,,,,
2013-01-30,,,,,,,,,,,,,
2013-01-31,,,,,,,,,,,,,
2013-02-01,,,,,,,,,,,,,
2013-02-02,,,,,,,,,,,,,
2013-02-03,,,,,,,,,,,,,
2013-02-04,,,,,,,,,,,,,
2013-02-05,,,,,,,,,,,,,
2013-02-06,,,,,,,,,,,,,
2013-02-07,,,,,,,,,,,,,
2013-02-08,,,,,,,,,,,,,
2013-02-09,,,,,,,,,,,,,
2013-02-10,,,,,,,,,,,,,
2013-02-11,,,,,,,,,,,,,
2013-02-12,,,,,,,,,,,,,
2013-02-13,,,,,,,,,,,,,
2013-02-14,,,,,,,,,,,,,
2013-02-15,,,,,,,,,,,,,
2013-02-16,,,,,,,,,,,,,
2013-02-17,,,,,,,,,,,,,
2013-02-18,,,,,,,,,,,,,
2013-02-19,,,,,,,,,,,,,
2013-02-20,,,,,,,,,,,,,
2013-02-21,,,,,,,,,,,,,
2013-02-22,,,,,,,,,,,,,
2013-02-23,,,,,,,,,,,,,
2013-02-24,,,,,,,,,,,,,
2013-02-25,,,,,,,,,,,,,
2013-02-26,,,,,,,,,,,,,
2013-02-27,,,,,,,,,,,,,
2013-02-28,,,,,,,,,,,,,
2013-03-01,,,,,,,,,,,,,
2013-03-02,,,,,,,,,,,,,
2013-03-03,,,,,,,,,,,,,
2013-03-04,,,,,,,,,,,,,
2013-03-05,,,,,,,,,,,,,
2013-03-06,,,,,,,,,,,,,
2013-03-07,,,,,,,,,,,,,
2013-03-08,,,,,,,,,,,,,
2013-03-09,,,,,,,,,,,,,
2013-03-10,,,,,,,,,,,,,
2013-03-11,,,,,,,,,,,,,
2013-03-12,,,,,,,,,,,,,
2013-03-13,,,,,,,,,,,,,
2013-03-14,,,,,,,,,,,,,
2013-03-15,,,,,,,,,,,,,
2013-03-16,,,,,,,,,,,,,
2013-03-17,,,,,,,,,,,,,
2013-03-18,,,,,,,,,,,,,
2013-03-19,,,,,,,,,,,,,
2013-03-20,,,,,,,,,,,,,
2013-03-21,,,,,,,,,,,,,
2013-03-22,,,,,,,,,,,,,
2013-03-23,,,,,,,,,,,,,
2013-03-24,,,,,,,,,,,,,
2013-03-25,,,,,,,,,,,,,
2013-03-26,,,,,,,,,,,,,
2013-03-27,,,,,,,,,,,,,
2013-03-28,,,,,,,,,,,,,
2013-03-29,,,,,,,,,,,,,
2013-03-30,,,,,,,,,,,,,
2013-03-31,,,,,,,,,,,,,
2013-04-01,,,,,,,,,,,,,
2013-04-02,,,,,,,,,,,,,
2013-04-03,,,,,,,,,,,,,
2013-04-04,,,,,,,,,,,,,
2013-04-05,,,,,,,,,,,,,
2013-04-06,,,,,,,,,,,,,
2013-04-07,,,,,,,,,,,,,
2013-04-08,,,,,,,,,,,,,
2013-04-09,,,,,,,,,,,,,
2013-04-10,,,,,,,,,,,,,
2013-04-11,,,,,,,,,,,,,
2013-04-12,,,,,,,,,,,,,
2013-04-13,,,,,,,,,,,,,
2013-04-14,,,,,,,,,,,,,
2013-04-15,,,,,,,,,,,,,
2013-04-16,,,,,,,,,,,,,
2013-04-17,,,,,,,,,,,,,
2013-04-18,,,,,,,,,,,,,
2013-04-19,,,,,,,,,,,,,
2013-04-20,,,,,,,,,,,,,
2013-04-21,,,,,,,,,,,,,
2013-04-22,,,,,,,,,,,,,
2013-04-23,,,,,,,,,,,,,
2013-04-24,,,,,,,,,,,,,
2013-04-25,,,,,,,,,,,,,
2013-04-26,,,,,,,,,,,,,
2013-04-27,,,,,,,,,,,,,
2013-04-28,,,,,,,,,,,,,
2013-04-29,,,,,,,,,,,,,
2013-04-30,,,,,,,,,,,,,
2013-05-01,,,,,,,,,,,,,
2013-05-02,,,,,,,,,,,,,
2013-05-03,,,,,,,,,,,,,
2013-05-04,,,,,,,,,,,,,
2013-05-05,,,,,,,,,,,,,
2013-05-06,,,,,,,,,,,,,
2013-05-07,,,,,,,,,,,,,
2013-05-08,,,,,,,,,,,,,
2013-05-09,,,,,,,,,,,,,
2013-05-10,,,,,,,,,,,,,
2013-05-11,,,,,,,,,,,,,
2013-05-12,,,,,,,,,,,,,
2013-05-13,,,,,,,,,,,,,
2013-05-14,,,,,,,,,,,,,
2013-05-15,,,,,,,,,,,,,
2013-05-16,,,,,,,,,,,,,
2013-05-17,,,,,,,,,,,,,
2013-05-18,,,,,,,,,,,,,
2013-05-19,,,,,,,,,,,,,
2013-05-20,,,,,,,,,,,,,
2013-05-21,,,,,,,,,,,,,
2013-05-22,,,,,,,,,,,,,
2013-05-23,,,,,,,,,,,,,
2013-05-24,,,,,,,,,,,,,
2013-05-25,,,,,,,,,,,,,
2013-05-26,,,,,,,,,,,,,
2013-05-27,,,,,,,,,,,,,
2013-05-28,,,,,,,,,,,,,
2013-05-29,,,,,,,,,,,,,
2013-05-30,,,,,,,,,,,,,
2013-05-31,,,,,,,,,,,,,
2013-06-01,,,,,,,,,,,,,
2013-06-02,,,,,,,,,,,,,
2013-06-03,,,,,,,,,,,,,
2013-06-04,,,,,,,,,,,,,
2013-06-05,,,,,,,,,,,,,
2013-06-06,,,,,,,,,,,,,
2013-06-07,,,,,,,,,,,,,
2013-06-08,,,,,,,,,,,,,
2013-06-09,,,,,,,,,,,,,
2013-06-10,,,,,,,,,,,,,
2013-06-11,,,,,,,,,,,,,
2013-06-12,,,,,,,,,,,,,
2013-06-13,,,,,,,,,,,,,
2013-06-14,,,,,,,,,,,,,
2013-06-15,,,,,,,,,,,,,
2013-06-16,,,,,,,,,,,,,
2013-06-17,,,,,,,,,,,,,
2013-06-18,,,,,,,,,,,,,
2013-06-19,,,,,,,,,,,,,
2013-06-20,,,,,,,,,,,,,
2013-06-21,,,,,,,,,,,,,
2013-06-22,,,,,,,,,,,,,
2013-06-23,,,,,,,,,,,,,
2013-06-24,,,,,,,,,,,,,
2013-06-25,,,,,,,,,,,,,
2013-06-26,,,,,,,,,,,,,
2013-06-27,,,,,,,,,,,,,
2013-06-28,,,,,,,,,,,,,
2013-06-29,,,,,,,,,,,,,
2013-06-30,,,,,,,,,,,,,
2013-07-01,,,,,,,,,,,,,
2013-07-02,,,,,,,,,,,,,
2013-07-03,,,,,,,,,,,,,
2013-07-04,,,,,,,,,,,,,
2013-07-05,,,,,,,,,,,,,
2013-07-06,,,,,,,,,,,,,
2013-07-07,,,,,,,,,,,,,
2013-07-08,,,,,,,,,,,,,
2013-07-09,,,,,,,,,,,,,
2013-07-10,,,,,,,,,,,,,
2013-07-11,,,,,,,,,,,,,
2013-07-12,,,,,,,,,,,,,
2013-07-13,,,,,,,,,,,,,
2013-07-14,,,,,,,,,,,,,
2013-07-15,,,,,,,,,,,,,
2013-07-16,,,,,,,,,,,,,
2013-07-17,,,,,,,,,,,,,
2013-07-18,,,,,,,,,,,,,
2013-07-19,,,,,,,,,,,,,
2013-07-20,,,,,,,,,,,,,
2013-07-21,,,,,,,,,,,,,
2013-07-22,,,,,,,,,,,,,
2013-07-23,,,,,,,,,,,,,
2013-07-24,,,,,,,,,,,,,
2013-07-25,,,,,,,,,,,,,
2013-07-26,,,,,,,,,,,,,
2013-07-27,,,,,,,,,,,,,
2013-07-28,,,,,,,,,,,,,
2013-07-29,,,,,,,,,,,,,
2013-07-30,,,,,,,,,,,,,
2013-07-31,,,,,,,,,,,,,
2013-08-01,,,,,,,,,,,,,
2013-08-02,,,,,,,,,,,,,
2013-08-03,,,,,,,,,,,,,
2013-08-04,,,,,,,,,,,,,
2013-08-05,,,,,,,,,,,,,
2013-08-06,,,,,,,,,,,,,
2013-08-07,,,,,,,,,,,,,
2013-08-08,,,,,,,,,,,,,
2013-08-09,,,,,,,,,,,,,
2013-08-10,,,,,,,,,,,,,
2013-08-11,,,,,,,,,,,,,
2013-08-12,,,,,,,,,,,,,
2013-08-13,,,,,,,,,,,,,
2013-08-14,,,,,,,,,,,,,
2013-08-15,,,,,,,,,,,,,
2013-08-16,,,,,,,,,,,,,
2013-08-17,,,,,,,,,,,,,
2013-08-18,,,,,,,,,,,,,
2013-08-19,,,,,,,,,,,,,
2013-08-20,,,,,,,,,,,,,
2013-08-21,,,,,,,,,,,,,
2013-08-22,,,,,,,,,,,,,
2013-08-23,,,,,,,,,,,,,
2013-08-24,,,,,,,,,,,,,
2013-08-25,,,,,,,,,,,,,
2013-08-26,,,,,,,,,,,,,
2013-08-27,,,,,,,,,,,,,
2013-08-28,,,,,,,,,,,,,
2013-08-29,,,,,,,,,,,,,
2013-08-30,,,,,,,,,,,,,
2013-08-31,,,,,,,,,,,,,
2013-09-01,,,,,,,,,,,,,
2013-09-02,,,,,,,,,,,,,
2013-09-03,,,,,,,,,,,,,
2013-09-04,,,,,,,,,,,,,
2013-09-05,,,,,,,,,,,,,
2013-09-06,,,,,,,,,,,,,
2013-09-07,,,,,,,,,,,,,
2013-09-08,,,,,,,,,,,,,
2013-09-09,,,,,,,,,,,,,
2013-09-10,,,,,,,,,,,,,
2013-09-11,,,,,,,,,,,,,
2013-09-12,,,,,,,,,,,,,
2013-09-13,,,,,,,,,,,,,
2013-09-14,,,,,,,,,,,,,
2013-09-15,,,,,,,,,,,,,
2013-09-16,,,,,,,,,,,,,
2013-09-17,,,,,,,,,,,,,
2013-09-18,,,,,,,,,,,,,
2013-09-19,,,,,,,,,,,,,
2013-09-20,,,,,,,,,,,,,
2013-09-21,,,,,,,,,,,,,
2013-09-22,,,,,,,,,,,,,
2013-09-23,,,,,,,,,,,,,
2013-09-24,,,,,,,,,,,,,
2013-09-25,,,,,,,,,,,,,
2013-09-26,,,,,,,,,,,,,
2013-09-27,,,,,,,,,,,,,
2013-09-28,,,,,,,,,,,,,
2013-09-29,,,,,,,,,,,,,
2013-09-30,,,,,,,,,,,,,
2013-10-01,,,,,,,,,,,,,
2013-10-02,,,,,,,,,,,,,
2013-10-03,,,,,,,,,,,,,
2013-10-04,,,,,,,,,,,,,
2013-10-05,,,,,,,,,,,,,
2013-10-06,,,,,,,,,,,,,
2013-10-07,,,,,,,,,,,,,
2013-10-08,,,,,,,,,,,,,
2013-10-09,,,,,,,,,,,,,
2013-10-10,,,,,,,,,,,,,
2013-10-11,,,,,,,,,,,,,
2013-10-12,,,,,,,,,,,,,
2013-10-13,,,,,,,,,,,,,
2013-10-14,,,,,,,,,,,,,
2013-10-15,,,,,,,,,,,,,
2013-10-16,,,,,,,,,,,,,
2013-10-17,,,,,,,,,,,,,
2013-10-18,,,,,,,,,,,,,
2013-10-19,,,,,,,,,,,,,
2013-10-20,,,,,,,,,,,,,
2013-10-21,,,,,,,,,,,,,
2013-10-22,,,,,,,,,,,,,
2013-10-23,,,,,,,,,,,,,
2013-10-24,,,,,,,,,,,,,
2013-10-25,,,,,,,,,,,,,
2013-10-26,,,,,,,,,,,,,
2013-10-27,,,,,,,,,,,,,
2013-10-28,,,,,,,,,,,,,
2013-10-29,,,,,,,,,,,,,
2013-10-30,,,,,,,,,,,,,
2013-10-31,,,,,,,,,,,,,
2013-11-01,,,,,,,,,,,,,
2013-11-02,,,,,,,,,,,,,
2013-11-03,,,,,,,,,,,,,
2013-11-04,,,,,,,,,,,,,
2013-11-05,,,,,,,,,,,,,
2013-11-06,,,,,,,,,,,,,
2013-11-07,,,,,,,,,,,,,
2013-11-08,,,,,,,,,,,,,
2013-11-09,,,,,,,,,,,,,
2013-11-10,,,,,,,,,,,,,
2013-11-11,,,,,,,,,,,,,
2013-11-12,,,,,,,,,,,,,
2013-11-13,,,,,,,,,,,,,
2013-11-14,,,,,,,,,,,,,
2013-11-15,,,,,,,,,,,,,
2013-11-16,,,,,,,,,,,,,
2013-11-17,,,,,,,,,,,,,
2013-11-18,,,,,,,,,,,,,
2013-11-19,,,,,,,,,,,,,
2013-11-20,,,,,,,,,,,,,
2013-11-21,,,,,,,,,,,,,
2013-11-22,,,,,,,,,,,,,
2013-11-23,,,,,,,,,,,,,
2013-11-24,,,,,,,,,,,,,
2013-11-25,,,,,,,,,,,,,
2013-11-26,,,,,,,,,,,,,
2013-11-27,,,,,,,,,,,,,
2013-11-28,,,,,,,,,,,,,
2013-11-29,,,,,,,,,,,,,
2013-11-30,,,,,,,,,,,,,
2013-12-01,,,,,,,,,,,,,
2013-12-02,,,,,,,,,,,,,
2013-12-03,,,,,,,,,,,,,
2013-12-04,,,,,,,,,,,,,
2013-12-05,,,,,,,,,,,,,
2013-12-06,,,,,,,,,,,,,
2013-12-07,,,,,,,,,,,,,
2013-12-08,,,,,,,,,,,,,
2013-12-09,,,,,,,,,,,,,
2013-12-10,,,,,,,,,,,,,
2013-12-11,,,,,,,,,,,,,
2013-12-12,,,,,,,,,,,,,
2013-12-13,,,,,,,,,,,,,
2013-12-14,,,,,,,,,,,,,
2013-12-15,,,,,,,,,,,,,
2013-12-16,,,,,,,,,,,,,
2013-12-17,,,,,,,,,,,,,
2013-12-18,,,,,,,,,,,,,
2013-12-19,,,,,,,,,,,,,
2013-12-20,,,,,,,,,,,,,
2013-12-21,,,,,,,,,,,,,
2013-12-22,,,,,,,,,,,,,
2013-12-23,,,,,,,,,,,,,
2013-12-24,,,,,,,,,,,,,
2013-12-25,,,,,,,,,,,,,
2013-12-26,,,,,,,,,,,,,
2013-12-27,,,,,,,,,,,,,
2013-12-28,,,,,,,,,,,,,
2013-12-29,,,,,,,,,,,,,
2013-12-30,,,,,,,,,,,,,
2013-12-31,,,,,,,,,,,,,
2014-01-01,,,,,,,,,,,,,
2014-01-02,,,,,,,,,,,,,
2014-01-03,,,,,,,,,,,,,
2014-01-04,,,,,,,,,,,,,
2014-01-05,,,,,,,,,,,,,
2014-01-06,,,,,,,,,,,,,
2014-01-07,,,,,,,,,,,,,
2014-01-08,,,,,,,,,,,,,
2014-01-09,,,,,,,,,,,,,
2014-01-10,,,,,,,,,,,,,
2014-01-11,,,,,,,,,,,,,
2014-01-12,,,,,,,,,,,,,
2014-01-13,,,,,,,,,,,,,
2014-01-14,,,,,,,,,,,,,
2014-01-15,,,,,,,,,,,,,
2014-01-16,,,,,,,,,,,,,
2014-01-17,,,,,,,,,,,,,
2014-01-18,,,,,,,,,,,,,
2014-01-19,,,,,,,,,,,,,
2014-01-20,,,,,,,,,,,,,
2014-01-21,,,,,,,,,,,,,
2014-01-22,,,,,,,,,,,,,
2014-01-23,,,,,,,,,,,,,
2014-01-24,,,,,,,,,,,,,
2014-01-25,,,,,,,,,,,,,
2014-01-26,,,,,,,,,,,,,
2014-01-27,,,,,,,,,,,,,
2014-01-28,,,,,,,,,,,,,
2014-01-29,,,,,,,,,,,,,
2014-01-30,,,,,,,,,,,,,
2014-01-31,,,,,,,,,,,,,
2014-02-01,,,,,,,,,,,,,
2014-02-02,,,,,,,,,,,,,
2014-02-03,,,,,,,,,,,,,
2014-02-04,,,,,,,,,,,,,
2014-02-05,,,,,,,,,,,,,
2014-02-06,,,,,,,,,,,,,
2014-02-07,,,,,,,,,,,,,
2014-02-08,,,,,,,,,,,,,
2014-02-09,,,,,,,,,,,,,
2014-02-10,,,,,,,,,,,,,
2014-02-11,,,,,,,,,,,,,
2014-02-12,,,,,,,,,,,,,
2014-02-13,,,,,,,,,,,,,
2014-02-14,,,,,,,,,,,,,
2014-02-15,,,,,,,,,,,,,
2014-02-16,,,,,,,,,,,,,
2014-02-17,,,,,,,,,,,,,
2014-02-18,,,,,,,,,,,,,
2014-02-19,,,,,,,,,,,,,
2014-02-20,,,,,,,,,,,,,
2014-02-21,,,,,,,,,,,,,
2014-02-22,,,,,,,,,,,,,
2014-02-23,,,,,,,,,,,,,
2014-02-24,,,,,,,,,,,,,
2014-02-25,,,,,,,,,,,,,
2014-02-26,,,,,,,,,,,,,
2014-02-27,,,,,,,,,,,,,
2014-02-28,,,,,,,,,,,,,
2014-03-01,,,,,,,,,,,,,
2014-03-02,,,,,,,,,,,,,
2014-03-03,,,,,,,,,,,,,
2014-03-04,,,,,,,,,,,,,
2014-03-05,,,,,,,,,,,,,
2014-03-06,,,,,,,,,,,,,
2014-03-07,,,,,,,,,,,,,
2014-03-08,,,,,,,,,,,,,
2014-03-09,,,,,,,,,,,,,
2014-03-10,,,,,,,,,,,,,
2014-03-11,,,,,,,,,,,,,
2014-03-12,,,,,,,,,,,,,
2014-03-13,,,,,,,,,,,,,
2014-03-14,,,,,,,,,,,,,
2014-03-15,,,,,,,,,,,,,
2014-03-16,,,,,,,,,,,,,
2014-03-17,,,,,,,,,,,,,
2014-03-18,,,,,,,,,,,,,
2014-03-19,,,,,,,,,,,,,
2014-03-20,,,,,,,,,,,,,
2014-03-21,,,,,,,,,,,,,
2014-03-22,,,,,,,,,,,,,
2014-03-23,,,,,,,,,,,,,
2014-03-24,,,,,,,,,,,,,
2014-03-25,,,,,,,,,,,,,
2014-03-26,,,,,,,,,,,,,
2014-03-27,,,,,,,,,,,,,
2014-03-28,,,,,,,,,,,,,
2014-03-29,,,,,,,,,,,,,
2014-03-30,,,,,,,,,,,,,
2014-03-31,,,,,,,,,,,,,
2014-04-01,,,,,,,,,,,,,
2014-04-02,,,,,,,,,,,,,
2014-04-03,,,,,,,,,,,,,
2014-04-04,,,,,,,,,,,,,
2014-04-05,,,,,,,,,,,,,
2014-04-06,,,,,,,,,,,,,
2014-04-07,,,,,,,,,,,,,
2014-04-08,,,,,,,,,,,,,
2014-04-09,,,,,,,,,,,,,
2014-04-10,,,,,,,,,,,,,
2014-04-11,,,,,,,,,,,,,
2014-04-12,,,,,,,,,,,,,
2014-04-13,,,,,,,,,,,,,
2014-04-14,,,,,,,,,,,,,
2014-04-15,,,,,,,,,,,,,
2014-04-16,,,,,,,,,,,,,
2014-04-17,,,,,,,,,,,,,
2014-04-18,,,,,,,,,,,,,
2014-04-19,,,,,,,,,,,,,
2014-04-20,,,,,,,,,,,,,
2014-04-21,,,,,,,,,,,,,
2014-04-22,,,,,,,,,,,,,
2014-04-23,,,,,,,,,,,,,
2014-04-24,,,,,,,,,,,,,
2014-04-25,,,,,,,,,,,,,
2014-04-26,,,,,,,,,,,,,
2014-04-27,,,,,,,,,,,,,
2014-04-28,,,,,,,,,,,,,
2014-04-29,,,,,,,,,,,,,
2014-04-30,,,,,,,,,,,,,
2014-05-01,,,,,,,,,,,,,
2014-05-02,,,,,,,,,,,,,
2014-05-03,,,,,,,,,,,,,
2014-05-04,,,,,,,,,,,,,
2014-05-05,,,,,,,,,,,,,
2014-05-06,,,,,,,,,,,,,
2014-05-07,,,,,,,,,,,,,
2014-05-08,,,,,,,,,,,,,
2014-05-09,,,,,,,,,,,,,
2014-05-10,,,,,,,,,,,,,
2014-05-11,,,,,,,,,,,,,
2014-05-12,,,,,,,,,,,,,
2014-05-13,,,,,,,,,,,,,
2014-05-14,,,,,,,,,,,,,
2014-05-15,,,,,,,,,,,,,
2014-05-16,,,,,,,,,,,,,
2014-05-17,,,,,,,,,,,,,
2014-05-19,,,,,,,,,,,,,
2014-05-20,,,,,,,,,,,,,
2014-05-21,,,,,,,,,,,,,
2014-05-22,,,,,,,,,,,,,
2014-05-23,,,,,,,,,,,,,
2014-05-24,,,,,,,,,,,,,
2014-05-25,,,,,,,,,,,,,
2014-05-26,,,,,,,,,,,,,
2014-05-27,,,,,,,,,,,,,
2014-05-28,,,,,,,,,,,,,
2014-05-29,,,,,,,,,,,,,
2014-05-30,,,,,,,,,,,,,
2014-05-31,,,,,,,,,,,,,
2014-06-01,,,,,,,,,,,,,
2014-06-02,,,,,,,,,,,,,
2014-06-06,,,,,,,,,,,,,
2014-06-07,,,,,,,,,,,,,
2014-06-08,,,,,,,,,,,,,
2014-06-09,,,,,,,,,,,,,
2014-06-10,,,,,,,,,,,,,
2014-06-11,,,,,,,,,,,,,
2014-06-12,,,,,,,,,,,,,
2014-06-13,,,,,,,,,,,,,
2014-06-14,,,,,,,,,,,,,
2014-06-15,,,,,,,,,,,,,
2014-06-16,,,,,,,,,,,,,
2014-06-17,,,,,,,,,,,,,
2014-06-18,,,,,,,,,,,,,
2014-06-19,,,,,,,,,,,,,
2014-06-20,,,,,,,,,,,,,
2014-06-21,,,,,,,,,,,,,
2014-06-22,,,,,,,,,,,,,
2014-06-23,,,,,,,,,,,,,
2014-06-24,,,,,,,,,,,,,
2014-06-25,,,,,,,,,,,,,
2014-06-26,,,,,,,,,,,,,
2014-06-27,,,,,,,,,,,,,
2014-06-28,,,,,,,,,,,,,
2014-06-29,,,,,,,,,,,,,
2014-06-30,,,,,,,,,,,,,
2014-07-01,,,,,,,,,,,,,
2014-07-02,,,,,,,,,,,,,
2014-07-03,,,,,,,,,,,,,
2014-07-04,,,,,,,,,,,,,
2014-07-05,,,,,,,,,,,,,
2014-07-06,,,,,,,,,,,,,
2014-07-07,,,,,,,,,,,,,
2014-07-08,,,,,,,,,,,,,
2014-07-09,,,,,,,,,,,,,
2014-07-10,,,,,,,,,,,,,
2014-07-11,,,,,,,,,,,,,
2014-07-12,,,,,,,,,,,,,
2014-07-13,,,,,,,,,,,,,
2014-07-14,,,,,,,,,,,,,
2014-07-15,,,,,,,,,,,,,
2014-07-16,,,,,,,,,,,,,
2014-07-17,,,,,,,,,,,,,
2014-07-18,,,,,,,,,,,,,
2014-07-19,,,,,,,,,,,,,
2014-07-20,,,,,,,,,,,,,
2014-07-21,,,,,,,,,,,,,
2014-07-22,,,,,,,,,,,,,
2014-07-23,,,,,,,,,,,,,
2014-07-24,,,,,,,,,,,,,
2014-07-25,,,,,,,,,,,,,
2014-07-26,,,,,,,,,,,,,
2014-07-27,,,,,,,,,,,,,
2014-07-28,,,,,,,,,,,,,
2014-07-29,,,,,,,,,,,,,
2014-07-30,,,,,,,,,,,,,
2014-07-31,,,,,,,,,,,,,
2014-08-01,,,,,,,,,,,,,
2014-08-02,,,,,,,,,,,,,
2014-08-03,,,,,,,,,,,,,
2014-08-04,,,,,,,,,,,,,
2014-08-05,,,,,,,,,,,,,
2014-08-06,,,,,,,,,,,,,
2014-08-07,,,,,,,,,,,,,
2014-08-08,,,,,,,,,,,,,
2014-08-09,,,,,,,,,,,,,
2014-08-10,,,,,,,,,,,,,
2014-08-11,,,,,,,,,,,,,
2014-08-12,,,,,,,,,,,,,
2014-08-13,,,,,,,,,,,,,
2014-08-14,,,,,,,,,,,,,
2014-08-15,,,,,,,,,,,,,
2014-08-16,,,,,,,,,,,,,
2014-08-17,,,,,,,,,,,,,
2014-08-18,,,,,,,,,,,,,
2014-08-19,,,,,,,,,,,,,
2014-08-20,,,,,,,,,,,,,
2014-08-21,,,,,,,,,,,,,
2014-08-22,,,,,,,,,,,,,
2014-08-23,,,,,,,,,,,,,
2014-08-24,,,,,,,,,,,,,
2014-08-25,,,,,,,,,,,,,
2014-08-26,,,,,,,,,,,,,
2014-08-27,,,,,,,,,,,,,
2014-08-28,,,,,,,,,,,,,
2014-08-29,,,,,,,,,,,,,
2014-08-30,,,,,,,,,,,,,
2014-08-31,,,,,,,,,,,,,
2014-09-01,,,,,,,,,,,,,
2014-09-02,,,,,,,,,,,,,
2014-09-03,,,,,,,,,,,,,
2014-09-04,,,,,,,,,,,,,
2014-09-05,,,,,,,,,,,,,
2014-09-06,,,,,,,,,,,,,
2014-09-07,,,,,,,,,,,,,
2014-09-08,,,,,,,,,,,,,
2014-09-09,,,,,,,,,,,,,
2014-09-10,,,,,,,,,,,,,
2014-09-11,,,,,,,,,,,,,
2014-09-12,,,,,,,,,,,,,
2014-09-13,,,,,,,,,,,,,
2014-09-14,,,,,,,,,,,,,
2014-09-15,,,,,,,,,,,,,
2014-09-16,,,,,,,,,,,,,
2014-09-17,,,,,,,,,,,,,
2014-09-18,,,,,,,,,,,,,
2014-09-19,,,,,,,,,,,,,
2014-09-20,,,,,,,,,,,,,
2014-09-21,,,,,,,,,,,,,
2014-09-22,,,,,,,,,,,,,
2014-09-23,,,,,,,,,,,,,
2014-09-24,,,,,,,,,,,,,
2014-09-25,,,,,,,,,,,,,
2014-09-26,,,,,,,,,,,,,
2014-09-27,,,,,,,,,,,,,
2014-09-28,,,,,,,,,,,,,
2014-09-29,,,,,,,,,,,,,
2014-09-30,,,,,,,,,,,,,
2014-10-01,,,,,,,,,,,,,
2014-10-02,,,,,,,,,,,,,
2014-10-03,,,,,,,,,,,,,
2014-10-04,,,,,,,,,,,,,
2014-10-05,,,,,,,,,,,,,
2014-10-06,,,,,,,,,,,,,
2014-10-07,,,,,,,,,,,,,
2014-10-08,,,,,,,,,,,,,
2014-10-09,,,,,,,,,,,,,
2014-10-10,,,,,,,,,,,,,
2014-10-11,,,,,,,,,,,,,
2014-10-12,,,,,,,,,,,,,
2014-10-13,,,,,,,,,,,,,
2014-10-14,,,,,,,,,,,,,
2014-10-15,,,,,,,,,,,,,
2014-10-16,,,,,,,,,,,,,
2014-10-17,,,,,,,,,,,,,
2014-10-18,,,,,,,,,,,,,
2014-10-19,,,,,,,,,,,,,
2014-10-20,,,,,,,,,,,,,
2014-10-21,,,,,,,,,,,,,
2014-10-22,,,,,,,,,,,,,
2014-10-23,,,,,,,,,,,,,
2014-10-24,,,,,,,,,,,,,
2014-10-25,,,,,,,,,,,,,
2014-10-26,,,,,,,,,,,,,
2014-10-27,,,,,,,,,,,,,
2014-10-28,,,,,,,,,,,,,
2014-10-29,,,,,,,,,,,,,
2014-10-30,,,,,,,,,,,,,
2014-10-31,,,,,,,,,,,,,
2014-11-01,,,,,,,,,,,,,
2014-11-02,,,,,,,,,,,,,
2014-11-03,,,,,,,,,,,,,
2014-11-04,,,,,,,,,,,,,
2014-11-05,,,,,,,,,,,,,
2014-11-06,,,,,,,,,,,,,
2014-11-07,,,,,,,,,,,,,
2014-11-08,,,,,,,,,,,,,
2014-11-09,,,,,,,,,,,,,
2014-11-10,,,,,,,,,,,,,
2014-11-11,,,,,,,,,,,,,
2014-11-12,,,,,,,,,,,,,
2014-11-13,,,,,,,,,,,,,
2014-11-14,,,,,,,,,,,,,
2014-11-15,,,,,,,,,,,,,
2014-11-16,,,,,,,,,,,,,
2014-11-17,,,,,,,,,,,,,
2014-11-18,,,,,,,,,,,,,
2014-11-19,,,,,,,,,,,,,
2014-11-20,,,,,,,,,,,,,
2014-11-21,,,,,,,,,,,,,
2014-11-22,,,,,,,,,,,,,
2014-11-23,,,,,,,,,,,,,
2014-11-24,,,,,,,,,,,,,
2014-11-25,,,,,,,,,,,,,
2014-11-26,,,,,,,,,,,,,
2014-11-27,,,,,,,,,,,,,
2014-11-28,,,,,,,,,,,,,
2014-11-29,,,,,,,,,,,,,
2014-11-30,,,,,,,,,,,,,
2014-12-01,,,,,,,,,,,,,
2014-12-02,,,,,,,,,,,,,
2014-12-03,,,,,,,,,,,,,
2014-12-04,,,,,,,,,,,,,
2014-12-05,,,,,,,,,,,,,
2014-12-06,,,,,,,,,,,,,
2014-12-07,,,,,,,,,,,,,
2014-12-08,,,,,,,,,,,,,
2014-12-09,,,,,,,,,,,,,
2014-12-10,,,,,,,,,,,,,
2014-12-11,,,,,,,,,,,,,
2014-12-12,,,,,,,,,,,,,
2014-12-13,,,,,,,,,,,,,
2014-12-14,,,,,,,,,,,,,
2014-12-15,,,,,,,,,,,,,
2014-12-16,,,,,,,,,,,,,
2014-12-17,,,,,,,,,,,,,
2014-12-18,0.000000,Training,,,,,,,,,,,
2014-12-19,0.000000,Training,,,,,,,,,,,
2014-12-20,0.000000,Training,-0.236142,-0.146034,-0.124679,-0.093044,-0.034875,0.008534,0.061377,0.226763,0.559071,0.876963,2.950584
2014-12-21,0.000000,Training,-0.202189,-0.118026,-0.082465,-0.046179,0.021122,0.062880,0.134484,0.300588,0.675308,1.038063,3.267100
2014-12-22,0.000000,Training,-0.193388,-0.114538,-0.078945,-0.044488,0.021090,0.059234,0.127378,0.283500,0.636258,0.988533,3.132625
2014-12-23,0.000000,Training,-0.187666,-0.109027,-0.074450,-0.040111,0.024564,0.065348,0.134277,0.294452,0.653805,1.014400,3.194726
2014-12-24,0.000000,Training,-0.180725,-0.100936,-0.068585,-0.034250,0.029388,0.074328,0.144145,0.309789,0.677848,1.052973,3.286948
2014-12-25,0.000000,Training,-0.211414,-0.125815,-0.090819,-0.056063,0.008180,0.054689,0.124684,0.295940,0.682481,1.029565,3.264334
2014-12-26,0.000000,Training,-0.201490,-0.116526,-0.079790,-0.043994,0.023854,0.073015,0.149378,0.327066,0.735997,1.108506,3.438271
2014-12-27,0.000000,Training,-0.218142,-0.128403,-0.093504,-0.056490,0.010130,0.064806,0.139996,0.328922,0.753475,1.124440,3.492636
2014-12-28,0.000000,Training,-0.219430,-0.107816,-0.072123,-0.027060,0.042050,0.101290,0.186063,0.394931,0.899729,1.363653,4.151392
2014-12-29,0.000000,Training,-0.232198,-0.138114,-0.103296,-0.061002,0.007694,0.072820,0.155333,0.369933,0.848429,1.257650,3.820085
2014-12-30,0.000000,Training,-0.258492,-0.159432,-0.139943,-0.100321,-0.037636,0.036551,0.109087,0.339950,0.808865,1.229640,3.790234
2014-12-31,,,,,,,,,,,,,
2015-01-01,,,,,,,,,,,,,
2015-01-02,,,,,,,,,,,,,
2015-01-03,,,,,,,,,,,,,
2015-01-04,,,,,,,,,,,,,
2015-01-05,,,,,,,,,,,,,
2015-01-06,,,,,,,,,,,,,
2015-01-07,,,,,,,,,,,,,
2015-01-08,,,,,,,,,,,,,
2015-01-09,,,,,,,,,,,,,
2015-01-10,,,,,,,,,,,,,
2015-01-11,,,,,,,,,,,,,
2015-01-12,,,,,,,,,,,,,
2015-01-13,,,,,,,,,,,,,
2015-01-14,,,,,,,,,,,,,
2015-01-15,,,,,,,,,,,,,
2015-01-16,,,,,,,,,,,,,
2015-01-17,,,,,,,,,,,,,
2015-01-18,,,,,,,,,,,,,
2015-01-19,,,,,,,,,,,,,
2015-01-20,,,,,,,,,,,,,
2015-01-21,,,,,,,,,,,,,
2015-01-22,,,,,,,,,,,,,
2015-01-23,,,,,,,,,,,,,
2015-01-24,,,,,,,,,,,,,
2015-01-25,,,,,,,,,,,,,
2015-01-26,,,,,,,,,,,,,
2015-01-27,,,,,,,,,,,,,
2015-01-28,,,,,,,,,,,,,
2015-01-29,,,,,,,,,,,,,
2015-01-30,,,,,,,,,,,,,
2015-01-31,,,,,,,,,,,,,
2015-02-01,,,,,,,,,,,,,
2015-02-02,,,,,,,,,,,,,
2015-02-03,,,,,,,,,,,,,
2015-02-04,,,,,,,,,,,,,
2015-02-05,,,,,,,,,,,,,
2015-02-06,,,,,,,,,,,,,
2015-02-07,,,,,,,,,,,,,
2015-02-08,,,,,,,,,,,,,
2015-02-09,,,,,,,,,,,,,
2015-02-10,,,,,,,,,,,,,
2015-02-11,,,,,,,,,,,,,
2015-02-12,,,,,,,,,,,,,
2015-02-13,,,,,,,,,,,,,
2015-02-14,,,,,,,,,,,,,
2015-02-15,,,,,,,,,,,,,
2015-02-16,,,,,,,,,,,,,
2015-02-17,,,,,,,,,,,,,
2015-02-18,,,,,,,,,,,,,
2015-02-19,,,,,,,,,,,,,
2015-02-20,,,,,,,,,,,,,
2015-02-21,,,,,,,,,,,,,
2015-02-22,,,,,,,,,,,,,
2015-02-23,,,,,,,,,,,,,
2015-02-24,,,,,,,,,,,,,
2015-02-25,,,,,,,,,,,,,
2015-02-26,,,,,,,,,,,,,
2015-02-27,,,,,,,,,,,,,
2015-02-28,,,,,,,,,,,,,
2015-03-01,,,,,,,,,,,,,
2015-03-02,,,,,,,,,,,,,
2015-03-03,,,,,,,,,,,,,
2015-03-04,,,,,,,,,,,,,
2015-03-05,,,,,,,,,,,,,
2015-03-06,,,,,,,,,,,,,
2015-03-07,,,,,,,,,,,,,
2015-03-08,,,,,,,,,,,,,
2015-03-09,,,,,,,,,,,,,
2015-03-10,,,,,,,,,,,,,
2015-03-11,,,,,,,,,,,,,
2015-03-12,,,,,,,,,,,,,
2015-03-13,,,,,,,,,,,,,
2015-03-14,,,,,,,,,,,,,
2015-03-15,,,,,,,,,,,,,
2015-03-16,,,,,,,,,,,,,
2015-03-17,,,,,,,,,,,,,
2015-03-18,,,,,,,,,,,,,
2015-03-19,,,,,,,,,,,,,
2015-03-20,,,,,,,,,,,,,
2015-03-21,,,,,,,,,,,,,
2015-03-22,,,,,,,,,,,,,
2015-03-23,,,,,,,,,,,,,
2015-03-24,,,,,,,,,,,,,
2015-03-25,,,,,,,,,,,,,
2015-03-26,,,,,,,,,,,,,
2015-03-27,,,,,,,,,,,,,
2015-03-28,,,,,,,,,,,,,
2015-03-29,,,,,,,,,,,,,
2015-03-30,,,,,,,,,,,,,
2015-03-31,,,,,,,,,,,,,
2015-04-01,,,,,,,,,,,,,
2015-04-02,,,,,,,,,,,,,
2015-04-03,,,,,,,,,,,,,
2015-04-04,,,,,,,,,,,,,
2015-04-05,,,,,,,,,,,,,
2015-04-06,,,,,,,,,,,,,
2015-04-07,,,,,,,,,,,,,
2015-04-08,,,,,,,,,,,,,
2015-04-09,,,,,,,,,,,,,
2015-04-10,,,,,,,,,,,,,
2015-04-11,,,,,,,,,,,,,
2015-04-12,,,,,,,,,,,,,
2015-04-13,,,,,,,,,,,,,
2015-04-14,,,,,,,,,,,,,
2015-04-15,,,,,,,,,,,,,
2015-04-16,,,,,,,,,,,,,
2015-04-17,,,,,,,,,,,,,
2015-04-18,,,,,,,,,,,,,
2015-04-19,,,,,,,,,,,,,
2015-04-20,,,,,,,,,,,,,
2015-04-21,,,,,,,,,,,,,
2015-04-22,,,,,,,,,,,,,
2015-04-23,,,,,,,,,,,,,
2015-04-24,,,,,,,,,,,,,
2015-04-25,,,,,,,,,,,,,
2015-04-26,,,,,,,,,,,,,
2015-04-27,,,,,,,,,,,,,
2015-04-28,,,,,,,,,,,,,
2015-04-29,,,,,,,,,,,,,
2015-04-30,,,,,,,,,,,,,
2015-05-01,,,,,,,,,,,,,
2015-05-02,,,,,,,,,,,,,
2015-05-03,,,,,,,,,,,,,
2015-05-04,,,,,,,,,,,,,
2015-05-05,,,,,,,,,,,,,
2015-05-06,,,,,,,,,,,,,
2015-05-07,,,,,,,,,,,,,
2015-05-08,,,,,,,,,,,,,
2015-05-09,,,,,,,,,,,,,
2015-05-10,,,,,,,,,,,,,
2015-05-11,,,,,,,,,,,,,
2015-05-12,,,,,,,,,,,,,
2015-05-13,,,,,,,,,,,,,
2015-05-14,,,,,,,,,,,,,
2015-05-15,,,,,,,,,,,,,
2015-05-16,,,,,,,,,,,,,
2015-05-17,,,,,,,,,,,,,
2015-05-18,,,,,,,,,,,,,
2015-05-19,,,,,,,,,,,,,
2015-05-20,,,,,,,,,,,,,
2015-05-21,,,,,,,,,,,,,
2015-05-22,,,,,,,,,,,,,
2015-05-23,,,,,,,,,,,,,
2015-05-24,,,,,,,,,,,,,
2015-05-25,,,,,,,,,,,,,
2015-05-26,,,,,,,,,,,,,
2015-05-27,,,,,,,,,,,,,
2015-05-28,,,,,,,,,,,,,
2015-05-29,,,,,,,,,,,,,
2015-05-30,,,,,,,,,,,,,
2015-05-31,,,,,,,,,,,,,
2015-06-01,,,,,,,,,,,,,
2015-06-02,,,,,,,,,,,,,
2015-06-03,,,,,,,,,,,,,
2015-06-04,,,,,,,,,,,,,
2015-06-05,,,,,,,,,,,,,
2015-06-06,,,,,,,,,,,,,
2015-06-07,,,,,,,,,,,,,
2015-06-08,,,,,,,,,,,,,
2015-06-09,,,,,,,,,,,,,
2015-06-10,,,,,,,,,,,,,
2015-06-11,,,,,,,,,,,,,
2015-06-12,,,,,,,,,,,,,
2015-06-13,,,,,,,,,,,,,
2015-06-14,,,,,,,,,,,,,
2015-06-15,,,,,,,,,,,,,
2015-06-16,,,,,,,,,,,,,
2015-06-17,,,,,,,,,,,,,
2015-06-18,,,,,,,,,,,,,
2015-06-19,,,,,,,,,,,,,
2015-06-20,,,,,,,,,,,,,
2015-06-21,,,,,,,,,,,,,
2015-06-22,,,,,,,,,,,,,
2015-06-23,,,,,,,,,,,,,
2015-06-24,,,,,,,,,,,,,
2015-06-25,,,,,,,,,,,,,
2015-06-26,,,,,,,,,,,,,
2015-06-27,,,,,,,,,,,,,
2015-06-28,,,,,,,,,,,,,
2015-06-29,,,,,,,,,,,,,
2015-06-30,,,,,,,,,,,,,
2015-07-01,,,,,,,,,,,,,
2015-07-02,,,,,,,,,,,,,
2015-07-03,,,,,,,,,,,,,
2015-07-04,,,,,,,,,,,,,
2015-07-05,,,,,,,,,,,,,
2015-07-06,,,,,,,,,,,,,
2015-07-07,,,,,,,,,,,,,
2015-07-08,,,,,,,,,,,,,
2015-07-09,,,,,,,,,,,,,
2015-07-10,,,,,,,,,,,,,
2015-07-11,,,,,,,,,,,,,
2015-07-12,,,,,,,,,,,,,
2015-07-13,,,,,,,,,,,,,
2015-07-14,,,,,,,,,,,,,
2015-07-15,,,,,,,,,,,,,
2015-07-16,,,,,,,,,,,,,
2015-07-17,,,,,,,,,,,,,
2015-07-18,,,,,,,,,,,,,
2015-07-19,,,,,,,,,,,,,
2015-07-20,,,,,,,,,,,,,
2015-07-21,,,,,,,,,,,,,
2015-07-22,,,,,,,,,,,,,
2015-07-23,,,,,,,,,,,,,
2015-07-24,,,,,,,,,,,,,
2015-07-25,,,,,,,,,,,,,
2015-07-26,,,,,,,,,,,,,
2015-07-27,,,,,,,,,,,,,
2015-07-28,,,,,,,,,,,,,
2015-07-29,,,,,,,,,,,,,
2015-07-30,,,,,,,,,,,,,
2015-07-31,,,,,,,,,,,,,
2015-08-01,,,,,,,,,,,,,
2015-08-02,,,,,,,,,,,,,
2015-08-03,,,,,,,,,,,,,
2015-08-04,,,,,,,,,,,,,
2015-08-05,,,,,,,,,,,,,
2015-08-06,,,,,,,,,,,,,
2015-08-07,,,,,,,,,,,,,
2015-08-08,,,,,,,,,,,,,
2015-08-09,,,,,,,,,,,,,
2015-08-10,,,,,,,,,,,,,
2015-08-11,,,,,,,,,,,,,
2015-08-12,,,,,,,,,,,,,
2015-08-13,,,,,,,,,,,,,
2015-08-14,,,,,,,,,,,,,
2015-08-15,,,,,,,,,,,,,
2015-08-16,,,,,,,,,,,,,
2015-08-17,,,,,,,,,,,,,
2015-08-18,,,,,,,,,,,,,
2015-08-19,,,,,,,,,,,,,
2015-08-20,,,,,,,,,,,,,
2015-08-21,,,,,,,,,,,,,
2015-08-22,,,,,,,,,,,,,
2015-08-23,,,,,,,,,,,,,
2015-08-24,,,,,,,,,,,,,
2015-08-25,,,,,,,,,,,,,
2015-08-26,,,,,,,,,,,,,
2015-08-27,,,,,,,,,,,,,
2015-08-28,,,,,,,,,,,,,
2015-08-29,,,,,,,,,,,,,
2015-08-30,,,,,,,,,,,,,
2015-08-31,,,,,,,,,,,,,
2015-09-01,,,,,,,,,,,,,
2015-09-02,,,,,,,,,,,,,
2015-09-03,,,,,,,,,,,,,
2015-09-04,,,,,,,,,,,,,
2015-09-05,,,,,,,,,,,,,
2015-09-06,,,,,,,,,,,,,
2015-09-07,,,,,,,,,,,,,
2015-09-08,,,,,,,,,,,,,
2015-09-09,,,,,,,,,,,,,
2015-09-10,,,,,,,,,,,,,
2015-09-11,,,,,,,,,,,,,
2015-09-12,,,,,,,,,,,,,
2015-09-13,,,,,,,,,,,,,
2015-09-14,,,,,,,,,,,,,
2015-09-15,,,,,,,,,,,,,
2015-09-16,,,,,,,,,,,,,
2015-09-17,,,,,,,,,,,,,
2015-09-18,,,,,,,,,,,,,
2015-09-19,,,,,,,,,,,,,
2015-09-20,,,,,,,,,,,,,
2015-09-21,,,,,,,,,,,,,
2015-09-22,,,,,,,,,,,,,
2015-09-23,,,,,,,,,,,,,
2015-09-24,,,,,,,,,,,,,
2015-09-25,,,,,,,,,,,,,
2015-09-26,,,,,,,,,,,,,
2015-09-27,,,,,,,,,,,,,
2015-09-28,,,,,,,,,,,,,
2015-09-29,,,,,,,,,,,,,
2015-09-30,,,,,,,,,,,,,
2015-10-01,,,,,,,,,,,,,
2015-10-02,,,,,,,,,,,,,
2015-10-03,,,,,,,,,,,,,
2015-10-04,,,,,,,,,,,,,
2015-10-05,,,,,,,,,,,,,
2015-10-06,,,,,,,,,,,,,
2015-10-07,,,,,,,,,,,,,
2015-10-08,,,,,,,,,,,,,
2015-10-09,,,,,,,,,,,,,
2015-10-10,,,,,,,,,,,,,
2015-10-11,,,,,,,,,,,,,
2015-10-12,,,,,,,,,,,,,
2015-10-13,,,,,,,,,,,,,
2015-10-14,,,,,,,,,,,,,
2015-10-15,,,,,,,,,,,,,
2015-10-16,,,,,,,,,,,,,
2015-10-17,,,,,,,,,,,,,
2015-10-18,,,,,,,,,,,,,
2015-10-19,,,,,,,,,,,,,
2015-10-20,,,,,,,,,,,,,
2015-10-21,,,,,,,,,,,,,
2015-10-22,,,,,,,,,,,,,
2015-10-23,,,,,,,,,,,,,
2015-10-24,,,,,,,,,,,,,
2015-10-25,,,,,,,,,,,,,
2015-10-26,,,,,,,,,,,,,
2015-10-27,,,,,,,,,,,,,
2015-10-28,,,,,,,,,,,,,
2015-10-29,,,,,,,,,,,,,
2015-10-30,,,,,,,,,,,,,
2015-10-31,,,,,,,,,,,,,
2015-11-01,,,,,,,,,,,,,
2015-11-02,,,,,,,,,,,,,
2015-11-03,,,,,,,,,,,,,
2015-11-04,,,,,,,,,,,,,
2015-11-05,,,,,,,,,,,,,
2015-11-06,,,,,,,,,,,,,
2015-11-07,,,,,,,,,,,,,
2015-11-08,,,,,,,,,,,,,
2015-11-09,,,,,,,,,,,,,
2015-11-10,,,,,,,,,,,,,
2015-11-11,,,,,,,,,,,,,
2015-11-12,,,,,,,,,,,,,
2015-11-13,,,,,,,,,,,,,
2015-11-14,,,,,,,,,,,,,
2015-11-15,,,,,,,,,,,,,
2015-11-16,,,,,,,,,,,,,
2015-11-17,,,,,,,,,,,,,
2015-11-18,,,,,,,,,,,,,
2015-11-19,,,,,,,,,,,,,
2015-11-20,,,,,,,,,,,,,
2015-11-21,,,,,,,,,,,,,
2015-11-22,,,,,,,,,,,,,
2015-11-23,,,,,,,,,,,,,
2015-11-24,,,,,,,,,,,,,
2015-11-25,,,,,,,,,,,,,
2015-11-26,,,,,,,,,,,,,
2015-11-27,,,,,,,,,,,,,
2015-11-28,,,,,,,,,,,,,
2015-11-29,,,,,,,,,,,,,
2015-11-30,,,,,,,,,,,,,
2015-12-01,,,,,,,,,,,,,
2015-12-02,,,,,,,,,,,,,
2015-12-03,,,,,,,,,,,,,
2015-12-04,,,,,,,,,,,,,
2015-12-05,,,,,,,,,,,,,
2015-12-06,,,,,,,,,,,,,
2015-12-07,,,,,,,,,,,,,
2015-12-08,,,,,,,,,,,,,
2015-12-09,,,,,,,,,,,,,
2015-12-10,,,,,,,,,,,,,
2015-12-11,,,,,,,,,,,,,
2015-12-12,,,,,,,,,,,,,
2015-12-13,,,,,,,,,,,,,
2015-12-14,,,,,,,,,,,,,
2015-12-15,,,,,,,,,,,,,
2015-12-16,,,,,,,,,,,,,
2015-12-17,,,,,,,,,,,,,
2015-12-18,,,,,,,,,,,,,
2015-12-19,,,,,,,,,,,,,
2015-12-20,,,,,,,,,,,,,
2015-12-21,,,,,,,,,,,,,
2015-12-22,,,,,,,,,,,,,
2015-12-23,,,,,,,,,,,,,
2015-12-24,,,,,,,,,,,,,
2015-12-25,,,,,,,,,,,,,
2015-12-26,,,,,,,,,,,,,
2015-12-27,,,,,,,,,,,,,
2015-12-28,,,,,,,,,,,,,
2015-12-29,,,,,,,,,,,,,
2015-12-30,,,,,,,,,,,,,
2015-12-31,,,,,,,,,,,,,
2016-01-01,,,,,,,,,,,,,
2016-01-02,,,,,,,,,,,,,
2016-01-03,,,,,,,,,,,,,
2016-01-04,,,,,,,,,,,,,
2016-01-05,,,,,,,,,,,,,
2016-01-06,,,,,,,,,,,,,
2016-01-07,,,,,,,,,,,,,
2016-01-08,,,,,,,,,,,,,
2016-01-09,,,,,,,,,,,,,
2016-01-10,,,,,,,,,,,,,
2016-01-11,,,,,,,,,,,,,
2016-01-12,,,,,,,,,,,,,
2016-01-13,,,,,,,,,,,,,
2016-01-14,,,,,,,,,,,,,
2016-01-15,,,,,,,,,,,,,
2016-01-16,,,,,,,,,,,,,
2016-01-17,,,,,,,,,,,,,
2016-01-18,,,,,,,,,,,,,
2016-01-19,,,,,,,,,,,,,
2016-01-20,,,,,,,,,,,,,
2016-01-21,,,,,,,,,,,,,
2016-01-22,,,,,,,,,,,,,
2016-01-23,,,,,,,,,,,,,
2016-01-24,,,,,,,,,,,,,
2016-01-25,,,,,,,,,,,,,
2016-01-26,,,,,,,,,,,,,
2016-01-27,,,,,,,,,,,,,
2016-01-28,,,,,,,,,,,,,
2016-01-29,,,,,,,,,,,,,
2016-01-30,,,,,,,,,,,,,
2016-01-31,,,,,,,,,,,,,
2016-02-01,,,,,,,,,,,,,
2016-02-02,,,,,,,,,,,,,
2016-02-03,,,,,,,,,,,,,
2016-02-04,,,,,,,,,,,,,
2016-02-05,,,,,,,,,,,,,
2016-02-06,,,,,,,,,,,,,
2016-02-07,,,,,,,,,,,,,
2016-02-08,,,,,,,,,,,,,
2016-02-09,,,,,,,,,,,,,
2016-02-10,,,,,,,,,,,,,
2016-02-11,,,,,,,,,,,,,
2016-02-12,,,,,,,,,,,,,
2016-02-13,,,,,,,,,,,,,
2016-02-14,,,,,,,,,,,,,
2016-02-15,,,,,,,,,,,,,
2016-02-16,,,,,,,,,,,,,
2016-02-17,,,,,,,,,,,,,
2016-02-18,,,,,,,,,,,,,
2016-02-19,,,,,,,,,,,,,
2016-02-20,,,,,,,,,,,,,
2016-02-21,,,,,,,,,,,,,
2016-02-22,,,,,,,,,,,,,
2016-02-23,,,,,,,,,,,,,
2016-02-24,,,,,,,,,,,,,
2016-02-25,,,,,,,,,,,,,
2016-02-26,,,,,,,,,,,,,
2016-02-27,,,,,,,,,,,,,
2016-02-28,,,,,,,,,,,,,
2016-02-29,,,,,,,,,,,,,
2016-03-01,,,,,,,,,,,,,
2016-03-02,,,,,,,,,,,,,
2016-03-03,,,,,,,,,,,,,
2016-03-04,,,,,,,,,,,,,
2016-03-05,,,,,,,,,,,,,
2016-03-06,,,,,,,,,,,,,
2016-03-07,,,,,,,,,,,,,
2016-03-08,,,,,,,,,,,,,
2016-03-09,,,,,,,,,,,,,
2016-03-10,,,,,,,,,,,,,
2016-03-11,,,,,,,,,,,,,
2016-03-12,,,,,,,,,,,,,
2016-03-13,,,,,,,,,,,,,
2016-03-14,,,,,,,,,,,,,
2016-03-15,,,,,,,,,,,,,
2016-03-16,,,,,,,,,,,,,
2016-03-17,,,,,,,,,,,,,
2016-03-18,,,,,,,,,,,,,
2016-03-19,,,,,,,,,,,,,
2016-03-20,,,,,,,,,,,,,
2016-03-21,,,,,,,,,,,,,
2016-03-22,,,,,,,,,,,,,
2016-03-23,,,,,,,,,,,,,
2016-03-24,,,,,,,,,,,,,
2016-03-25,,,,,,,,,,,,,
2016-03-26,,,,,,,,,,,,,
2016-03-27,,,,,,,,,,,,,
2016-03-28,,,,,,,,,,,,,
2016-03-29,,,,,,,,,,,,,
2016-03-30,,,,,,,,,,,,,
2016-03-31,,,,,,,,,,,,,
2016-04-01,,,,,,,,,,,,,
2016-04-02,,,,,,,,,,,,,
2016-04-03,,,,,,,,,,,,,
2016-04-04,,,,,,,,,,,,,
2016-04-05,,,,,,,,,,,,,
2016-04-06,,,,,,,,,,,,,
2016-04-07,,,,,,,,,,,,,
2016-04-08,,,,,,,,,,,,,
2016-04-09,,,,,,,,,,,,,
2016-04-10,,,,,,,,,,,,,
2016-04-11,,,,,,,,,,,,,
2016-04-12,,,,,,,,,,,,,
2016-04-13,,,,,,,,,,,,,
2016-04-14,,,,,,,,,,,,,
2016-04-15,,,,,,,,,,,,,
2016-04-16,,,,,,,,,,,,,
2016-04-17,,,,,,,,,,,,,
2016-04-18,,,,,,,,,,,,,
2016-04-19,,,,,,,,,,,,,
2016-04-20,,,,,,,,,,,,,
2016-04-21,,,,,,,,,,,,,
2016-04-22,,,,,,,,,,,,,
2016-04-23,,,,,,,,,,,,,
2016-04-24,,,,,,,,,,,,,
2016-04-25,,,,,,,,,,,,,
2016-04-26,,,,,,,,,,,,,
2016-04-27,,,,,,,,,,,,,
2016-04-28,,,,,,,,,,,,,
2016-04-29,,,,,,,,,,,,,
2016-04-30,,,,,,,,,,,,,
2016-05-01,,,,,,,,,,,,,
2016-05-02,,,,,,,,,,,,,
2016-05-03,,,,,,,,,,,,,
2016-05-04,,,,,,,,,,,,,
2016-05-05,,,,,,,,,,,,,
2016-05-06,,,,,,,,,,,,,
2016-05-07,,,,,,,,,,,,,
2016-05-08,,,,,,,,,,,,,
2016-05-09,,,,,,,,,,,,,
2016-05-10,,,,,,,,,,,,,
2016-05-11,,,,,,,,,,,,,
2016-05-12,,,,,,,,,,,,,
2016-05-13,,,,,,,,,,,,,
2016-05-14,,,,,,,,,,,,,
2016-05-15,,,,,,,,,,,,,
2016-05-16,,,,,,,,,,,,,
2016-05-17,,,,,,,,,,,,,
2016-05-18,,,,,,,,,,,,,
2016-05-19,,,,,,,,,,,,,
2016-05-20,,,,,,,,,,,,,
2016-05-21,,,,,,,,,,,,,
2016-05-22,,,,,,,,,,,,,
2016-05-23,,,,,,,,,,,,,
2016-05-24,,,,,,,,,,,,,
2016-05-25,,,,,,,,,,,,,
2016-05-26,,,,,,,,,,,,,
2016-05-27,,,,,,,,,,,,,
2016-05-28,,,,,,,,,,,,,
2016-05-29,,,,,,,,,,,,,
2016-05-30,,,,,,,,,,,,,
2016-05-31,,,,,,,,,,,,,
2016-06-01,,,,,,,,,,,,,
2016-06-02,,,,,,,,,,,,,
2016-06-03,,,,,,,,,,,,,
2016-06-04,,,,,,,,,,,,,
2016-06-05,,,,,,,,,,,,,
2016-06-06,,,,,,,,,,,,,
2016-06-07,,,,,,,,,,,,,
2016-06-08,,,,,,,,,,,,,
2016-06-09,,,,,,,,,,,,,
2016-06-10,,,,,,,,,,,,,
2016-06-11,,,,,,,,,,,,,
2016-06-12,,,,,,,,,,,,,
2016-06-13,,,,,,,,,,,,,
2016-06-14,,,,,,,,,,,,,
2016-06-15,,,,,,,,,,,,,
2016-06-16,,,,,,,,,,,,,
2016-06-17,,,,,,,,,,,,,
2016-06-18,,,,,,,,,,,,,
2016-06-19,,,,,,,,,,,,,
2016-06-20,,,,,,,,,,,,,
2016-06-21,,,,,,,,,,,,,
2016-06-22,,,,,,,,,,,,,
2016-06-23,,,,,,,,,,,,,
2016-06-24,,,,,,,,,,,,,
2016-06-25,,,,,,,,,,,,,
2016-06-26,,,,,,,,,,,,,
2016-06-27,,,,,,,,,,,,,
2016-06-28,,,,,,,,,,,,,
2016-06-29,,,,,,,,,,,,,
2016-06-30,,,,,,,,,,,,,
2016-07-01,,,,,,,,,,,,,
2016-07-02,,,,,,,,,,,,,
2016-07-03,,,,,,,,,,,,,
2016-07-04,,,,,,,,,,,,,
2016-07-05,,,,,,,,,,,,,
2016-07-06,,,,,,,,,,,,,
2016-07-07,,,,,,,,,,,,,
2016-07-08,,,,,,,,,,,,,
2016-07-09,,,,,,,,,,,,,
2016-07-10,,,,,,,,,,,,,
2016-07-11,,,,,,,,,,,,,
2016-07-12,,,,,,,,,,,,,
2016-07-13,,,,,,,,,,,,,
2016-07-14,,,,,,,,,,,,,
2016-07-15,,,,,,,,,,,,,
2016-07-16,,,,,,,,,,,,,
2016-07-17,,,,,,,,,,,,,
2016-07-18,,,,,,,,,,,,,
2016-07-19,,,,,,,,,,,,,
2016-07-20,,,,,,,,,,,,,
2016-07-21,,,,,,,,,,,,,
2016-07-22,,,,,,,,,,,,,
2016-07-23,,,,,,,,,,,,,
2016-07-24,,,,,,,,,,,,,
2016-07-25,,,,,,,,,,,,,
2016-07-26,,,,,,,,,,,,,
2016-07-27,,,,,,,,,,,,,
2016-07-28,,,,,,,,,,,,,
2016-07-29,,,,,,,,,,,,,
2016-07-30,,,,,,,,,,,,,
2016-07-31,,,,,,,,,,,,,
2016-08-01,,,,,,,,,,,,,
2016-08-02,,,,,,,,,,,,,
2016-08-03,,,,,,,,,,,,,
2016-08-04,,,,,,,,,,,,,
2016-08-05,,,,,,,,,,,,,
2016-08-06,,,,,,,,,,,,,
2016-08-07,,,,,,,,,,,,,
2016-08-08,,,,,,,,,,,,,
2016-08-09,,,,,,,,,,,,,
2016-08-10,,,,,,,,,,,,,
2016-08-11,,,,,,,,,,,,,
2016-08-12,,,,,,,,,,,,,
2016-08-13,,,,,,,,,,,,,
2016-08-14,,,,,,,,,,,,,
2016-08-15,,,,,,,,,,,,,
2016-08-16,,,,,,,,,,,,,
2016-08-17,,,,,,,,,,,,,
2016-08-18,,,,,,,,,,,,,
2016-08-19,,,,,,,,,,,,,
2016-08-20,,,,,,,,,,,,,
2016-08-21,,,,,,,,,,,,,
2016-08-22,,,,,,,,,,,,,
2016-08-23,,,,,,,,,,,,,
2016-08-24,,,,,,,,,,,,,
2016-08-25,,,,,,,,,,,,,
2016-08-26,,,,,,,,,,,,,
2016-08-27,,,,,,,,,,,,,
2016-08-28,,,,,,,,,,,,,
2016-08-29,,,,,,,,,,,,,
2016-08-30,,,,,,,,,,,,,
2016-08-31,,,,,,,,,,,,,
2016-09-01,,,,,,,,,,,,,
2016-09-02,,,,,,,,,,,,,
2016-09-03,,,,,,,,,,,,,
2016-09-04,,,,,,,,,,,,,
2016-09-05,,,,,,,,,,,,,
2016-09-06,,,,,,,,,,,,,
2016-09-07,,,,,,,,,,,,,
2016-09-08,,,,,,,,,,,,,
2016-09-09,,,,,,,,,,,,,
2016-09-10,,,,,,,,,,,,,
2016-09-11,,,,,,,,,,,,,
2016-09-12,,,,,,,,,,,,,
2016-09-13,,,,,,,,,,,,,
2016-09-14,,,,,,,,,,,,,
2016-09-15,,,,,,,,,,,,,
2016-09-16,,,,,,,,,,,,,
2016-09-17,,,,,,,,,,,,,
2016-09-18,,,,,,,,,,,,,
2016-09-19,,,,,,,,,,,,,
2016-09-20,,,,,,,,,,,,,
2016-09-21,,,,,,,,,,,,,
2016-09-22,,,,,,,,,,,,,
2016-09-23,,,,,,,,,,,,,
2016-09-24,,,,,,,,,,,,,
2016-09-25,,,,,,,,,,,,,
2016-09-26,,,,,,,,,,,,,
2016-09-27,,,,,,,,,,,,,
2016-09-28,,,,,,,,,,,,,
2016-09-29,,,,,,,,,,,,,
2016-09-30,,,,,,,,,,,,,
2016-10-01,,,,,,,,,,,,,
2016-10-02,,,,,,,,,,,,,
2016-10-03,,,,,,,,,,,,,
2016-10-04,,,,,,,,,,,,,
2016-10-05,,,,,,,,,,,,,
2016-10-06,,,,,,,,,,,,,
2016-10-07,,,,,,,,,,,,,
2016-10-08,,,,,,,,,,,,,
2016-10-09,,,,,,,,,,,,,
2016-10-10,,,,,,,,,,,,,
2016-10-11,,,,,,,,,,,,,
2016-10-12,,,,,,,,,,,,,
2016-10-13,,,,,,,,,,,,,
2016-10-14,,,,,,,,,,,,,
2016-10-15,,,,,,,,,,,,,
2016-10-16,,,,,,,,,,,,,
2016-10-17,,,,,,,,,,,,,
2016-10-18,,,,,,,,,,,,,
2016-10-19,,,,,,,,,,,,,
2016-10-20,,,,,,,,,,,,,
2016-10-21,,,,,,,,,,,,,
2016-10-22,,,,,,,,,,,,,
2016-10-23,,,,,,,,,,,,,
2016-10-24,,,,,,,,,,,,,
2016-10-25,,,,,,,,,,,,,
2016-10-26,,,,,,,,,,,,,
2016-10-27,,,,,,,,,,,,,
2016-10-28,,,,,,,,,,,,,
2016-10-29,,,,,,,,,,,,,
2016-10-30,,,,,,,,,,,,,
2016-10-31,,,,,,,,,,,,,
2016-11-01,,,,,,,,,,,,,
2016-11-02,,,,,,,,,,,,,
2016-11-03,,,,,,,,,,,,,
2016-11-04,,,,,,,,,,,,,
2016-11-05,,,,,,,,,,,,,
2016-11-06,,,,,,,,,,,,,
2016-11-07,,,,,,,,,,,,,
2016-11-08,,,,,,,,,,,,,
2016-11-09,,,,,,,,,,,,,
2016-11-10,,,,,,,,,,,,,
2016-11-11,,,,,,,,,,,,,
2016-11-12,,,,,,,,,,,,,
2016-11-13,,,,,,,,,,,,,
2016-11-14,,,,,,,,,,,,,
2016-11-15,,,,,,,,,,,,,
2016-11-16,,,,,,,,,,,,,
2016-11-17,,,,,,,,,,,,,
2016-11-18,,,,,,,,,,,,,
2016-11-19,,,,,,,,,,,,,
2016-11-20,,,,,,,,,,,,,
2016-11-21,,,,,,,,,,,,,
2016-11-22,,,,,,,,,,,,,
2016-11-23,,,,,,,,,,,,,
2016-11-24,,,,,,,,,,,,,
2016-11-25,,,,,,,,,,,,,
2016-11-26,,,,,,,,,,,,,
2016-11-27,,,,,,,,,,,,,
2016-11-28,,,,,,,,,,,,,
2016-11-29,,,,,,,,,,,,,
2016-11-30,,,,,,,,,,,,,
2016-12-01,,,,,,,,,,,,,
2016-12-02,,,,,,,,,,,,,
2016-12-03,,,,,,,,,,,,,
2016-12-04,,,,,,,,,,,,,
2016-12-05,,,,,,,,,,,,,
2016-12-06,,,,,,,,,,,,,
2016-12-07,,,,,,,,,,,,,
2016-12-08,,,,,,,,,,,,,
2016-12-09,,,,,,,,,,,,,
2016-12-10,,,,,,,,,,,,,
2016-12-11,,,,,,,,,,,,,
2016-12-12,,,,,,,,,,,,,
2016-12-13,,,,,,,,,,,,,
2016-12-14,,,,,,,,,,,,,
2016-12-15,,,,,,,,,,,,,
2016-12-16,,,,,,,,,,,,,
2016-12-17,,,,,,,,,,,,,
2016-12-18,,,,,,,,,,,,,
2016-12-19,,,,,,,,,,,,,
2016-12-20,,,,,,,,,,,,,
2016-12-21,,,,,,,,,,,,,
2016-12-22,,,,,,,,,,,,,
2016-12-23,,,,,,,,,,,,,
2016-12-24,,,,,,,,,,,,,
2016-12-25,,,,,,,,,,,,,
2016-12-26,,,,,,,,,,,,,
2016-12-27,,,,,,,,,,,,,
2016-12-28,,,,,,,,,,,,,
2016-12-29,,,,,,,,,,,,,
2016-12-30,,,,,,,,,,,,,
2016-12-31,,,,,,,,,,,,,
2017-01-01,,,,,,,,,,,,,
2017-01-02,,,,,,,,,,,,,
2017-01-03,,,,,,,,,,,,,
2017-01-04,,,,,,,,,,,,,
2017-01-05,,,,,,,,,,,,,
2017-01-06,,,,,,,,,,,,,
2017-01-07,,,,,,,,,,,,,
2017-01-08,,,,,,,,,,,,,
2017-01-09,,,,,,,,,,,,,
2017-01-10,,,,,,,,,,,,,
2017-01-11,,,,,,,,,,,,,
2017-01-12,,,,,,,,,,,,,
2017-01-13,,,,,,,,,,,,,
2017-01-14,,,,,,,,,,,,,
2017-01-15,,,,,,,,,,,,,
2017-01-16,,,,,,,,,,,,,
2017-01-17,,,,,,,,,,,,,
2017-01-18,,,,,,,,,,,,,
2017-01-19,,,,,,,,,,,,,
2017-01-20,,,,,,,,,,,,,
2017-01-21,,,,,,,,,,,,,
2017-01-22,,,,,,,,,,,,,
2017-01-23,,,,,,,,,,,,,
2017-01-24,,,,,,,,,,,,,
2017-01-25,,,,,,,,,,,,,
2017-01-26,,,,,,,,,,,,,
2017-01-27,,,,,,,,,,,,,
2017-01-28,,,,,,,,,,,,,
2017-01-29,,,,,,,,,,,,,
2017-01-30,,,,,,,,,,,,,
2017-01-31,,,,,,,,,,,,,
2017-02-01,,,,,,,,,,,,,
2017-02-02,,,,,,,,,,,,,
2017-02-03,,,,,,,,,,,,,
2017-02-04,,,,,,,,,,,,,
2017-02-05,,,,,,,,,,,,,
2017-02-06,,,,,,,,,,,,,
2017-02-07,,,,,,,,,,,,,
2017-02-08,,,,,,,,,,,,,
2017-02-09,,,,,,,,,,,,,
2017-02-10,,,,,,,,,,,,,
2017-02-11,,,,,,,,,,,,,
2017-02-12,,,,,,,,,,,,,
2017-02-13,,,,,,,,,,,,,
2017-02-14,,,,,,,,,,,,,
2017-02-15,,,,,,,,,,,,,
2017-02-16,,,,,,,,,,,,,
2017-02-17,,,,,,,,,,,,,
2017-02-18,,,,,,,,,,,,,
2017-02-19,,,,,,,,,,,,,
2017-02-20,,,,,,,,,,,,,
2017-02-21,,,,,,,,,,,,,
2017-02-22,,,,,,,,,,,,,
2017-02-23,,,,,,,,,,,,,
2017-02-24,,,,,,,,,,,,,
2017-02-25,,,,,,,,,,,,,
2017-02-26,,,,,,,,,,,,,
2017-02-27,,,,,,,,,,,,,
2017-02-28,,,,,,,,,,,,,
2017-03-01,,,,,,,,,,,,,
2017-03-02,,,,,,,,,,,,,
2017-03-03,,,,,,,,,,,,,
2017-03-04,,,,,,,,,,,,,
2017-03-05,,,,,,,,,,,,,
2017-03-06,,,,,,,,,,,,,
2017-03-07,,,,,,,,,,,,,
2017-03-08,,,,,,,,,,,,,
2017-03-09,,,,,,,,,,,,,
2017-03-10,,,,,,,,,,,,,
2017-03-11,,,,,,,,,,,,,
2017-03-12,,,,,,,,,,,,,
2017-03-13,,,,,,,,,,,,,
2017-03-14,,,,,,,,,,,,,
2017-03-15,,,,,,,,,,,,,
2017-03-16,,,,,,,,,,,,,
2017-03-17,,,,,,,,,,,,,
2017-03-18,,,,,,,,,,,,,
2017-03-19,,,,,,,,,,,,,
2017-03-20,,,,,,,,,,,,,
2017-03-21,,,,,,,,,,,,,
2017-03-22,,,,,,,,,,,,,
2017-03-23,,,,,,,,,,,,,
2017-03-24,,,,,,,,,,,,,
2017-03-25,,,,,,,,,,,,,
2017-03-26,,,,,,,,,,,,,
2017-03-27,,,,,,,,,,,,,
2017-03-28,,,,,,,,,,,,,
2017-03-29,,,,,,,,,,,,,
2017-03-30,,,,,,,,,,,,,
2017-03-31,,,,,,,,,,,,,
2017-04-01,,,,,,,,,,,,,
2017-04-02,,,,,,,,,,,,,
2017-04-03,,,,,,,,,,,,,
2017-04-04,,,,,,,,,,,,,
2017-04-05,,,,,,,,,,,,,
2017-04-06,,,,,,,,,,,,,
2017-04-07,,,,,,,,,,,,,
2017-04-08,,,,,,,,,,,,,
2017-04-09,,,,,,,,,,,,,
2017-04-10,,,,,,,,,,,,,
2017-04-11,,,,,,,,,,,,,
2017-04-12,,,,,,,,,,,,,
2017-04-13,,,,,,,,,,,,,
2017-04-14,,,,,,,,,,,,,
2017-04-15,,,,,,,,,,,,,
2017-04-16,,,,,,,,,,,,,
2017-04-17,,,,,,,,,,,,,
2017-04-18,,,,,,,,,,,,,
2017-04-19,,,,,,,,,,,,,
2017-04-20,,,,,,,,,,,,,
2017-04-21,,,,,,,,,,,,,
2017-04-22,,,,,,,,,,,,,
2017-04-23,,,,,,,,,,,,,
2017-04-24,,,,,,,,,,,,,
2017-04-25,,,,,,,,,,,,,
2017-04-26,,,,,,,,,,,,,
2017-04-27,,,,,,,,,,,,,
2017-04-28,,,,,,,,,,,,,
2017-04-29,,,,,,,,,,,,,
2017-04-30,,,,,,,,,,,,,
2017-05-01,,,,,,,,,,,,,
2017-05-02,,,,,,,,,,,,,
2017-05-03,,,,,,,,,,,,,
2017-05-04,,,,,,,,,,,,,
2017-05-05,,,,,,,,,,,,,
2017-05-06,,,,,,,,,,,,,
2017-05-07,,,,,,,,,,,,,
2017-05-08,,,,,,,,,,,,,
2017-05-09,,,,,,,,,,,,,
2017-05-10,,,,,,,,,,,,,
2017-05-11,,,,,,,,,,,,,
2017-05-12,,,,,,,,,,,,,
2017-05-13,,,,,,,,,,,,,
2017-05-14,,,,,,,,,,,,,
2017-05-15,,,,,,,,,,,,,
2017-05-16,,,,,,,,,,,,,
2017-05-17,,,,,,,,,,,,,
2017-05-18,,,,,,,,,,,,,
2017-05-19,,,,,,,,,,,,,
2017-05-20,,,,,,,,,,,,,
2017-05-21,,,,,,,,,,,,,
2017-05-22,,,,,,,,,,,,,
2017-05-23,,,,,,,,,,,,,
2017-05-24,,,,,,,,,,,,,
2017-05-25,,,,,,,,,,,,,
2017-05-26,,,,,,,,,,,,,
2017-05-27,,,,,,,,,,,,,
2017-05-28,,,,,,,,,,,,,
2017-05-29,,,,,,,,,,,,,
2017-05-30,,,,,,,,,,,,,
2017-05-31,,,,,,,,,,,,,
2017-06-01,,,,,,,,,,,,,
2017-06-02,,,,,,,,,,,,,
2017-06-03,,,,,,,,,,,,,
2017-06-04,,,,,,,,,,,,,
2017-06-05,,,,,,,,,,,,,
2017-06-06,,,,,,,,,,,,,
2017-06-07,,,,,,,,,,,,,
2017-06-08,,,,,,,,,,,,,
2017-06-09,,,,,,,,,,,,,
2017-06-10,,,,,,,,,,,,,
2017-06-11,,,,,,,,,,,,,
2017-06-12,,,,,,,,,,,,,
2017-06-13,,,,,,,,,,,,,
2017-06-14,,,,,,,,,,,,,
2017-06-15,,,,,,,,,,,,,
2017-06-16,,,,,,,,,,,,,
2017-06-17,,,,,,,,,,,,,
2017-06-18,,,,,,,,,,,,,
2017-06-19,,,,,,,,,,,,,
2017-06-20,,,,,,,,,,,,,
2017-06-21,,,,,,,,,,,,,
2017-06-22,,,,,,,,,,,,,
2017-06-23,,,,,,,,,,,,,
2017-06-24,,,,,,,,,,,,,
2017-06-25,,,,,,,,,,,,,
2017-06-26,,,,,,,,,,,,,
2017-06-27,,,,,,,,,,,,,
2017-06-28,,,,,,,,,,,,,
2017-06-29,,,,,,,,,,,,,
2017-06-30,,,,,,,,,,,,,
2017-07-01,,,,,,,,,,,,,
2017-07-02,,,,,,,,,,,,,
2017-07-03,,,,,,,,,,,,,
2017-07-04,,,,,,,,,,,,,
2017-07-05,,,,,,,,,,,,,
2017-07-06,,,,,,,,,,,,,
2017-07-07,,,,,,,,,,,,,
2017-07-08,,,,,,,,,,,,,
2017-07-09,,,,,,,,,,,,,
2017-07-10,,,,,,,,,,,,,
2017-07-11,,,,,,,,,,,,,
2017-07-12,,,,,,,,,,,,,
2017-07-13,,,,,,,,,,,,,
2017-07-14,,,,,,,,,,,,,
2017-07-15,,,,,,,,,,,,,
2017-07-16,,,,,,,,,,,,,
2017-07-17,,,,,,,,,,,,,
2017-07-18,,,,,,,,,,,,,
2017-07-19,,,,,,,,,,,,,
2017-07-20,,,,,,,,,,,,,
2017-07-21,,,,,,,,,,,,,
2017-07-22,,,,,,,,,,,,,
2017-07-23,,,,,,,,,,,,,
2017-07-24,,,,,,,,,,,,,
2017-07-25,,,,,,,,,,,,,
2017-07-26,,,,,,,,,,,,,
2017-07-27,,,,,,,,,,,,,
2017-07-28,,,,,,,,,,,,,
2017-07-29,,,,,,,,,,,,,
2017-07-30,,,,,,,,,,,,,
2017-07-31,,,,,,,,,,,,,
2017-08-01,,,,,,,,,,,,,
2017-08-02,,,,,,,,,,,,,
2017-08-03,,,,,,,,,,,,,
2017-08-04,,,,,,,,,,,,,
2017-08-05,,,,,,,,,,,,,
2017-08-06,,,,,,,,,,,,,
2017-08-07,,,,,,,,,,,,,
2017-08-08,,,,,,,,,,,,,
2017-08-09,,,,,,,,,,,,,
2017-08-10,,,,,,,,,,,,,
2017-08-11,,,,,,,,,,,,,
2017-08-12,,,,,,,,,,,,,
2017-08-13,,,,,,,,,,,,,
2017-08-14,,,,,,,,,,,,,
2017-08-15,,,,,,,,,,,,,
2017-08-16,,,,,,,,,,,,,
2017-08-17,,,,,,,,,,,,,
2017-08-18,,,,,,,,,,,,,
2017-08-19,,,,,,,,,,,,,
2017-08-20,,,,,,,,,,,,,
2017-08-21,,,,,,,,,,,,,
2017-08-22,,,,,,,,,,,,,
2017-08-23,,,,,,,,,,,,,
2017-08-24,,,,,,,,,,,,,
2017-08-25,,,,,,,,,,,,,
2017-08-26,,,,,,,,,,,,,
2017-08-27,,,,,,,,,,,,,
2017-08-28,,,,,,,,,,,,,
2017-08-29,,,,,,,,,,,,,
2017-08-30,,,,,,,,,,,,,
2017-08-31,,,,,,,,,,,,,
2017-09-01,,,,,,,,,,,,,
2017-09-02,,,,,,,,,,,,,
2017-09-03,,,,,,,,,,,,,
2017-09-04,,,,,,,,,,,,,
2017-09-05,,,,,,,,,,,,,
2017-09-06,,,,,,,,,,,,,
2017-09-07,,,,,,,,,,,,,
2017-09-08,,,,,,,,,,,,,
2017-09-09,,,,,,,,,,,,,
2017-09-10,,,,,,,,,,,,,
2017-09-11,,,,,,,,,,,,,
2017-09-12,,,,,,,,,,,,,
2017-09-13,,,,,,,,,,,,,
2017-09-14,,,,,,,,,,,,,
2017-09-15,,,,,,,,,,,,,
2017-09-16,,,,,,,,,,,,,
2017-09-17,,,,,,,,,,,,,
2017-09-18,,,,,,,,,,,,,
2017-09-19,,,,,,,,,,,,,
2017-09-20,,,,,,,,,,,,,
2017-09-21,,,,,,,,,,,,,
2017-09-22,,,,,,,,,,,,,
2017-09-23,,,,,,,,,,,,,
2017-09-24,,,,,,,,,,,,,
2017-09-25,,,,,,,,,,,,,
2017-09-26,,,,,,,,,,,,,
2017-09-27,,,,,,,,,,,,,
2017-09-28,,,,,,,,,,,,,
2017-09-29,,,,,,,,,,,,,
2017-09-30,,,,,,,,,,,,,
2017-10-01,,,,,,,,,,,,,
2017-10-02,,,,,,,,,,,,,
2017-10-03,,,,,,,,,,,,,
2017-10-04,,,,,,,,,,,,,
2017-10-05,,,,,,,,,,,,,
2017-10-06,,,,,,,,,,,,,
2017-10-07,,,,,,,,,,,,,
2017-10-08,,,,,,,,,,,,,
2017-10-09,,,,,,,,,,,,,
2017-10-10,,,,,,,,,,,,,
2017-10-11,,,,,,,,,,,,,
2017-10-12,,,,,,,,,,,,,
2017-10-13,,,,,,,,,,,,,
2017-10-14,,,,,,,,,,,,,
2017-10-15,,,,,,,,,,,,,
2017-10-16,,,,,,,,,,,,,
2017-10-17,,,,,,,,,,,,,
2017-10-18,,,,,,,,,,,,,
2017-10-19,,,,,,,,,,,,,
2017-10-20,,,,,,,,,,,,,
2017-10-21,,,,,,,,,,,,,
2017-10-22,,,,,,,,,,,,,
2017-10-23,,,,,,,,,,,,,
2017-10-24,,,,,,,,,,,,,
2017-10-25,,,,,,,,,,,,,
2017-10-26,,,,,,,,,,,,,
2017-10-27,,,,,,,,,,,,,
2017-10-28,,,,,,,,,,,,,
2017-10-29,,,,,,,,,,,,,
2017-10-30,,,,,,,,,,,,,
2017-10-31,,,,,,,,,,,,,
2017-11-01,,,,,,,,,,,,,
2017-11-02,,,,,,,,,,,,,
2017-11-03,,,,,,,,,,,,,
2017-11-04,,,,,,,,,,,,,
2017-11-05,,,,,,,,,,,,,
2017-11-06,,,,,,,,,,,,,
2017-11-07,,,,,,,,,,,,,
2017-11-08,,,,,,,,,,,,,
2017-11-09,,,,,,,,,,,,,
2017-11-10,,,,,,,,,,,,,
2017-11-11,,,,,,,,,,,,,
2017-11-12,,,,,,,,,,,,,
2017-11-13,,,,,,,,,,,,,
2017-11-14,,,,,,,,,,,,,
2017-11-15,,,,,,,,,,,,,
2017-11-16,,,,,,,,,,,,,
2017-11-17,,,,,,,,,,,,,
2017-11-18,,,,,,,,,,,,,
2017-11-19,,,,,,,,,,,,,
2017-11-20,,,,,,,,,,,,,
2017-11-21,,,,,,,,,,,,,
2017-11-22,,,,,,,,,,,,,
2017-11-23,,,,,,,,,,,,,
2017-11-24,,,,,,,,,,,,,
2017-11-25,,,,,,,,,,,,,
2017-11-26,,,,,,,,,,,,,
2017-11-27,,,,,,,,,,,,,
2017-11-28,,,,,,,,,,,,,
2017-11-29,,,,,,,,,,,,,
2017-11-30,,,,,,,,,,,,,
2017-12-01,,,,,,,,,,,,,
2017-12-02,,,,,,,,,,,,,
2017-12-03,,,,,,,,,,,,,
2017-12-04,,,,,,,,,,,,,
2017-12-05,,,,,,,,,,,,,
2017-12-06,,,,,,,,,,,,,
2017-12-07,,,,,,,,,,,,,
2017-12-08,,,,,,,,,,,,,
2017-12-09,,,,,,,,,,,,,
2017-12-10,,,,,,,,,,,,,
2017-12-11,,,,,,,,,,,,,
2017-12-12,,,,,,,,,,,,,
2017-12-13,,,,,,,,,,,,,
2017-12-14,,,,,,,,,,,,,
2017-12-15,,,,,,,,,,,,,
2017-12-16,,,,,,,,,,,,,
2017-12-17,,,,,,,,,,,,,
2017-12-18,,,,,,,,,,,,,
2017-12-19,,,,,,,,,,,,,
2017-12-20,,,,,,,,,,,,,
2017-12-21,,,,,,,,,,,,,
2017-12-22,,,,,,,,,,,,,
2017-12-23,,,,,,,,,,,,,
2017-12-24,,,,,,,,,,,,,
2017-12-25,,,,,,,,,,,,,
2017-12-26,,,,,,,,,,,,,
2017-12-27,,,,,,,,,,,,,
2017-12-28,,,,,,,,,,,,,
2017-12-29,,,,,,,,,,,,,
2017-12-30,,,,,,,,,,,,,
2017-12-31,,,,,,,,,,,,,
2018-01-01,,,,,,,,,,,,,
2018-01-02,,,,,,,,,,,,,
2018-01-03,,,,,,,,,,,,,
2018-01-04,,,,,,,,,,,,,
2018-01-05,,,,,,,,,,,,,
2018-01-06,,,,,,,,,,,,,
2018-01-07,,,,,,,,,,,,,
2018-01-08,,,,,,,,,,,,,
2018-01-09,,,,,,,,,,,,,
2018-01-10,,,,,,,,,,,,,
2018-01-11,,,,,,,,,,,,,
2018-01-12,,,,,,,,,,,,,
2018-01-13,,,,,,,,,,,,,
2018-01-14,,,,,,,,,,,,,
2018-01-15,,,,,,,,,,,,,
2018-01-16,,,,,,,,,,,,,
2018-01-17,,,,,,,,,,,,,
2018-01-18,,,,,,,,,,,,,
2018-01-19,,,,,,,,,,,,,
2018-01-20,,,,,,,,,,,,,
2018-01-21,,,,,,,,,,,,,
2018-01-22,,,,,,,,,,,,,
2018-01-23,,,,,,,,,,,,,
2018-01-24,,,,,,,,,,,,,
2018-01-25,,,,,,,,,,,,,
2018-01-26,,,,,,,,,,,,,
2018-01-27,,,,,,,,,,,,,
2018-01-28,,,,,,,,,,,,,
2018-01-29,,,,,,,,,,,,,
2018-01-30,,,,,,,,,,,,,
2018-01-31,,,,,,,,,,,,,
2018-02-01,,,,,,,,,,,,,
2018-02-02,,,,,,,,,,,,,
2018-02-03,,,,,,,,,,,,,
2018-02-04,,,,,,,,,,,,,
2018-02-05,,,,,,,,,,,,,
2018-02-06,,,,,,,,,,,,,
2018-02-07,,,,,,,,,,,,,
2018-02-08,,,,,,,,,,,,,
2018-02-09,,,,,,,,,,,,,
2018-02-10,,,,,,,,,,,,,
2018-02-11,,,,,,,,,,,,,
2018-02-12,,,,,,,,,,,,,
2018-02-13,,,,,,,,,,,,,
2018-02-14,,,,,,,,,,,,,
2018-02-15,,,,,,,,,,,,,
2018-02-16,,,,,,,,,,,,,
2018-02-17,,,,,,,,,,,,,
2018-02-18,,,,,,,,,,,,,
2018-02-19,,,,,,,,,,,,,
2018-02-20,,,,,,,,,,,,,
2018-02-21,,,,,,,,,,,,,
2018-02-22,,,,,,,,,,,,,
2018-02-23,,,,,,,,,,,,,
2018-02-24,,,,,,,,,,,,,
2018-02-25,,,,,,,,,,,,,
2018-02-26,,,,,,,,,,,,,
2018-02-27,,,,,,,,,,,,,
2018-02-28,,,,,,,,,,,,,
2018-03-01,,,,,,,,,,,,,
2018-03-02,,,,,,,,,,,,,
2018-03-03,,,,,,,,,,,,,
2018-03-04,,,,,,,,,,,,,
2018-03-05,,,,,,,,,,,,,
2018-03-06,,,,,,,,,,,,,
2018-03-07,,,,,,,,,,,,,
2018-03-08,,,,,,,,,,,,,
2018-03-09,,,,,,,,,,,,,
2018-03-10,,,,,,,,,,,,,
2018-03-11,,,,,,,,,,,,,
2018-03-12,,,,,,,,,,,,,
2018-03-13,,,,,,,,,,,,,
2018-03-14,,,,,,,,,,,,,
2018-03-15,,,,,,,,,,,,,
2018-03-16,,,,,,,,,,,,,
2018-03-17,,,,,,,,,,,,,
2018-03-18,,,,,,,,,,,,,
2018-03-19,,,,,,,,,,,,,
2018-03-20,,,,,,,,,,,,,
2018-03-21,,,,,,,,,,,,,
2018-03-22,,,,,,,,,,,,,
2018-03-23,,,,,,,,,,,,,
2018-03-24,,,,,,,,,,,,,
2018-03-25,,,,,,,,,,,,,
2018-03-26,,,,,,,,,,,,,
2018-03-27,,,,,,,,,,,,,
2018-03-28,,,,,,,,,,,,,
2018-03-29,,,,,,,,,,,,,
2018-03-30,,,,,,,,,,,,,
2018-03-31,,,,,,,,,,,,,
2018-04-01,,,,,,,,,,,,,
2018-04-02,,,,,,,,,,,,,
2018-04-03,,,,,,,,,,,,,
2018-04-04,,,,,,,,,,,,,
2018-04-05,,,,,,,,,,,,,
2018-04-06,,,,,,,,,,,,,
2018-04-07,,,,,,,,,,,,,
2018-04-08,,,,,,,,,,,,,
2018-04-09,,,,,,,,,,,,,
2018-04-10,,,,,,,,,,,,,
2018-04-11,,,,,,,,,,,,,
2018-04-12,,,,,,,,,,,,,
2018-04-13,,,,,,,,,,,,,
2018-04-14,,,,,,,,,,,,,
2018-04-15,,,,,,,,,,,,,
2018-04-16,,,,,,,,,,,,,
2018-04-17,,,,,,,,,,,,,
2018-04-18,,,,,,,,,,,,,
2018-04-19,,,,,,,,,,,,,
2018-04-20,,,,,,,,,,,,,
2018-04-21,,,,,,,,,,,,,
2018-04-22,,,,,,,,,,,,,
2018-04-23,,,,,,,,,,,,,
2018-04-24,,,,,,,,,,,,,
2018-04-25,,,,,,,,,,,,,
2018-04-26,,,,,,,,,,,,,
2018-04-27,,,,,,,,,,,,,
2018-04-28,,,,,,,,,,,,,
2018-04-29,,,,,,,,,,,,,
2018-04-30,,,,,,,,,,,,,
2018-05-01,,,,,,,,,,,,,
2018-05-02,,,,,,,,,,,,,
2018-05-03,,,,,,,,,,,,,
2018-05-04,,,,,,,,,,,,,
2018-05-05,,,,,,,,,,,,,
2018-05-06,,,,,,,,,,,,,
2018-05-07,,,,,,,,,,,,,
2018-05-08,,,,,,,,,,,,,
2018-05-09,,,,,,,,,,,,,
2018-05-10,,,,,,,,,,,,,
2018-05-11,,,,,,,,,,,,,
2018-05-12,,,,,,,,,,,,,
2018-05-13,,,,,,,,,,,,,
2018-05-14,,,,,,,,,,,,,
2018-05-15,,,,,,,,,,,,,
2018-05-16,,,,,,,,,,,,,
2018-05-17,,,,,,,,,,,,,
2018-05-18,,,,,,,,,,,,,
2018-05-19,,,,,,,,,,,,,
2018-05-20,,,,,,,,,,,,,
2018-05-21,,,,,,,,,,,,,
2018-05-22,,,,,,,,,,,,,
2018-05-23,,,,,,,,,,,,,
2018-05-24,,,,,,,,,,,,,
2018-05-25,,,,,,,,,,,,,
2018-05-26,,,,,,,,,,,,,
2018-05-27,,,,,,,,,,,,,
2018-05-28,,,,,,,,,,,,,
2018-05-29,,,,,,,,,,,,,
2018-05-30,,,,,,,,,,,,,
2018-05-31,,,,,,,,,,,,,
2018-06-01,,,,,,,,,,,,,
2018-06-02,,,,,,,,,,,,,
2018-06-03,,,,,,,,,,,,,
2018-06-04,,,,,,,,,,,,,
2018-06-05,,,,,,,,,,,,,
2018-06-06,,,,,,,,,,,,,
2018-06-07,,,,,,,,,,,,,
2018-06-08,,,,,,,,,,,,,
2018-06-09,,,,,,,,,,,,,
2018-06-10,,,,,,,,,,,,,
2018-06-11,,,,,,,,,,,,,
2018-06-12,,,,,,,,,,,,,
2018-06-13,,,,,,,,,,,,,
2018-06-14,,,,,,,,,,,,,
2018-06-15,,,,,,,,,,,,,
2018-06-16,,,,,,,,,,,,,
2018-06-17,,,,,,,,,,,,,
2018-06-18,,,,,,,,,,,,,
2018-06-19,,,,,,,,,,,,,
2018-06-20,,,,,,,,,,,,,
2018-06-21,,,,,,,,,,,,,
2018-06-22,,,,,,,,,,,,,
2018-06-23,,,,,,,,,,,,,
2018-06-24,,,,,,,,,,,,,
2018-06-25,,,,,,,,,,,,,
2018-06-26,,,,,,,,,,,,,
2018-06-27,,,,,,,,,,,,,
2018-06-28,,,,,,,,,,,,,
2018-06-29,,,,,,,,,,,,,
2018-06-30,,,,,,,,,,,,,
2018-07-01,,,,,,,,,,,,,
2018-07-02,,,,,,,,,,,,,
2018-07-03,,,,,,,,,,,,,
2018-07-04,,,,,,,,,,,,,
2018-07-05,,,,,,,,,,,,,
2018-07-06,,,,,,,,,,,,,
2018-07-07,,,,,,,,,,,,,
2018-07-08,,,,,,,,,,,,,
2018-07-09,,,,,,,,,,,,,
2018-07-10,,,,,,,,,,,,,
2018-07-11,,,,,,,,,,,,,
2018-07-12,,,,,,,,,,,,,
2018-07-13,,,,,,,,,,,,,
2018-07-14,,,,,,,,,,,,,
2018-07-15,,,,,,,,,,,,,
2018-07-16,,,,,,,,,,,,,
2018-07-17,,,,,,,,,,,,,
2018-07-18,,,,,,,,,,,,,
2018-07-19,,,,,,,,,,,,,
2018-07-20,,,,,,,,,,,,,
2018-07-21,,,,,,,,,,,,,
2018-07-22,,,,,,,,,,,,,
2018-07-23,,,,,,,,,,,,,
2018-07-24,,,,,,,,,,,,,
2018-07-25,,,,,,,,,,,,,
2018-07-26,,,,,,,,,,,,,
2018-07-27,,,,,,,,,,,,,
2018-07-28,,,,,,,,,,,,,
2018-07-29,,,,,,,,,,,,,
2018-07-30,,,,,,,,,,,,,
2018-07-31,,,,,,,,,,,,,
2018-08-01,,,,,,,,,,,,,
2018-08-02,,,,,,,,,,,,,
2018-08-03,,,,,,,,,,,,,
2018-08-04,,,,,,,,,,,,,
2018-08-05,,,,,,,,,,,,,
2018-08-06,,,,,,,,,,,,,
2018-08-07,,,,,,,,,,,,,
2018-08-08,,,,,,,,,,,,,
2018-08-09,,,,,,,,,,,,,
2018-08-10,,,,,,,,,,,,,
2018-08-11,,,,,,,,,,,,,
2018-08-12,,,,,,,,,,,,,
2018-08-13,,,,,,,,,,,,,
2018-08-14,,,,,,,,,,,,,
2018-08-15,,,,,,,,,,,,,
2018-08-16,,,,,,,,,,,,,
2018-08-17,,,,,,,,,,,,,
2018-08-18,,,,,,,,,,,,,
2018-08-19,,,,,,,,,,,,,
2018-08-20,,,,,,,,,,,,,
2018-08-21,,,,,,,,,,,,,
2018-08-22,,,,,,,,,,,,,
2018-08-23,,,,,,,,,,,,,
2018-08-24,,,,,,,,,,,,,
2018-08-25,,,,,,,,,,,,,
2018-08-26,,,,,,,,,,,,,
2018-08-27,,,,,,,,,,,,,
2018-08-28,,,,,,,,,,,,,
2018-08-29,,,,,,,,,,,,,
2018-08-30,,,,,,,,,,,,,
2018-08-31,,,,,,,,,,,,,
2018-09-01,,,,,,,,,,,,,
2018-09-02,,,,,,,,,,,,,
2018-09-03,,,,,,,,,,,,,
2018-09-04,,,,,,,,,,,,,
2018-09-05,,,,,,,,,,,,,
2018-09-06,,,,,,,,,,,,,
2018-09-07,,,,,,,,,,,,,
2018-09-08,,,,,,,,,,,,,
2018-09-09,,,,,,,,,,,,,
2018-09-10,,,,,,,,,,,,,
2018-09-11,,,,,,,,,,,,,
2018-09-12,,,,,,,,,,,,,
2018-09-13,,,,,,,,,,,,,
2018-09-14,,,,,,,,,,,,,
2018-09-15,,,,,,,,,,,,,
2018-09-16,,,,,,,,,,,,,
2018-09-17,,,,,,,,,,,,,
2018-09-18,,,,,,,,,,,,,
2018-09-19,,,,,,,,,,,,,
2018-09-20,,,,,,,,,,,,,
2018-09-21,,,,,,,,,,,,,
2018-09-22,,,,,,,,,,,,,
2018-09-23,,,,,,,,,,,,,
2018-09-24,,,,,,,,,,,,,
2018-09-25,,,,,,,,,,,,,
2018-09-26,,,,,,,,,,,,,
2018-09-27,,,,,,,,,,,,,
2018-09-28,,,,,,,,,,,,,
2018-09-29,,,,,,,,,,,,,
2018-09-30,,,,,,,,,,,,,
2018-10-01,,,,,,,,,,,,,
2018-10-02,,,,,,,,,,,,,
2018-10-03,,,,,,,,,,,,,
2018-10-04,,,,,,,,,,,,,
2018-10-05,,,,,,,,,,,,,
2018-10-06,,,,,,,,,,,,,
2018-10-07,,,,,,,,,,,,,
2018-10-08,,,,,,,,,,,,,
2018-10-09,,,,,,,,,,,,,
2018-10-10,,,,,,,,,,,,,
2018-10-11,,,,,,,,,,,,,
2018-10-12,,,,,,,,,,,,,
2018-10-13,,,,,,,,,,,,,
2018-10-14,,,,,,,,,,,,,
2018-10-15,,,,,,,,,,,,,
2018-10-16,,,,,,,,,,,,,
2018-10-17,,,,,,,,,,,,,
2018-10-18,,,,,,,,,,,,,
2018-10-19,,,,,,,,,,,,,
2018-10-20,,,,,,,,,,,,,
2018-10-21,,,,,,,,,,,,,
2018-10-22,,,,,,,,,,,,,
2018-10-23,,,,,,,,,,,,,
2018-10-24,,,,,,,,,,,,,
2018-10-25,,,,,,,,,,,,,
2018-10-26,,,,,,,,,,,,,
2018-10-27,,,,,,,,,,,,,
2018-10-28,,,,,,,,,,,,,
2018-10-29,,,,,,,,,,,,,
2018-10-30,,,,,,,,,,,,,
2018-10-31,,,,,,,,,,,,,
2018-11-01,,,,,,,,,,,,,
2018-11-02,,,,,,,,,,,,,
2018-11-03,,,,,,,,,,,,,
2018-11-04,,,,,,,,,,,,,
2018-11-05,,,,,,,,,,,,,
2018-11-06,,,,,,,,,,,,,
2018-11-07,,,,,,,,,,,,,
2018-11-08,,,,,,,,,,,,,
2018-11-09,,,,,,,,,,,,,
2018-11-10,,,,,,,,,,,,,
2018-11-11,,,,,,,,,,,,,
2018-11-12,,,,,,,,,,,,,
2018-11-13,,,,,,,,,,,,,
2018-11-14,,,,,,,,,,,,,
2018-11-15,,,,,,,,,,,,,
2018-11-16,,,,,,,,,,,,,
2018-11-17,,,,,,,,,,,,,
2018-11-18,,,,,,,,,,,,,
2018-11-19,,,,,,,,,,,,,
2018-11-20,,,,,,,,,,,,,
2018-11-21,,,,,,,,,,,,,
2018-11-22,,,,,,,,,,,,,
2018-11-23,,,,,,,,,,,,,
2018-11-24,,,,,,,,,,,,,
2018-11-25,,,,,,,,,,,,,
2018-11-26,,,,,,,,,,,,,
2018-11-27,,,,,,,,,,,,,
2018-11-28,,,,,,,,,,,,,
2018-11-29,,,,,,,,,,,,,
2018-11-30,,,,,,,,,,,,,
2018-12-01,,,,,,,,,,,,,
2018-12-02,,,,,,,,,,,,,
2018-12-03,,,,,,,,,,,,,
2018-12-04,,,,,,,,,,,,,
2018-12-05,,,,,,,,,,,,,
2018-12-06,,,,,,,,,,,,,
2018-12-07,,,,,,,,,,,,,
2018-12-08,,,,,,,,,,,,,
2018-12-09,,,,,,,,,,,,,
2018-12-10,,,,,,,,,,,,,
2018-12-11,,,,,,,,,,,,,
2018-12-12,,,,,,,,,,,,,
2018-12-13,,,,,,,,,,,,,
2018-12-14,,,,,,,,,,,,,
2018-12-15,,,,,,,,,,,,,
2018-12-16,,,,,,,,,,,,,
2018-12-17,,,,,,,,,,,,,
2018-12-18,,,,,,,,,,,,,
2018-12-19,,,,,,,,,,,,,
2018-12-20,,,,,,,,,,,,,
2018-12-21,,,,,,,,,,,,,
2018-12-22,,,,,,,,,,,,,
2018-12-23,,,,,,,,,,,,,
2018-12-24,,,,,,,,,,,,,
2018-12-25,,,,,,,,,,,,,
2018-12-26,,,,,,,,,,,,,
2018-12-27,,,,,,,,,,,,,
2018-12-28,,,,,,,,,,,,,
2018-12-29,,,,,,,,,,,,,
2018-12-30,,,,,,,,,,,,,
2018-12-31,,,,,,,,,,,,,
2019-01-01,,,,,,,,,,,,,
2019-01-02,,,,,,,,,,,,,
2019-01-03,,,,,,,,,,,,,
2019-01-04,,,,,,,,,,,,,
2019-01-05,,,,,,,,,,,,,
2019-01-06,,,,,,,,,,,,,
2019-01-07,,,,,,,,,,,,,
2019-01-08,,,,,,,,,,,,,
2019-01-09,,,,,,,,,,,,,
2019-01-10,,,,,,,,,,,,,
2019-01-11,,,,,,,,,,,,,
2019-01-12,,,,,,,,,,,,,
2019-01-13,,,,,,,,,,,,,
2019-01-14,,,,,,,,,,,,,
2019-01-15,,,,,,,,,,,,,
2019-01-16,,,,,,,,,,,,,
2019-01-17,,,,,,,,,,,,,
2019-01-18,,,,,,,,,,,,,
2019-01-19,,,,,,,,,,,,,
2019-01-20,,,,,,,,,,,,,
2019-01-21,,,,,,,,,,,,,
2019-01-22,,,,,,,,,,,,,
2019-01-23,,,,,,,,,,,,,
2019-01-24,,,,,,,,,,,,,
2019-01-25,,,,,,,,,,,,,
2019-01-26,,,,,,,,,,,,,
2019-01-27,,,,,,,,,,,,,
2019-01-28,,,,,,,,,,,,,
2019-01-29,,,,,,,,,,,,,
2019-01-30,,,,,,,,,,,,,
2019-01-31,,,,,,,,,,,,,
2019-02-01,,,,,,,,,,,,,
2019-02-02,,,,,,,,,,,,,
2019-02-03,,,,,,,,,,,,,
2019-02-04,,,,,,,,,,,,,
2019-02-05,,,,,,,,,,,,,
2019-02-06,,,,,,,,,,,,,
2019-02-07,,,,,,,,,,,,,
2019-02-08,,,,,,,,,,,,,
2019-02-09,,,,,,,,,,,,,
2019-02-10,,,,,,,,,,,,,
2019-02-11,,,,,,,,,,,,,
2019-02-12,,,,,,,,,,,,,
2019-02-13,,,,,,,,,,,,,
2019-02-14,,,,,,,,,,,,,
2019-02-15,,,,,,,,,,,,,
2019-02-16,,,,,,,,,,,,,
2019-02-17,,,,,,,,,,,,,
2019-02-18,,,,,,,,,,,,,
2019-02-19,,,,,,,,,,,,,
2019-02-20,,,,,,,,,,,,,
2019-02-21,,,,,,,,,,,,,
2019-02-22,,,,,,,,,,,,,
2019-02-23,,,,,,,,,,,,,
2019-02-24,,,,,,,,,,,,,
2019-02-25,,,,,,,,,,,,,
2019-02-26,,,,,,,,,,,,,
2019-02-27,,,,,,,,,,,,,
2019-02-28,,,,,,,,,,,,,
2019-03-01,,,,,,,,,,,,,
2019-03-02,,,,,,,,,,,,,
2019-03-03,,,,,,,,,,,,,
2019-03-04,,,,,,,,,,,,,
2019-03-05,,,,,,,,,,,,,
2019-03-06,,,,,,,,,,,,,
2019-03-07,,,,,,,,,,,,,
2019-03-08,,,,,,,,,,,,,
2019-03-09,,,,,,,,,,,,,
2019-03-10,,,,,,,,,,,,,
2019-03-11,,,,,,,,,,,,,
2019-03-12,,,,,,,,,,,,,
2019-03-13,,,,,,,,,,,,,
2019-03-14,,,,,,,,,,,,,
2019-03-15,,,,,,,,,,,,,
2019-03-16,,,,,,,,,,,,,
2019-03-17,,,,,,,,,,,,,
2019-03-18,,,,,,,,,,,,,
2019-03-19,,,,,,,,,,,,,
2019-03-20,,,,,,,,,,,,,
2019-03-21,,,,,,,,,,,,,
2019-03-22,,,,,,,,,,,,,
2019-03-23,,,,,,,,,,,,,
2019-03-24,,,,,,,,,,,,,
2019-03-25,,,,,,,,,,,,,
2019-03-26,,,,,,,,,,,,,
2019-03-27,,,,,,,,,,,,,
2019-03-28,,,,,,,,,,,,,
2019-03-29,,,,,,,,,,,,,
2019-03-30,,,,,,,,,,,,,
2019-03-31,,,,,,,,,,,,,
2019-04-01,,,,,,,,,,,,,
2019-04-02,,,,,,,,,,,,,
2019-04-03,,,,,,,,,,,,,
2019-04-04,,,,,,,,,,,,,
2019-04-05,,,,,,,,,,,,,
2019-04-06,,,,,,,,,,,,,
2019-04-07,,,,,,,,,,,,,
2019-04-08,,,,,,,,,,,,,
2019-04-09,,,,,,,,,,,,,
2019-04-10,,,,,,,,,,,,,
2019-04-11,,,,,,,,,,,,,
2019-04-12,,,,,,,,,,,,,
2019-04-13,,,,,,,,,,,,,
2019-04-14,,,,,,,,,,,,,
2019-04-15,,,,,,,,,,,,,
2019-04-16,,,,,,,,,,,,,
2019-04-17,,,,,,,,,,,,,
2019-04-18,,,,,,,,,,,,,
2019-04-19,,,,,,,,,,,,,
2019-04-20,,,,,,,,,,,,,
2019-04-21,,,,,,,,,,,,,
2019-04-22,,,,,,,,,,,,,
2019-04-23,,,,,,,,,,,,,
2019-04-24,,,,,,,,,,,,,
2019-04-25,,,,,,,,,,,,,
2019-04-26,,,,,,,,,,,,,
2019-04-27,,,,,,,,,,,,,
2019-04-28,,,,,,,,,,,,,
2019-04-29,,,,,,,,,,,,,
2019-04-30,,,,,,,,,,,,,
2019-05-01,,,,,,,,,,,,,
2019-05-02,,,,,,,,,,,,,
2019-05-03,,,,,,,,,,,,,
2019-05-04,,,,,,,,,,,,,
2019-05-05,,,,,,,,,,,,,
2019-05-06,,,,,,,,,,,,,
2019-05-07,,,,,,,,,,,,,
2019-05-08,,,,,,,,,,,,,
2019-05-09,,,,,,,,,,,,,
2019-05-10,,,,,,,,,,,,,
2019-05-11,,,,,,,,,,,,,
2019-05-12,,,,,,,,,,,,,
2019-05-13,,,,,,,,,,,,,
2019-05-14,,,,,,,,,,,,,
2019-05-15,,,,,,,,,,,,,
2019-05-16,,,,,,,,,,,,,
2019-05-17,,,,,,,,,,,,,
2019-05-18,,,,,,,,,,,,,
2019-05-19,,,,,,,,,,,,,
2019-05-20,,,,,,,,,,,,,
2019-05-21,,,,,,,,,,,,,
2019-05-22,,,,,,,,,,,,,
2019-05-23,,,,,,,,,,,,,
2019-05-24,,,,,,,,,,,,,
2019-05-25,,,,,,,,,,,,,
2019-05-26,,,,,,,,,,,,,
2019-05-27,,,,,,,,,,,,,
2019-05-28,,,,,,,,,,,,,
2019-05-29,,,,,,,,,,,,,
2019-05-30,,,,,,,,,,,,,
2019-05-31,,,,,,,,,,,,,
2019-06-01,,,,,,,,,,,,,
2019-06-02,,,,,,,,,,,,,
2019-06-03,,,,,,,,,,,,,
2019-06-04,,,,,,,,,,,,,
2019-06-05,,,,,,,,,,,,,
2019-06-06,,,,,,,,,,,,,
2019-06-07,,,,,,,,,,,,,
2019-06-08,,,,,,,,,,,,,
2019-06-09,,,,,,,,,,,,,
2019-06-10,,,,,,,,,,,,,
2019-06-11,,,,,,,,,,,,,
2019-06-12,,,,,,,,,,,,,
2019-06-13,,,,,,,,,,,,,
2019-06-14,,,,,,,,,,,,,
2019-06-15,,,,,,,,,,,,,
2019-06-16,,,,,,,,,,,,,
2019-06-17,,,,,,,,,,,,,
2019-06-18,,,,,,,,,,,,,
2019-06-19,,,,,,,,,,,,,
2019-06-20,,,,,,,,,,,,,
2019-06-21,,,,,,,,,,,,,
2019-06-22,,,,,,,,,,,,,
2019-06-23,,,,,,,,,,,,,
2019-06-24,,,,,,,,,,,,,
2019-06-25,,,,,,,,,,,,,
2019-06-26,,,,,,,,,,,,,
2019-06-27,,,,,,,,,,,,,
2019-06-28,,,,,,,,,,,,,
2019-06-29,,,,,,,,,,,,,
2019-06-30,,,,,,,,,,,,,
2019-07-01,,,,,,,,,,,,,
2019-07-02,,,,,,,,,,,,,
2019-07-03,,,,,,,,,,,,,
2019-07-04,,,,,,,,,,,,,
2019-07-05,,,,,,,,,,,,,
2019-07-06,,,,,,,,,,,,,
2019-07-07,,,,,,,,,,,,,
2019-07-08,,,,,,,,,,,,,
2019-07-09,,,,,,,,,,,,,
2019-07-10,,,,,,,,,,,,,
2019-07-11,,,,,,,,,,,,,
2019-07-12,,,,,,,,,,,,,
2019-07-13,,,,,,,,,,,,,
2019-07-14,,,,,,,,,,,,,
2019-07-15,,,,,,,,,,,,,
2019-07-16,,,,,,,,,,,,,
2019-07-17,,,,,,,,,,,,,
2019-07-18,,,,,,,,,,,,,
2019-07-19,,,,,,,,,,,,,
2019-07-20,,,,,,,,,,,,,
2019-07-21,,,,,,,,,,,,,
2019-07-22,,,,,,,,,,,,,
2019-07-23,,,,,,,,,,,,,
2019-07-24,,,,,,,,,,,,,
2019-07-25,,,,,,,,,,,,,
2019-07-26,,,,,,,,,,,,,
2019-07-27,,,,,,,,,,,,,
2019-07-28,,,,,,,,,,,,,
2019-07-29,,,,,,,,,,,,,
2019-07-30,,,,,,,,,,,,,
2019-07-31,,,,,,,,,,,,,
2019-08-01,,,,,,,,,,,,,
2019-08-02,,,,,,,,,,,,,
2019-08-03,,,,,,,,,,,,,
2019-08-04,,,,,,,,,,,,,
2019-08-05,,,,,,,,,,,,,
2019-08-06,,,,,,,,,,,,,
2019-08-07,,,,,,,,,,,,,
2019-08-08,,,,,,,,,,,,,
2019-08-09,,,,,,,,,,,,,
2019-08-10,,,,,,,,,,,,,
2019-08-11,,,,,,,,,,,,,
2019-08-12,,,,,,,,,,,,,
2019-08-13,,,,,,,,,,,,,
2019-08-14,,,,,,,,,,,,,
2019-08-15,,,,,,,,,,,,,
2019-08-16,,,,,,,,,,,,,
2019-08-17,,,,,,,,,,,,,
2019-08-18,,,,,,,,,,,,,
2019-08-19,,,,,,,,,,,,,
2019-08-20,,,,,,,,,,,,,
2019-08-21,,,,,,,,,,,,,
2019-08-22,,,,,,,,,,,,,
2019-08-23,,,,,,,,,,,,,
2019-08-24,,,,,,,,,,,,,
2019-08-25,,,,,,,,,,,,,
2019-08-26,,,,,,,,,,,,,
2019-08-27,,,,,,,,,,,,,
2019-08-28,,,,,,,,,,,,,
2019-08-29,,,,,,,,,,,,,
2019-08-30,,,,,,,,,,,,,
2019-08-31,,,,,,,,,,,,,
2019-09-01,,,,,,,,,,,,,
2019-09-02,,,,,,,,,,,,,
2019-09-03,,,,,,,,,,,,,
2019-09-04,,,,,,,,,,,,,
2019-09-05,,,,,,,,,,,,,
2019-09-06,,,,,,,,,,,,,
2019-09-07,,,,,,,,,,,,,
2019-09-08,,,,,,,,,,,,,
2019-09-09,,,,,,,,,,,,,
2019-09-10,,,,,,,,,,,,,
2019-09-11,,,,,,,,,,,,,
2019-09-12,,,,,,,,,,,,,
2019-09-13,,,,,,,,,,,,,
2019-09-14,,,,,,,,,,,,,
2019-09-15,,,,,,,,,,,,,
2019-09-16,,,,,,,,,,,,,
2019-09-17,,,,,,,,,,,,,
2019-09-18,,,,,,,,,,,,,
2019-09-19,,,,,,,,,,,,,
2019-09-20,,,,,,,,,,,,,
2019-09-21,,,,,,,,,,,,,
2019-09-22,,,,,,,,,,,,,
2019-09-23,,,,,,,,,,,,,
2019-09-24,,,,,,,,,,,,,
2019-09-25,,,,,,,,,,,,,
2019-09-26,,,,,,,,,,,,,
2019-09-27,,,,,,,,,,,,,
2019-09-28,,,,,,,,,,,,,
2019-09-29,,,,,,,,,,,,,
2019-09-30,,,,,,,,,,,,,
2019-10-01,,,,,,,,,,,,,
2019-10-02,,,,,,,,,,,,,
2019-10-03,,,,,,,,,,,,,
2019-10-04,,,,,,,,,,,,,
2019-10-05,,,,,,,,,,,,,
2019-10-06,,,,,,,,,,,,,
2019-10-07,,,,,,,,,,,,,
2019-10-08,,,,,,,,,,,,,
2019-10-09,,,,,,,,,,,,,
2019-10-10,,,,,,,,,,,,,
2019-10-11,,,,,,,,,,,,,
2019-10-12,,,,,,,,,,,,,
2019-10-13,,,,,,,,,,,,,
2019-10-14,,,,,,,,,,,,,
2019-10-15,,,,,,,,,,,,,
2019-10-16,,,,,,,,,,,,,
2019-10-17,,,,,,,,,,,,,
2019-10-18,,,,,,,,,,,,,
2019-10-19,,,,,,,,,,,,,
2019-10-20,,,,,,,,,,,,,
2019-10-21,,,,,,,,,,,,,
2019-10-22,,,,,,,,,,,,,
2019-10-23,,,,,,,,,,,,,
2019-10-24,,,,,,,,,,,,,
2019-10-25,,,,,,,,,,,,,
2019-10-26,,,,,,,,,,,,,
2019-10-27,,,,,,,,,,,,,
2019-10-28,,,,,,,,,,,,,
2019-10-29,,,,,,,,,,,,,
2019-10-30,,,,,,,,,,,,,
2019-10-31,,,,,,,,,,,,,
2019-11-01,,,,,,,,,,,,,
2019-11-02,,,,,,,,,,,,,
2019-11-03,,,,,,,,,,,,,
2019-11-04,,,,,,,,,,,,,
2019-11-05,,,,,,,,,,,,,
2019-11-06,,,,,,,,,,,,,
2019-11-07,,,,,,,,,,,,,
2019-11-08,,,,,,,,,,,,,
2019-11-09,,,,,,,,,,,,,
2019-11-10,,,,,,,,,,,,,
2019-11-11,,,,,,,,,,,,,
2019-11-12,,,,,,,,,,,,,
2019-11-13,,,,,,,,,,,,,
2019-11-14,,,,,,,,,,,,,
2019-11-15,,,,,,,,,,,,,
2019-11-16,,,,,,,,,,,,,
2019-11-17,,,,,,,,,,,,,
2019-11-18,,,,,,,,,,,,,
2019-11-19,,,,,,,,,,,,,
2019-11-20,,,,,,,,,,,,,
2019-11-21,,,,,,,,,,,,,
2019-11-22,,,,,,,,,,,,,
2019-11-23,,,,,,,,,,,,,
2019-11-24,,,,,,,,,,,,,
2019-11-25,,,,,,,,,,,,,
2019-11-26,,,,,,,,,,,,,
2019-11-27,,,,,,,,,,,,,
2019-11-28,,,,,,,,,,,,,
2019-11-29,,,,,,,,,,,,,
2019-11-30,,,,,,,,,,,,,
2019-12-01,,,,,,,,,,,,,
2019-12-02,,,,,,,,,,,,,
2019-12-03,,,,,,,,,,,,,
2019-12-04,,,,,,,,,,,,,
2019-12-05,,,,,,,,,,,,,
2019-12-06,,,,,,,,,,,,,
2019-12-07,,,,,,,,,,,,,
2019-12-08,,,,,,,,,,,,,
2019-12-09,,,,,,,,,,,,,
2019-12-10,,,,,,,,,,,,,
2019-12-11,,,,,,,,,,,,,
2019-12-12,,,,,,,,,,,,,
2019-12-13,,,,,,,,,,,,,
2019-12-14,,,,,,,,,,,,,
2019-12-15,,,,,,,,,,,,,
2019-12-16,,,,,,,,,,,,,
2019-12-17,,,,,,,,,,,,,
2019-12-18,,,,,,,,,,,,,
2019-12-19,,,,,,,,,,,,,
2019-12-20,,,,,,,,,,,,,
2019-12-21,,,,,,,,,,,,,
2019-12-22,,,,,,,,,,,,,
2019-12-23,,,,,,,,,,,,,
2019-12-24,,,,,,,,,,,,,
2019-12-25,,,,,,,,,,,,,
2019-12-26,,,,,,,,,,,,,
2019-12-27,,,,,,,,,,,,,
2019-12-28,,,,,,,,,,,,,
2019-12-29,,,,,,,,,,,,,
2019-12-30,,,,,,,,,,,,,
2019-12-31,,,,,,,,,,,,,
2020-01-01,,,,,,,,,,,,,
2020-01-02,,,,,,,,,,,,,
2020-01-03,,,,,,,,,,,,,
2020-01-04,,,,,,,,,,,,,
2020-01-05,,,,,,,,,,,,,
2020-01-06,,,,,,,,,,,,,
2020-01-07,,,,,,,,,,,,,
2020-01-08,,,,,,,,,,,,,
2020-01-09,,,,,,,,,,,,,
2020-01-10,,,,,,,,,,,,,
2020-01-11,,,,,,,,,,,,,
2020-01-12,,,,,,,,,,,,,
2020-01-13,,,,,,,,,,,,,
2020-01-14,,,,,,,,,,,,,
2020-01-15,,,,,,,,,,,,,
2020-01-16,,,,,,,,,,,,,
2020-01-17,,,,,,,,,,,,,
2020-01-18,,,,,,,,,,,,,
2020-01-19,,,,,,,,,,,,,
2020-01-20,,,,,,,,,,,,,
2020-01-21,,,,,,,,,,,,,
2020-01-22,,,,,,,,,,,,,
2020-01-23,,,,,,,,,,,,,
2020-01-24,,,,,,,,,,,,,
2020-01-25,,,,,,,,,,,,,
2020-01-26,,,,,,,,,,,,,
2020-01-27,,,,,,,,,,,,,
2020-01-28,,,,,,,,,,,,,
2020-01-29,,,,,,,,,,,,,
2020-01-30,,,,,,,,,,,,,
2020-01-31,,,,,,,,,,,,,
2020-02-01,,,,,,,,,,,,,
2020-02-02,,,,,,,,,,,,,
2020-02-03,,,,,,,,,,,,,
2020-02-04,,,,,,,,,,,,,
2020-02-05,,,,,,,,,,,,,
2020-02-06,,,,,,,,,,,,,
2020-02-07,,,,,,,,,,,,,
2020-02-08,,,,,,,,,,,,,
2020-02-09,,,,,,,,,,,,,
2020-02-10,,,,,,,,,,,,,
2020-02-11,,,,,,,,,,,,,
2020-02-12,,,,,,,,,,,,,
2020-02-13,,,,,,,,,,,,,
2020-02-14,,,,,,,,,,,,,
2020-02-15,,,,,,,,,,,,,
2020-02-16,,,,,,,,,,,,,
2020-02-17,,,,,,,,,,,,,
2020-02-18,,,,,,,,,,,,,
2020-02-19,,,,,,,,,,,,,
2020-02-20,,,,,,,,,,,,,
2020-02-21,,,,,,,,,,,,,
2020-02-22,,,,,,,,,,,,,
2020-02-23,,,,,,,,,,,,,
2020-02-24,,,,,,,,,,,,,
2020-02-25,,,,,,,,,,,,,
2020-02-26,,,,,,,,,,,,,
2020-02-27,,,,,,,,,,,,,
2020-02-28,,,,,,,,,,,,,
2020-02-29,,,,,,,,,,,,,
2020-03-01,,,,,,,,,,,,,
2020-03-02,,,,,,,,,,,,,
2020-03-03,,,,,,,,,,,,,
2020-03-04,,,,,,,,,,,,,
2020-03-05,,,,,,,,,,,,,
2020-03-06,,,,,,,,,,,,,
2020-03-07,,,,,,,,,,,,,
2020-03-08,,,,,,,,,,,,,
2020-03-09,,,,,,,,,,,,,
2020-03-10,,,,,,,,,,,,,
2020-03-11,,,,,,,,,,,,,
2020-03-12,,,,,,,,,,,,,
2020-03-13,,,,,,,,,,,,,
2020-03-14,,,,,,,,,,,,,
2020-03-15,,,,,,,,,,,,,
2020-03-16,,,,,,,,,,,,,
2020-03-17,,,,,,,,,,,,,
2020-03-18,,,,,,,,,,,,,
2020-03-19,,,,,,,,,,,,,
2020-03-20,,,,,,,,,,,,,
2020-03-21,,,,,,,,,,,,,
2020-03-22,,,,,,,,,,,,,
2020-03-23,,,,,,,,,,,,,
2020-03-24,,,,,,,,,,,,,
2020-03-25,,,,,,,,,,,,,
2020-03-26,,,,,,,,,,,,,
2020-03-27,,,,,,,,,,,,,
2020-03-28,,,,,,,,,,,,,
2020-03-29,,,,,,,,,,,,,
2020-03-30,,,,,,,,,,,,,
2020-03-31,,,,,,,,,,,,,
2020-04-01,,,,,,,,,,,,,
2020-04-02,,,,,,,,,,,,,
2020-04-03,,,,,,,,,,,,,
2020-04-04,,,,,,,,,,,,,
2020-04-05,,,,,,,,,,,,,
2020-04-06,,,,,,,,,,,,,
2020-04-07,,,,,,,,,,,,,
2020-04-08,,,,,,,,,,,,,
2020-04-09,,,,,,,,,,,,,
2020-04-10,,,,,,,,,,,,,
2020-04-11,,,,,,,,,,,,,
2020-04-12,,,,,,,,,,,,,
2020-04-13,,,,,,,,,,,,,
2020-04-14,,,,,,,,,,,,,
2020-04-15,,,,,,,,,,,,,
2020-04-16,,,,,,,,,,,,,
2020-04-17,,,,,,,,,,,,,
2020-04-18,,,,,,,,,,,,,
2020-04-19,,,,,,,,,,,,,
2020-04-20,,,,,,,,,,,,,
2020-04-21,,,,,,,,,,,,,
2020-04-22,,,,,,,,,,,,,
2020-04-23,,,,,,,,,,,,,
2020-04-24,,,,,,,,,,,,,
2020-04-25,,,,,,,,,,,,,
2020-04-26,,,,,,,,,,,,,
2020-04-27,,,,,,,,,,,,,
2020-04-28,,,,,,,,,,,,,
2020-04-29,,,,,,,,,,,,,
2020-04-30,,,,,,,,,,,,,
2020-05-01,,,,,,,,,,,,,
2020-05-02,,,,,,,,,,,,,
2020-05-03,,,,,,,,,,,,,
2020-05-04,,,,,,,,,,,,,
2020-05-05,,,,,,,,,,,,,
2020-05-06,,,,,,,,,,,,,
2020-05-07,,,,,,,,,,,,,
2020-05-08,,,,,,,,,,,,,
2020-05-09,,,,,,,,,,,,,
2020-05-10,,,,,,,,,,,,,
2020-05-11,,,,,,,,,,,,,
2020-05-12,,,,,,,,,,,,,
2020-05-13,,,,,,,,,,,,,
2020-05-14,,,,,,,,,,,,,
2020-05-15,,,,,,,,,,,,,
2020-05-16,,,,,,,,,,,,,
2020-05-17,,,,,,,,,,,,,
2020-05-18,,,,,,,,,,,,,
2020-05-19,,,,,,,,,,,,,
2020-05-20,,,,,,,,,,,,,
2020-05-21,,,,,,,,,,,,,
2020-05-22,,,,,,,,,,,,,
2020-05-23,,,,,,,,,,,,,
2020-05-24,,,,,,,,,,,,,
2020-05-25,,,,,,,,,,,,,
2020-05-26,,,,,,,,,,,,,
2020-05-27,,,,,,,,,,,,,
2020-05-28,,,,,,,,,,,,,
2020-05-29,,,,,,,,,,,,,
2020-05-30,,,,,,,,,,,,,
2020-05-31,,,,,,,,,,,,,
2020-06-01,,,,,,,,,,,,,
2020-06-02,,,,,,,,,,,,,
2020-06-03,,,,,,,,,,,,,
2020-06-04,,,,,,,,,,,,,
2020-06-05,,,,,,,,,,,,,
2020-06-06,,,,,,,,,,,,,
2020-06-07,,,,,,,,,,,,,
2020-06-08,,,,,,,,,,,,,
2020-06-09,,,,,,,,,,,,,
2020-06-10,,,,,,,,,,,,,
2020-06-11,,,,,,,,,,,,,
2020-06-12,,,,,,,,,,,,,
2020-06-13,,,,,,,,,,,,,
2020-06-14,,,,,,,,,,,,,
2020-06-15,,,,,,,,,,,,,
2020-06-16,,,,,,,,,,,,,
2020-06-17,,,,,,,,,,,,,
2020-06-18,,,,,,,,,,,,,
2020-06-19,,,,,,,,,,,,,
2020-06-20,,,,,,,,,,,,,
2020-06-21,,,,,,,,,,,,,
2020-06-22,,,,,,,,,,,,,
2020-06-23,,,,,,,,,,,,,
2020-06-24,,,,,,,,,,,,,
2020-06-25,,,,,,,,,,,,,
2020-06-26,,,,,,,,,,,,,
2020-06-27,,,,,,,,,,,,,
2020-06-28,,,,,,,,,,,,,
2020-06-29,,,,,,,,,,,,,
2020-06-30,,,,,,,,,,,,,
2020-07-01,,,,,,,,,,,,,
2020-07-02,,,,,,,,,,,,,
2020-07-03,,,,,,,,,,,,,
2020-07-04,,,,,,,,,,,,,
2020-07-05,,,,,,,,,,,,,
2020-07-06,,,,,,,,,,,,,
2020-07-07,,,,,,,,,,,,,
2020-07-08,,,,,,,,,,,,,
2020-07-09,,,,,,,,,,,,,
2020-07-10,,,,,,,,,,,,,
2020-07-11,,,,,,,,,,,,,
2020-07-12,,,,,,,,,,,,,
2020-07-13,,,,,,,,,,,,,
2020-07-14,,,,,,,,,,,,,
2020-07-15,,,,,,,,,,,,,
2020-07-16,,,,,,,,,,,,,
2020-07-17,,,,,,,,,,,,,
2020-07-18,,,,,,,,,,,,,
2020-07-19,,,,,,,,,,,,,
2020-07-20,,,,,,,,,,,,,
2020-07-21,,,,,,,,,,,,,
2020-07-22,,,,,,,,,,,,,
2020-07-23,,,,,,,,,,,,,
2020-07-24,,,,,,,,,,,,,
2020-07-25,,,,,,,,,,,,,
2020-07-26,,,,,,,,,,,,,
2020-07-27,,,,,,,,,,,,,
2020-07-28,,,,,,,,,,,,,
2020-07-29,,,,,,,,,,,,,
2020-07-30,,,,,,,,,,,,,
2020-07-31,,,,,,,,,,,,,
2020-08-01,,,,,,,,,,,,,
2020-08-02,,,,,,,,,,,,,
2020-08-03,,,,,,,,,,,,,
2020-08-04,,,,,,,,,,,,,
2020-08-05,,,,,,,,,,,,,
2020-08-06,,,,,,,,,,,,,
2020-08-07,,,,,,,,,,,,,
2020-08-08,,,,,,,,,,,,,
2020-08-09,,,,,,,,,,,,,
2020-08-10,,,,,,,,,,,,,
2020-08-11,,,,,,,,,,,,,
2020-08-12,,,,,,,,,,,,,
2020-08-13,,,,,,,,,,,,,
2020-08-14,,,,,,,,,,,,,
2020-08-15,,,,,,,,,,,,,
2020-08-16,,,,,,,,,,,,,
2020-08-17,,,,,,,,,,,,,
2020-08-18,,,,,,,,,,,,,
2020-08-19,,,,,,,,,,,,,
2020-08-20,,,,,,,,,,,,,
2020-08-21,,,,,,,,,,,,,
2020-08-22,,,,,,,,,,,,,
2020-08-23,,,,,,,,,,,,,
2020-08-24,,,,,,,,,,,,,
2020-08-25,,,,,,,,,,,,,
2020-08-26,,,,,,,,,,,,,
2020-08-27,,,,,,,,,,,,,
2020-08-28,,,,,,,,,,,,,
2020-08-29,,,,,,,,,,,,,
2020-08-30,,,,,,,,,,,,,
2020-08-31,,,,,,,,,,,,,
2020-09-01,,,,,,,,,,,,,
2020-09-02,,,,,,,,,,,,,
2020-09-03,,,,,,,,,,,,,
2020-09-04,,,,,,,,,,,,,
2020-09-05,,,,,,,,,,,,,
2020-09-06,,,,,,,,,,,,,
2020-09-07,,,,,,,,,,,,,
2020-09-08,,,,,,,,,,,,,
2020-09-09,,,,,,,,,,,,,
2020-09-10,,,,,,,,,,,,,
2020-09-11,,,,,,,,,,,,,
2020-09-12,,,,,,,,,,,,,
2020-09-13,,,,,,,,,,,,,
2020-09-14,,,,,,,,,,,,,
2020-09-15,,,,,,,,,,,,,
2020-09-16,,,,,,,,,,,,,
2020-09-17,,,,,,,,,,,,,
2020-09-18,,,,,,,,,,,,,
2020-09-19,,,,,,,,,,,,,
2020-09-20,,,,,,,,,,,,,
2020-09-21,,,,,,,,,,,,,
2020-09-22,,,,,,,,,,,,,
2020-09-23,,,,,,,,,,,,,
2020-09-24,,,,,,,,,,,,,
2020-09-25,,,,,,,,,,,,,
2020-09-26,,,,,,,,,,,,,
2020-09-27,,,,,,,,,,,,,
2020-09-28,,,,,,,,,,,,,
2020-09-29,,,,,,,,,,,,,
2020-09-30,,,,,,,,,,,,,
2020-10-01,,,,,,,,,,,,,
2020-10-02,,,,,,,,,,,,,
2020-10-03,,,,,,,,,,,,,
2020-10-04,,,,,,,,,,,,,
2020-10-05,,,,,,,,,,,,,
2020-10-06,,,,,,,,,,,,,
2020-10-07,,,,,,,,,,,,,
2020-10-08,,,,,,,,,,,,,
2020-10-09,,,,,,,,,,,,,
2020-10-10,,,,,,,,,,,,,
2020-10-11,,,,,,,,,,,,,
2020-10-12,,,,,,,,,,,,,
2020-10-13,,,,,,,,,,,,,
2020-10-14,,,,,,,,,,,,,
2020-10-15,,,,,,,,,,,,,
2020-10-16,,,,,,,,,,,,,
2020-10-17,,,,,,,,,,,,,
2020-10-18,,,,,,,,,,,,,
2020-10-19,,,,,,,,,,,,,
2020-10-20,,,,,,,,,,,,,
2020-10-21,,,,,,,,,,,,,
2020-10-22,,,,,,,,,,,,,
2020-10-23,,,,,,,,,,,,,
2020-10-24,,,,,,,,,,,,,
2020-10-25,,,,,,,,,,,,,
2020-10-26,,,,,,,,,,,,,
2020-10-27,,,,,,,,,,,,,
2020-10-28,,,,,,,,,,,,,
2020-10-29,,,,,,,,,,,,,
2020-10-30,,,,,,,,,,,,,
2020-10-31,,,,,,,,,,,,,
2020-11-01,,,,,,,,,,,,,
2020-11-02,,,,,,,,,,,,,
2020-11-03,,,,,,,,,,,,,
2020-11-04,,,,,,,,,,,,,
2020-11-05,,,,,,,,,,,,,
2020-11-06,,,,,,,,,,,,,
2020-11-07,,,,,,,,,,,,,
2020-11-08,,,,,,,,,,,,,
2020-11-09,,,,,,,,,,,,,
2020-11-10,,,,,,,,,,,,,
2020-11-11,,,,,,,,,,,,,
2020-11-12,,,,,,,,,,,,,
2020-11-13,,,,,,,,,,,,,
2020-11-14,,,,,,,,,,,,,
2020-11-15,,,,,,,,,,,,,
2020-11-16,,,,,,,,,,,,,
2020-11-17,,,,,,,,,,,,,
2020-11-18,,,,,,,,,,,,,
2020-11-19,,,,,,,,,,,,,
2020-11-20,,,,,,,,,,,,,
2020-11-21,,,,,,,,,,,,,
2020-11-22,,,,,,,,,,,,,
2020-11-23,,,,,,,,,,,,,
2020-11-24,,,,,,,,,,,,,
2020-11-25,,,,,,,,,,,,,
2020-11-26,,,,,,,,,,,,,
2020-11-27,,,,,,,,,,,,,
2020-11-28,,,,,,,,,,,,,
2020-11-29,,,,,,,,,,,,,
2020-11-30,,,,,,,,,,,,,
2020-12-01,,,,,,,,,,,,,
2020-12-02,,,,,,,,,,,,,
2020-12-03,,,,,,,,,,,,,
2020-12-04,,,,,,,,,,,,,
2020-12-05,,,,,,,,,,,,,
2020-12-06,,,,,,,,,,,,,
2020-12-07,,,,,,,,,,,,,
2020-12-08,,,,,,,,,,,,,
2020-12-09,,,,,,,,,,,,,
2020-12-10,,,,,,,,,,,,,
2020-12-11,,,,,,,,,,,,,
2020-12-12,,,,,,,,,,,,,
2020-12-13,,,,,,,,,,,,,
2020-12-14,,,,,,,,,,,,,
2020-12-15,,,,,,,,,,,,,
2020-12-16,,,,,,,,,,,,,
2020-12-17,,,,,,,,,,,,,
2020-12-18,,,,,,,,,,,,,
2020-12-19,,,,,,,,,,,,,
2020-12-20,,,,,,,,,,,,,
2020-12-21,,,,,,,,,,,,,
2020-12-22,,,,,,,,,,,,,
2020-12-23,,,,,,,,,,,,,
2020-12-24,,,,,,,,,,,,,
2020-12-25,,,,,,,,,,,,,
2020-12-26,,,,,,,,,,,,,
2020-12-27,,,,,,,,,,,,,
2020-12-28,,,,,,,,,,,,,
2020-12-29,,,,,,,,,,,,,
2020-12-30,,,,,,,,,,,,,
2020-12-31,,,,,,,,,,,,,
2021-01-01,,,,,,,,,,,,,
2021-01-02,,,,,,,,,,,,,
2021-01-03,,,,,,,,,,,,,
2021-01-04,,,,,,,,,,,,,
2021-01-05,,,,,,,,,,,,,
2021-01-06,,,,,,,,,,,,,
2021-01-07,,,,,,,,,,,,,
2021-01-08,,,,,,,,,,,,,
2021-01-09,,,,,,,,,,,,,
2021-01-10,,,,,,,,,,,,,
2021-01-11,,,,,,,,,,,,,
2021-01-12,,,,,,,,,,,,,
2021-01-13,,,,,,,,,,,,,
2021-01-14,,,,,,,,,,,,,
2021-01-15,,,,,,,,,,,,,
2021-01-16,,,,,,,,,,,,,
2021-01-17,,,,,,,,,,,,,
2021-01-18,,,,,,,,,,,,,
2021-01-19,,,,,,,,,,,,,
2021-01-20,,,,,,,,,,,,,
2021-01-21,,,,,,,,,,,,,
2021-01-22,,,,,,,,,,,,,
2021-01-23,,,,,,,,,,,,,
2021-01-24,,,,,,,,,,,,,
2021-01-25,,,,,,,,,,,,,
2021-01-26,,,,,,,,,,,,,
2021-01-27,,,,,,,,,,,,,
2021-01-28,,,,,,,,,,,,,
2021-01-29,,,,,,,,,,,,,
2021-01-30,,,,,,,,,,,,,
2021-01-31,,,,,,,,,,,,,
2021-02-01,,,,,,,,,,,,,
2021-02-02,,,,,,,,,,,,,
2021-02-03,,,,,,,,,,,,,
2021-02-04,,,,,,,,,,,,,
2021-02-05,,,,,,,,,,,,,
2021-02-06,,,,,,,,,,,,,
2021-02-07,,,,,,,,,,,,,
2021-02-08,,,,,,,,,,,,,
2021-02-09,,,,,,,,,,,,,
2021-02-10,,,,,,,,,,,,,
2021-02-11,,,,,,,,,,,,,
2021-02-12,,,,,,,,,,,,,
2021-02-13,,,,,,,,,,,,,
2021-02-14,,,,,,,,,,,,,
2021-02-15,,,,,,,,,,,,,
2021-02-16,,,,,,,,,,,,,
2021-02-17,,,,,,,,,,,,,
2021-02-18,,,,,,,,,,,,,
2021-02-19,,,,,,,,,,,,,
2021-02-20,,,,,,,,,,,,,
2021-02-21,,,,,,,,,,,,,
2021-02-22,,,,,,,,,,,,,
2021-02-23,,,,,,,,,,,,,
2021-02-24,,,,,,,,,,,,,
2021-02-25,,,,,,,,,,,,,
2021-02-26,,,,,,,,,,,,,
2021-02-27,,,,,,,,,,,,,
2021-02-28,,,,,,,,,,,,,
2021-03-01,,,,,,,,,,,,,
2021-03-02,,,,,,,,,,,,,
2021-03-03,,,,,,,,,,,,,
2021-03-04,,,,,,,,,,,,,
2021-03-05,,,,,,,,,,,,,
2021-03-06,,,,,,,,,,,,,
2021-03-07,,,,,,,,,,,,,
2021-03-08,,,,,,,,,,,,,
2021-03-09,,,,,,,,,,,,,
2021-03-10,,,,,,,,,,,,,
2021-03-11,,,,,,,,,,,,,
2021-03-12,,,,,,,,,,,,,
2021-03-13,,,,,,,,,,,,,
2021-03-14,,,,,,,,,,,,,
2021-03-15,,,,,,,,,,,,,
2021-03-16,,,,,,,,,,,,,
2021-03-17,,,,,,,,,,,,,
2021-03-18,,,,,,,,,,,,,
2021-03-19,,,,,,,,,,,,,
2021-03-20,,,,,,,,,,,,,
2021-03-21,,,,,,,,,,,,,
2021-03-22,,,,,,,,,,,,,
2021-03-23,,,,,,,,,,,,,
2021-03-24,,,,,,,,,,,,,
2021-03-25,,,,,,,,,,,,,
2021-03-26,,,,,,,,,,,,,
2021-03-27,,,,,,,,,,,,,
2021-03-28,,,,,,,,,,,,,
2021-03-29,,,,,,,,,,,,,
2021-03-30,,,,,,,,,,,,,
2021-03-31,,,,,,,,,,,,,
2021-04-01,,,,,,,,,,,,,
2021-04-02,,,,,,,,,,,,,
2021-04-03,,,,,,,,,,,,,
2021-04-04,,,,,,,,,,,,,
2021-04-05,,,,,,,,,,,,,
2021-04-06,,,,,,,,,,,,,
2021-04-07,,,,,,,,,,,,,
2021-04-08,,,,,,,,,,,,,
2021-04-09,,,,,,,,,,,,,
2021-04-10,,,,,,,,,,,,,
2021-04-11,,,,,,,,,,,,,
2021-04-12,,,,,,,,,,,,,
2021-04-13,,,,,,,,,,,,,
2021-04-14,,,,,,,,,,,,,
2021-04-15,,,,,,,,,,,,,
2021-04-16,,,,,,,,,,,,,
2021-04-17,,,,,,,,,,,,,
2021-04-18,,,,,,,,,,,,,
2021-04-19,,,,,,,,,,,,,
2021-04-20,,,,,,,,,,,,,
2021-04-21,,,,,,,,,,,,,
2021-04-22,,,,,,,,,,,,,
2021-04-23,,,,,,,,,,,,,
2021-04-24,,,,,,,,,,,,,
2021-04-25,,,,,,,,,,,,,
2021-04-26,,,,,,,,,,,,,
2021-04-27,,,,,,,,,,,,,
2021-04-28,,,,,,,,,,,,,
2021-04-29,,,,,,,,,,,,,
2021-04-30,,,,,,,,,,,,,
2021-05-01,,,,,,,,,,,,,
2021-05-02,,,,,,,,,,,,,
2021-05-03,,,,,,,,,,,,,
2021-05-04,,,,,,,,,,,,,
2021-05-05,,,,,,,,,,,,,
2021-05-06,,,,,,,,,,,,,
2021-05-07,,,,,,,,,,,,,
2021-05-08,,,,,,,,,,,,,
2021-05-09,,,,,,,,,,,,,
2021-05-10,,,,,,,,,,,,,
2021-05-11,,,,,,,,,,,,,
2021-05-12,,,,,,,,,,,,,
2021-05-13,,,,,,,,,,,,,
2021-05-14,,,,,,,,,,,,,
2021-05-15,,,,,,,,,,,,,
2021-05-16,,,,,,,,,,,,,
2021-05-17,,,,,,,,,,,,,
2021-05-18,,,,,,,,,,,,,
2021-05-19,,,,,,,,,,,,,
2021-05-20,,,,,,,,,,,,,
2021-05-21,,,,,,,,,,,,,
2021-05-22,,,,,,,,,,,,,
2021-05-23,,,,,,,,,,,,,
2021-05-24,,,,,,,,,,,,,
2021-05-25,,,,,,,,,,,,,
2021-05-26,,,,,,,,,,,,,
2021-05-27,,,,,,,,,,,,,
2021-05-28,,,,,,,,,,,,,
2021-05-29,,,,,,,,,,,,,
2021-05-30,,,,,,,,,,,,,
2021-05-31,,,,,,,,,,,,,
2021-06-01,,,,,,,,,,,,,
2021-06-02,,,,,,,,,,,,,
2021-06-03,,,,,,,,,,,,,
2021-06-04,,,,,,,,,,,,,
2021-06-05,,,,,,,,,,,,,
2021-06-06,,,,,,,,,,,,,
2021-06-07,,,,,,,,,,,,,
2021-06-08,,,,,,,,,,,,,
2021-06-09,,,,,,,,,,,,,
2021-06-10,,,,,,,,,,,,,
2021-06-11,,,,,,,,,,,,,
2021-06-12,,,,,,,,,,,,,
2021-06-13,,,,,,,,,,,,,
2021-06-14,,,,,,,,,,,,,
2021-06-15,,,,,,,,,,,,,
2021-06-16,,,,,,,,,,,,,
2021-06-17,,,,,,,,,,,,,
2021-06-18,,,,,,,,,,,,,
2021-06-19,,,,,,,,,,,,,
2021-06-20,,,,,,,,,,,,,
2021-06-21,,,,,,,,,,,,,
2021-06-22,,,,,,,,,,,,,
2021-06-23,,,,,,,,,,,,,
2021-06-24,,,,,,,,,,,,,
2021-06-25,,,,,,,,,,,,,
2021-06-26,,,,,,,,,,,,,
2021-06-27,,,,,,,,,,,,,
2021-06-28,,,,,,,,,,,,,
2021-06-29,,,,,,,,,,,,,
2021-06-30,,,,,,,,,,,,,
2021-07-01,,,,,,,,,,,,,
2021-07-02,,,,,,,,,,,,,
2021-07-03,,,,,,,,,,,,,
2021-07-04,,,,,,,,,,,,,
2021-07-05,,,,,,,,,,,,,
2021-07-06,,,,,,,,,,,,,
2021-07-07,,,,,,,,,,,,,
2021-07-08,,,,,,,,,,,,,
2021-07-09,,,,,,,,,,,,,
2021-07-10,,,,,,,,,,,,,
2021-07-11,,,,,,,,,,,,,
2021-07-12,,,,,,,,,,,,,
2021-07-13,,,,,,,,,,,,,
2021-07-14,,,,,,,,,,,,,
2021-07-15,,,,,,,,,,,,,
2021-07-16,,,,,,,,,,,,,
2021-07-17,,,,,,,,,,,,,
2021-07-18,,,,,,,,,,,,,
2021-07-19,,,,,,,,,,,,,
2021-07-20,,,,,,,,,,,,,
2021-07-21,,,,,,,,,,,,,
2021-07-22,,,,,,,,,,,,,
2021-07-23,,,,,,,,,,,,,
2021-07-24,,,,,,,,,,,,,
2021-07-25,,,,,,,,,,,,,
2021-07-26,,,,,,,,,,,,,
2021-07-27,,,,,,,,,,,,,
2021-07-28,,,,,,,,,,,,,
2021-07-29,,,,,,,,,,,,,
2021-07-30,,,,,,,,,,,,,
2021-07-31,,,,,,,,,,,,,
2021-08-01,,,,,,,,,,,,,
2021-08-02,,,,,,,,,,,,,
2021-08-03,,,,,,,,,,,,,
2021-08-04,,,,,,,,,,,,,
2021-08-05,,,,,,,,,,,,,
2021-08-06,,,,,,,,,,,,,
2021-08-07,,,,,,,,,,,,,
2021-08-08,,,,,,,,,,,,,
2021-08-09,,,,,,,,,,,,,
2021-08-10,,,,,,,,,,,,,
2021-08-11,,,,,,,,,,,,,
2021-08-12,,,,,,,,,,,,,
2021-08-13,,,,,,,,,,,,,
2021-08-14,,,,,,,,,,,,,
2021-08-15,,,,,,,,,,,,,
2021-08-16,,,,,,,,,,,,,
2021-08-17,,,,,,,,,,,,,
2021-08-18,,,,,,,,,,,,,
2021-08-19,,,,,,,,,,,,,
2021-08-20,,,,,,,,,,,,,
2021-08-21,,,,,,,,,,,,,
2021-08-22,,,,,,,,,,,,,
2021-08-23,,,,,,,,,,,,,
2021-08-24,,,,,,,,,,,,,
2021-08-25,,,,,,,,,,,,,
2021-08-26,,,,,,,,,,,,,
2021-08-27,,,,,,,,,,,,,
2021-08-28,,,,,,,,,,,,,
2021-08-29,,,,,,,,,,,,,
2021-08-30,,,,,,,,,,,,,
2021-08-31,,,,,,,,,,,,,
2021-09-01,,,,,,,,,,,,,
2021-09-02,,,,,,,,,,,,,
2021-09-03,,,,,,,,,,,,,
2021-09-04,,,,,,,,,,,,,
2021-09-05,,,,,,,,,,,,,
2021-09-06,,,,,,,,,,,,,
2021-09-07,,,,,,,,,,,,,
2021-09-08,,,,,,,,,,,,,
2021-09-09,,,,,,,,,,,,,
2021-09-10,,,,,,,,,,,,,
2021-09-11,,,,,,,,,,,,,
2021-09-12,,,,,,,,,,,,,
2021-09-13,,,,,,,,,,,,,
2021-09-14,,,,,,,,,,,,,
2021-09-15,,,,,,,,,,,,,
2021-09-16,,,,,,,,,,,,,
2021-09-17,,,,,,,,,,,,,
2021-09-18,,,,,,,,,,,,,
2021-09-19,,,,,,,,,,,,,
2021-09-20,,,,,,,,,,,,,
2021-09-21,,,,,,,,,,,,,
2021-09-22,,,,,,,,,,,,,
2021-09-23,,,,,,,,,,,,,
2021-09-24,,,,,,,,,,,,,
2021-09-25,,,,,,,,,,,,,
2021-09-26,,,,,,,,,,,,,
2021-09-27,,,,,,,,,,,,,
2021-09-28,,,,,,,,,,,,,
2021-09-29,,,,,,,,,,,,,
2021-09-30,,,,,,,,,,,,,
2021-10-01,,,,,,,,,,,,,
2021-10-02,,,,,,,,,,,,,
2021-10-03,,,,,,,,,,,,,
2021-10-04,,,,,,,,,,,,,
2021-10-05,,,,,,,,,,,,,
2021-10-06,,,,,,,,,,,,,
2021-10-07,,,,,,,,,,,,,
2021-10-08,,,,,,,,,,,,,
2021-10-09,,,,,,,,,,,,,
2021-10-10,,,,,,,,,,,,,
2021-10-11,,,,,,,,,,,,,
2021-10-12,,,,,,,,,,,,,
2021-10-13,,,,,,,,,,,,,
2021-10-14,,,,,,,,,,,,,
2021-10-15,,,,,,,,,,,,,
2021-10-16,,,,,,,,,,,,,
2021-10-17,,,,,,,,,,,,,
2021-10-18,,,,,,,,,,,,,
2021-10-19,,,,,,,,,,,,,
2021-10-20,,,,,,,,,,,,,
2021-10-21,,,,,,,,,,,,,
2021-10-22,,,,,,,,,,,,,
2021-10-23,,,,,,,,,,,,,
2021-10-24,,,,,,,,,,,,,
2021-10-25,,,,,,,,,,,,,
2021-10-26,,,,,,,,,,,,,
2021-10-27,,,,,,,,,,,,,
2021-10-28,,,,,,,,,,,,,
2021-10-29,,,,,,,,,,,,,
2021-10-30,,,,,,,,,,,,,
2021-10-31,,,,,,,,,,,,,
2021-11-01,,,,,,,,,,,,,
2021-11-02,,,,,,,,,,,,,
2021-11-03,,,,,,,,,,,,,
2021-11-04,,,,,,,,,,,,,
2021-11-05,,,,,,,,,,,,,
2021-11-06,,,,,,,,,,,,,
2021-11-07,,,,,,,,,,,,,
2021-11-08,,,,,,,,,,,,,
2021-11-09,,,,,,,,,,,,,
2021-11-10,,,,,,,,,,,,,
2021-11-11,,,,,,,,,,,,,
2021-11-12,,,,,,,,,,,,,
2021-11-13,,,,,,,,,,,,,
2021-11-14,,,,,,,,,,,,,
2021-11-15,,,,,,,,,,,,,
2021-11-16,,,,,,,,,,,,,
2021-11-17,,,,,,,,,,,,,
2021-11-18,,,,,,,,,,,,,
2021-11-19,,,,,,,,,,,,,
2021-11-20,,,,,,,,,,,,,
2021-11-21,,,,,,,,,,,,,
2021-11-22,,,,,,,,,,,,,
2021-11-23,,,,,,,,,,,,,
2021-11-24,,,,,,,,,,,,,
2021-11-25,,,,,,,,,,,,,
2021-11-26,,,,,,,,,,,,,
2021-11-27,,,,,,,,,,,,,
2021-11-28,,,,,,,,,,,,,
2021-11-29,,,,,,,,,,,,,
2021-11-30,,,,,,,,,,,,,
2021-12-01,,,,,,,,,,,,,
2021-12-02,,,,,,,,,,,,,
2021-12-03,,,,,,,,,,,,,
2021-12-04,,,,,,,,,,,,,
2021-12-05,,,,,,,,,,,,,
2021-12-06,,,,,,,,,,,,,
2021-12-07,,,,,,,,,,,,,
2021-12-08,,,,,,,,,,,,,
2021-12-09,,,,,,,,,,,,,
2021-12-10,,,,,,,,,,,,,
2021-12-11,,,,,,,,,,,,,
2021-12-12,,,,,,,,,,,,,
2021-12-13,,,,,,,,,,,,,
2021-12-14,,,,,,,,,,,,,
2021-12-15,,,,,,,,,,,,,
2021-12-16,,,,,,,,,,,,,
2021-12-17,,,,,,,,,,,,,
2021-12-18,,,,,,,,,,,,,
2021-12-19,,,,,,,,,,,,,
2021-12-20,,,,,,,,,,,,,
2021-12-21,,,,,,,,,,,,,
2021-12-22,,,,,,,,,,,,,
2021-12-23,,,,,,,,,,,,,
2021-12-24,,,,,,,,,,,,,
2021-12-25,,,,,,,,,,,,,
2021-12-26,,,,,,,,,,,,,
2021-12-27,,,,,,,,,,,,,
2021-12-28,,,,,,,,,,,,,
2021-12-29,,,,,,,,,,,,,
2021-12-30,,,,,,,,,,,,,
2021-12-31,,,,,,,,,,,,,
2022-01-01,,,,,,,,,,,,,
2022-01-02,,,,,,,,,,,,,
2022-01-03,,,,,,,,,,,,,
2022-01-04,,,,,,,,,,,,,
2022-01-05,,,,,,,,,,,,,
2022-01-06,,,,,,,,,,,,,
2022-01-07,,,,,,,,,,,,,
2022-01-08,,,,,,,,,,,,,
2022-01-09,,,,,,,,,,,,,
2022-01-10,,,,,,,,,,,,,
2022-01-11,,,,,,,,,,,,,
2022-01-12,,,,,,,,,,,,,
2022-01-13,,,,,,,,,,,,,
2022-01-14,,,,,,,,,,,,,
2022-01-15,,,,,,,,,,,,,
2022-01-16,,,,,,,,,,,,,
2022-01-17,,,,,,,,,,,,,
2022-01-18,,,,,,,,,,,,,
2022-01-19,,,,,,,,,,,,,
2022-01-20,,,,,,,,,,,,,
2022-01-21,,,,,,,,,,,,,
2022-01-22,,,,,,,,,,,,,
2022-01-23,,,,,,,,,,,,,
2022-01-24,,,,,,,,,,,,,
2022-01-25,,,,,,,,,,,,,
2022-01-26,,,,,,,,,,,,,
2022-01-27,,,,,,,,,,,,,
2022-01-28,,,,,,,,,,,,,
2022-01-29,,,,,,,,,,,,,
2022-01-30,,,,,,,,,,,,,
2022-01-31,,,,,,,,,,,,,
2022-02-01,,,,,,,,,,,,,
2022-02-02,,,,,,,,,,,,,
2022-02-03,,,,,,,,,,,,,
2022-02-04,,,,,,,,,,,,,
2022-02-05,,,,,,,,,,,,,
2022-02-06,,,,,,,,,,,,,
2022-02-07,,,,,,,,,,,,,
2022-02-08,,,,,,,,,,,,,
2022-02-09,,,,,,,,,,,,,
2022-02-10,,,,,,,,,,,,,
2022-02-11,,,,,,,,,,,,,
2022-02-12,,,,,,,,,,,,,
2022-02-13,,,,,,,,,,,,,
2022-02-14,,,,,,,,,,,,,
2022-02-15,,,,,,,,,,,,,
2022-02-16,,,,,,,,,,,,,
2022-02-17,,,,,,,,,,,,,
2022-02-18,,,,,,,,,,,,,
2022-02-19,,,,,,,,,,,,,
2022-02-20,,,,,,,,,,,,,
2022-02-21,,,,,,,,,,,,,
2022-02-22,,,,,,,,,,,,,
2022-02-23,,,,,,,,,,,,,
2022-02-24,,,,,,,,,,,,,
2022-02-25,,,,,,,,,,,,,
2022-02-26,,,,,,,,,,,,,
2022-02-27,,,,,,,,,,,,,
2022-02-28,,,,,,,,,,,,,
2022-03-01,,,,,,,,,,,,,
2022-03-02,,,,,,,,,,,,,
2022-03-03,,,,,,,,,,,,,
2022-03-04,,,,,,,,,,,,,
2022-03-05,,,,,,,,,,,,,
2022-03-06,,,,,,,,,,,,,
2022-03-07,,,,,,,,,,,,,
2022-03-08,,,,,,,,,,,,,
2022-03-09,,,,,,,,,,,,,
2022-03-10,,,,,,,,,,,,,
2022-03-11,,,,,,,,,,,,,
2022-03-12,,,,,,,,,,,,,
2022-03-13,,,,,,,,,,,,,
2022-03-14,,,,,,,,,,,,,
2022-03-15,,,,,,,,,,,,,
2022-03-16,,,,,,,,,,,,,
2022-03-17,,,,,,,,,,,,,
2022-03-18,,,,,,,,,,,,,
2022-03-19,,,,,,,,,,,,,
2022-03-20,,,,,,,,,,,,,
2022-03-21,,,,,,,,,,,,,
2022-03-22,,,,,,,,,,,,,
2022-03-23,,,,,,,,,,,,,
2022-03-24,,,,,,,,,,,,,
2022-03-25,,,,,,,,,,,,,
2022-03-26,,,,,,,,,,,,,
2022-03-27,,,,,,,,,,,,,
2022-03-28,,,,,,,,,,,,,
2022-03-29,,,,,,,,,,,,,
2022-03-30,,,,,,,,,,,,,
2022-03-31,,,,,,,,,,,,,
2022-04-01,,,,,,,,,,,,,
2022-04-02,,,,,,,,,,,,,
2022-04-03,,,,,,,,,,,,,
2022-04-04,,,,,,,,,,,,,
2022-04-05,,,,,,,,,,,,,
2022-04-06,,,,,,,,,,,,,
2022-04-07,,,,,,,,,,,,,
2022-04-08,,,,,,,,,,,,,
2022-04-09,,,,,,,,,,,,,
2022-04-10,,,,,,,,,,,,,
2022-04-11,,,,,,,,,,,,,
2022-04-12,,,,,,,,,,,,,
2022-04-13,,,,,,,,,,,,,
2022-04-14,,,,,,,,,,,,,
2022-04-15,,,,,,,,,,,,,
2022-04-16,,,,,,,,,,,,,
2022-04-17,,,,,,,,,,,,,
2022-04-18,,,,,,,,,,,,,
2022-04-19,,,,,,,,,,,,,
2022-04-20,,,,,,,,,,,,,
2022-04-21,,,,,,,,,,,,,
2022-04-22,,,,,,,,,,,,,
2022-04-23,,,,,,,,,,,,,
2022-04-24,,,,,,,,,,,,,
2022-04-25,,,,,,,,,,,,,
2022-04-26,,,,,,,,,,,,,
2022-04-27,,,,,,,,,,,,,
2022-04-28,,,,,,,,,,,,,
2022-04-29,,,,,,,,,,,,,
2022-04-30,,,,,,,,,,,,,
2022-05-01,,,,,,,,,,,,,
2022-05-02,,,,,,,,,,,,,
2022-05-03,,,,,,,,,,,,,
2022-05-04,,,,,,,,,,,,,
2022-05-05,,,,,,,,,,,,,
2022-05-06,,,,,,,,,,,,,
2022-05-07,,,,,,,,,,,,,
2022-05-08,,,,,,,,,,,,,
2022-05-09,,,,,,,,,,,,,
2022-05-10,,,,,,,,,,,,,
2022-05-11,,,,,,,,,,,,,
2022-05-12,,,,,,,,,,,,,
2022-05-13,,,,,,,,,,,,,
2022-05-14,,,,,,,,,,,,,
2022-05-15,,,,,,,,,,,,,
2022-05-16,,,,,,,,,,,,,
2022-05-17,,,,,,,,,,,,,
2022-05-18,,,,,,,,,,,,,
2022-05-19,,,,,,,,,,,,,
2022-05-20,,,,,,,,,,,,,
2022-05-21,,,,,,,,,,,,,
2022-05-22,,,,,,,,,,,,,
2022-05-23,,,,,,,,,,,,,
2022-05-24,,,,,,,,,,,,,
2022-05-25,,,,,,,,,,,,,
2022-05-26,,,,,,,,,,,,,
2022-05-27,,,,,,,,,,,,,
2022-05-28,,,,,,,,,,,,,
2022-05-29,,,,,,,,,,,,,
2022-05-30,,,,,,,,,,,,,
2022-05-31,,,,,,,,,,,,,
2022-06-01,,,,,,,,,,,,,
2022-06-02,,,,,,,,,,,,,
2022-06-03,,,,,,,,,,,,,
2022-06-04,,,,,,,,,,,,,
2022-06-05,,,,,,,,,,,,,
2022-06-06,,,,,,,,,,,,,
2022-06-07,,,,,,,,,,,,,
2022-06-08,,,,,,,,,,,,,
2022-06-09,,,,,,,,,,,,,
2022-06-10,,,,,,,,,,,,,
2022-06-11,,,,,,,,,,,,,
2022-06-12,,,,,,,,,,,,,
2022-06-13,,,,,,,,,,,,,
2022-06-14,,,,,,,,,,,,,
2022-06-15,,,,,,,,,,,,,
2022-06-16,,,,,,,,,,,,,
2022-06-17,,,,,,,,,,,,,
2022-06-18,,,,,,,,,,,,,
2022-06-19,,,,,,,,,,,,,
2022-06-20,,,,,,,,,,,,,
2022-06-21,,,,,,,,,,,,,
2022-06-22,,,,,,,,,,,,,
2022-06-23,,,,,,,,,,,,,
2022-06-24,,,,,,,,,,,,,
2022-06-25,,,,,,,,,,,,,
2022-06-26,,,,,,,,,,,,,
2022-06-27,,,,,,,,,,,,,
2022-06-28,,,,,,,,,,,,,
2022-06-29,,,,,,,,,,,,,
2022-06-30,,,,,,,,,,,,,
2022-07-01,,,,,,,,,,,,,
2022-07-02,,,,,,,,,,,,,
2022-07-03,,,,,,,,,,,,,
2022-07-04,,,,,,,,,,,,,
2022-07-05,,,,,,,,,,,,,
2022-07-06,,,,,,,,,,,,,
2022-07-07,,,,,,,,,,,,,
2022-07-08,,,,,,,,,,,,,
2022-07-09,,,,,,,,,,,,,
2022-07-10,,,,,,,,,,,,,
2022-07-11,,,,,,,,,,,,,
2022-07-12,,,,,,,,,,,,,
2022-07-13,,,,,,,,,,,,,
2022-07-14,,,,,,,,,,,,,
2022-07-15,,,,,,,,,,,,,
2022-07-16,,,,,,,,,,,,,
2022-07-17,,,,,,,,,,,,,
2022-07-18,,,,,,,,,,,,,
2022-07-19,,,,,,,,,,,,,
2022-07-20,,,,,,,,,,,,,
2022-07-21,,,,,,,,,,,,,
2022-07-22,,,,,,,,,,,,,
2022-07-23,,,,,,,,,,,,,
2022-07-24,,,,,,,,,,,,,
2022-07-25,,,,,,,,,,,,,
2022-07-26,,,,,,,,,,,,,
2022-07-27,,,,,,,,,,,,,
2022-07-28,,,,,,,,,,,,,
2022-07-29,,,,,,,,,,,,,
2022-07-30,,,,,,,,,,,,,
2022-07-31,,,,,,,,,,,,,
2022-08-01,,,,,,,,,,,,,
2022-08-02,,,,,,,,,,,,,
2022-08-03,,,,,,,,,,,,,
2022-08-04,,,,,,,,,,,,,
2022-08-05,,,,,,,,,,,,,
2022-08-06,,,,,,,,,,,,,
2022-08-07,,,,,,,,,,,,,
2022-08-08,,,,,,,,,,,,,
2022-08-09,,,,,,,,,,,,,
2022-08-10,,,,,,,,,,,,,
2022-08-11,,,,,,,,,,,,,
2022-08-12,,,,,,,,,,,,,
2022-08-13,,,,,,,,,,,,,
2022-08-14,,,,,,,,,,,,,
2022-08-15,,,,,,,,,,,,,
2022-08-16,,,,,,,,,,,,,
2022-08-17,,,,,,,,,,,,,
2022-08-18,,,,,,,,,,,,,
2022-08-19,,,,,,,,,,,,,
2022-08-20,,,,,,,,,,,,,
2022-08-21,,,,,,,,,,,,,
2022-08-22,,,,,,,,,,,,,
2022-08-23,,,,,,,,,,,,,
2022-08-24,,,,,,,,,,,,,
2022-08-25,,,,,,,,,,,,,
2022-08-26,,,,,,,,,,,,,
2022-08-27,,,,,,,,,,,,,
2022-08-28,,,,,,,,,,,,,
2022-08-29,,,,,,,,,,,,,
2022-08-30,,,,,,,,,,,,,
2022-08-31,,,,,,,,,,,,,
