date,observed,split,p_0.01,p_0.05,p_0.1,p_0.25,p_0.4,p_0.5,p_0.6,p_0.75,p_0.9,p_0.95,p_0.99
1980-02-17,10.667735,Training,,,,,,,,,,,
1980-02-18,7.058750,Training,,,,,,,,,,,
1980-02-19,5.413477,Training,1.732076,3.417260,4.468489,7.416855,10.458053,12.267891,14.232315,17.673908,24.172058,29.337109,43.997330
1980-02-20,6.368797,Training,2.399981,4.151654,5.436003,8.450383,11.169369,12.979860,14.616944,17.501926,23.306679,27.396460,39.892288
1980-02-21,6.581090,Training,2.759868,4.218510,5.525246,8.244714,10.822857,12.618972,13.844763,16.274073,21.365070,25.680014,39.649555
1980-02-22,5.519624,Training,2.341522,3.913648,5.110967,7.827070,10.165476,11.543196,12.953996,15.390907,19.776396,23.931038,33.500633
1980-02-23,5.148111,Training,1.737163,2.831478,3.794730,5.776917,7.656577,8.696321,9.824466,11.790392,15.169015,18.654232,25.504406
1980-02-24,3.874352,Training,1.918233,2.955138,3.983433,6.038397,7.724686,8.815871,9.842523,11.750912,14.856733,17.657425,23.894840
1980-02-25,3.131325,Training,1.851033,2.801100,3.709381,5.651291,7.128876,8.120123,9.003510,10.717677,13.380789,15.536576,20.847481
1980-02-26,2.600592,Training,1.801838,2.691544,3.517371,5.369792,6.690497,7.630240,8.397039,9.949571,12.363291,13.895035,18.616976
1980-02-27,2.388299,Training,1.544123,2.336080,3.027352,4.684049,5.927976,6.765094,7.460757,8.852026,11.109277,12.432512,16.868002
1980-02-28,2.229079,Training,1.347530,2.085846,2.733059,4.307785,5.483908,6.254186,6.937102,8.345927,10.496144,11.789998,15.693052
1980-02-29,2.706739,Training,1.283595,2.021915,2.626550,4.183554,5.395681,6.154300,6.851021,8.241896,10.472589,11.919842,16.344673
1980-03-01,2.919032,Training,1.097530,1.787617,2.416570,3.882823,5.127962,5.869596,6.578775,8.008500,10.341688,12.224494,16.804214
1980-03-02,2.388299,Training,1.035907,1.714895,2.351640,3.801023,5.134156,5.955490,6.793143,8.290653,10.972834,13.453240,19.111517
1980-03-03,2.282152,Training,1.073217,1.812866,2.534714,4.065567,5.397843,6.332906,7.138281,8.716435,11.636143,13.983766,20.030209
1980-03-04,2.069859,Training,1.110640,1.838574,2.485877,3.973215,5.299797,6.140554,6.941379,8.425518,11.074466,13.431812,19.141018
1980-03-05,1.698346,Training,1.187894,1.940427,2.696152,4.306141,5.630556,6.550628,7.316895,8.912275,11.668334,13.837831,19.457951
1980-03-06,1.698346,Training,1.060871,1.723083,2.422224,3.902964,5.282319,6.047178,6.813171,8.371662,10.988253,13.427694,18.818384
1980-03-07,1.804492,Training,1.261819,2.034731,2.801118,4.479139,5.852412,6.737077,7.517622,9.139161,11.851527,14.107512,19.773846
1980-03-08,1.963712,Training,1.133232,1.833201,2.498524,4.025114,5.234571,6.081345,6.762321,8.240315,10.708357,12.395946,17.204647
1980-03-09,2.176006,Training,0.994807,1.615171,2.217883,3.599911,4.728034,5.476802,6.106411,7.511444,9.735182,11.265491,15.395526
1980-03-10,2.016786,Training,1.240948,1.935800,2.637937,4.222259,5.429879,6.217147,6.872641,8.380925,10.671926,12.070409,16.311207
1980-03-11,1.592199,Training,0.899775,1.448946,1.974772,3.173761,4.236543,4.813270,5.393781,6.624465,8.513911,9.849737,13.229742
1980-03-12,1.326833,Training,0.791418,1.292914,1.739295,2.799675,3.756246,4.286831,4.829085,5.947637,7.632857,8.853820,11.963470
1980-03-13,1.061466,Training,0.771722,1.280372,1.697992,2.764271,3.675048,4.223017,4.751204,5.854820,7.536110,8.616106,11.732003
1980-03-14,1.061466,Training,0.790055,1.314817,1.735281,2.829934,3.752226,4.306414,4.837428,5.946327,7.655743,8.708332,11.871335
1980-03-15,0.902246,Training,0.782775,1.299393,1.740788,2.839999,3.842798,4.374157,4.932186,6.078610,7.821592,9.146991,12.485454
1980-03-16,0.849173,Training,0.823296,1.376274,1.853663,3.036626,4.015174,4.627324,5.175673,6.365419,8.237807,9.406548,12.795396
1980-03-17,1.114539,Training,0.818973,1.353766,1.847139,3.004908,4.058236,4.612185,5.177826,6.375210,8.241013,9.621717,13.111176
1980-03-18,0.955320,Training,1.030334,1.687909,2.269050,3.681934,4.828802,5.495196,6.115351,7.441529,9.543289,10.985482,15.080023
1980-03-19,0.849173,Training,0.926462,1.552181,2.093565,3.410541,4.541543,5.281208,5.934229,7.199824,9.493694,11.147990,15.957940
1980-03-20,1.061466,Training,0.953228,1.702522,2.381609,3.894556,5.320802,6.312484,7.235129,8.804140,12.197748,15.018510,22.707088
1980-03-21,1.910639,Training,1.117875,2.139923,2.947390,4.860702,6.794674,8.158312,9.452870,11.594392,16.538042,20.518002,31.968712
1980-03-22,1.273759,Training,1.564563,2.961954,3.924278,6.393203,8.800296,10.400125,11.834090,14.405500,20.059198,24.416843,37.998520
1980-03-23,1.114539,Training,1.696029,3.192198,4.181396,6.808693,9.315384,10.889183,12.430503,15.190083,20.750368,25.365278,37.989170
1980-03-24,1.008393,Training,2.288032,4.284991,5.546814,9.017925,12.178641,14.096973,16.060869,19.460825,26.018503,31.428484,46.101505
1980-03-25,1.857566,Training,2.161914,4.114160,5.398287,8.796013,12.129757,13.787516,15.685781,19.150944,25.171165,30.784946,44.368587
1980-03-26,3.184398,Training,1.809296,3.381519,4.610304,7.514017,10.396918,11.664018,13.292814,16.410860,21.721870,26.678972,38.453739
1980-03-27,3.821278,Training,1.477490,2.830998,4.106458,6.805822,9.513607,10.739304,12.512381,15.740464,21.234360,26.298382,37.857204
1980-03-28,4.511231,Training,1.660607,3.064786,4.339224,7.221390,9.867204,11.031818,12.638561,15.779048,20.896633,25.429321,36.617100
1980-03-29,3.874352,Training,1.795620,3.062140,4.225264,6.760692,8.941734,10.024003,11.326756,13.852234,18.079906,21.834269,30.825851
1980-03-30,3.555912,Training,1.594888,2.645723,3.798366,5.999956,7.774583,8.894833,9.995549,12.265417,16.101049,19.047846,26.045706
1980-03-31,3.078252,Training,1.532209,2.458416,3.505885,5.489027,7.072511,8.044113,9.001055,10.990547,14.247007,16.654091,22.543846
1980-04-01,2.441372,Training,1.613740,2.487946,3.434833,5.317616,6.813855,7.640429,8.507572,10.266575,13.015353,15.054973,20.281956
1980-04-02,2.176006,Training,1.413821,2.196500,3.008049,4.715556,6.070687,6.822300,7.611807,9.213624,11.690084,13.420243,17.954554
1980-04-03,2.122932,Training,0.884455,1.589533,2.226679,3.732496,4.894298,5.570673,6.314303,7.878303,10.373404,11.831888,15.856312
1980-04-04,1.698346,Training,0.914898,1.585568,2.253984,3.726536,4.848975,5.546746,6.246811,7.791328,10.205159,11.499955,15.202328
1980-04-05,1.220686,Training,1.048642,1.702779,2.354291,3.812641,4.981112,5.622069,6.307495,7.768345,9.977759,11.296623,15.030026
1980-04-06,1.061466,Training,1.035236,1.679356,2.311516,3.747229,4.908524,5.546446,6.219271,7.648670,9.826631,11.188865,14.966111
1980-04-07,1.114539,Training,0.924631,1.529092,2.080717,3.393874,4.477102,5.083655,5.722312,7.044045,9.066517,10.411089,13.967511
1980-04-08,0.955320,Training,0.828816,1.398122,1.897033,3.113283,4.134308,4.705968,5.313757,6.566148,8.477219,9.769677,13.170988
1980-04-09,1.061466,Training,0.692357,1.213470,1.659378,2.756949,3.702744,4.224797,4.794658,5.991413,7.800042,8.995248,12.271612
1980-04-10,1.008393,Training,0.602655,1.103352,1.519704,2.552586,3.440135,3.931446,4.478008,5.640500,7.378144,8.462832,11.629477
1980-04-11,1.061466,Training,0.569010,1.046129,1.416127,2.359393,3.193071,3.648579,4.163940,5.238188,6.810640,7.846764,10.910942
1980-04-12,0.849173,Training,0.529066,0.953227,1.274360,2.107651,2.903078,3.327618,3.816520,4.827446,6.229712,7.380099,10.576516
1980-04-13,4.192791,Training,0.536981,1.228680,1.763494,3.005017,4.184794,4.939900,5.809677,7.386128,10.509608,13.286577,19.956228
1980-04-14,19.902491,Training,0.998944,2.271891,2.810729,4.960635,6.926401,8.392791,9.825219,12.482525,17.897247,21.641256,33.014023
1980-04-15,12.843741,Training,0.967339,2.082695,2.545999,4.306919,5.941138,7.069120,8.215588,10.433778,14.493167,17.587202,26.620052
1980-04-16,7.642556,Training,1.020265,1.913879,2.484126,3.911093,5.303696,6.246186,7.235781,9.134535,12.334711,15.170393,21.641977
1980-04-17,5.678844,Training,0.767802,1.405970,1.838467,2.845530,3.914536,4.579254,5.341367,6.821393,9.240790,11.584017,16.765411
1980-04-18,4.139718,Training,0.786127,1.449353,1.965439,3.098505,4.221704,4.874332,5.654380,7.127669,9.537884,11.669364,16.665575
1980-04-19,3.237472,Training,0.800421,1.444616,1.946200,3.095063,4.151958,4.775391,5.513595,6.874901,9.043785,10.821711,15.197730
1980-04-20,2.812885,Training,0.780817,1.382313,1.840601,2.951440,3.946538,4.529480,5.213224,6.480428,8.442294,10.038044,14.023637
1980-04-21,2.653665,Training,0.544727,1.055174,1.430259,2.392684,3.223366,3.741332,4.355991,5.549331,7.325127,8.635267,12.163909
1980-04-22,2.282152,Training,0.546708,1.079732,1.470991,2.483679,3.329869,3.849374,4.460498,5.658796,7.453428,8.686602,12.100797
1980-04-23,2.176006,Training,0.742538,1.334557,1.768998,2.881152,3.822108,4.344373,4.959725,6.136035,7.908438,9.169414,12.629148
1980-04-24,1.910639,Training,0.692367,1.293033,1.730244,2.855523,3.781543,4.296132,4.904801,6.093401,7.888049,9.060221,12.444313
1980-04-25,1.698346,Training,0.640834,1.230188,1.656790,2.758162,3.658685,4.165168,4.761670,5.940063,7.719795,8.841640,12.142550
1980-04-26,1.645273,Training,0.594209,1.151609,1.545531,2.600878,3.531400,3.989064,4.595870,5.774046,7.486254,8.805236,12.379570
1980-04-27,1.645273,Training,0.662903,1.234234,1.652754,2.696798,3.613117,4.134967,4.707582,5.836492,7.598353,8.945501,12.494732
1980-04-28,2.069859,Training,0.681402,1.236803,1.614986,2.620121,3.518105,4.032170,4.603672,5.682716,7.331408,8.779931,12.292048
1980-04-29,2.547519,Training,0.712193,1.307588,1.717696,2.774805,3.708665,4.259274,4.844720,5.946481,7.691413,9.256423,13.025886
1980-04-30,2.016786,Training,0.751288,1.380877,1.834731,2.954700,3.937109,4.521508,5.134295,6.278742,8.148848,9.785885,13.729293
1980-05-01,1.751419,Training,0.710089,1.317175,1.757824,2.847735,3.808570,4.393465,5.002583,6.144507,8.011703,9.649305,13.554360
1980-05-02,1.751419,Training,0.688705,1.313281,1.791283,2.945492,4.038650,4.734096,5.541735,6.888535,9.344574,11.858427,17.146521
1980-05-03,2.282152,Training,0.580306,1.399452,1.878662,3.195316,4.531416,5.302604,6.169407,7.872734,11.036321,13.987491,21.759489
1980-05-04,1.910639,Training,0.595048,1.279434,1.710295,2.798425,3.870628,4.570859,5.302646,6.718135,9.186166,11.550116,17.318350
1980-05-05,7.854850,Training,0.776802,1.717087,2.289798,3.835163,5.407498,6.282773,7.311944,9.509104,13.102435,16.529974,24.709230
1980-05-06,13.852133,Training,0.599429,1.565262,2.050984,3.458224,4.857045,5.663286,6.694315,8.632371,12.127791,14.968130,23.114285
1980-05-07,5.572697,Training,0.660904,1.517587,1.994671,3.351270,4.670355,5.444188,6.428536,8.351706,11.520811,14.358574,21.661476
1980-05-08,3.768205,Training,0.799407,1.766443,2.301704,3.748954,5.120929,5.917841,6.903978,8.712061,11.829665,14.621572,21.855156
1980-05-09,3.025179,Training,0.786027,1.554485,2.046011,3.209262,4.302445,5.013340,5.828260,7.296440,9.759832,11.988188,17.485226
1980-05-10,2.919032,Training,0.533936,1.252590,1.681485,2.821509,3.838402,4.450150,5.256462,6.761476,9.064659,11.223632,16.718784
1980-05-11,3.927425,Training,1.176941,2.520999,3.307621,5.598592,7.594918,8.486555,10.050067,12.705712,17.521770,22.243309,32.574055
1980-05-12,10.720808,Training,1.805622,3.813528,4.563830,7.630607,10.330793,11.784888,13.682880,16.620741,22.245903,27.289017,39.818695
1980-05-13,5.413477,Training,1.614306,3.227682,3.997674,6.272182,8.300239,9.460026,10.891415,13.104340,17.193621,20.984045,30.188131
1980-05-14,3.078252,Training,1.545114,2.911685,3.735428,5.699360,7.411481,8.417317,9.573578,11.396825,14.711157,17.856169,25.306616
1980-05-15,2.016786,Training,1.206769,2.273304,2.986924,4.569890,5.949133,6.751566,7.722045,9.241654,11.927743,14.362905,20.213491
1980-05-16,1.592199,Training,1.072551,1.999441,2.606996,4.032025,5.229419,5.916401,6.779232,8.112856,10.390676,12.365555,17.274071
1980-05-17,1.220686,Training,0.916396,1.733552,2.246837,3.535941,4.590090,5.198481,5.973403,7.197797,9.205503,10.854095,15.165673
1980-05-18,1.061466,Training,0.812865,1.557596,1.999642,3.182607,4.146376,4.696561,5.404330,6.547459,8.366061,9.839692,13.823229
1980-05-19,1.008393,Training,0.637088,1.328181,1.735161,2.844518,3.713108,4.240105,4.908186,6.037017,7.790337,9.086828,12.776272
1980-05-20,1.008393,Training,0.585154,1.257805,1.654954,2.747291,3.590544,4.106291,4.758312,5.875722,7.606617,8.831688,12.382608
1980-05-21,0.796100,Training,0.576439,1.183806,1.542805,2.516504,3.314400,3.789160,4.378828,5.421703,6.988689,8.170295,11.566558
1980-05-22,0.689953,Training,0.530760,1.084411,1.411479,2.301249,3.047492,3.499894,4.046628,5.042087,6.504759,7.624240,10.840290
1980-05-23,0.530733,Training,0.358277,0.871557,1.163780,1.976854,2.625016,3.062139,3.577817,4.556455,5.950469,6.927650,9.930311
1980-05-24,0.477660,Training,0.404352,0.906650,1.205939,2.007946,2.680671,3.111181,3.618404,4.585398,5.972312,6.986921,9.998546
1980-05-25,0.371513,Training,0.479961,0.985356,1.291565,2.107585,2.814754,3.246790,3.751758,4.694610,6.077712,7.149066,10.163067
1980-05-26,0.477660,Training,0.422721,0.904296,1.192540,1.968966,2.644740,3.062870,3.552459,4.487782,5.844625,6.875022,9.836986
1980-05-27,0.424586,Training,0.432586,0.916081,1.189456,1.974481,2.677259,3.093021,3.594364,4.527380,5.903344,7.075576,10.178962
1980-05-28,0.371513,Training,0.371146,0.832480,1.130318,1.886803,2.558212,3.002807,3.488839,4.443195,5.890091,7.026614,10.155408
1980-05-29,0.318440,Training,0.396766,0.890067,1.192994,2.006634,2.722057,3.173144,3.682436,4.663455,6.164601,7.353538,10.599862
1980-05-30,1.432979,Training,0.289952,0.765532,1.052887,1.843781,2.549189,2.990158,3.508405,4.543572,6.119489,7.449558,11.092076
1980-05-31,2.069859,Training,0.115450,0.542695,0.795180,1.454235,1.991398,2.422771,2.867118,3.819796,5.240121,6.299732,9.535373
1980-06-01,1.751419,Training,0.124913,0.523579,0.780499,1.393329,1.896049,2.324191,2.748275,3.667919,4.994591,5.961071,8.951979
1980-06-02,2.441372,Training,-0.012035,0.357680,0.599274,1.159454,1.582292,1.993965,2.383461,3.292338,4.542110,5.403211,8.139845
1980-06-03,2.282152,Training,-0.023336,0.329927,0.563675,1.093108,1.494191,1.890907,2.267811,3.159979,4.356394,5.171814,7.788444
1980-06-04,2.016786,Training,-0.000959,0.359019,0.579311,1.099945,1.491651,1.874641,2.254164,3.095659,4.258190,5.051298,7.622523
1980-06-05,1.751419,Training,0.078778,0.426775,0.641044,1.146373,1.560354,1.926332,2.305869,3.123122,4.235284,5.019412,7.559468
1980-06-06,2.069859,Training,0.088976,0.393153,0.587911,1.027023,1.408714,1.739224,2.087814,2.841958,3.834589,4.526364,6.844098
1980-06-07,1.804492,Training,0.081596,0.381175,0.569863,1.000265,1.372909,1.695809,2.040202,2.782400,3.751349,4.414125,6.662529
1980-06-08,1.751419,Training,0.120105,0.442594,0.638532,1.111366,1.525138,1.858358,2.224464,2.997151,4.018384,4.738399,7.102560
1980-06-09,2.600592,Training,0.089432,0.428523,0.611650,1.111697,1.541378,1.864903,2.248772,3.047443,4.110493,4.931467,7.487418
1980-06-10,2.706739,Training,0.046400,0.373812,0.561423,1.018155,1.407135,1.743470,2.101446,2.879753,3.967083,4.769281,7.362686
1980-06-11,2.441372,Training,0.069545,0.428659,0.631566,1.162031,1.613436,1.970408,2.380051,3.247710,4.482717,5.499968,8.472385
1980-06-12,2.919032,Training,0.136050,0.563550,0.814745,1.468145,2.057272,2.488600,2.979531,4.015132,5.648471,7.086803,11.017474
1980-06-13,3.078252,Training,0.198610,0.706610,0.988169,1.769475,2.485389,2.997232,3.607016,4.862290,7.002145,8.928055,13.916431
1980-06-14,2.812885,Training,0.159273,0.778873,1.059403,1.937511,2.720973,3.274500,3.952875,5.354471,7.821434,9.941941,15.775462
1980-06-15,2.600592,Training,0.150593,0.664250,0.969797,1.671357,2.270570,2.797728,3.379834,4.568779,6.613442,8.193867,12.699026
1980-06-16,2.919032,Training,0.173551,0.692720,0.967572,1.679279,2.272118,2.766180,3.331501,4.460553,6.320575,7.843416,12.083987
1980-06-17,2.653665,Training,0.176140,0.632816,0.915068,1.545270,2.061273,2.534409,3.050901,4.087310,5.740806,7.014312,10.657387
1980-06-18,2.388299,Training,0.121707,0.483970,0.706281,1.175415,1.556433,1.938371,2.349149,3.195358,4.450689,5.378505,8.274034
1980-06-19,1.963712,Training,0.088172,0.439129,0.649128,1.109060,1.469030,1.837268,2.233393,3.052260,4.236239,5.094005,7.824041
1980-06-20,1.963712,Training,0.087013,0.420622,0.619019,1.064483,1.416975,1.768444,2.151932,2.942844,4.054287,4.852677,7.431960
1980-06-21,1.857566,Training,0.087698,0.408613,0.598663,1.030793,1.378992,1.716967,2.089278,2.856309,3.911343,4.665354,7.132937
1980-06-22,1.963712,Training,0.070778,0.392568,0.567969,0.994215,1.337727,1.660183,2.024442,2.770257,3.788829,4.522020,6.941272
1980-06-23,2.335226,Training,0.101946,0.407671,0.590455,1.005710,1.359281,1.681562,2.040589,2.778923,3.780716,4.502550,6.879146
1980-06-24,1.910639,Training,0.089097,0.398401,0.578882,0.999970,1.354856,1.676150,2.034067,2.772000,3.769918,4.481520,6.836493
1980-06-25,2.176006,Training,0.045056,0.366374,0.536706,0.964067,1.310328,1.625833,1.980747,2.714730,3.714102,4.424428,6.785118
1980-06-26,1.751419,Training,0.066874,0.377388,0.564181,0.991104,1.346880,1.674195,2.028839,2.773351,3.785768,4.491234,6.830487
1980-06-27,1.539126,Training,0.037757,0.348492,0.532835,0.962268,1.307657,1.634384,1.986546,2.731427,3.748466,4.440129,6.737563
1980-06-28,1.539126,Training,0.016460,0.311062,0.486759,0.881507,1.203083,1.514316,1.845202,2.552536,3.504468,4.140356,6.328258
1980-06-29,1.326833,Training,0.032877,0.337369,0.519599,0.945779,1.293666,1.615383,1.961441,2.699270,3.702209,4.373325,6.628253
1980-06-30,1.645273,Training,0.018477,0.324118,0.504475,0.932134,1.276235,1.596981,1.939931,2.674828,3.666500,4.315936,6.534278
1980-07-01,1.379906,Validation,0.009144,0.294654,0.464039,0.854151,1.175096,1.478145,1.801743,2.499983,3.428793,4.032074,6.156815
1980-07-02,1.114539,Validation,0.006864,0.272251,0.431352,0.779866,1.077162,1.359513,1.661233,2.316093,3.174101,3.732055,5.744271
1980-07-03,0.796100,Validation,-0.014467,0.209667,0.345656,0.611547,0.858745,1.096962,1.350641,1.905621,2.601820,3.050004,4.832840
1980-07-04,0.265367,Validation,0.001734,0.224222,0.360850,0.627924,0.881226,1.120003,1.377988,1.939642,2.649520,3.115220,4.929233
1980-07-05,0.371513,Validation,-0.000663,0.202618,0.323920,0.557061,0.794401,1.009171,1.244988,1.758696,2.397026,2.823777,4.562671
1980-07-06,0.530733,Validation,-0.022392,0.183280,0.299544,0.527609,0.754550,0.964430,1.194254,1.696496,2.321862,2.737730,4.455783
1980-07-07,0.583806,Validation,-0.031455,0.177906,0.289931,0.517573,0.742063,0.948537,1.176539,1.673908,2.297041,2.717608,4.448823
1980-07-08,0.530733,Validation,-0.002334,0.195988,0.319647,0.545674,0.780867,0.995591,1.226976,1.736981,2.378419,2.811896,4.572479
1980-07-09,0.371513,Validation,0.025539,0.220973,0.348383,0.580281,0.829865,1.048923,1.286991,1.806957,2.467893,2.920733,4.722251
1980-07-10,0.371513,Validation,0.003458,0.201272,0.328473,0.554885,0.791519,1.009240,1.243548,1.757828,2.408081,2.846222,4.615002
1980-07-11,0.371513,Validation,-0.041772,0.164968,0.288787,0.516098,0.736734,0.952988,1.181563,1.687027,2.322094,2.729738,4.435369
1980-07-12,0.212293,Validation,-0.064059,0.142251,0.260996,0.479173,0.687658,0.896811,1.116755,1.607787,2.219172,2.608182,4.267643
1980-07-13,0.371513,Validation,-0.068345,0.132994,0.246475,0.451843,0.651460,0.851875,1.064264,1.540052,2.129774,2.512715,4.150227
1980-07-14,0.424586,Validation,-0.028461,0.158451,0.272182,0.471828,0.683438,0.881499,1.094663,1.567593,2.154894,2.543763,4.205604
1980-07-15,0.212293,Validation,-0.053710,0.152639,0.244874,0.454756,0.665001,0.849177,1.061231,1.522089,2.099191,2.504632,4.210483
1980-07-16,0.265367,Validation,-0.045882,0.143314,0.253588,0.447449,0.651550,0.846175,1.052697,1.516389,2.100481,2.492099,4.170309
1980-07-17,0.106147,Validation,-0.078354,0.115484,0.225065,0.417192,0.609971,0.803542,1.004510,1.463075,2.035397,2.411095,4.046614
1980-07-18,0.053073,Validation,-0.086695,0.108867,0.221807,0.416404,0.610127,0.807227,1.007325,1.470518,2.057176,2.442767,4.111514
1980-07-19,0.159220,Validation,-0.061267,0.130335,0.243248,0.437817,0.638578,0.835647,1.041656,1.506909,2.098650,2.490027,4.171634
1980-07-20,0.318440,Validation,-0.039489,0.145713,0.257732,0.449388,0.655727,0.850809,1.059465,1.525483,2.113717,2.504505,4.182113
1980-07-21,0.371513,Validation,-0.065823,0.122928,0.230222,0.418045,0.613326,0.803959,1.006609,1.462274,2.032687,2.400587,4.023553
1980-07-22,0.212293,Validation,-0.069881,0.119974,0.227146,0.414999,0.609622,0.800059,1.002754,1.458381,2.028149,2.392335,4.008669
1980-07-23,0.159220,Validation,-0.041324,0.141975,0.250287,0.435809,0.638565,0.828281,1.035312,1.493439,2.068440,2.445445,4.090271
1980-07-24,0.265367,Validation,-0.043016,0.135372,0.239540,0.417060,0.614709,0.798672,1.000078,1.447007,2.006247,2.373773,3.993932
1980-07-25,0.265367,Validation,-0.040261,0.152487,0.239092,0.430033,0.639702,0.813341,1.019854,1.467119,2.031663,2.433425,4.141114
1980-07-26,0.265367,Validation,-0.026255,0.151985,0.254925,0.437092,0.648491,0.833142,1.035842,1.488338,2.067538,2.462116,4.170042
1980-07-27,0.371513,Validation,-0.026786,0.146232,0.255750,0.435459,0.644797,0.833600,1.036488,1.491733,2.073186,2.461896,4.151160
1980-07-28,0.371513,Validation,-0.061490,0.130205,0.216950,0.415360,0.627753,0.797648,1.003312,1.446986,2.028408,2.484128,4.322865
1980-07-29,0.265367,Validation,-0.054106,0.137669,0.246370,0.434772,0.646518,0.840593,1.037522,1.497540,2.139308,2.608762,4.561617
1980-07-30,0.265367,Validation,-0.048267,0.133064,0.250423,0.432054,0.637945,0.837788,1.035810,1.498849,2.133264,2.588648,4.476376
1980-07-31,0.212293,Validation,-0.045626,0.134245,0.254905,0.441858,0.654231,0.858721,1.059414,1.532578,2.182544,2.639495,4.538113
1980-08-01,0.212293,Validation,-0.040976,0.139469,0.255444,0.442833,0.654458,0.855275,1.060537,1.532975,2.171475,2.609984,4.448599
1980-08-02,0.053073,Validation,-0.040160,0.145062,0.257449,0.444288,0.652394,0.851008,1.062576,1.540199,2.186282,2.633143,4.470182
1980-08-03,0.106147,Validation,-0.074124,0.102706,0.195824,0.355999,0.540166,0.712631,0.898424,1.318143,1.865360,2.234027,3.891698
1980-08-04,0.159220,Validation,-0.058968,0.109001,0.205206,0.361378,0.548662,0.721905,0.909002,1.331787,1.878475,2.246097,3.896520
1980-08-05,0.053073,Validation,-0.070006,0.099819,0.193969,0.348209,0.531203,0.702513,0.887538,1.305761,1.844832,2.202730,3.830074
1980-08-06,0.106147,Validation,-0.057335,0.108499,0.201855,0.352907,0.538577,0.707969,0.894572,1.311350,1.848272,2.208100,3.838114
1980-08-07,0.159220,Validation,-0.051943,0.113808,0.204798,0.355981,0.544387,0.712157,0.900440,1.317231,1.854703,2.216379,3.853865
1980-08-08,0.265367,Validation,-0.030040,0.125339,0.217861,0.365021,0.559026,0.726450,0.915492,1.334426,1.872104,2.237484,3.880431
1980-08-09,0.106147,Validation,-0.026055,0.127202,0.219095,0.365734,0.561406,0.728344,0.917862,1.336823,1.874993,2.239291,3.881489
1980-08-10,0.159220,Validation,-0.053979,0.105928,0.195742,0.342317,0.529188,0.695088,0.881197,1.293718,1.826430,2.177090,3.791108
1980-08-11,0.159220,Validation,-0.068661,0.095747,0.185285,0.336692,0.522974,0.691195,0.877469,1.293455,1.835451,2.184463,3.801892
1980-08-12,0.265367,Validation,-0.072417,0.095392,0.184936,0.341691,0.529811,0.700818,0.891270,1.317207,1.880749,2.247106,3.903438
1980-08-13,0.265367,Validation,-0.059535,0.091042,0.173558,0.304894,0.484575,0.638854,0.812867,1.200374,1.702551,2.037423,3.613346
1980-08-14,0.371513,Validation,-0.090246,0.082279,0.147297,0.308066,0.500856,0.646198,0.833185,1.225211,1.754840,2.155530,3.898534
1980-08-15,0.636880,Validation,-0.069116,0.103226,0.192573,0.350499,0.548709,0.720850,0.904076,1.330333,1.951291,2.407337,4.336966
1980-08-16,0.530733,Validation,-0.055378,0.088086,0.171511,0.286290,0.463437,0.610977,0.771526,1.135499,1.634822,2.012861,3.707080
1980-08-17,0.424586,Validation,-0.090175,0.057089,0.136894,0.247858,0.414702,0.558082,0.708366,1.060081,1.546209,1.904269,3.560088
1980-08-18,0.424586,Validation,-0.071320,0.068673,0.141986,0.247273,0.415821,0.552442,0.704521,1.050093,1.519818,1.867821,3.484157
1980-08-19,0.318440,Validation,-0.112306,0.055241,0.105163,0.223686,0.389751,0.514075,0.664341,0.996096,1.454311,1.804753,3.445763
1980-08-20,0.265367,Validation,-0.121133,0.024053,0.090418,0.187223,0.340433,0.466470,0.602200,0.931068,1.360962,1.687174,3.249296
1980-08-21,0.265367,Validation,-0.117420,0.024519,0.086628,0.178200,0.328728,0.449833,0.582395,0.900699,1.320443,1.648759,3.205844
1980-08-22,0.053073,Validation,-0.135837,0.025165,0.080818,0.185276,0.340431,0.462504,0.598505,0.918424,1.366443,1.718430,3.370797
1980-08-23,0.265367,Validation,-0.095957,0.044503,0.101724,0.193310,0.349377,0.470638,0.608201,0.923242,1.363104,1.708181,3.318223
1980-08-24,0.265367,Validation,-0.058792,0.063999,0.120284,0.202855,0.363814,0.481348,0.621243,0.934662,1.363629,1.706833,3.291025
1980-08-25,0.212293,Validation,-0.089223,0.054717,0.096334,0.189838,0.351949,0.463697,0.604292,0.912795,1.344412,1.693610,3.309574
1980-08-26,0.902246,Validation,-0.031577,0.142631,0.250932,0.392003,0.627800,0.722577,0.914521,1.284330,1.817892,2.528944,4.977384
1980-08-27,0.796100,Validation,-0.159863,0.089668,0.192577,0.330833,0.533137,0.687375,0.853156,1.228609,1.972990,2.646816,5.545914
1980-08-28,0.530733,Validation,-0.113166,0.095518,0.208229,0.322704,0.512568,0.674423,0.835675,1.213613,1.897640,2.533840,5.115435
1980-08-29,0.636880,Validation,-0.125044,0.031544,0.110438,0.205132,0.369932,0.506837,0.644174,0.971732,1.513281,1.985745,3.976385
1980-08-30,0.530733,Validation,-0.104751,0.034469,0.095833,0.182775,0.344210,0.467637,0.604351,0.919596,1.411634,1.832862,3.645342
1980-08-31,0.424586,Validation,-0.085927,0.041354,0.093025,0.176400,0.339824,0.456517,0.595177,0.909247,1.384514,1.786644,3.526109
1980-09-01,0.424586,Validation,-0.116821,0.018699,0.060329,0.144895,0.299243,0.409814,0.544402,0.849651,1.318861,1.717888,3.430215
1980-09-02,0.371513,Validation,-0.069759,0.043196,0.079815,0.143651,0.297680,0.395450,0.524618,0.804637,1.207671,1.557072,3.143312
1980-09-03,0.424586,Validation,-0.055403,0.049592,0.081051,0.139273,0.293485,0.385940,0.511988,0.784673,1.173919,1.519359,3.086791
1980-09-04,0.371513,Validation,-0.049627,0.050330,0.077998,0.133229,0.287515,0.377038,0.501011,0.769660,1.153213,1.498307,3.058262
1980-09-05,0.477660,Validation,-0.053676,0.045481,0.071758,0.128897,0.284850,0.375486,0.499885,0.771947,1.165336,1.517388,3.093578
1980-09-06,0.530733,Validation,-0.076966,0.028235,0.048999,0.110363,0.264054,0.353993,0.475656,0.747859,1.154329,1.524495,3.130655
1980-09-07,0.530733,Validation,-0.028473,0.057697,0.079340,0.122920,0.277431,0.357506,0.476036,0.729055,1.086324,1.422118,2.948358
1980-09-08,0.477660,Validation,-0.029812,0.056112,0.075361,0.119260,0.274761,0.353982,0.472311,0.724689,1.084635,1.424299,2.961577
1980-09-09,0.477660,Validation,-0.052722,0.038941,0.052263,0.095709,0.244163,0.319616,0.432474,0.674830,1.027926,1.368289,2.895311
1980-09-10,0.424586,Validation,-0.069112,0.027615,0.043181,0.084311,0.228328,0.302099,0.412171,0.647061,0.985934,1.304969,2.788327
1980-09-11,0.265367,Validation,-0.076687,0.021464,0.038008,0.080780,0.226007,0.301259,0.411824,0.649702,0.996052,1.318987,2.815380
1980-09-12,0.318440,Validation,-0.043906,0.041098,0.052520,0.093041,0.244943,0.317320,0.428552,0.668670,1.022334,1.372739,2.916158
1980-09-13,0.530733,Validation,-0.029957,0.050076,0.058696,0.091357,0.238156,0.302663,0.410005,0.634274,0.957660,1.291971,2.786121
1980-09-14,0.477660,Validation,-0.043429,0.040104,0.058499,0.092170,0.241575,0.314642,0.425525,0.660427,0.989311,1.305761,2.773528
1980-09-15,0.636880,Validation,-0.067207,0.028151,0.048658,0.085586,0.235437,0.309981,0.421494,0.657879,0.987897,1.292867,2.752352
1980-09-16,0.371513,Validation,-0.068477,0.024680,0.047323,0.082670,0.232291,0.307333,0.418121,0.654854,0.984477,1.289011,2.746656
1980-09-17,0.424586,Validation,-0.024995,0.051171,0.074406,0.105109,0.261462,0.335232,0.449502,0.690035,1.022112,1.341098,2.823346
1980-09-18,0.477660,Validation,0.011278,0.074037,0.097846,0.126010,0.291190,0.364752,0.482229,0.727007,1.065748,1.396911,2.908296
1980-09-19,0.636880,Validation,0.002948,0.074201,0.091296,0.123874,0.291926,0.363406,0.482203,0.727307,1.067889,1.403610,2.936284
1980-09-20,0.583806,Validation,0.057276,0.105665,0.132827,0.185422,0.404511,0.476760,0.626805,0.895384,1.290283,1.748970,3.576743
1980-09-21,0.530733,Validation,-0.035284,0.080757,0.114625,0.186147,0.390411,0.485488,0.620071,0.910777,1.383836,1.868990,3.932266
1980-09-22,0.636880,Validation,-0.019640,0.074167,0.132305,0.188090,0.382321,0.490330,0.625717,0.920456,1.398339,1.867609,3.837140
1980-09-23,0.477660,Validation,-0.043179,0.050547,0.112280,0.166772,0.355386,0.464649,0.597769,0.897905,1.369066,1.822022,3.754906
1980-09-24,0.424586,Validation,-0.054652,0.039976,0.095246,0.148348,0.330448,0.436645,0.569806,0.865486,1.318222,1.743792,3.584132
1980-09-25,0.477660,Validation,-0.041691,0.045433,0.091096,0.140522,0.320025,0.419192,0.553848,0.843264,1.266544,1.656572,3.378186
1980-09-26,0.477660,Validation,-0.022494,0.056167,0.095384,0.140943,0.320642,0.414756,0.549389,0.833802,1.239372,1.614945,3.284581
1980-09-27,0.477660,Validation,-0.030238,0.062319,0.080895,0.143631,0.343765,0.429575,0.572488,0.866230,1.278200,1.693152,3.487522
1980-09-28,0.849173,Validation,-0.075965,0.028245,0.077140,0.152371,0.377529,0.469917,0.636848,0.949563,1.430842,1.968059,4.122026
1980-09-29,0.636880,Validation,-0.139859,0.000979,0.076438,0.154419,0.342954,0.477479,0.619306,0.950235,1.522040,2.034182,4.249426
1980-09-30,0.583806,Validation,-0.143196,-0.006379,0.075764,0.151078,0.342265,0.481911,0.628502,0.969374,1.548486,2.063617,4.254473
1980-10-01,1.592199,Training,-0.142125,-0.010827,0.069300,0.140764,0.332725,0.469671,0.615434,0.955299,1.526230,2.029913,4.162056
1980-10-02,1.379906,Training,-0.126379,-0.010598,0.050747,0.114123,0.295925,0.416517,0.556910,0.876321,1.372220,1.802646,3.678469
1980-10-03,1.432979,Training,-0.094932,0.014171,0.057022,0.119279,0.302828,0.411759,0.554247,0.863909,1.332453,1.748029,3.555558
1980-10-04,1.486053,Training,-0.099134,0.006255,0.061273,0.139553,0.374498,0.474821,0.658297,0.996012,1.515985,2.074259,4.258567
1980-10-05,1.751419,Training,-0.126006,0.014883,0.091545,0.188564,0.397983,0.547901,0.712124,1.089180,1.739052,2.299630,4.639560
1980-10-06,1.486053,Training,-0.080110,0.038472,0.127644,0.227841,0.450065,0.612665,0.793110,1.198092,1.864716,2.429147,4.698998
1980-10-07,1.379906,Training,-0.093543,0.026911,0.107851,0.218818,0.448871,0.609044,0.790582,1.205262,1.889233,2.465389,4.749884
1980-10-08,1.432979,Training,-0.083896,0.050068,0.110977,0.256207,0.512969,0.671326,0.874893,1.322335,2.043195,2.649046,4.990974
1980-10-09,1.486053,Training,-0.019950,0.083047,0.140646,0.256001,0.503509,0.650471,0.839370,1.237055,1.877369,2.414240,4.532925
1980-10-10,1.326833,Training,-0.007017,0.082482,0.122486,0.200144,0.421866,0.538324,0.701280,1.044658,1.563120,2.028233,3.977574
1980-10-11,1.751419,Training,0.009739,0.089353,0.133826,0.206942,0.430518,0.548794,0.709484,1.048485,1.574158,2.051339,4.016276
1980-10-12,1.432979,Training,0.050102,0.108110,0.159224,0.232288,0.460191,0.585605,0.752970,1.088006,1.614261,2.093259,3.964902
1980-10-13,1.379906,Training,0.000686,0.078787,0.119428,0.196599,0.417610,0.537918,0.700399,1.046332,1.567619,2.027796,3.942809
1980-10-14,1.432979,Training,0.010246,0.096297,0.137953,0.241278,0.485639,0.619997,0.800597,1.175562,1.756780,2.262949,4.270853
1980-10-15,3.874352,Training,0.127948,0.390474,0.573203,0.914716,1.617660,1.886284,2.408606,3.349578,5.377440,7.593938,14.320060
1980-10-16,3.290545,Training,0.063460,0.684990,0.855231,1.634946,2.601521,3.348484,4.188397,6.041921,10.597724,13.459373,25.109657
1980-10-17,2.547519,Training,0.257085,0.942850,1.098643,1.986120,3.020014,3.751142,4.676699,6.577143,10.819141,13.636101,23.577908
1980-10-18,2.282152,Training,0.343568,0.837593,1.102388,1.700366,2.456796,3.004004,3.776562,5.093403,8.104569,10.371848,16.961802
1980-10-19,1.645273,Training,0.312839,0.641016,0.853444,1.269190,1.844652,2.249526,2.822352,3.752286,5.753149,7.471306,11.985492
1980-10-20,1.539126,Training,0.163728,0.417173,0.595993,0.902347,1.364971,1.682364,2.125916,2.924009,4.535964,5.876525,9.842883
1980-10-21,1.592199,Training,0.049836,0.260232,0.409056,0.688928,1.073983,1.357761,1.746975,2.487768,3.832934,4.894036,8.185086
1980-10-22,1.539126,Training,0.048114,0.266476,0.393416,0.728663,1.139025,1.423768,1.831395,2.592249,3.904491,4.926815,8.070878
1980-10-23,1.645273,Training,-0.011630,0.195860,0.300542,0.605083,0.977209,1.240262,1.600886,2.321655,3.465318,4.338192,7.239544
1980-10-24,2.282152,Training,0.022917,0.248144,0.366491,0.741689,1.180897,1.469793,1.873307,2.685009,3.956901,4.951494,8.126204
1980-10-25,2.069859,Training,0.120870,0.371088,0.548075,1.023576,1.534951,1.903801,2.355515,3.222306,4.643787,5.724149,8.802908
1980-10-26,2.069859,Training,0.258376,0.642368,0.944001,1.742952,2.486995,2.963026,3.547176,4.666870,6.546406,7.789725,11.173841
1980-10-27,2.069859,Training,0.300186,0.692279,1.006337,1.799419,2.553586,3.029069,3.595472,4.690682,6.495957,7.686322,11.036760
1980-10-28,1.910639,Training,0.181860,0.529432,0.795634,1.506690,2.159747,2.591446,3.111676,4.153220,5.794697,6.802907,9.750167
1980-10-29,1.379906,Training,0.201589,0.560902,0.834327,1.558687,2.216300,2.645972,3.157156,4.187732,5.786107,6.714801,9.522243
1980-10-30,1.432979,Training,0.324635,0.741402,1.062562,1.905281,2.667173,3.112758,3.655638,4.727390,6.444575,7.394411,10.277618
1980-10-31,1.432979,Training,0.213806,0.556209,0.813199,1.520034,2.173866,2.578005,3.067899,4.060482,5.586605,6.469398,9.168761
1980-11-01,1.432979,Training,0.402334,0.829497,1.171201,2.070027,2.883447,3.327891,3.875166,4.949936,6.717698,7.664949,10.512204
1980-11-02,1.592199,Training,0.381045,0.740214,1.119832,1.948012,3.003631,3.518673,4.302775,5.678944,8.093509,10.402152,15.809170
1980-11-03,12.525301,Training,0.389468,1.175106,1.583688,2.980893,4.586133,5.717549,6.941534,9.428586,14.545280,18.206165,29.693336
1980-11-04,11.092321,Training,0.552949,1.360931,1.867029,3.244843,4.678247,5.701520,6.962749,9.066455,13.605126,16.806559,25.923243
1980-11-05,4.086645,Training,0.691166,1.236058,1.680203,2.729511,3.833338,4.739602,5.556498,6.991824,10.012746,12.272500,19.006729
1980-11-06,3.078252,Training,0.683863,1.353331,1.669269,2.864843,4.120059,4.930887,5.939429,7.649767,10.954202,14.038648,20.985626
1980-11-07,3.662058,Training,0.382029,1.150809,1.475921,2.635991,3.980784,4.797453,5.883011,8.102018,12.508988,15.647310,25.842417
1980-11-08,2.759812,Training,0.607048,1.483984,1.853763,3.249616,4.925397,6.004733,7.359443,10.179053,15.532887,19.286682,30.194992
1980-11-09,2.176006,Training,1.220219,2.730720,3.323311,5.839587,8.604184,10.421184,12.526026,17.041986,24.930155,29.838821,45.130543
1980-11-10,2.335226,Training,1.748895,3.714939,4.368324,7.489277,10.556758,12.191037,14.627072,18.811745,26.625257,31.978846,48.062534
1980-11-11,4.192791,Training,1.070766,2.436639,3.159033,5.419600,7.997577,9.419783,11.496636,15.889892,23.978178,28.567768,44.898308
1980-11-12,5.413477,Training,1.484497,3.141802,3.850368,6.469658,9.460462,11.274896,13.532999,18.515354,27.300299,32.591167,50.248905
1980-11-13,5.572697,Training,1.911860,3.658464,4.478836,7.231806,9.834138,11.313013,13.664772,17.192322,24.443144,28.995848,41.941513
1980-11-14,4.033571,Training,1.388522,2.379951,2.926137,4.555346,6.100415,7.244734,8.559422,10.714682,15.307281,18.398962,27.151997
1980-11-15,2.865959,Training,0.941119,1.557317,1.925043,2.959645,3.969399,4.740137,5.700711,7.203148,10.208073,12.441037,17.936636
1980-11-16,2.229079,Training,0.738850,1.229130,1.556493,2.447267,3.343077,3.961269,4.797063,6.060597,8.356023,10.267494,14.341703
1980-11-17,2.600592,Training,0.825575,1.364419,1.671399,2.774562,3.953723,4.581062,5.604772,7.135119,10.002646,12.849633,18.637024
1980-11-18,2.919032,Training,0.763238,1.622568,2.206136,3.895809,5.526035,6.277120,7.586589,9.679297,14.098726,17.490911,25.965897
1980-11-19,2.972105,Training,1.294944,2.164905,2.974169,4.771051,6.359456,7.287592,8.394742,10.216435,13.962201,16.668596,22.871317
1980-11-20,3.874352,Training,2.633820,4.029530,5.321156,8.263728,10.548872,11.547727,13.017054,15.375340,20.065512,23.972643,33.967327
1980-11-21,6.528017,Training,2.453223,3.757038,5.015988,7.546896,9.383944,10.611064,11.789379,13.865031,17.799532,20.921457,28.512697
1980-11-22,4.988891,Training,2.060874,3.116435,4.127828,6.209012,7.758343,8.770358,9.738375,11.436536,14.550582,16.848381,22.420898
1980-11-23,3.821278,Training,1.935357,2.893747,3.914751,5.914419,7.483489,8.380066,9.296875,11.023634,14.194961,16.268782,21.724588
1980-11-24,3.290545,Training,2.191619,3.185864,4.202700,6.204794,7.712650,8.547322,9.413265,11.008754,13.815169,15.549570,20.498808
1980-11-25,2.812885,Training,1.734259,2.635825,3.426675,5.240962,6.681530,7.354746,8.196142,9.678400,12.307453,14.002136,18.721323
1980-11-26,2.812885,Training,1.656808,2.543186,3.253521,4.982882,6.206412,6.969925,7.742774,9.092918,11.450280,12.814502,16.996075
1980-11-27,2.388299,Training,1.471090,2.144749,2.821294,4.287653,5.431136,6.202557,6.834877,8.035158,10.252889,11.387451,15.594554
1980-11-28,2.176006,Training,1.201790,1.801674,2.382613,3.679735,4.741859,5.441489,6.046613,7.183563,9.258103,10.377382,14.218805
1980-11-29,2.069859,Training,0.932877,1.478299,1.938393,3.066485,4.001439,4.603873,5.195473,6.255641,8.117058,9.155284,12.418705
1980-11-30,2.016786,Training,0.797030,1.217971,1.639774,2.610330,3.486863,4.088648,4.597056,5.593948,7.328712,8.311386,11.819267
1980-12-01,1.857566,Training,0.750731,1.135828,1.513942,2.469806,3.284464,3.894709,4.385836,5.367355,7.035025,7.915068,11.873684
1980-12-02,1.857566,Training,0.688711,1.057443,1.407825,2.347311,3.130063,3.734358,4.219840,5.204499,6.849579,7.675276,11.756170
1980-12-03,1.857566,Training,0.744080,1.157049,1.572777,2.535131,3.405594,3.999222,4.485602,5.490885,7.229011,8.153632,11.694880
1980-12-04,1.751419,Training,0.794490,1.242107,1.683288,2.695347,3.603467,4.193808,4.696262,5.723309,7.520964,8.452736,11.884606
1980-12-05,1.698346,Training,0.865040,1.315210,1.764889,2.861485,3.776571,4.410013,4.928056,5.985455,7.856746,8.732684,12.737807
1980-12-06,1.592199,Training,0.615149,0.981584,1.336426,2.209022,3.007943,3.571910,4.031510,4.993124,6.630042,7.510240,11.032163
1980-12-07,1.539126,Training,0.490552,0.838203,1.151023,1.913181,2.651791,3.152519,3.601021,4.534813,6.053555,6.924743,9.908887
1980-12-08,1.539126,Training,0.582574,0.942902,1.310581,2.163284,2.976380,3.536795,3.991651,4.978414,6.643385,7.544725,10.890898
1980-12-09,1.539126,Training,0.359488,0.646687,0.908541,1.546681,2.180103,2.639078,3.050603,3.936903,5.291290,6.065976,8.794374
1980-12-10,1.539126,Training,0.349024,0.632483,0.889046,1.520002,2.144742,2.598350,3.008898,3.890992,5.231840,5.995566,8.687211
1980-12-11,1.539126,Training,0.325141,0.616345,0.853646,1.478820,2.078959,2.501193,2.927338,3.808681,5.101331,5.884825,8.383238
1980-12-12,1.539126,Training,0.344170,0.646846,0.898289,1.560008,2.189801,2.634013,3.065981,3.974107,5.333484,6.114288,8.695653
1980-12-13,1.539126,Training,0.382222,0.712980,0.991019,1.729475,2.419846,2.897184,3.346013,4.308654,5.795725,6.604564,9.292921
1980-12-14,1.645273,Training,0.253884,0.521227,0.744221,1.341750,1.928934,2.345663,2.759484,3.651085,4.950880,5.713253,8.187587
1980-12-15,1.857566,Training,0.306962,0.558791,0.790051,1.406216,2.078023,2.526655,3.008894,3.954099,5.441757,6.559219,9.591115
1980-12-16,1.751419,Training,0.242809,0.527561,0.806988,1.435560,2.084622,2.612880,3.065768,4.048158,5.728812,6.811938,10.224311
1980-12-17,1.698346,Training,0.276429,0.558907,0.829022,1.460284,2.121811,2.608114,3.074831,4.052791,5.617155,6.743025,9.816252
1980-12-18,1.698346,Training,0.301615,0.604949,0.896260,1.587180,2.302488,2.789120,3.272940,4.307356,5.924983,7.124756,10.226556
1980-12-19,1.910639,Training,0.398393,0.713560,1.027298,1.789125,2.653195,3.156201,3.720566,4.855951,6.714690,8.340926,12.163381
1980-12-20,5.095038,Training,0.384877,0.812319,1.256448,2.231457,3.405064,4.057607,4.852630,6.440238,9.531662,12.213409,19.080671
1980-12-21,13.852133,Training,0.544673,1.055550,1.578832,2.672508,3.857023,4.642031,5.459059,7.020504,10.098158,12.705696,18.667143
1980-12-22,8.120216,Training,0.768461,1.308473,1.852551,3.043277,4.172978,4.983076,5.741205,7.177346,9.844782,11.911179,16.747393
1980-12-23,5.307331,Training,0.905847,1.471174,2.005829,3.227419,4.321983,5.093900,5.786148,7.115197,9.484298,11.176198,15.433553
1980-12-24,3.874352,Training,0.843716,1.364125,1.815288,2.945022,3.924329,4.582763,5.211677,6.427332,8.425295,9.769200,13.224309
1980-12-25,3.131325,Training,0.849372,1.355782,1.790148,2.894869,3.842721,4.477749,5.077275,6.236396,8.135095,9.295887,12.581636
1980-12-26,2.706739,Training,0.814280,1.308689,1.723240,2.799562,3.716455,4.322250,4.908338,6.041073,7.862170,8.949982,12.069501
1980-12-27,2.388299,Training,0.850844,1.366929,1.786066,2.892704,3.828348,4.422405,5.011506,6.135766,7.959857,9.029547,12.172373
1980-12-28,2.176006,Training,0.902042,1.343380,1.807553,2.873576,3.817297,4.470056,4.982956,6.063516,7.892038,8.879380,12.580470
1980-12-29,2.069859,Training,0.926655,1.365241,1.824412,2.912070,3.837103,4.493720,5.005260,6.075016,7.890539,8.807220,12.777578
1980-12-30,2.122932,Training,0.912155,1.387639,1.871812,2.966139,3.933130,4.557559,5.072906,6.164148,8.017526,8.957874,12.398780
1980-12-31,2.016786,Training,0.922368,1.388144,1.880217,2.984318,3.954129,4.588034,5.094259,6.189547,8.056790,8.969589,12.572091
1981-01-01,1.910639,Training,0.981134,1.486398,2.010212,3.178039,4.188438,4.824525,5.345368,6.476260,8.413857,9.317356,12.842951
1981-01-02,1.751419,Training,1.016997,1.524676,2.070236,3.275615,4.305696,4.965832,5.483193,6.636998,8.627728,9.508210,13.220117
1981-01-03,1.698346,Training,0.678500,1.061875,1.455813,2.360936,3.205406,3.769979,4.225228,5.224155,6.873514,7.745217,11.033340
1981-01-04,1.592199,Training,0.698581,1.155407,1.545832,2.527532,3.387522,3.918094,4.430221,5.473884,7.165292,8.049810,10.945827
1981-01-05,1.592199,Training,0.711546,1.182755,1.580426,2.592448,3.467715,3.998550,4.523950,5.590584,7.308317,8.216773,11.095820
1981-01-06,1.592199,Training,0.809525,1.319959,1.768187,2.883404,3.825396,4.397952,4.936275,6.057779,7.917571,8.811669,11.871631
1981-01-07,1.432979,Training,0.569786,0.934831,1.281262,2.113008,2.897511,3.417120,3.863346,4.831185,6.384217,7.224689,10.185255
1981-01-08,1.379906,Training,0.377638,0.664420,0.919728,1.564337,2.187919,2.633872,3.034996,3.915084,5.198861,5.925301,8.513556
1981-01-09,1.379906,Training,0.336767,0.583326,0.836177,1.430396,2.036005,2.489168,2.857953,3.715838,4.970322,5.673632,8.364963
1981-01-10,1.379906,Training,0.322210,0.551549,0.801154,1.379362,1.975305,2.435091,2.790429,3.639286,4.881493,5.575507,8.371979
1981-01-11,1.326833,Training,0.319250,0.533501,0.757976,1.356135,1.916911,2.399740,2.755654,3.591918,4.818094,5.452742,8.756940
1981-01-12,1.220686,Training,0.307251,0.523282,0.765083,1.337463,1.916750,2.387581,2.733880,3.576141,4.808096,5.481682,8.463241
1981-01-13,1.220686,Training,0.304586,0.539696,0.783559,1.355300,1.947541,2.397725,2.753617,3.606657,4.842542,5.536020,8.243604
1981-01-14,1.220686,Training,0.301022,0.524254,0.767934,1.336838,1.924479,2.384964,2.734343,3.585943,4.823108,5.511585,8.335989
1981-01-15,1.220686,Training,0.267314,0.521474,0.731907,1.302167,1.873157,2.268432,2.664259,3.537961,4.723646,5.483880,7.875456
1981-01-16,1.220686,Training,0.284271,0.545310,0.765241,1.350480,1.951345,2.350543,2.759109,3.651006,4.869153,5.720516,8.212067
1981-01-17,1.167613,Training,0.288036,0.549000,0.782801,1.376093,1.962543,2.386596,2.789616,3.687798,4.939773,5.743588,8.253284
1981-01-18,1.114539,Training,0.299141,0.561335,0.796208,1.396093,1.981768,2.412586,2.811391,3.704568,4.958845,5.725180,8.249561
1981-01-19,1.432979,Training,0.319685,0.593645,0.832307,1.453766,2.053597,2.482310,2.888273,3.790447,5.046764,5.822680,8.327674
1981-01-20,1.539126,Training,0.328906,0.603072,0.844277,1.465353,2.075570,2.491179,2.901836,3.805543,5.031643,5.843980,8.274525
1981-01-21,1.539126,Training,0.344152,0.620461,0.869023,1.493322,2.118994,2.530053,2.942814,3.848340,5.068528,5.909513,8.337824
1981-01-22,1.432979,Training,0.375014,0.662205,0.921340,1.563439,2.209685,2.622810,3.040071,3.949729,5.180276,6.042615,8.497372
1981-01-23,1.432979,Training,0.381038,0.667961,0.930412,1.569352,2.222723,2.630742,3.045189,3.953934,5.179295,6.047080,8.514932
1981-01-24,1.539126,Training,0.386170,0.682621,0.934322,1.594539,2.222844,2.652225,3.064705,3.966340,5.202702,5.994987,8.458891
1981-01-25,1.432979,Training,0.379028,0.673239,0.920442,1.576244,2.196475,2.625866,3.034209,3.931781,5.160548,5.933541,8.387407
1981-01-26,1.432979,Training,0.393656,0.692873,0.946466,1.610001,2.245548,2.670378,3.084659,3.986927,5.211645,6.022808,8.460438
1981-01-27,1.539126,Training,0.424943,0.733502,0.989364,1.679140,2.376200,2.798093,3.233848,4.164274,5.434050,6.406858,9.062602
1981-01-28,1.539126,Training,0.388616,0.693223,0.970372,1.641887,2.337609,2.768799,3.192356,4.143426,5.471529,6.465648,9.232682
1981-01-29,1.539126,Training,0.416213,0.726308,1.008167,1.695588,2.405783,2.841059,3.272618,4.227785,5.558663,6.575530,9.338722
1981-01-30,1.539126,Training,0.471932,0.810804,1.121711,1.868657,2.614855,3.071255,3.517513,4.498733,5.887378,6.938132,9.736850
1981-01-31,1.539126,Training,0.529734,0.898196,1.209197,2.003852,2.774705,3.235211,3.696805,4.676522,6.073744,7.127079,9.934678
1981-02-01,1.539126,Training,0.564914,0.950560,1.272213,2.097532,2.859023,3.337537,3.799015,4.777465,6.189641,7.165708,9.919431
1981-02-02,1.539126,Training,0.676768,1.095972,1.452165,2.342587,3.146043,3.663761,4.120259,5.086967,6.594800,7.475559,10.427382
1981-02-03,1.592199,Training,0.687936,1.115595,1.473970,2.378030,3.188760,3.702149,4.162330,5.132189,6.646274,7.509254,10.425164
1981-02-04,1.698346,Training,0.587425,0.975796,1.283276,2.098051,2.891005,3.339870,3.810084,4.769073,6.135705,7.198061,10.024470
1981-02-05,1.698346,Training,0.556187,0.943188,1.262431,2.074312,2.825463,3.310035,3.767136,4.732700,6.145490,7.129271,9.946598
1981-02-06,1.592199,Training,0.565798,0.947968,1.271104,2.077995,2.836839,3.311668,3.771351,4.736154,6.127246,7.135096,9.906336
1981-02-07,1.539126,Training,0.593515,0.984025,1.331864,2.148925,2.957424,3.412037,3.876348,4.858324,6.276753,7.348510,10.195970
1981-02-08,1.539126,Training,0.623005,1.029543,1.370581,2.213760,3.011397,3.476351,3.946471,4.916725,6.319928,7.347366,10.128494
1981-02-09,1.539126,Training,0.654698,1.088004,1.413896,2.300596,3.106373,3.592184,4.067359,5.037941,6.497744,7.487580,10.476408
1981-02-10,1.432979,Training,0.645984,1.050117,1.403225,2.255999,3.047190,3.567522,4.006851,4.956526,6.445669,7.348556,10.399680
1981-02-11,1.432979,Training,0.636769,1.014161,1.372164,2.203277,2.994835,3.524869,3.942423,4.879901,6.362123,7.239014,10.371801
1981-02-12,1.539126,Training,0.662613,1.025951,1.376060,2.247406,3.020049,3.584106,3.998939,4.933520,6.438767,7.241551,10.991590
1981-02-13,1.432979,Training,0.726067,1.145542,1.525580,2.450262,3.347421,3.902792,4.348464,5.332463,6.952851,7.958262,11.514290
1981-02-14,1.432979,Training,0.768760,1.299156,1.737212,2.828032,3.781165,4.347814,4.878974,5.997471,7.801036,8.920754,12.160279
1981-02-15,1.432979,Training,0.569838,0.971798,1.312780,2.145053,2.934884,3.420907,3.893433,4.883133,6.350007,7.425177,10.299388
1981-02-16,1.379906,Training,0.584712,1.000126,1.352063,2.230309,3.036026,3.551615,4.029263,5.051994,6.621790,7.655568,10.707222
1981-02-17,1.379906,Training,0.550313,0.938184,1.269750,2.100334,2.873634,3.378892,3.830735,4.819079,6.327551,7.259123,10.228361
1981-02-18,1.379906,Training,0.567073,0.980354,1.301590,2.170261,2.973613,3.462569,3.941171,4.951078,6.469621,7.478329,10.445093
1981-02-19,1.432979,Training,0.527570,0.916261,1.231360,2.064057,2.863827,3.378161,3.836999,4.836215,6.394620,7.415732,10.632280
1981-02-20,1.432979,Training,0.494702,0.838966,1.181969,1.967129,2.746471,3.298529,3.708491,4.691898,6.261855,7.224710,10.545071
1981-02-21,1.379906,Training,0.536232,0.927294,1.277647,2.134273,2.941125,3.475531,3.926862,4.951818,6.561327,7.524295,10.615385
1981-02-22,1.379906,Training,0.681692,1.176638,1.572943,2.625516,3.570297,4.126518,4.656787,5.789391,7.604363,8.756411,12.162710
1981-02-23,1.379906,Training,0.468996,0.819693,1.148211,1.926732,2.688670,3.216871,3.639982,4.628260,6.175251,7.128311,10.287423
1981-02-24,1.379906,Training,0.466458,0.830043,1.143402,1.935555,2.682536,3.185269,3.630373,4.629845,6.140914,7.079878,10.010785
1981-02-25,1.379906,Training,0.485555,0.867460,1.188925,2.017282,2.785603,3.276446,3.740376,4.766105,6.289986,7.270717,10.134266
1981-02-26,1.751419,Training,0.537790,0.969859,1.421475,2.380778,3.455881,4.085668,4.834165,6.086965,8.437393,10.509814,15.212707
1981-02-27,3.502838,Training,0.661864,1.649559,2.561278,4.350440,6.966460,8.238987,10.049581,13.394829,20.352827,26.058989,42.475193
1981-02-28,7.642556,Training,1.064697,2.225231,3.044519,5.165280,7.468551,8.817606,10.326581,13.080687,18.506012,22.684223,33.838913
1981-03-01,5.201184,Training,1.403354,2.450014,3.379066,5.390973,7.344263,8.657353,9.875048,12.133099,16.565798,20.060118,29.020046
1981-03-02,3.555912,Training,1.728845,2.809815,3.827623,5.892219,7.732260,8.988070,10.087595,12.157802,15.882453,19.029909,26.281393
1981-03-03,2.972105,Training,1.371723,2.199945,2.932021,4.550829,5.977025,6.882023,7.762381,9.364815,12.057435,14.415383,19.564383
1981-03-04,2.706739,Training,1.072479,1.707311,2.270891,3.546002,4.723328,5.423176,6.154299,7.496142,9.598484,11.499501,15.459923
1981-03-05,2.600592,Training,1.034397,1.707307,2.336694,3.731026,5.174169,5.952689,6.922728,8.515807,11.300779,14.221135,19.964472
1981-03-06,3.131325,Training,0.825639,1.550689,2.181957,3.623149,5.101373,5.870694,6.772589,8.580881,11.777740,14.611472,21.482718
1981-03-07,2.706739,Training,0.786710,1.379368,1.948346,3.201175,4.451249,5.135207,5.884634,7.464544,10.046249,12.271396,17.502062
1981-03-08,2.600592,Training,0.818410,1.431787,2.048269,3.402714,4.721056,5.392690,6.157502,7.810515,10.464570,12.753993,18.123394
1981-03-09,2.547519,Training,0.714005,1.251054,1.822799,3.040757,4.143655,4.793075,5.463667,6.953305,9.332664,11.062197,15.274426
1981-03-10,2.441372,Training,0.547793,1.035941,1.489323,2.516575,3.398889,3.978153,4.551629,5.843794,7.792502,9.053154,12.450609
1981-03-11,2.335226,Training,0.623694,1.115934,1.557576,2.579607,3.489042,4.018291,4.577705,5.804557,7.610688,8.821603,12.138693
1981-03-12,2.335226,Training,0.756780,1.230671,1.681297,2.723933,3.753848,4.252016,4.834967,6.047655,7.800646,9.263630,12.901066
1981-03-13,2.335226,Training,0.738228,1.220064,1.621160,2.603201,3.519009,4.061839,4.601817,5.688514,7.318480,8.736999,12.111362
1981-03-14,2.335226,Training,0.764867,1.256263,1.634692,2.638124,3.488568,4.060570,4.597890,5.646890,7.253967,8.465919,11.701714
1981-03-15,2.282152,Training,0.780393,1.279763,1.677268,2.691004,3.549171,4.129125,4.649949,5.684661,7.325918,8.450737,11.783468
1981-03-16,2.176006,Training,0.788926,1.305619,1.703889,2.745037,3.621132,4.168984,4.710455,5.756384,7.366967,8.500465,11.609379
1981-03-17,2.176006,Training,0.663129,1.111706,1.450693,2.351471,3.136381,3.632157,4.132785,5.108134,6.549253,7.596841,10.473057
1981-03-18,2.176006,Training,0.589452,1.002252,1.316987,2.151578,2.897284,3.368161,3.839862,4.790927,6.149907,7.162555,9.934248
1981-03-19,2.176006,Training,0.524610,0.901824,1.199738,1.964975,2.699232,3.135587,3.589767,4.523875,5.826205,6.872710,9.640569
1981-03-20,2.282152,Training,0.542421,0.924193,1.232974,2.023553,2.806433,3.260394,3.734070,4.703354,6.078683,7.300198,10.379212
1981-03-21,2.335226,Training,0.530551,0.941215,1.294021,2.138323,2.995343,3.510624,4.008225,5.079877,6.712760,8.222323,12.026206
1981-03-22,2.547519,Training,0.468635,0.886234,1.290785,2.169031,3.097405,3.661952,4.215400,5.456788,7.416107,9.174033,13.810135
1981-03-23,2.919032,Training,0.434762,0.894539,1.319225,2.242053,3.167788,3.753786,4.333902,5.630726,7.768979,9.495077,14.240126
1981-03-24,3.025179,Training,0.453353,0.862573,1.247304,2.069695,2.898684,3.441938,3.956923,5.125718,6.926079,8.386333,12.391155
1981-03-25,3.237472,Training,0.551914,0.959733,1.320976,2.161334,3.044900,3.583874,4.109210,5.253294,6.962605,8.661239,12.724586
1981-03-26,3.131325,Training,0.486537,0.857655,1.186087,1.950933,2.698132,3.222526,3.704853,4.750401,6.293691,7.708258,11.166925
1981-03-27,4.405085,Training,0.468157,0.835526,1.194678,1.969649,2.828774,3.417468,4.075937,5.286356,7.333142,9.343809,13.637739
1981-03-28,8.385583,Training,0.770953,1.780703,2.372176,4.058321,6.010766,7.238403,8.495076,11.151640,16.133530,20.282236,30.985586
1981-03-29,16.399652,Training,1.670360,3.544636,4.436103,7.473773,10.555829,12.460135,14.392639,18.126518,24.929089,30.031698,44.667324
1981-03-30,20.592444,Training,2.938044,5.680070,6.988231,11.299379,15.140706,17.280916,19.717634,23.672449,30.813253,36.479416,52.201969
1981-03-31,18.575658,Training,3.270807,5.694959,7.196259,11.040199,14.157857,16.027555,17.861866,21.093185,26.611124,31.156858,42.937141
1981-04-01,15.603553,Training,3.341425,6.309330,7.828513,12.274261,16.194622,18.326839,20.495884,24.644320,31.115719,37.501766,52.942257
1981-04-02,24.679088,Training,3.952600,7.180204,8.597340,13.488458,17.293594,19.245680,21.454575,25.176146,31.635607,37.143608,52.325222
1981-04-03,17.726485,Training,2.672861,4.635594,5.785259,8.800414,11.378830,12.753499,14.276239,16.864454,21.295740,25.638966,35.447575
1981-04-04,12.684521,Training,2.578705,4.217611,5.379673,7.992678,10.117971,11.383740,12.621856,14.772285,18.394655,22.003328,29.845421
1981-04-05,10.349295,Training,2.254110,3.557521,4.685378,6.969963,8.865129,9.888906,10.983335,12.879923,16.028309,19.053289,25.850159
1981-04-06,8.597876,Training,1.922293,3.074080,3.966136,6.075716,7.834672,8.732744,9.841101,11.586949,14.444053,17.567318,24.161486
1981-04-07,6.740310,Training,1.551045,2.674626,3.517102,5.623857,7.461296,8.312211,9.437309,11.414544,14.723888,17.975609,25.660490
1981-04-08,5.731917,Training,1.419496,2.411634,3.213827,5.092844,6.695924,7.535531,8.535853,10.323002,13.365454,16.070395,22.523100
1981-04-09,5.201184,Training,1.103555,2.110697,2.929456,4.813850,6.643513,7.632055,8.826838,11.198493,14.908319,18.657522,27.177206
1981-04-10,9.022462,Training,1.279823,2.777376,3.640733,6.152145,8.661010,9.988428,11.621789,14.697159,20.076988,24.467480,36.710224
1981-04-11,11.516908,Training,1.773432,3.423230,4.324364,6.947860,9.372011,10.525474,12.002947,14.533721,19.022812,23.035942,33.826530
1981-04-12,9.022462,Training,2.492604,4.373343,5.563974,8.705190,11.200438,12.653029,14.283926,16.815145,21.163548,25.754227,36.315483
1981-04-13,9.977782,Training,3.012877,5.405971,6.725821,10.576463,13.465567,15.195901,17.097006,20.010874,25.073198,30.083761,42.415150
1981-04-14,9.393976,Training,3.064098,5.374368,6.646155,10.188022,12.880909,14.335958,15.946356,18.604883,23.003376,27.499142,38.664230
1981-04-15,8.385583,Training,2.801833,4.589778,5.821730,8.657331,10.710107,12.022411,13.323086,15.428425,18.891571,22.379282,30.751738
1981-04-16,7.217970,Training,2.394709,3.936922,4.976813,7.538046,9.501361,10.568769,11.809544,13.749479,16.853285,20.411053,28.337269
1981-04-17,5.784991,Training,2.009092,3.280485,4.316363,6.510395,8.260015,9.262395,10.361292,12.187656,15.214647,18.207035,24.983913
1981-04-18,5.148111,Training,1.677937,2.732284,3.574328,5.456505,6.961641,7.797547,8.734846,10.326427,12.921339,15.302286,20.932560
1981-04-19,4.617378,Training,1.718394,2.730830,3.592547,5.473025,6.912141,7.737535,8.632226,10.190788,12.657166,14.830873,20.149124
1981-04-20,4.352011,Training,1.487370,2.382735,3.075234,4.695600,5.930205,6.659058,7.437841,8.769868,10.830487,12.639074,17.014130
1981-04-21,4.245865,Training,1.369386,2.218731,2.806568,4.306734,5.398096,6.079609,6.795302,8.001093,9.861077,11.367960,15.296326
1981-04-22,3.608985,Training,1.309255,2.175292,2.713229,4.243960,5.372921,6.046481,6.795186,8.023904,9.971799,11.680455,16.092508
1981-04-23,3.396692,Training,1.167501,1.999085,2.602215,4.053236,5.213139,5.918566,6.649592,7.931987,10.033656,11.912909,16.409286
1981-04-24,3.184398,Training,1.206536,2.023764,2.629843,4.086373,5.214244,5.921373,6.639569,7.900722,9.939034,11.639499,15.863070
1981-04-25,3.078252,Training,1.114167,1.920709,2.470085,3.901719,5.032207,5.699817,6.410567,7.664026,9.690833,11.502559,16.019512
1981-04-26,3.078252,Training,1.074802,1.866936,2.402554,3.791725,4.844965,5.545763,6.206696,7.409609,9.480917,10.971802,15.370462
1981-04-27,3.449765,Training,1.134696,1.988038,2.636743,4.208335,5.508630,6.414753,7.351594,8.754075,11.624385,14.103818,20.636709
1981-04-28,3.821278,Training,1.117246,2.142889,2.853999,4.551789,6.015548,7.028486,7.956129,9.548263,12.939217,15.718319,23.726492
1981-04-29,3.715132,Training,0.939100,1.758971,2.445021,3.878837,5.216175,6.037003,6.883059,8.398251,11.173385,13.836143,19.695210
1981-04-30,3.290545,Training,0.778361,1.520713,2.180016,3.579237,4.865658,5.586881,6.394544,7.936434,10.702445,13.100035,18.737783
1981-05-01,2.972105,Training,0.767483,1.449541,2.053489,3.358758,4.536278,5.220619,5.958608,7.389195,9.879211,11.984914,16.960493
1981-05-02,2.919032,Training,0.731311,1.344586,1.864097,3.021024,4.065661,4.680143,5.331987,6.602286,8.716599,10.488008,14.694018
1981-05-03,2.919032,Training,0.665663,1.225747,1.677826,2.722735,3.670100,4.226706,4.825784,5.998664,7.878335,9.430521,13.188046
1981-05-04,3.184398,Training,0.735117,1.330379,1.802642,2.913785,3.893015,4.454345,5.071840,6.254602,8.152404,9.669724,13.369599
1981-05-05,3.502838,Training,0.449914,0.924895,1.277475,2.140476,2.917524,3.378241,3.898510,4.974987,6.587417,7.764542,11.048783
1981-05-06,3.502838,Training,0.259580,0.732937,1.050859,1.870072,2.539876,2.995608,3.496809,4.554978,6.138850,7.163846,10.234943
1981-05-07,3.396692,Training,0.615170,1.163962,1.630763,2.679513,3.747811,4.329987,5.078362,6.418632,8.665062,10.933786,15.797051
1981-05-08,3.449765,Training,1.145799,2.623417,3.287180,5.782870,8.045385,9.494673,10.987611,13.790052,19.446381,24.147099,37.046284
1981-05-09,7.801776,Training,1.670450,3.694725,4.448857,7.755037,10.670188,12.519780,14.545164,18.051363,25.141214,30.131527,45.110470
1981-05-10,13.639840,Training,2.793012,5.815694,6.946083,11.597311,15.627288,17.748400,20.205065,24.590059,32.369793,38.439564,55.598068
1981-05-11,12.949887,Training,2.906044,5.872243,6.995439,11.332724,15.220196,16.939257,19.281883,23.120148,29.895210,35.902534,51.964199
1981-05-12,9.553195,Training,2.453256,4.614298,5.850668,9.105341,11.921960,13.377462,15.131855,18.008934,23.202869,27.937010,38.940315
1981-05-13,7.271043,Training,1.920269,3.436608,4.475958,6.824764,8.857409,9.992252,11.267111,13.363246,17.154020,20.855064,28.740118
1981-05-14,6.368797,Training,1.780209,3.040635,3.946509,5.910883,7.546516,8.490417,9.552417,11.163699,14.024005,16.854094,22.897579
1981-05-15,5.519624,Training,1.397069,2.487926,3.155171,4.920745,6.450704,7.156087,8.184418,9.707221,12.331923,15.084326,21.097115
1981-05-16,5.254258,Training,1.298272,2.318072,2.994353,4.652675,6.045736,6.791946,7.745979,9.189856,11.747093,14.168555,19.596745
1981-05-17,5.041964,Training,1.020350,1.941395,2.500496,4.040557,5.343458,5.973127,6.879025,8.310273,10.734744,13.001951,18.387831
1981-05-18,4.776598,Training,0.845831,1.711503,2.272770,3.738568,4.963933,5.600926,6.473793,7.926282,10.415205,12.579271,17.917707
1981-05-19,4.776598,Training,0.753804,1.571851,2.100003,3.548038,4.796619,5.397801,6.297472,7.813997,10.330590,12.751440,18.441301
1981-05-20,4.776598,Training,0.897797,1.862072,2.451813,4.115294,5.610919,6.354463,7.400654,9.135739,12.276440,15.476622,22.887306
1981-05-21,4.935818,Training,1.035040,2.189842,2.783545,4.583354,6.192763,7.039964,8.134709,9.933588,13.264459,16.687550,24.685215
1981-05-22,4.670451,Training,1.012538,2.027161,2.705017,4.294375,5.718662,6.557050,7.559263,9.183487,12.204967,15.052720,21.615025
1981-05-23,4.458158,Training,0.842190,1.730699,2.359618,3.806329,5.058786,5.803288,6.712763,8.223865,10.937189,13.326428,19.018759
1981-05-24,4.458158,Training,0.852734,1.696932,2.309816,3.733798,4.936920,5.642970,6.503129,7.935905,10.478020,12.674670,17.920637
1981-05-25,5.307331,Training,1.078063,2.035690,2.650229,4.278975,5.670401,6.354961,7.316518,8.786069,11.376017,14.159245,20.304874
1981-05-26,5.254258,Training,1.010186,2.025357,2.627198,4.229071,5.601779,6.364062,7.310449,8.805439,11.573704,14.453826,20.890116
1981-05-27,4.776598,Training,0.894818,1.774537,2.376694,3.795953,5.028502,5.770320,6.643330,8.070896,10.680936,13.122602,18.682587
1981-05-28,4.458158,Training,0.631382,1.398471,1.947561,3.232336,4.301688,4.981172,5.791677,7.197781,9.663320,11.737020,16.763874
1981-05-29,4.564305,Training,0.502469,1.206529,1.676379,2.818219,3.744572,4.362226,5.099169,6.394540,8.593971,10.396201,14.898320
1981-05-30,4.617378,Training,0.516324,1.179299,1.564995,2.597898,3.470512,3.997350,4.660682,5.827674,7.708262,9.331743,13.536964
1981-05-31,4.564305,Training,0.353695,0.978938,1.329083,2.294099,3.059456,3.572917,4.201479,5.336711,7.147488,8.599961,12.476468
1981-06-01,4.988891,Training,0.472513,1.072196,1.503645,2.570749,3.529912,4.070079,4.867435,6.223054,8.438234,10.635028,15.463708
1981-06-02,4.988891,Training,0.483644,1.264671,1.692321,2.888077,3.975374,4.604321,5.419320,6.861988,9.486280,11.960861,18.128145
1981-06-03,5.201184,Training,0.499019,1.248931,1.641616,2.807059,3.869376,4.501955,5.311660,6.787180,9.337050,11.821892,17.880627
1981-06-04,5.095038,Training,0.409450,1.087369,1.515492,2.548444,3.461088,4.097478,4.840504,6.184624,8.570907,10.616374,15.811086
1981-06-05,5.466551,Training,0.279799,0.908167,1.287946,2.236974,3.005086,3.604272,4.296973,5.560502,7.720031,9.483258,14.020495
1981-06-06,5.784991,Training,0.334139,0.956193,1.359956,2.327840,3.113214,3.708728,4.387695,5.616856,7.695362,9.375983,13.694778
1981-06-07,5.148111,Training,0.326010,0.925066,1.305200,2.256227,3.004766,3.565381,4.210638,5.387457,7.314330,8.821877,12.752126
1981-06-08,5.254258,Training,0.184997,0.724603,1.030136,1.864246,2.493160,2.988991,3.571511,4.663520,6.395481,7.723527,11.289748
1981-06-09,4.935818,Training,0.180236,0.630308,0.894872,1.572609,2.105566,2.545664,3.037262,4.012899,5.430366,6.491958,9.582487
1981-06-10,4.829671,Training,0.154991,0.569874,0.817520,1.439857,1.930791,2.346659,2.806620,3.735156,5.050730,6.015946,8.892315
1981-06-11,4.617378,Training,0.086002,0.503064,0.744141,1.369095,1.835117,2.249046,2.704052,3.629568,4.950433,5.880642,8.663431
1981-06-12,3.927425,Training,0.041456,0.466315,0.725254,1.401774,1.890873,2.323910,2.800560,3.799539,5.240804,6.239807,9.071602
1981-06-13,3.608985,Training,-0.023733,0.326472,0.560787,1.109175,1.517904,1.910639,2.316253,3.270035,4.530113,5.379968,7.925628
1981-06-14,3.131325,Training,-0.078723,0.226635,0.430858,0.859383,1.189396,1.529910,1.870441,2.712928,3.772776,4.467025,6.793834
1981-06-15,3.131325,Training,-0.082977,0.201423,0.392745,0.767811,1.059397,1.379905,1.690723,2.458811,3.436806,4.089676,6.323989
1981-06-16,2.972105,Training,-0.085810,0.198262,0.378625,0.746378,1.029236,1.339226,1.644829,2.381719,3.330239,3.966872,6.154745
1981-06-17,2.972105,Training,-0.080668,0.208856,0.393539,0.775507,1.067700,1.384763,1.697072,2.438583,3.405979,4.047645,6.240981
1981-06-18,2.812885,Training,-0.090199,0.176210,0.350614,0.699240,0.973175,1.271223,1.562527,2.274295,3.175996,3.766890,5.846249
1981-06-19,2.706739,Training,-0.079216,0.223049,0.410535,0.837497,1.154536,1.486005,1.818704,2.596884,3.633176,4.305955,6.556322
1981-06-20,2.812885,Training,-0.048217,0.262493,0.445978,0.878106,1.204104,1.531099,1.867530,2.620427,3.636930,4.298003,6.514655
1981-06-21,2.919032,Training,-0.051888,0.227307,0.389397,0.759465,1.048704,1.340969,1.645927,2.325153,3.223643,3.799934,5.844519
1981-06-22,2.919032,Training,-0.046855,0.169899,0.298380,0.548637,0.778424,1.003519,1.241339,1.770324,2.425198,2.843107,4.552908
1981-06-23,2.972105,Training,-0.046230,0.150745,0.265382,0.480576,0.690873,0.892982,1.110578,1.594301,2.185701,2.573128,4.201937
1981-06-24,2.706739,Training,-0.058088,0.136483,0.248793,0.460231,0.665723,0.864900,1.076838,1.554000,2.134672,2.510513,4.115444
1981-06-25,2.706739,Training,-0.034090,0.153758,0.266149,0.474643,0.686805,0.885256,1.098943,1.575943,2.160975,2.545562,4.174750
1981-06-26,2.706739,Training,0.026555,0.200436,0.314537,0.520845,0.755125,0.953402,1.174110,1.659752,2.262296,2.679556,4.379087
1981-06-27,2.706739,Training,0.006446,0.183178,0.292931,0.498248,0.724969,0.920366,1.136012,1.614181,2.204142,2.604598,4.277706
1981-06-28,2.706739,Training,0.012214,0.182173,0.293817,0.494910,0.721669,0.917594,1.131374,1.608362,2.198645,2.598455,4.269674
1981-06-29,2.706739,Training,-0.008479,0.163251,0.271870,0.470321,0.687517,0.881079,1.090182,1.561206,2.141351,2.529447,4.176012
1981-06-30,2.706739,Training,-0.047573,0.140074,0.244020,0.452395,0.661077,0.855447,1.064174,1.535461,2.120000,2.503000,4.144961
1981-07-01,2.759812,Training,-0.081346,0.134268,0.229312,0.473743,0.679926,0.862189,1.087264,1.553944,2.155436,2.625719,4.397864
1981-07-02,2.441372,Training,-0.025567,0.186625,0.323246,0.564605,0.807350,1.041211,1.270582,1.812456,2.574837,3.137804,5.280275
1981-07-03,2.282152,Training,-0.018904,0.178436,0.313926,0.542953,0.778192,1.007964,1.231467,1.755783,2.464447,2.980901,4.977339
1981-07-04,2.176006,Training,-0.045100,0.151321,0.280056,0.502571,0.724120,0.945696,1.161350,1.669805,2.344625,2.818553,4.708016
1981-07-05,2.176006,Training,-0.030596,0.162324,0.287510,0.507807,0.732110,0.948508,1.168447,1.675083,2.332389,2.785818,4.609719
1981-07-06,2.176006,Training,-0.033338,0.161152,0.283077,0.502003,0.722709,0.935742,1.156956,1.660280,2.304268,2.740705,4.517115
1981-07-07,2.176006,Training,-0.012382,0.179748,0.300910,0.519587,0.747602,0.959479,1.185278,1.691639,2.336375,2.776325,4.556493
1981-07-08,2.176006,Training,-0.012077,0.180591,0.299273,0.514812,0.740070,0.948817,1.174360,1.675875,2.310898,2.743490,4.502684
1981-07-09,2.069859,Training,-0.004068,0.198351,0.309110,0.534154,0.769310,0.974448,1.206073,1.711520,2.355889,2.810237,4.621546
1981-07-10,2.016786,Training,-0.013587,0.180565,0.301437,0.515769,0.739411,0.949875,1.175942,1.678363,2.316399,2.750306,4.512407
1981-07-11,2.016786,Training,-0.046945,0.154313,0.272610,0.485942,0.696081,0.904685,1.126725,1.620549,2.245924,2.660287,4.373665
1981-07-12,2.016786,Training,-0.078976,0.128691,0.247550,0.462952,0.665710,0.875477,1.092756,1.586901,2.209653,2.613394,4.304920
1981-07-13,1.910639,Training,-0.097732,0.108538,0.229342,0.441462,0.640487,0.849715,1.061309,1.562612,2.173434,2.567823,4.238222
1981-07-14,1.751419,Training,-0.107853,0.099208,0.228875,0.446029,0.650246,0.866688,1.080655,1.606802,2.233775,2.637674,4.340143
1981-07-15,1.592199,Training,-0.112479,0.089557,0.216708,0.423217,0.621275,0.831307,1.037948,1.553438,2.167394,2.574020,4.282530
1981-07-16,1.379906,Training,-0.105836,0.103393,0.225954,0.438584,0.636618,0.848137,1.058239,1.562275,2.189838,2.601368,4.326761
1981-07-17,1.114539,Training,-0.052799,0.147987,0.265451,0.474633,0.682945,0.890195,1.108358,1.597518,2.226839,2.644496,4.379721
1981-07-18,0.849173,Training,-0.048946,0.144597,0.255116,0.455037,0.658446,0.856903,1.069883,1.546073,2.149605,2.545208,4.218571
1981-07-19,0.849173,Training,-0.082976,0.118366,0.224852,0.423454,0.613989,0.808864,1.017040,1.492539,2.090237,2.477777,4.119436
1981-07-20,0.902246,Training,-0.097467,0.085775,0.191995,0.370643,0.556714,0.740756,0.929532,1.380931,1.914667,2.254040,3.807531
1981-07-21,0.902246,Training,-0.091451,0.092354,0.195326,0.371981,0.556656,0.738332,0.926140,1.365492,1.903078,2.249297,3.822897
1981-07-22,0.689953,Training,-0.029847,0.138336,0.241396,0.412405,0.612378,0.792006,0.987074,1.424747,1.971981,2.340786,3.965442
1981-07-23,0.371513,Training,-0.008131,0.152023,0.254052,0.421742,0.627657,0.805167,1.001204,1.438299,1.981360,2.347561,3.964452
1981-07-24,0.000000,Training,-0.006451,0.150507,0.250312,0.414352,0.618726,0.793496,0.987751,1.419885,1.955257,2.313533,3.911519
1981-07-25,0.000000,Training,-0.037341,0.127486,0.225623,0.390029,0.583934,0.757971,0.948751,1.374908,1.903067,2.246770,3.813451
1981-07-26,0.000000,Training,-0.088875,0.083666,0.178949,0.340742,0.519819,0.691007,0.870191,1.289195,1.798219,2.120012,3.637325
1981-07-27,0.000000,Training,-0.100678,0.071148,0.168143,0.327115,0.504196,0.674091,0.850019,1.273588,1.778802,2.105526,3.633755
1981-07-28,0.053073,Training,-0.093259,0.072706,0.162749,0.311322,0.483520,0.645498,0.813488,1.212382,1.702401,2.025808,3.548199
1981-07-29,0.053073,Training,-0.074008,0.086490,0.173734,0.318131,0.492513,0.651801,0.820994,1.213191,1.703993,2.033348,3.568430
1981-07-30,0.053073,Training,-0.073851,0.091602,0.172586,0.320726,0.498520,0.655136,0.826481,1.218073,1.711188,2.043509,3.593343
1981-07-31,0.053073,Training,-0.041371,0.117769,0.199767,0.350471,0.542529,0.700429,0.878591,1.281105,1.789181,2.142422,3.746752
1981-08-01,0.053073,Training,-0.035076,0.131532,0.206692,0.370386,0.576063,0.731362,0.915659,1.327683,1.851342,2.241177,3.938363
1981-08-02,0.053073,Training,-0.053656,0.103817,0.197396,0.344347,0.531515,0.697515,0.872215,1.277968,1.804155,2.168065,3.809501
1981-08-03,0.053073,Training,-0.089072,0.075334,0.166960,0.311263,0.486027,0.649524,0.817882,1.212649,1.724233,2.071171,3.666831
1981-08-04,0.053073,Training,-0.106622,0.067173,0.155071,0.303274,0.476781,0.638704,0.804888,1.197812,1.714091,2.067315,3.696416
1981-08-05,0.053073,Training,-0.071758,0.087554,0.178472,0.319608,0.498233,0.660188,0.830471,1.224743,1.739170,2.093273,3.712702
1981-08-06,0.053073,Training,-0.059285,0.094833,0.184671,0.324135,0.505986,0.667070,0.839498,1.235692,1.747849,2.098550,3.706583
1981-08-07,0.053073,Training,-0.050595,0.099808,0.188578,0.325962,0.509796,0.669603,0.843237,1.239144,1.748257,2.094731,3.690861
1981-08-08,0.053073,Training,-0.042436,0.103972,0.190226,0.322905,0.506395,0.662665,0.835469,1.226010,1.725849,2.067886,3.649929
1981-08-09,0.053073,Training,-0.062528,0.088878,0.171707,0.301637,0.476926,0.629962,0.798927,1.179783,1.667365,1.995236,3.544042
1981-08-10,0.053073,Training,-0.072021,0.081049,0.163132,0.292513,0.465770,0.618270,0.785931,1.164882,1.650482,1.973315,3.513756
1981-08-11,0.053073,Training,-0.059981,0.086684,0.166542,0.290434,0.464683,0.613490,0.779728,1.153542,1.632899,1.958632,3.502496
1981-08-12,0.106147,Training,-0.044735,0.093200,0.168719,0.284909,0.459768,0.602856,0.765777,1.131568,1.600167,1.929337,3.474897
1981-08-13,0.106147,Training,-0.066692,0.075560,0.149330,0.265441,0.434830,0.577471,0.736803,1.098645,1.563853,1.883701,3.410264
1981-08-14,0.106147,Training,-0.084980,0.060442,0.133198,0.248041,0.412869,0.554480,0.710108,1.067820,1.527694,1.839776,3.350677
1981-08-15,0.106147,Training,-0.091444,0.055436,0.125478,0.238259,0.401295,0.540035,0.693303,1.045778,1.500741,1.812261,3.324577
1981-08-16,0.159220,Training,-0.068275,0.071379,0.140592,0.249998,0.417594,0.554571,0.710479,1.061732,1.519967,1.842603,3.378975
1981-08-17,0.106147,Training,-0.049322,0.082061,0.150730,0.256151,0.427141,0.562464,0.719392,1.070721,1.529408,1.860432,3.411729
1981-08-18,0.053073,Training,-0.045939,0.084086,0.153619,0.261411,0.436082,0.573362,0.732918,1.089737,1.558988,1.894487,3.460863
1981-08-19,0.053073,Training,-0.050177,0.080432,0.147473,0.257311,0.432692,0.569940,0.729585,1.089279,1.568987,1.914183,3.503306
1981-08-20,0.053073,Training,-0.027367,0.096965,0.141474,0.231787,0.404523,0.515204,0.660602,0.976225,1.388086,1.724216,3.279655
1981-08-21,0.106147,Training,-0.053595,0.065424,0.119272,0.197941,0.353958,0.467780,0.603451,0.908463,1.308181,1.620072,3.107627
1981-08-22,0.106147,Training,-0.082737,0.043187,0.093681,0.171129,0.319616,0.430239,0.559839,0.855351,1.243170,1.545708,3.009170
1981-08-23,0.106147,Training,-0.078211,0.045576,0.097804,0.173709,0.324492,0.434927,0.565256,0.860651,1.253730,1.561619,3.044391
1981-08-24,0.106147,Training,-0.053698,0.060890,0.111291,0.182892,0.337625,0.445607,0.577858,0.872096,1.263084,1.577053,3.069333
1981-08-25,0.159220,Training,-0.054365,0.058726,0.106248,0.175080,0.328281,0.433681,0.564353,0.853807,1.237855,1.547250,3.025820
1981-08-26,0.159220,Training,-0.052034,0.058076,0.103230,0.168637,0.320850,0.423504,0.552466,0.837104,1.214562,1.521845,2.991461
1981-08-27,0.159220,Training,-0.031151,0.069907,0.112220,0.172640,0.328090,0.427028,0.555318,0.836682,1.208919,1.522670,3.001836
1981-08-28,0.159220,Training,-0.021965,0.074281,0.115137,0.172779,0.329781,0.426931,0.554718,0.834081,1.204097,1.520184,3.003331
1981-08-29,0.159220,Training,-0.025562,0.071291,0.110103,0.166832,0.322960,0.418576,0.545625,0.821963,1.189862,1.504966,2.986801
1981-08-30,0.159220,Training,-0.025460,0.079333,0.109867,0.172655,0.335898,0.428147,0.558074,0.835782,1.210024,1.540028,3.069645
1981-08-31,0.159220,Training,-0.013477,0.077722,0.114501,0.167882,0.327765,0.420921,0.547012,0.820976,1.189615,1.515154,3.022877
1981-09-01,0.159220,Training,-0.009638,0.077640,0.115100,0.166456,0.327179,0.419993,0.545993,0.819215,1.187482,1.513724,3.020725
1981-09-02,0.159220,Training,-0.026184,0.065289,0.102031,0.153336,0.310411,0.402499,0.526819,0.796986,1.163469,1.486402,2.987574
1981-09-03,0.159220,Training,-0.060829,0.042005,0.077151,0.130346,0.280183,0.372014,0.493499,0.757832,1.120076,1.430118,2.904922
1981-09-04,0.159220,Training,-0.087956,0.022809,0.059503,0.115070,0.262899,0.356130,0.476069,0.741313,1.104100,1.406396,2.872755
1981-09-05,0.159220,Training,-0.063751,0.038601,0.075027,0.128513,0.281097,0.374027,0.497367,0.764990,1.133982,1.447214,2.936698
1981-09-06,0.159220,Training,-0.056613,0.041976,0.078145,0.131480,0.286974,0.380325,0.505090,0.775662,1.149985,1.469867,2.975403
1981-09-07,0.212293,Training,-0.056357,0.039967,0.072524,0.125408,0.281179,0.373011,0.496802,0.766207,1.143161,1.471620,2.991096
1981-09-08,0.212293,Training,-0.059801,0.036657,0.064598,0.107455,0.255497,0.337709,0.452821,0.700608,1.040422,1.344518,2.796448
1981-09-09,0.159220,Training,-0.054784,0.038218,0.066238,0.107109,0.256214,0.337592,0.452467,0.699688,1.038319,1.344408,2.798520
1981-09-10,0.106147,Training,-0.033096,0.052077,0.079117,0.117730,0.271545,0.351446,0.468296,0.717065,1.057612,1.372611,2.846802
1981-09-11,0.106147,Training,-0.042604,0.052291,0.073312,0.117317,0.274749,0.353101,0.472151,0.721838,1.068739,1.390951,2.896075
1981-09-12,0.212293,Training,-0.008234,0.066695,0.094173,0.130080,0.290744,0.370279,0.489361,0.741248,1.088073,1.414862,2.919140
1981-09-13,0.159220,Training,-0.030887,0.050882,0.078692,0.116149,0.272765,0.353134,0.471534,0.722120,1.068602,1.388101,2.877853
1981-09-14,0.212293,Training,-0.042258,0.043051,0.072264,0.111566,0.268219,0.350342,0.469914,0.722736,1.075600,1.395107,2.891685
1981-09-15,0.106147,Training,-0.051639,0.036244,0.065945,0.106236,0.262542,0.345737,0.465698,0.719508,1.074611,1.391629,2.886073
1981-09-16,0.106147,Training,-0.078036,0.027536,0.048661,0.097440,0.256376,0.338088,0.459351,0.713098,1.076721,1.400514,2.931485
1981-09-17,0.106147,Training,-0.049793,0.036956,0.063145,0.104540,0.264091,0.346672,0.467075,0.722696,1.086033,1.419360,2.952629
1981-09-18,0.106147,Training,-0.053502,0.045614,0.063507,0.110290,0.276553,0.354142,0.476996,0.731274,1.090206,1.426480,2.985034
1981-09-19,0.106147,Training,-0.054009,0.038115,0.063674,0.104119,0.265331,0.345503,0.465172,0.717144,1.075239,1.405532,2.944757
1981-09-20,0.053073,Training,-0.080402,0.028119,0.038934,0.093765,0.269497,0.342457,0.468514,0.720507,1.084523,1.450570,3.103259
1981-09-21,0.053073,Training,-0.017632,0.065401,0.096127,0.137420,0.313697,0.396533,0.518398,0.779634,1.166863,1.551563,3.244523
1981-09-22,0.053073,Training,0.010057,0.085628,0.114667,0.158031,0.345438,0.428503,0.557192,0.822824,1.221074,1.619463,3.337015
1981-09-23,0.053073,Training,0.003454,0.072841,0.111984,0.152704,0.336739,0.426043,0.552802,0.824084,1.233396,1.632914,3.363156
1981-09-24,0.106147,Training,-0.005524,0.070893,0.099652,0.142921,0.325736,0.410643,0.539714,0.809517,1.206710,1.590819,3.280452
1981-09-25,0.159220,Training,0.015956,0.123009,0.227186,0.307711,0.611914,0.681252,0.885015,1.242092,1.798594,2.596284,5.434474
1981-09-26,0.796100,Training,-0.056022,0.190643,0.274386,0.420878,0.757299,0.903000,1.118469,1.568265,2.559295,3.581939,7.881923
1981-09-27,0.689953,Training,0.007521,0.246440,0.325282,0.485196,0.848401,1.014126,1.252113,1.774049,2.835702,3.964293,8.393720
1981-09-28,0.424586,Training,-0.046899,0.142065,0.241395,0.362525,0.637743,0.797648,0.996621,1.428672,2.296366,3.151210,6.453239
1981-09-29,0.371513,Training,-0.072589,0.097889,0.205171,0.306830,0.545607,0.711027,0.903512,1.322609,2.130906,2.897604,5.819723
1981-09-30,0.371513,Training,-0.069516,0.092203,0.200263,0.308791,0.549749,0.724535,0.927228,1.365525,2.165672,2.876284,5.606067
1981-10-01,1.220686,Training,-0.036311,0.121281,0.184118,0.323132,0.608047,0.754429,0.982185,1.444356,2.230344,3.034323,5.979080
1981-10-02,1.326833,Training,-0.051148,0.131481,0.208275,0.356452,0.625342,0.793963,1.017749,1.487540,2.341041,3.123348,6.087800
1981-10-03,1.326833,Training,-0.046322,0.126664,0.202724,0.356378,0.661276,0.814207,1.070035,1.580947,2.485212,3.448390,6.884316
1981-10-04,1.592199,Training,-0.143801,0.190913,0.370976,0.606304,1.140981,1.376996,1.782815,2.766030,4.851308,6.783445,14.574380
1981-10-05,4.192791,Training,0.032079,1.021906,1.459752,2.582499,4.312027,5.216783,6.608146,10.288795,18.896938,24.307920,50.407833
1981-10-06,2.069859,Training,0.350556,1.652420,2.242960,3.942643,6.116027,7.122307,9.408000,13.435849,23.312578,28.632408,50.831318
1981-10-07,1.751419,Training,0.451612,1.424794,1.985792,3.235167,4.697193,5.495282,7.118899,9.725860,16.347412,20.453831,34.217457
1981-10-08,1.167613,Training,0.213650,0.844333,1.286474,2.088650,2.957773,3.516516,4.515269,6.167807,10.400505,13.607188,22.044327
1981-10-09,1.008393,Training,0.212409,0.639782,0.941695,1.476453,2.104715,2.528271,3.233970,4.358058,7.001237,9.057805,14.611342
1981-10-10,0.902246,Training,0.143550,0.482581,0.707061,1.163256,1.672734,2.045372,2.634406,3.583076,5.517722,6.941485,11.101444
1981-10-11,0.902246,Training,0.088908,0.357306,0.522725,0.885685,1.300547,1.616880,2.101230,2.899321,4.398697,5.486190,8.924924
1981-10-12,0.902246,Training,-0.003042,0.245756,0.387792,0.739594,1.111658,1.409548,1.853381,2.609714,3.964637,4.923223,7.984934
1981-10-13,1.114539,Training,0.015287,0.272270,0.424579,0.844209,1.259445,1.577887,2.049032,2.863223,4.257704,5.228072,8.203681
1981-10-14,1.114539,Training,0.006702,0.235669,0.372479,0.751168,1.142742,1.438362,1.855535,2.615674,3.829744,4.654352,7.375507
1981-10-15,1.114539,Training,-0.003409,0.180124,0.289388,0.580072,0.917622,1.169879,1.518767,2.172263,3.187183,3.889291,6.372085
1981-10-16,1.220686,Training,-0.034265,0.116537,0.208777,0.427651,0.713822,0.931371,1.220090,1.786056,2.632366,3.218856,5.451207
1981-10-17,3.396692,Training,0.055381,0.245573,0.429728,0.720495,1.269266,1.499851,1.979565,2.898143,4.491256,6.150636,11.099161
1981-10-18,3.131325,Training,-0.182136,0.237068,0.472028,1.015237,1.710152,2.170640,2.826286,4.290343,7.682847,10.127808,19.729889
1981-10-19,1.379906,Training,-0.007122,0.401586,0.718219,1.323595,1.969579,2.480205,3.193017,4.520964,7.556088,9.784966,16.518270
1981-10-20,0.849173,Training,-0.015093,0.267736,0.503984,0.943766,1.430372,1.829083,2.316171,3.283983,5.208422,6.671653,11.016493
1981-10-21,0.796100,Training,0.096996,0.391620,0.623132,1.126526,1.694774,2.100405,2.615429,3.582026,5.426898,6.857623,10.873902
1981-10-22,0.689953,Training,0.119740,0.345911,0.504966,0.899561,1.360977,1.695755,2.112625,2.878395,4.177910,5.197441,8.152324
1981-10-23,0.689953,Training,0.096230,0.267542,0.386668,0.685323,1.061713,1.337584,1.684796,2.324481,3.340125,4.120512,6.591698
1981-10-24,0.689953,Training,0.064024,0.222843,0.333093,0.611230,0.965092,1.226563,1.544688,2.156446,3.088070,3.763248,6.071038
1981-10-25,0.636880,Training,0.090592,0.207646,0.306681,0.513938,0.825208,1.051218,1.327247,1.847615,2.611006,3.185008,5.242628
1981-10-26,0.583806,Training,0.070554,0.152392,0.225123,0.356674,0.621228,0.797758,1.020491,1.456332,2.094769,2.593400,4.549382
1981-10-27,0.583806,Training,0.087809,0.173146,0.258993,0.414492,0.693982,0.888508,1.128153,1.586046,2.248854,2.761864,4.679846
1981-10-28,0.636880,Training,0.081803,0.154898,0.232211,0.364467,0.629441,0.807935,1.029288,1.459575,2.079879,2.565463,4.437910
1981-10-29,0.636880,Training,0.083751,0.151854,0.227283,0.356842,0.618858,0.795113,1.013570,1.436799,2.045689,2.525949,4.367041
1981-10-30,0.689953,Training,0.085437,0.146899,0.217925,0.343299,0.600287,0.772520,0.986275,1.398920,1.992988,2.469554,4.275649
1981-10-31,0.689953,Training,0.040661,0.114513,0.192343,0.317412,0.571265,0.744395,0.951502,1.388780,1.997543,2.440711,4.305811
1981-11-01,0.689953,Training,0.020798,0.106239,0.194376,0.338757,0.599880,0.786365,1.003654,1.472541,2.116386,2.562734,4.455010
1981-11-02,0.636880,Training,0.003831,0.099610,0.195344,0.357638,0.624582,0.822560,1.047659,1.543507,2.217705,2.668679,4.578551
1981-11-03,0.636880,Training,0.008594,0.106873,0.203367,0.377316,0.653376,0.856464,1.086923,1.594978,2.292075,2.758451,4.689538
1981-11-04,0.583806,Training,0.006719,0.138413,0.250604,0.493314,0.807427,1.044320,1.312794,1.900011,2.714632,3.235312,5.284693
1981-11-05,0.530733,Training,-0.030093,0.093047,0.201283,0.416707,0.701561,0.929391,1.177683,1.741132,2.502283,2.971824,4.908202
1981-11-06,0.636880,Training,0.004737,0.099845,0.200715,0.359277,0.619672,0.821449,1.039374,1.535071,2.177962,2.585246,4.384348
1981-11-07,0.583806,Training,0.045359,0.156577,0.268490,0.473330,0.774617,0.999518,1.244721,1.787620,2.509656,2.966825,4.876044
1981-11-08,0.583806,Training,0.193672,0.415322,0.592637,1.024544,1.494788,1.822026,2.174699,2.898723,3.911807,4.574234,6.825644
1981-11-09,0.636880,Training,0.280013,0.551716,0.744386,1.301108,1.901330,2.252592,2.661675,3.509326,4.698272,5.536265,8.277068
1981-11-10,0.689953,Validation,0.187986,0.475985,0.694736,1.240050,1.778419,2.161900,2.554332,3.418652,4.648856,5.390415,8.034922
1981-11-11,0.689953,Validation,0.198359,0.479345,0.697871,1.235893,1.771942,2.152369,2.547196,3.404159,4.614718,5.351957,7.949937
1981-11-12,0.689953,Validation,0.218375,0.510617,0.745968,1.313009,1.882854,2.277979,2.684045,3.575817,4.858390,5.671218,8.433833
1981-11-13,0.689953,Validation,0.202894,0.475621,0.684721,1.206895,1.735091,2.101535,2.490148,3.331009,4.505922,5.238021,7.812053
1981-11-14,0.689953,Validation,0.187680,0.453204,0.655754,1.164828,1.675673,2.035041,2.417166,3.247313,4.388063,5.076012,7.552596
1981-11-15,0.689953,Validation,0.215679,0.469438,0.662488,1.155078,1.664881,2.015371,2.391588,3.187362,4.294472,4.990683,7.434261
1981-11-16,0.743026,Validation,0.215936,0.466069,0.639045,1.118829,1.624403,1.963461,2.334863,3.105322,4.186354,4.901681,7.353806
1981-11-17,0.743026,Validation,0.196480,0.426082,0.575466,1.026725,1.521154,1.843678,2.204615,2.968140,4.022609,4.766966,7.312050
1981-11-18,0.796100,Validation,0.123105,0.308697,0.462705,0.815948,1.215962,1.524951,1.842338,2.538503,3.500283,4.121111,6.434586
1981-11-19,0.849173,Validation,0.073536,0.220931,0.358766,0.635195,0.974949,1.251320,1.534428,2.168488,3.022493,3.566793,5.715707
1981-11-20,0.689953,Validation,0.075012,0.211761,0.347987,0.608810,0.946924,1.216971,1.492544,2.116642,2.969110,3.535696,5.732274
1981-11-21,0.689953,Validation,0.078117,0.225675,0.361914,0.641691,0.984374,1.257938,1.542053,2.179077,3.027415,3.568059,5.700040
1981-11-22,0.689953,Validation,0.087134,0.218370,0.343979,0.597812,0.927010,1.184369,1.456639,2.057998,2.856432,3.370775,5.421535
1981-11-23,0.689953,Validation,0.059199,0.166697,0.276026,0.480242,0.771309,1.001743,1.246511,1.796163,2.513121,2.976411,4.908115
1981-11-24,0.689953,Validation,0.079108,0.214783,0.323994,0.578307,0.907231,1.153875,1.423627,2.019560,2.803660,3.316376,5.374898
1981-11-25,0.902246,Validation,0.166332,0.367117,0.527334,0.926341,1.357991,1.674970,2.012404,2.735189,3.713208,4.332838,6.595782
1981-11-26,0.689953,Validation,0.227272,0.465272,0.645541,1.128038,1.624794,1.973239,2.346036,3.119299,4.199949,4.901043,7.277611
1981-11-27,0.689953,Validation,0.165862,0.338384,0.480864,0.843514,1.250664,1.555754,1.884414,2.552380,3.486193,4.127629,6.283484
1981-11-28,0.689953,Validation,0.154891,0.279444,0.402620,0.673551,1.016932,1.283544,1.567401,2.138703,2.920729,3.469135,5.399477
1981-11-29,0.689953,Validation,0.161060,0.295266,0.422840,0.712761,1.068270,1.343850,1.636698,2.225953,3.032459,3.595153,5.555686
1981-11-30,0.636880,Validation,0.182656,0.339516,0.478845,0.816234,1.199792,1.497786,1.812497,2.440034,3.301910,3.900435,5.916954
1981-12-01,0.583806,Validation,0.193647,0.360692,0.501960,0.866164,1.256648,1.567347,1.892745,2.536333,3.425164,4.024818,6.058027
1981-12-02,0.583806,Validation,0.183070,0.348099,0.491291,0.846210,1.242939,1.547601,1.869822,2.517494,3.407255,4.023458,6.077788
1981-12-03,0.636880,Validation,0.344499,0.625519,0.831158,1.415195,1.958445,2.354013,2.762004,3.552089,4.693844,5.444695,7.827740
1981-12-04,0.636880,Validation,0.418257,0.747662,0.980987,1.665288,2.272640,2.706828,3.143180,3.981877,5.253608,6.023006,8.572612
1981-12-05,0.530733,Validation,0.328219,0.598569,0.804041,1.391065,1.935367,2.350729,2.751053,3.544504,4.740832,5.442310,7.940812
1981-12-06,0.796100,Validation,0.240364,0.452136,0.606922,1.053247,1.504232,1.842760,2.200229,2.901510,3.890513,4.558764,6.779986
1981-12-07,0.689953,Validation,0.182914,0.343003,0.478878,0.833472,1.216084,1.526380,1.844692,2.480636,3.382419,3.958211,6.051780
1981-12-08,0.689953,Validation,0.221282,0.419805,0.570376,0.994081,1.447619,1.777091,2.130991,2.833333,3.825470,4.552753,6.839201
1981-12-09,0.796100,Validation,0.295703,0.486287,0.694772,1.171906,1.772504,2.175308,2.628301,3.485838,4.894209,6.165002,9.513671
1981-12-10,0.849173,Validation,0.227203,0.578481,0.834913,1.475176,2.225187,2.741019,3.283426,4.454088,6.624803,8.354655,13.814289
1981-12-11,0.849173,Validation,0.225016,0.571461,0.821398,1.449380,2.191143,2.691369,3.244825,4.480510,6.663125,8.398604,13.783805
1981-12-12,0.849173,Validation,0.400800,0.896209,1.257850,2.221948,3.253471,3.856619,4.590872,6.078864,8.773913,10.970164,16.964571
1981-12-13,2.229079,Validation,0.486754,1.011404,1.442157,2.534479,3.720886,4.386928,5.224131,6.977746,9.969238,12.424274,19.074070
1981-12-14,1.751419,Validation,0.882892,1.724615,2.340301,4.003587,5.677705,6.516397,7.605640,9.669871,13.482883,16.661043,25.070175
1981-12-15,2.441372,Validation,1.089107,2.079654,2.777991,4.664340,6.442808,7.312821,8.485035,10.587544,14.566267,17.799740,26.175077
1981-12-16,5.784991,Validation,1.613251,2.934829,4.025121,6.599188,9.156062,10.386242,12.146972,14.893682,20.326723,24.711575,36.489906
1981-12-17,12.472227,Validation,3.779632,6.801422,8.913774,14.002555,18.416834,21.017323,23.882418,28.191893,36.653954,42.520836,62.146122
1981-12-18,15.975066,Validation,7.675449,12.098840,14.748331,21.733078,26.229227,29.062813,31.808144,36.014599,45.478626,50.282272,72.455887
1981-12-19,9.287829,Validation,7.395424,10.986263,13.795174,19.209648,22.921124,25.511915,26.988016,30.440462,37.689491,42.431206,60.599316
1981-12-20,12.525301,Validation,9.585664,15.037432,19.204971,26.934862,32.702862,35.339920,38.756199,43.542625,53.370953,59.847824,83.911423
1981-12-21,62.042697,Validation,14.785271,22.065454,28.233244,37.546574,45.142830,48.017178,52.125313,57.032261,69.410095,76.840569,106.317863
1981-12-22,77.221664,Validation,14.255003,21.108122,25.614326,35.361851,41.436874,43.675922,46.602222,51.681667,62.486076,68.453918,95.993942
1981-12-23,44.210066,Validation,17.470854,24.626909,30.423937,40.498520,47.127876,49.154198,52.623466,57.721828,69.588646,76.330696,105.288879
1981-12-24,43.732406,Validation,19.620714,27.846205,31.250471,41.868858,46.758308,48.162354,49.741859,54.532898,63.931610,70.671860,97.335487
1981-12-25,25.687481,Validation,16.111301,20.940550,24.618969,31.164234,34.350018,36.430870,37.027500,40.046829,46.996044,51.803329,72.453323
1981-12-26,38.849662,Validation,21.415161,30.051477,36.768978,47.208130,53.714771,55.303936,59.063042,63.865429,76.051567,83.780144,115.605370
1981-12-27,76.478637,Validation,30.064808,41.124855,48.732956,60.662441,68.237488,69.370026,72.886528,77.776459,91.200211,99.149826,134.010880
1981-12-28,87.517885,Validation,32.288086,43.793488,51.568897,63.514088,71.020081,71.806328,75.202744,80.135635,93.739174,101.634537,136.884964
1981-12-29,86.350273,Validation,35.288841,46.877651,54.110691,66.252312,73.240723,73.865479,76.426193,81.370255,94.497322,101.837563,136.482712
1981-12-30,93.515169,Validation,35.852371,46.830177,53.997051,65.546051,73.154465,73.264061,76.372307,80.924095,93.869232,102.354652,136.117035
1981-12-31,78.813863,Validation,35.041454,45.622017,50.156765,62.829563,67.996361,68.101089,70.021393,74.502907,86.392868,94.237480,125.950272
1982-01-01,59.282885,Test,28.001099,36.362625,40.261372,50.096249,53.627132,54.579910,55.380638,59.305340,68.442284,75.191994,101.172775
1982-01-02,39.645761,Test,20.016150,24.740028,28.403254,34.743805,37.012108,38.455284,39.334282,41.987377,48.417568,53.550175,71.626724
1982-01-03,30.623299,Test,20.801292,26.090244,30.561010,38.695984,43.305279,43.800724,46.971943,50.391357,59.769268,67.749397,90.642731
1982-01-04,36.249070,Test,18.723537,24.013933,27.949236,34.908539,38.807335,40.134449,41.658482,45.081825,53.291149,59.532639,81.317589
1982-01-05,25.475188,Test,12.991532,16.478174,19.502314,24.677422,27.719707,28.972376,30.349134,32.916172,38.794224,43.988644,60.366165
1982-01-06,20.857810,Test,10.715445,13.290931,16.134058,20.213554,22.666800,23.983540,25.133406,27.261822,31.797253,35.827805,48.286572
1982-01-07,17.726485,Test,8.497557,10.550037,12.700429,16.112951,17.907717,19.007744,20.073830,21.718996,24.944134,27.501183,36.480305
1982-01-08,15.338186,Test,6.500223,8.200562,9.990877,12.956659,14.693789,15.626350,16.631344,18.208874,20.938499,22.998129,30.277250
1982-01-09,13.427547,Test,5.055347,6.487047,8.026412,10.673160,12.615644,13.258752,14.241979,15.900438,18.724455,20.634840,27.490368
1982-01-10,16.824239,Test,2.691876,4.307216,5.764273,8.856105,11.693785,13.072288,15.186533,17.963011,23.119177,28.571209,41.931576
1982-01-11,40.335714,Test,5.095540,8.343204,10.387619,16.060194,19.822811,22.346807,24.960659,28.694994,37.192974,41.866940,62.475605
1982-01-12,33.117744,Test,6.209492,9.850855,12.211115,18.337450,22.365585,24.918343,27.598867,31.640663,40.097454,44.842793,64.938354
1982-01-13,25.793628,Test,7.917637,12.157852,14.952832,21.482504,25.579779,27.892693,29.918468,34.103672,41.462086,46.831749,64.477844
1982-01-14,19.106391,Test,5.898586,8.552299,10.872604,15.259616,18.030212,19.908705,21.394892,24.315979,29.511171,33.809078,45.954308
1982-01-15,15.550479,Test,4.769211,7.231765,9.094555,13.494215,16.544397,18.361641,20.550861,23.577190,29.665922,34.774715,48.842827
1982-01-16,29.986419,Test,6.040952,9.651365,11.959308,17.875902,21.961487,24.459957,27.165133,31.173428,39.413742,44.547005,64.048218
1982-01-17,24.838308,Test,5.915126,8.950896,11.427986,16.274137,19.756487,22.175447,23.826340,27.278885,34.136253,38.688278,54.827820
1982-01-18,19.477904,Test,6.418731,9.368882,11.843470,16.949160,20.757631,23.091303,25.174389,28.677425,36.014088,41.560059,60.480587
1982-01-19,20.698590,Test,6.274301,10.065990,12.328472,18.279375,22.250423,24.389811,26.602364,30.569063,37.947899,43.503288,61.321693
1982-01-20,17.142679,Test,5.101966,7.688532,9.838137,14.088548,16.972202,18.894501,20.491873,23.540182,28.985947,33.380329,45.797256
1982-01-21,14.913600,Test,3.492330,5.304476,6.917187,10.199096,12.818490,14.060087,15.545805,18.114195,22.521982,26.979385,37.034981
1982-01-22,12.472227,Test,4.226065,5.990514,7.757162,11.030372,13.169353,14.578507,15.814807,18.189537,21.993645,25.356695,34.162792
1982-01-23,10.561588,Test,4.736544,6.389997,8.067440,11.166773,12.922243,14.225960,15.191617,17.159473,20.331141,22.440689,30.266953
1982-01-24,9.181682,Test,4.509693,6.005544,7.536607,10.413214,12.040377,13.150070,14.052687,15.871868,18.660099,20.356930,27.226826
1982-01-25,8.491729,Test,4.116793,5.471801,6.864107,9.521056,11.086756,12.041483,12.909460,14.630108,17.148933,18.605265,24.609100
1982-01-26,7.589483,Test,3.829936,5.097133,6.400908,8.928823,10.430566,11.324767,12.146811,13.805536,16.266514,17.446157,23.179855
1982-01-27,7.005677,Test,3.365475,4.533457,5.755850,8.131255,9.649184,10.466234,11.278407,12.938666,15.322644,16.578230,21.918716
1982-01-28,6.315724,Test,3.432721,4.503741,5.759358,8.041149,9.512990,10.370724,11.059584,12.623793,15.070240,15.930553,21.587194
1982-01-29,5.891137,Test,3.116710,4.044347,5.247995,7.373125,8.827479,9.696144,10.295442,11.821936,14.234358,15.008039,20.734406
1982-01-30,5.625771,Test,2.457319,3.291916,4.329704,6.263799,7.625579,8.477590,9.055954,10.539208,12.883078,13.600293,18.712101
1982-01-31,5.360404,Test,1.868902,2.655094,3.512914,5.286096,6.548456,7.339109,7.941178,9.396806,11.672232,12.409359,16.684427
1982-02-01,5.201184,Test,1.616799,2.389882,3.166951,4.889030,6.111871,6.862058,7.499193,8.976412,11.215281,12.063735,16.010300
1982-02-02,5.360404,Test,1.549247,2.346519,3.078885,4.826820,6.114546,6.869760,7.548104,9.026470,11.400722,12.487283,17.033278
1982-02-03,6.421870,Test,0.942680,1.572734,2.221765,3.639362,5.023570,5.830113,6.725783,8.224920,11.169016,13.732681,19.663895
1982-02-04,5.466551,Test,0.723831,1.351392,2.017057,3.363154,4.808326,5.634958,6.489283,8.155804,11.471509,14.447867,21.331295
1982-02-05,5.095038,Test,0.928734,1.545604,2.300277,3.719722,5.154412,5.999977,6.821116,8.483544,11.568459,14.223989,19.953384
1982-02-06,4.829671,Test,0.893710,1.457060,2.106688,3.402827,4.664018,5.399127,6.089620,7.566380,10.097672,12.187618,16.860552
1982-02-07,4.670451,Test,0.789910,1.303961,1.746294,2.838727,3.822243,4.440608,5.012904,6.196723,8.091717,9.508938,13.203332
1982-02-08,4.458158,Test,0.857306,1.391936,1.849035,2.983088,3.953627,4.558527,5.115552,6.280570,8.121763,9.312799,12.693889
1982-02-09,4.245865,Test,0.635018,1.053329,1.414687,2.314804,3.153164,3.662334,4.168497,5.223760,6.767097,7.897592,10.828777
1982-02-10,4.086645,Test,0.612967,1.024024,1.374566,2.263778,3.083610,3.585387,4.081837,5.125265,6.644935,7.714373,10.585463
1982-02-11,3.821278,Test,0.619278,1.035909,1.382031,2.275715,3.099672,3.594153,4.089910,5.125259,6.633102,7.694881,10.562815
1982-02-12,3.608985,Test,0.637435,1.067906,1.415595,2.329808,3.165751,3.663700,4.162827,5.198510,6.723376,7.787834,10.705419
1982-02-13,4.776598,Test,0.704768,1.164338,1.618853,2.650498,3.716248,4.336303,5.012034,6.213302,8.276894,10.118713,14.309800
1982-02-14,4.458158,Test,1.216503,2.338356,3.223951,5.313965,7.642046,9.150115,10.746824,13.338220,19.101530,23.678043,37.634548
1982-02-15,39.008882,Test,2.156743,4.217797,5.489542,9.078052,12.641868,15.063450,17.329781,21.234167,29.500158,34.429489,54.204922
1982-02-16,21.866203,Test,2.774528,4.831228,6.408279,10.010022,13.263592,15.377798,17.297699,20.733204,27.439768,31.875734,46.198650
1982-02-17,12.313008,Test,2.717368,4.403530,5.813257,8.798971,11.290318,12.963320,14.366600,16.974285,21.916111,25.873486,36.697094
1982-02-18,10.030855,Test,2.537697,4.073656,5.328651,8.126026,10.441331,11.800937,13.199597,15.618984,19.936939,24.080744,33.811153
1982-02-19,8.279436,Test,2.036386,3.178739,4.271190,6.404393,8.198631,9.415045,10.484969,12.433481,15.942302,18.798510,25.875095
1982-02-20,7.217970,Test,2.057653,3.106651,4.122362,6.192372,7.774617,8.864306,9.803046,11.580085,14.479862,16.732849,22.507011
1982-02-21,8.704023,Test,1.576792,2.499041,3.375081,5.273994,7.082190,7.978415,9.107225,10.992283,14.228004,17.689207,24.683578
1982-02-22,13.586767,Test,1.525957,2.547286,3.344959,5.299235,6.986345,8.041011,9.124259,11.014463,14.513534,17.648127,25.307425
1982-02-23,11.676128,Test,1.454211,2.317686,3.069922,4.773105,6.291581,7.322737,8.201717,9.839900,12.942156,15.452802,22.274334
1982-02-24,9.234756,Test,1.445528,2.277401,3.074259,4.753837,6.164222,7.144145,7.959784,9.551350,12.386766,14.496690,20.278126
1982-02-25,34.763017,Test,1.406347,2.335341,3.178102,5.068247,6.850053,7.894974,9.140194,11.083617,14.784095,18.511208,26.509150
1982-02-26,21.123177,Test,1.267757,2.282661,3.163442,5.110106,7.077110,8.113349,9.308278,11.453918,15.495146,19.459848,28.305113
1982-02-27,18.151071,Test,1.149175,1.953704,2.738937,4.397223,6.078503,6.937701,7.912964,9.795689,13.119417,16.367699,23.304167
1982-02-28,19.530977,Test,1.218892,1.994446,2.850169,4.547791,6.178174,7.034147,7.961185,9.821676,13.054823,16.015198,22.425852
1982-03-01,18.310291,Test,1.393450,2.172006,3.012846,4.731050,6.271303,7.099454,7.946770,9.669157,12.513483,15.089051,20.763306
1982-03-02,15.125893,Test,1.590141,2.401030,3.255932,5.020308,6.431080,7.306981,8.091436,9.717052,12.232315,14.336977,19.315897
1982-03-03,12.472227,Test,1.754982,2.616168,3.459807,5.310505,6.632703,7.508003,8.254968,9.826720,12.170129,13.779594,18.446318
1982-03-04,10.508515,Test,1.505614,2.283808,3.009280,4.686378,5.905724,6.700011,7.393931,8.847485,11.035164,12.397181,16.532703
1982-03-05,9.128609,Test,1.251075,1.939123,2.543627,4.019224,5.121113,5.847760,6.477028,7.795209,9.841717,10.966823,14.686646
1982-03-06,8.332509,Test,1.039167,1.647805,2.150901,3.423151,4.424171,5.054472,5.631944,6.817752,8.654504,9.703632,13.051759
1982-03-07,7.642556,Test,1.062009,1.683701,2.212218,3.523736,4.560042,5.176171,5.768065,6.988802,8.832041,9.931450,13.207054
1982-03-08,7.005677,Test,1.192192,1.852955,2.438380,3.850611,4.918343,5.593628,6.172063,7.424395,9.393893,10.319444,13.884604
1982-03-09,6.315724,Test,0.902150,1.461845,1.922636,3.093598,4.039955,4.621592,5.160162,6.284850,8.036122,8.996072,12.154955
1982-03-10,5.519624,Test,0.930127,1.508500,1.991458,3.203708,4.180120,4.755730,5.307944,6.461570,8.231669,9.232145,12.361359
1982-03-11,5.254258,Test,0.965683,1.536247,2.096037,3.356752,4.450615,4.996825,5.569904,6.810510,8.715414,9.849361,13.096802
1982-03-12,4.723524,Test,0.797556,1.313085,1.785898,2.914301,3.903617,4.441427,4.978923,6.139462,7.902194,9.024000,12.061157
1982-03-13,4.192791,Test,0.667346,1.125359,1.550332,2.565731,3.499668,3.999223,4.508229,5.627801,7.313003,8.423446,11.358259
1982-03-14,3.821278,Test,0.659637,1.107483,1.498898,2.445351,3.320395,3.800386,4.289855,5.324678,6.862373,7.923462,10.752044
1982-03-15,3.608985,Test,0.813345,1.347212,1.791774,2.908131,3.846577,4.381469,4.903561,5.996133,7.684500,8.692077,11.683560
1982-03-16,3.608985,Test,0.634694,1.073579,1.416087,2.302287,3.093597,3.561172,4.024101,4.982041,6.391363,7.336478,10.053467
1982-03-17,3.608985,Test,0.592414,1.005640,1.334182,2.162796,2.952827,3.389050,3.843039,4.781528,6.134589,7.140050,9.867990
1982-03-18,3.608985,Test,0.482814,0.836404,1.115946,1.834206,2.504285,2.931970,3.347079,4.230681,5.453793,6.337994,8.898912
1982-03-19,3.608985,Test,0.469871,0.814312,1.102642,1.805151,2.499701,2.911292,3.324580,4.220796,5.451869,6.378306,8.973001
1982-03-20,3.449765,Test,0.404310,0.713133,0.980081,1.618629,2.269739,2.663194,3.056348,3.932416,5.105091,5.990315,8.536556
1982-03-21,3.343618,Test,0.353034,0.647739,0.905612,1.514939,2.143205,2.518782,2.897594,3.783291,4.945030,5.754300,8.310358
1982-03-22,3.131325,Test,0.334025,0.624501,0.878319,1.477766,2.093564,2.462794,2.837636,3.723050,4.870988,5.645524,8.169379
1982-03-23,3.078252,Test,0.257967,0.539238,0.778145,1.345326,1.910165,2.269222,2.629454,3.509923,4.619374,5.302482,7.721531
1982-03-24,2.812885,Test,0.331623,0.618942,0.866547,1.454624,2.058279,2.420647,2.789467,3.658149,4.771872,5.518196,7.977842
1982-03-25,2.653665,Test,0.413798,0.725850,0.983694,1.623483,2.248712,2.642833,3.030101,3.879715,5.001024,5.829592,8.236188
1982-03-26,2.653665,Test,0.392700,0.699670,0.941189,1.575526,2.173780,2.572963,2.958682,3.801093,4.918493,5.717240,8.110776
1982-03-27,3.131325,Test,0.402596,0.711601,0.963740,1.594181,2.210807,2.603571,2.991188,3.837383,4.958845,5.797409,8.228775
1982-03-28,2.441372,Test,0.449794,0.777941,1.050649,1.736814,2.429674,2.842890,3.264470,4.157356,5.383224,6.417600,9.190948
1982-03-29,3.025179,Test,0.480882,0.887009,1.251291,2.084285,2.930962,3.492563,4.032584,5.088614,6.869369,8.493013,12.495629
1982-03-30,2.653665,Test,0.532862,1.078469,1.523410,2.552855,3.656120,4.388322,5.052365,6.468806,9.006703,11.390275,17.459942
1982-03-31,2.441372,Test,0.811160,1.708377,2.309195,3.891536,5.585597,6.716904,7.840401,9.989725,14.157796,17.769939,26.764997
1982-04-01,2.229079,Training,1.120038,2.285917,2.948475,4.919230,6.831524,8.045986,9.272533,11.571642,15.936478,19.522825,29.249630
1982-04-02,2.016786,Training,1.215177,2.199629,2.923160,4.625465,6.248939,7.289211,8.335623,10.229918,13.607912,16.786163,23.898405
1982-04-03,2.972105,Training,1.385541,2.717455,3.563456,5.763103,8.090788,9.430995,10.853399,13.611648,18.270651,22.916092,32.843914
1982-04-04,8.385583,Training,1.670606,3.345039,4.196531,6.888512,9.547267,10.901552,12.483154,15.396317,20.451849,25.051098,36.602440
1982-04-05,8.597876,Training,1.640125,2.999627,3.804049,6.019156,8.110666,9.233453,10.513284,12.800445,16.690289,20.607922,29.390285
1982-04-06,7.960996,Training,1.689069,2.847672,3.761862,5.734012,7.533278,8.605986,9.723408,11.683970,14.989809,18.298321,25.231588
1982-04-07,5.891137,Training,1.369144,2.277377,3.082503,4.737151,6.255285,7.099977,8.029758,9.725591,12.538125,15.136828,20.894300
1982-04-08,4.298938,Training,1.132260,1.901307,2.588933,4.068264,5.367495,6.090559,6.910743,8.455623,10.939177,12.971765,17.796644
1982-04-09,3.662058,Training,1.061977,1.755371,2.353631,3.723170,4.901029,5.548916,6.283027,7.668631,9.841650,11.553843,15.734096
1982-04-10,3.184398,Training,0.781690,1.361305,1.867532,3.101113,4.222364,4.770802,5.496428,6.910932,8.976083,10.770878,15.023661
1982-04-11,3.290545,Training,0.851013,1.614726,2.299653,3.832732,5.282796,6.087032,7.083601,9.005337,12.099969,15.128181,21.860300
1982-04-12,3.131325,Training,1.077753,2.223099,2.974610,5.014709,6.924682,7.961461,9.163579,11.400643,15.459491,19.167648,28.905567
1982-04-13,2.653665,Training,1.150616,2.486109,3.355529,5.655092,7.887529,9.135355,10.545341,13.358594,18.063492,22.200972,33.252903
1982-04-14,2.494445,Training,1.486131,2.846332,3.807473,6.093308,8.147570,9.285933,10.582387,12.865989,17.007711,20.505346,29.515074
1982-04-15,2.547519,Training,1.759247,2.981318,3.934038,5.974460,7.708392,8.778008,9.843895,11.653292,14.777537,17.847084,24.788727
1982-04-16,2.759812,Training,1.798987,2.941578,3.820380,5.715531,7.232291,8.212141,9.168758,10.710973,13.299301,15.864546,21.639666
1982-04-17,2.388299,Training,1.510352,2.489571,3.118000,4.764214,6.007956,6.807137,7.643159,8.948547,11.101980,13.084218,17.892906
1982-04-18,1.326833,Training,1.301835,2.175478,2.752671,4.252325,5.459317,6.163909,6.956383,8.231437,10.272608,12.238040,16.740061
1982-04-19,1.486053,Training,1.074857,1.846355,2.397696,3.753910,4.916701,5.559131,6.295242,7.578265,9.632573,11.495440,15.935436
1982-04-20,1.539126,Training,0.890803,1.598184,2.122901,3.389747,4.472503,5.082303,5.780787,7.077954,9.133718,10.788893,15.103497
1982-04-21,1.539126,Training,0.681734,1.383530,1.907068,3.176249,4.161604,4.789119,5.484631,6.819314,8.986922,10.384450,14.371745
1982-04-22,1.486053,Training,0.582674,1.206867,1.647017,2.742798,3.628028,4.175752,4.793187,5.994217,7.861712,9.097173,12.714478
1982-04-23,1.432979,Training,0.461750,1.015164,1.374085,2.307091,3.072284,3.554178,4.097811,5.180608,6.778681,7.819893,11.050140
1982-04-24,1.273759,Training,0.388577,0.851150,1.146914,1.912202,2.566380,2.996257,3.469923,4.449481,5.783133,6.691186,9.622168
1982-04-25,1.432979,Training,0.364500,0.803840,1.084790,1.809465,2.433470,2.845661,3.300107,4.246227,5.514653,6.368107,9.174620
1982-04-26,1.220686,Training,0.433320,0.851386,1.118041,1.842826,2.517652,2.902917,3.363742,4.307375,5.545828,6.535825,9.489531
1982-04-27,1.220686,Training,0.411799,0.841742,1.128851,1.860529,2.521674,2.935447,3.388198,4.334008,5.637460,6.595224,9.545491
1982-04-28,1.167613,Training,0.424626,0.865108,1.166312,1.929225,2.610665,3.036419,3.503271,4.464739,5.817848,6.792010,9.762180
1982-04-29,1.061466,Training,0.324786,0.774622,1.068519,1.820047,2.461005,2.886418,3.340183,4.297867,5.655891,6.550505,9.467130
1982-04-30,1.008393,Training,0.244473,0.671727,0.939437,1.639922,2.224238,2.630266,3.060313,3.979189,5.266232,6.072885,8.811151
1982-05-01,0.902246,Training,0.174681,0.534056,0.756458,1.326613,1.814081,2.176351,2.553965,3.386912,4.475809,5.160300,7.610377
1982-05-02,0.583806,Training,0.178227,0.517333,0.731955,1.281449,1.767268,2.112639,2.471379,3.278022,4.327261,4.984852,7.363230
1982-05-03,0.955320,Training,0.263610,0.600877,0.827238,1.400488,1.934054,2.282913,2.657551,3.483778,4.561221,5.293001,7.762817
1982-05-04,1.008393,Training,0.347445,0.683514,0.915579,1.508007,2.069482,2.435677,2.828718,3.647680,4.737904,5.580249,8.044826
1982-05-05,1.061466,Training,0.377884,0.726255,0.959129,1.585073,2.146772,2.537218,2.954495,3.794862,4.924967,5.807996,8.266323
1982-05-06,0.955320,Training,0.362183,0.695588,0.918743,1.510415,2.039737,2.421123,2.825413,3.636088,4.717191,5.563498,7.956828
1982-05-07,0.796100,Training,0.287382,0.589049,0.799749,1.311171,1.800990,2.146815,2.513341,3.283842,4.293591,5.066408,7.436522
1982-05-08,0.849173,Training,0.213370,0.478080,0.669024,1.105726,1.537340,1.853984,2.184951,2.906065,3.834538,4.511113,6.765671
1982-05-09,0.689953,Training,0.159734,0.379759,0.546329,0.902912,1.275866,1.558471,1.852424,2.505305,3.337140,3.933267,6.017444
1982-05-10,0.902246,Training,0.189075,0.416613,0.589682,0.967348,1.359206,1.652180,1.957519,2.620499,3.472470,4.106893,6.199317
1982-05-11,1.114539,Training,0.309720,0.597791,0.853502,1.391304,1.969147,2.347498,2.817672,3.662346,4.980462,6.237549,9.192455
1982-05-12,1.751419,Training,0.212225,0.751265,1.060136,1.879232,2.703906,3.286645,3.919826,5.326746,7.882967,9.875607,16.183914
1982-05-13,1.486053,Training,0.155035,0.679127,1.009329,1.757009,2.452396,3.031223,3.631429,4.938631,7.209197,8.876967,14.110969
1982-05-14,1.167613,Training,0.282325,0.870896,1.222010,2.104954,2.912102,3.487992,4.144572,5.476161,7.675334,9.495114,14.535478
1982-05-15,1.167613,Training,0.271133,0.727915,1.050630,1.758438,2.409310,2.921427,3.450818,4.570540,6.328101,7.720771,11.704273
1982-05-16,1.008393,Training,0.308923,0.710293,0.993532,1.624397,2.210524,2.665753,3.147945,4.148730,5.627635,6.819466,10.221080
1982-05-17,0.743026,Training,0.215387,0.588209,0.820302,1.378580,1.876260,2.271691,2.714414,3.636569,4.941320,5.966028,9.070548
1982-05-18,0.849173,Training,0.189524,0.559345,0.774728,1.325789,1.807719,2.183887,2.620894,3.525556,4.780758,5.776630,8.803445
1982-05-19,0.689953,Training,0.221726,0.578156,0.815965,1.366098,1.852251,2.249033,2.682091,3.586530,4.840355,5.798431,8.715429
1982-05-20,0.583806,Training,0.143048,0.520919,0.756120,1.324090,1.781624,2.184532,2.616662,3.521757,4.767351,5.658316,8.461584
1982-05-21,0.477660,Training,0.215258,0.629470,0.888410,1.525581,2.052645,2.474553,2.933228,3.875123,5.177279,6.136068,9.067081
1982-05-22,0.477660,Training,0.276716,0.702410,0.966992,1.635074,2.201022,2.619174,3.084605,4.026274,5.321720,6.291846,9.217289
1982-05-23,0.636880,Training,0.251721,0.655645,0.906400,1.540050,2.077477,2.479934,2.927165,3.839466,5.077069,5.986125,8.780762
1982-05-24,0.636880,Training,0.149715,0.545800,0.778311,1.378330,1.855194,2.246673,2.673801,3.557005,4.744402,5.556739,8.172121
1982-05-25,0.583806,Training,0.159155,0.532915,0.786969,1.414323,1.939985,2.317944,2.810795,3.764441,5.062283,6.141677,9.061362
1982-05-26,1.008393,Training,0.198625,0.632637,0.900382,1.553743,2.134159,2.578268,3.052248,4.042294,5.550006,6.767056,10.314753
1982-05-27,0.955320,Training,0.228431,0.633116,0.907843,1.529945,2.081600,2.530352,2.994373,3.957835,5.383482,6.508004,9.749208
1982-05-28,0.796100,Training,0.143579,0.547255,0.789172,1.398434,1.923931,2.333454,2.778273,3.705581,5.057384,6.124787,9.296889
1982-05-29,0.902246,Training,0.170197,0.577670,0.818371,1.448092,2.005637,2.409314,2.872459,3.825733,5.219732,6.388551,9.726315
1982-05-30,0.849173,Training,0.161235,0.575409,0.816536,1.428682,1.968936,2.380573,2.837866,3.789941,5.204043,6.378400,9.767895
1982-05-31,0.743026,Training,0.112279,0.469255,0.713095,1.221720,1.668899,2.071212,2.473830,3.344639,4.622739,5.588452,8.552245
1982-06-01,0.796100,Training,0.119462,0.489379,0.736242,1.262270,1.714984,2.121474,2.535993,3.415046,4.695138,5.658407,8.593469
1982-06-02,0.636880,Training,0.148655,0.530980,0.770629,1.323227,1.804315,2.204940,2.626849,3.508498,4.782801,5.770662,8.756021
1982-06-03,0.530733,Training,0.204419,0.579892,0.826562,1.384336,1.879757,2.280166,2.703338,3.576408,4.820864,5.782794,8.657893
1982-06-04,0.424586,Training,0.180506,0.528799,0.757385,1.266512,1.717698,2.092564,2.493499,3.321444,4.471185,5.336745,7.995557
1982-06-05,0.265367,Training,0.074388,0.434716,0.629734,1.124576,1.528268,1.875759,2.264726,3.065971,4.170064,4.988062,7.574539
1982-06-06,0.212293,Training,0.104602,0.430132,0.638494,1.097881,1.494669,1.845487,2.215604,2.999810,4.068502,4.838081,7.322024
1982-06-07,0.371513,Training,0.070285,0.374818,0.567039,0.985810,1.343246,1.672848,2.020379,2.761554,3.752650,4.447922,6.763930
1982-06-08,0.318440,Training,0.051411,0.365329,0.559860,0.989156,1.346036,1.680136,2.029770,2.775855,3.777241,4.468584,6.779091
1982-06-09,0.212293,Training,0.077940,0.395307,0.591636,1.033063,1.406605,1.740762,2.096481,2.848725,3.850056,4.544346,6.851717
1982-06-10,0.159220,Training,0.064210,0.384739,0.567386,1.005773,1.374547,1.696196,2.049000,2.788442,3.772324,4.460542,6.757957
1982-06-11,0.265367,Training,0.071943,0.372613,0.555489,0.970357,1.329652,1.646146,1.988295,2.713541,3.677690,4.347446,6.596528
1982-06-12,0.265367,Training,0.062985,0.391451,0.568920,1.021549,1.399774,1.720329,2.082333,2.834210,3.855897,4.588069,6.967342
1982-06-13,0.371513,Training,0.018423,0.376620,0.554509,1.041175,1.425782,1.753917,2.124829,2.895813,3.948308,4.716277,7.188241
1982-06-14,0.477660,Training,0.004810,0.342023,0.538862,0.996541,1.357220,1.703527,2.058980,2.827179,3.889372,4.616636,7.025500
1982-06-15,0.371513,Training,-0.024662,0.300511,0.496713,0.934262,1.270081,1.611901,1.957759,2.715364,3.756151,4.459330,6.779133
1982-06-16,0.318440,Training,-0.075346,0.268606,0.460613,0.928913,1.272742,1.618205,1.971146,2.768831,3.877159,4.645664,7.102606
1982-06-17,0.477660,Training,-0.003081,0.326031,0.504894,0.939184,1.291016,1.614488,1.960463,2.703968,3.748566,4.508350,6.984795
1982-06-18,0.530733,Training,0.030407,0.294544,0.469792,0.813400,1.126551,1.422912,1.723663,2.388901,3.286242,3.922686,6.137749
1982-06-19,0.477660,Training,0.033089,0.291122,0.463380,0.799567,1.108011,1.398764,1.696966,2.351573,3.225830,3.836960,5.981303
1982-06-20,0.530733,Training,-0.003758,0.272951,0.438085,0.785942,1.084843,1.373998,1.675718,2.330529,3.208375,3.812955,5.947196
1982-06-21,0.743026,Training,-0.047262,0.230531,0.391047,0.733720,1.011145,1.295983,1.588587,2.231625,3.082585,3.640905,5.671130
1982-06-22,0.636880,Training,0.028210,0.286719,0.459738,0.819688,1.138139,1.400151,1.739103,2.414684,3.326379,4.120287,6.440543
1982-06-23,0.530733,Training,0.019243,0.310112,0.502102,0.844679,1.165087,1.478512,1.792320,2.495728,3.567001,4.381157,7.100661
1982-06-24,0.477660,Training,0.018909,0.295343,0.479111,0.808151,1.107773,1.415659,1.721621,2.401079,3.385158,4.121397,6.600539
1982-06-25,0.583806,Validation,-0.037567,0.247876,0.391683,0.724227,1.009014,1.273687,1.562107,2.195267,3.092056,3.819602,6.241142
1982-06-26,0.849173,Validation,-0.004084,0.283782,0.440571,0.778869,1.082435,1.364308,1.662715,2.323278,3.277531,4.025664,6.539742
1982-06-27,0.955320,Validation,0.008360,0.279625,0.457873,0.781776,1.071959,1.371253,1.671293,2.337617,3.289274,3.985765,6.366228
1982-06-28,0.902246,Validation,-0.029027,0.243981,0.417187,0.734115,1.001454,1.294548,1.586403,2.234148,3.152154,3.806243,6.082130
1982-06-29,0.689953,Validation,-0.035384,0.239270,0.410421,0.735838,1.003846,1.298072,1.591998,2.242681,3.154480,3.788813,6.012619
1982-06-30,0.477660,Validation,-0.041826,0.225277,0.384592,0.696707,0.950406,1.228939,1.514344,2.142355,3.001609,3.589603,5.686272
1982-07-01,0.477660,Validation,-0.050517,0.209349,0.356121,0.655913,0.897489,1.161362,1.436936,2.045567,2.872864,3.438017,5.466959
1982-07-02,0.477660,Validation,-0.001527,0.236952,0.377379,0.654564,0.910734,1.159788,1.429611,2.013715,2.787018,3.328149,5.326306
1982-07-03,0.477660,Validation,0.053984,0.310318,0.441466,0.770425,1.088019,1.338310,1.639679,2.272417,3.131625,3.823928,6.114137
1982-07-04,0.743026,Validation,0.132117,0.468950,0.665060,1.071428,1.467212,1.743602,2.113961,2.980388,4.261499,5.564380,9.137564
1982-07-05,1.273759,Validation,-0.024270,0.384125,0.579896,0.952428,1.270621,1.595359,1.956471,2.754953,4.130367,5.156018,8.794672
1982-07-06,1.114539,Validation,-0.010486,0.353363,0.559131,0.928343,1.230604,1.570564,1.921413,2.701509,3.971902,4.922350,8.107818
1982-07-07,1.061466,Validation,-0.030502,0.295881,0.490205,0.835896,1.111377,1.434667,1.757714,2.470308,3.599795,4.424420,7.198168
1982-07-08,0.796100,Validation,-0.008522,0.281047,0.453135,0.767898,1.030162,1.323534,1.626487,2.282682,3.256707,3.963002,6.409920
1982-07-09,0.689953,Validation,-0.024870,0.250730,0.406640,0.710212,0.958162,1.233986,1.524927,2.153081,3.051790,3.686064,5.947750
1982-07-10,0.689953,Validation,-0.010208,0.249682,0.395323,0.682575,0.922440,1.182572,1.465947,2.071383,2.922535,3.523151,5.689410
1982-07-11,0.689953,Validation,-0.001566,0.251463,0.398011,0.686976,0.941834,1.201398,1.486407,2.092017,2.911067,3.478736,5.572284
1982-07-12,0.689953,Validation,0.009269,0.259402,0.395222,0.683795,0.946165,1.196373,1.479692,2.078624,2.889185,3.462969,5.566429
1982-07-13,0.689953,Validation,0.013043,0.271866,0.395451,0.698732,0.972487,1.216303,1.504077,2.113100,2.954280,3.579670,5.785379
1982-07-14,0.689953,Validation,-0.002414,0.232257,0.360616,0.616811,0.861807,1.094561,1.357352,1.919349,2.682547,3.234891,5.297760
1982-07-15,0.689953,Validation,-0.017567,0.193890,0.321027,0.540322,0.761645,0.980370,1.220933,1.740286,2.429146,2.921928,4.841671
1982-07-16,0.689953,Validation,-0.027584,0.185030,0.308135,0.526869,0.747321,0.963289,1.200384,1.714293,2.399661,2.891639,4.815490
1982-07-17,0.689953,Validation,-0.048622,0.170445,0.285174,0.505666,0.720209,0.930601,1.164474,1.669385,2.341095,2.817886,4.708362
1982-07-18,0.689953,Validation,-0.040855,0.166006,0.286424,0.498286,0.710902,0.922795,1.153766,1.657160,2.318914,2.777994,4.620072
1982-07-19,0.743026,Validation,-0.054479,0.177992,0.276862,0.517653,0.745263,0.947137,1.187861,1.700884,2.382328,2.896928,4.870527
1982-07-20,0.636880,Validation,-0.071985,0.176725,0.287365,0.545024,0.778418,0.998385,1.244502,1.784433,2.537492,3.099916,5.225107
1982-07-21,0.636880,Validation,-0.054482,0.185470,0.329531,0.599484,0.842551,1.098465,1.359287,1.949584,2.795271,3.386419,5.572151
1982-07-22,0.583806,Validation,-0.049026,0.154860,0.275814,0.464659,0.664096,0.867994,1.083328,1.561755,2.226504,2.732532,4.709586
1982-07-23,0.583806,Validation,-0.051048,0.152977,0.284319,0.496788,0.713838,0.935910,1.156835,1.662192,2.347118,2.822941,4.739303
1982-07-24,0.583806,Validation,-0.061862,0.141790,0.265863,0.474123,0.683400,0.897850,1.116628,1.611602,2.268511,2.710574,4.535430
1982-07-25,0.583806,Validation,-0.069301,0.135176,0.255358,0.461119,0.666090,0.876334,1.094503,1.584618,2.227149,2.650774,4.426343
1982-07-26,0.636880,Validation,-0.061117,0.142139,0.261321,0.465662,0.672424,0.880793,1.101631,1.591525,2.229600,2.648661,4.409153
1982-07-27,0.689953,Validation,-0.043445,0.155106,0.273495,0.476188,0.688384,0.895024,1.118710,1.610048,2.246722,2.667371,4.428807
1982-07-28,0.689953,Validation,-0.045335,0.168186,0.282980,0.522073,0.755697,0.945549,1.203920,1.711497,2.387995,2.965201,4.980719
1982-07-29,0.689953,Validation,-0.086766,0.182706,0.314651,0.574473,0.819432,1.058679,1.307677,1.872704,2.736331,3.387454,5.867030
1982-07-30,0.689953,Validation,-0.042428,0.204440,0.362935,0.611496,0.857059,1.118279,1.377470,1.963653,2.837448,3.473805,5.848228
1982-07-31,0.689953,Validation,0.017630,0.267875,0.429058,0.715143,1.020280,1.244557,1.552773,2.197244,3.145016,4.108690,6.977446
1982-08-01,0.743026,Validation,-0.078665,0.253439,0.399508,0.684995,0.967869,1.220081,1.497962,2.130110,3.217380,4.108260,7.386561
1982-08-02,0.849173,Validation,-0.023284,0.273829,0.443140,0.708601,0.976849,1.250111,1.533060,2.168194,3.220188,4.038273,7.004285
1982-08-03,0.902246,Validation,-0.048268,0.212257,0.377657,0.618056,0.856283,1.117883,1.378294,1.964838,2.899574,3.590112,6.150280
1982-08-04,0.902246,Validation,-0.044512,0.206477,0.361310,0.597539,0.827261,1.080565,1.340734,1.913709,2.796988,3.434534,5.828631
1982-08-05,0.902246,Validation,-0.036500,0.200074,0.344592,0.581469,0.813647,1.059536,1.320087,1.886839,2.726389,3.313760,5.556167
1982-08-06,0.796100,Validation,-0.054706,0.179167,0.310476,0.544433,0.762492,0.996707,1.252480,1.806630,2.620769,3.180535,5.330521
1982-08-07,0.796100,Validation,-0.075565,0.138737,0.250657,0.443769,0.636479,0.838755,1.064906,1.553236,2.244934,2.723006,4.667360
1982-08-08,0.796100,Validation,-0.101524,0.096243,0.196516,0.357403,0.533110,0.710995,0.910242,1.348386,1.934829,2.340220,4.107327
1982-08-09,0.849173,Validation,-0.118323,0.072496,0.170722,0.323084,0.494396,0.664817,0.854309,1.287634,1.847422,2.241140,3.974093
1982-08-10,0.796100,Validation,-0.130980,0.052210,0.151459,0.296860,0.466508,0.630967,0.813088,1.247129,1.789315,2.182963,3.911528
1982-08-11,0.796100,Validation,-0.130872,0.054110,0.149972,0.295447,0.464044,0.628923,0.809434,1.234590,1.785208,2.182322,3.928154
1982-08-12,0.796100,Validation,-0.115009,0.069278,0.159592,0.305511,0.475714,0.641324,0.824738,1.237662,1.797451,2.190511,3.932229
1982-08-13,0.796100,Validation,-0.071937,0.096984,0.182301,0.323271,0.503338,0.664534,0.852843,1.261267,1.813549,2.202523,3.923007
1982-08-14,0.796100,Validation,-0.049680,0.106260,0.188823,0.326520,0.512465,0.670911,0.859019,1.267443,1.812772,2.193940,3.888415
1982-08-15,0.796100,Validation,-0.065353,0.090314,0.164210,0.298871,0.477138,0.629558,0.811564,1.209770,1.751426,2.134307,3.822936
1982-08-16,0.796100,Validation,-0.048585,0.093518,0.167891,0.291439,0.471780,0.619051,0.793530,1.177374,1.684901,2.041257,3.667129
1982-08-17,0.689953,Validation,-0.061813,0.076154,0.146540,0.259713,0.431636,0.571368,0.734658,1.097060,1.574391,1.906667,3.475561
1982-08-18,0.689953,Validation,-0.064701,0.071855,0.134697,0.244301,0.411939,0.545911,0.706053,1.061056,1.538227,1.886334,3.481819
1982-08-19,0.689953,Validation,-0.061379,0.070986,0.137455,0.244635,0.414712,0.550259,0.706531,1.058885,1.526681,1.859636,3.417739
1982-08-20,0.689953,Validation,-0.046576,0.073454,0.130578,0.214371,0.375054,0.492582,0.634807,0.949254,1.357288,1.666290,3.150056
1982-08-21,0.689953,Validation,-0.050055,0.066502,0.120122,0.197184,0.352852,0.465453,0.601563,0.904786,1.297990,1.601228,3.063404
1982-08-22,0.689953,Validation,-0.044511,0.068296,0.120106,0.193776,0.349665,0.459777,0.594532,0.893959,1.282971,1.588225,3.052790
1982-08-23,0.689953,Validation,-0.035483,0.072678,0.123046,0.193534,0.350875,0.458833,0.592966,0.889913,1.276308,1.585054,3.056463
1982-08-24,0.689953,Validation,-0.060684,0.053619,0.100031,0.168779,0.318500,0.423342,0.551582,0.838514,1.213716,1.512331,2.958033
1982-08-25,0.371513,Validation,-0.070466,0.045107,0.089939,0.156971,0.304450,0.407472,0.532767,0.815340,1.185335,1.481318,2.920476
1982-08-26,0.053073,Validation,-0.020962,0.076821,0.122877,0.184919,0.344370,0.446415,0.576788,0.865523,1.243014,1.558958,3.042228
1982-08-27,0.159220,Validation,-0.007640,0.084581,0.130227,0.190328,0.353510,0.454917,0.586137,0.875375,1.254891,1.575357,3.070352
1982-08-28,0.424586,Validation,0.010600,0.101092,0.173880,0.263763,0.475240,0.565476,0.742067,1.053617,1.478379,1.970211,3.813625
1982-08-29,0.796100,Validation,-0.101312,0.050456,0.129435,0.221245,0.392484,0.524935,0.659002,0.977599,1.502287,1.962044,3.998988
1982-08-30,0.583806,Validation,-0.064190,0.068980,0.146455,0.227348,0.400236,0.529962,0.666498,0.982866,1.478510,1.933836,3.869765
1982-08-31,0.530733,Validation,-0.105228,0.028279,0.092528,0.168488,0.326920,0.444236,0.571176,0.868872,1.319870,1.711287,3.463107
1982-09-01,0.424586,Validation,-0.109941,0.019979,0.072912,0.143372,0.296088,0.403150,0.527776,0.813754,1.227396,1.578391,3.205690
1982-09-02,0.318440,Validation,-0.110928,0.014782,0.061056,0.125937,0.275130,0.374428,0.495571,0.772459,1.160389,1.493052,3.060754
1982-09-03,0.318440,Validation,-0.112400,0.010316,0.053617,0.115246,0.263041,0.358213,0.477441,0.750120,1.124689,1.448610,2.989721
1982-09-04,0.318440,Validation,-0.091610,0.024657,0.061757,0.118287,0.265545,0.356877,0.475894,0.739184,1.108776,1.432160,2.961599
1982-09-05,0.318440,Validation,-0.049984,0.050099,0.083552,0.133184,0.285424,0.372736,0.494168,0.755150,1.119475,1.449340,2.978899
1982-09-06,0.371513,Validation,-0.019087,0.067682,0.097717,0.141620,0.298630,0.382119,0.504003,0.762825,1.120050,1.451773,2.976405
1982-09-07,0.318440,Validation,-0.044770,0.048782,0.075696,0.118819,0.268536,0.349760,0.467547,0.717764,1.064469,1.382046,2.869273
1982-09-08,0.212293,Validation,-0.046031,0.046291,0.072164,0.113508,0.262894,0.342587,0.459153,0.706471,1.049474,1.364619,2.844207
1982-09-09,0.318440,Validation,-0.022008,0.060748,0.085816,0.124181,0.278953,0.357082,0.475084,0.723948,1.067739,1.390814,2.887166
1982-09-10,0.159220,Validation,-0.013601,0.064662,0.089030,0.125434,0.281900,0.358977,0.476811,0.724885,1.067554,1.392001,2.890340
1982-09-11,0.318440,Validation,-0.031257,0.051482,0.074442,0.110320,0.262355,0.338145,0.453153,0.696164,1.032599,1.349411,2.826945
1982-09-12,0.371513,Validation,-0.072421,0.023581,0.047830,0.087031,0.233974,0.311428,0.423409,0.664197,1.000167,1.304606,2.762341
1982-09-13,0.530733,Validation,-0.089864,0.010612,0.038311,0.079954,0.228037,0.307544,0.420115,0.665685,1.006510,1.309647,2.774736
1982-09-14,0.530733,Validation,-0.091618,0.008508,0.037005,0.079040,0.228352,0.308559,0.421270,0.668579,1.014001,1.321212,2.797863
1982-09-15,0.371513,Validation,-0.070769,0.022656,0.043426,0.080501,0.227679,0.300103,0.409747,0.643906,0.976163,1.292099,2.770910
1982-09-16,0.530733,Validation,-0.063094,0.030814,0.052413,0.089729,0.242202,0.317703,0.430682,0.670306,1.006013,1.317575,2.795446
1982-09-17,0.583806,Validation,-0.080791,0.030033,0.038208,0.090574,0.257800,0.328702,0.449118,0.693955,1.041631,1.384128,2.965459
1982-09-18,0.689953,Validation,-0.019366,0.124011,0.235318,0.321842,0.610109,0.666313,0.855435,1.183683,1.691951,2.464259,5.270118
1982-09-19,0.796100,Validation,-0.158316,0.181950,0.310165,0.440035,0.831123,0.964838,1.219226,1.751718,2.807615,3.923437,9.574423
1982-09-20,1.008393,Validation,-0.081694,0.360145,0.461161,0.627530,1.078072,1.258415,1.552318,2.273351,3.739424,5.085485,11.951122
1982-09-21,1.061466,Validation,-0.023060,0.313424,0.413830,0.545535,0.886107,1.026700,1.275658,1.787109,2.869961,3.983406,8.584281
1982-09-22,1.061466,Validation,-0.028118,0.282180,0.372835,0.496256,0.804543,0.935511,1.176429,1.641398,2.638120,3.694637,7.739803
1982-09-23,0.955320,Validation,0.082989,0.307976,0.435207,0.537968,0.836125,0.989118,1.241011,1.702968,2.711721,3.704201,7.265061
1982-09-24,0.955320,Validation,0.045444,0.281223,0.358032,0.501698,0.854810,0.960885,1.249118,1.760306,2.795304,4.016468,8.317586
1982-09-25,2.335226,Validation,0.157134,0.933694,1.227635,1.602734,2.796618,3.027189,3.710413,5.581405,9.558015,13.155124,30.939199
1982-09-26,1.592199,Validation,0.218814,1.028118,1.303634,1.886582,2.799580,3.254077,4.175955,5.855087,10.549310,13.749021,27.490957
1982-09-27,1.061466,Validation,0.186280,0.825803,1.042144,1.507888,2.202899,2.533347,3.208393,4.481568,7.837146,10.574965,20.406155
1982-09-28,1.326833,Validation,0.011161,0.694150,1.138954,1.636563,2.810513,3.233796,4.097923,6.484213,12.051921,16.618473,33.967037
1982-09-29,1.645273,Validation,0.024324,0.845879,1.213170,2.081407,3.251905,3.773525,4.941388,7.308778,13.629254,18.362909,34.908806
1982-09-30,0.636880,Validation,0.276300,0.911519,1.283045,1.987894,2.819924,3.292657,4.256652,5.813613,10.022161,13.198845,22.704533
1982-10-01,0.530733,Training,0.229582,0.683859,0.989116,1.507251,2.127328,2.516981,3.226209,4.359071,7.291382,9.686113,16.238510
1982-10-02,0.689953,Training,0.120109,0.505804,0.762486,1.246346,1.781045,2.134434,2.765681,3.772840,6.238929,8.294267,13.644221
1982-10-03,0.583806,Training,0.085071,0.399153,0.589987,1.027454,1.495974,1.820904,2.372349,3.252923,5.162339,6.684085,10.852469
1982-10-04,0.689953,Training,0.018799,0.324677,0.492992,0.969111,1.433458,1.757305,2.299850,3.182995,4.955143,6.329055,10.053071
1982-10-05,0.849173,Training,0.015355,0.375503,0.567885,1.217893,1.811642,2.167509,2.803345,3.834912,5.852945,7.420011,11.323277
1982-10-06,0.902246,Training,0.094587,0.423377,0.602015,1.203088,1.781331,2.138474,2.716033,3.666129,5.426240,6.768350,10.342318
1982-10-07,0.743026,Training,0.095511,0.393219,0.546790,1.086778,1.623811,1.964678,2.478706,3.349078,4.862056,6.026192,9.261026
1982-10-08,0.902246,Training,0.106508,0.411636,0.560343,1.126176,1.735595,2.075250,2.612524,3.539971,5.178600,6.599311,10.444414
1982-10-09,1.008393,Training,-0.033029,0.285636,0.502165,1.070508,1.736315,2.105220,2.740215,3.910904,6.251076,8.297652,14.338482
1982-10-10,0.849173,Training,0.047396,0.428623,0.706016,1.337501,2.004033,2.472625,3.129842,4.296198,6.780308,8.684058,14.316394
1982-10-11,0.743026,Training,0.139283,0.493268,0.761313,1.369809,2.029235,2.488780,3.096524,4.181052,6.295105,7.951237,12.640284
1982-10-12,1.008393,Training,0.112975,0.520426,0.809868,1.538936,2.278671,2.746110,3.400960,4.564188,6.800007,8.507775,13.159871
1982-10-13,2.865959,Training,0.018875,0.356034,0.676591,1.342543,2.189821,2.615988,3.417971,4.884477,7.602047,10.074250,16.428234
1982-10-14,2.494445,Training,0.102605,0.560025,0.849310,1.588185,2.386259,2.906863,3.630324,4.911663,7.647301,9.762142,16.061026
1982-10-15,1.698346,Training,0.223034,0.598626,0.876143,1.534059,2.243469,2.751570,3.389204,4.495870,6.635402,8.390231,12.950145
1982-10-16,1.698346,Training,0.102278,0.451422,0.659401,1.267736,1.971106,2.380360,2.977206,4.095707,6.204924,8.056474,13.197624
1982-10-17,1.645273,Training,0.055399,0.429590,0.640168,1.269513,1.965999,2.390023,2.997043,4.160778,6.408082,8.289400,13.758774
1982-10-18,3.555912,Training,0.199297,0.588701,0.777791,1.412869,2.145444,2.617280,3.239467,4.383428,6.576766,8.564169,13.945642
1982-10-19,2.229079,Training,0.192692,0.547524,0.802584,1.365120,2.011122,2.499733,3.107264,4.184374,6.312138,8.064274,12.841544
1982-10-20,2.441372,Training,0.171335,0.470852,0.692003,1.164238,1.726418,2.146104,2.676504,3.633933,5.439384,6.894002,11.004216
1982-10-21,2.016786,Training,0.117668,0.419081,0.631136,1.121774,1.670984,2.071193,2.585903,3.557019,5.284974,6.609229,10.526969
1982-10-22,2.122932,Training,0.181442,0.504318,0.678470,1.247830,1.859487,2.249487,2.784194,3.742591,5.385228,6.749520,10.432043
1982-10-23,1.751419,Training,0.373165,0.797953,1.069392,1.901323,2.689472,3.193377,3.830574,4.909050,6.760849,8.276813,11.837036
1982-10-24,1.539126,Training,0.482353,0.918299,1.229785,2.078396,2.865918,3.383209,3.993510,5.029535,6.735436,8.070257,11.328598
1982-10-25,1.486053,Training,0.508297,0.968881,1.317711,2.215031,3.061510,3.575588,4.191053,5.261648,7.076663,8.410754,11.799375
1982-10-26,1.432979,Training,0.468137,0.903241,1.232335,2.098176,2.915268,3.404998,4.002178,5.047391,6.804501,8.062486,11.291355
1982-10-27,1.379906,Training,0.267676,0.605628,0.849577,1.516704,2.163889,2.577044,3.083916,4.038336,5.521010,6.514832,9.464121
1982-10-28,1.379906,Training,0.155568,0.443675,0.650621,1.202420,1.740074,2.114224,2.555912,3.444648,4.732483,5.538656,8.220934
1982-10-29,1.273759,Training,0.202159,0.529871,0.767285,1.400823,1.996173,2.393089,2.858481,3.792429,5.166690,5.987398,8.696971
1982-10-30,1.220686,Training,0.137193,0.413954,0.610573,1.164964,1.702885,2.061951,2.495171,3.371491,4.656260,5.449332,8.038624
1982-10-31,1.167613,Training,0.367330,0.766367,1.068850,1.863994,2.599184,3.019656,3.536288,4.527525,6.091384,6.981958,9.786782
1982-11-01,1.220686,Training,0.287173,0.661402,0.933599,1.658911,2.322810,2.730749,3.210640,4.172399,5.617242,6.411623,9.075546
1982-11-02,1.220686,Training,0.326448,0.726349,1.030701,1.812906,2.521732,2.945489,3.440026,4.436365,5.968379,6.777190,9.464590
1982-11-03,1.273759,Training,0.440464,0.892075,1.234898,2.192817,3.079562,3.494969,4.072763,5.180592,7.001390,8.036590,11.154463
1982-11-04,1.273759,Training,0.397476,0.818347,1.150899,2.021223,2.823182,3.265822,3.788535,4.833821,6.552474,7.520286,10.454565
1982-11-05,1.326833,Training,0.351988,0.691350,0.953105,1.699504,2.480913,2.888871,3.404797,4.419055,6.017936,7.192910,10.480391
1982-11-06,4.723524,Training,0.355634,1.111730,1.606831,2.999605,4.774247,5.769760,7.192879,9.697384,15.131506,19.789501,32.633198
1982-11-07,25.315968,Training,0.825683,2.154911,2.761649,5.107969,7.656929,9.500338,11.381534,15.335248,22.981216,27.480539,43.121494
1982-11-08,30.941739,Training,1.311623,2.955140,3.750346,6.554882,9.697115,11.646039,13.881516,18.545984,26.900467,31.958286,48.739964
1982-11-09,27.651194,Training,2.445216,4.627807,5.845074,9.330854,12.570154,14.353177,16.776176,20.423538,27.649677,32.647610,46.169270
1982-11-10,13.958280,Training,1.522915,2.770386,3.570947,5.598879,7.576313,8.742415,10.211709,12.544480,17.289471,21.122026,29.699911
1982-11-11,8.385583,Training,1.139585,1.977770,2.600933,3.986855,5.411369,6.290888,7.376360,9.083859,12.513550,15.350266,21.475704
1982-11-12,6.262650,Training,0.877045,1.528645,1.954030,3.053031,4.162954,4.816500,5.703735,7.087432,9.643702,11.676085,16.596884
1982-11-13,7.005677,Training,0.709657,1.253185,1.546485,2.523944,3.511322,4.059417,4.857961,6.145294,8.363646,10.244090,14.953297
1982-11-14,9.181682,Training,0.646003,1.099467,1.368788,2.238314,3.030159,3.603791,4.315269,5.405365,7.261853,8.782701,12.387667
1982-11-15,7.271043,Training,0.485862,0.848745,1.017863,1.732355,2.433639,2.905900,3.541387,4.558234,6.231213,7.738136,11.339507
1982-11-16,5.678844,Training,0.449001,0.809863,1.052859,1.788090,2.472492,3.003509,3.631362,4.692832,6.479109,7.892923,11.438831
1982-11-17,4.723524,Training,0.484030,0.860243,1.135811,1.909760,2.649229,3.167173,3.779791,4.828993,6.542242,7.929945,11.222301
1982-11-18,4.192791,Training,0.461437,0.826064,1.089715,1.863469,2.578123,3.087473,3.679082,4.712998,6.367464,7.663824,10.811542
1982-11-19,4.245865,Training,0.354026,0.667997,0.891960,1.570047,2.211663,2.663802,3.197156,4.162449,5.653710,6.784134,9.605569
1982-11-20,4.086645,Training,0.454861,0.824932,1.083877,1.890836,2.597860,3.093339,3.650671,4.654731,6.235429,7.309955,10.120787
1982-11-21,3.821278,Training,1.075805,1.722687,2.234551,3.550065,4.566719,5.181869,5.853227,7.008599,9.007807,10.122474,13.377551
1982-11-22,3.290545,Training,0.861251,1.415123,1.857145,2.977117,3.935189,4.472117,5.091183,6.170982,8.002161,9.148624,12.176541
1982-11-23,3.290545,Training,1.237543,1.957250,2.549891,3.974383,5.162787,5.712162,6.408068,7.622879,9.761116,11.011553,14.646083
1982-11-24,3.184398,Training,1.103579,1.757238,2.297600,3.612162,4.638835,5.248287,5.880751,7.024979,9.040423,10.073572,13.419183
1982-11-25,3.768205,Training,1.108700,1.731433,2.296568,3.661863,4.922792,5.723279,6.588454,7.885574,10.561403,12.738037,18.230770
1982-11-26,4.988891,Training,1.267521,2.167991,2.917414,4.660197,6.399210,7.639149,8.637502,10.365311,14.674191,18.060141,29.268538
1982-11-27,21.229323,Training,1.468478,2.874920,3.756621,6.412294,8.936945,10.559941,12.297011,15.200063,21.298309,26.039913,39.294720
1982-11-28,52.277209,Training,1.657252,3.149760,4.295648,6.966984,9.532964,11.049799,12.841917,15.643020,21.567480,26.118513,37.324711
1982-11-29,24.466795,Training,1.987071,3.226310,4.372491,6.715126,8.676438,10.109288,11.410230,13.598550,18.204895,21.509005,30.157093
1982-11-30,13.905207,Training,2.313214,3.301658,4.467644,6.554224,8.271371,9.618935,10.500422,12.234407,15.753426,18.147356,26.201017
1982-12-01,9.871635,Training,2.477898,3.395519,4.487895,6.536811,8.050487,9.250037,10.027852,11.602451,14.521012,16.229078,23.365667
1982-12-02,8.014070,Training,2.000832,2.859505,3.765585,5.596410,7.068374,8.095127,8.843139,10.315153,13.057627,14.716018,20.534792
1982-12-03,6.687237,Training,1.913162,2.706668,3.628710,5.390247,6.778857,7.784657,8.487698,9.948357,12.591879,13.989647,19.164721
1982-12-04,5.944211,Training,1.122357,1.787976,2.384513,3.787992,4.927331,5.678705,6.401902,7.756029,10.072434,11.416924,15.016975
1982-12-05,5.572697,Training,0.994595,1.604965,2.170471,3.489815,4.602434,5.279260,5.980530,7.314282,9.530546,10.917240,14.289310
1982-12-06,5.095038,Training,0.902345,1.467195,2.007483,3.258718,4.345838,4.978435,5.648540,6.953414,9.106533,10.451085,13.693036
1982-12-07,4.086645,Training,1.008020,1.600451,2.207103,3.613290,4.997723,5.756533,6.722844,8.241495,11.117637,13.815762,19.280731
1982-12-08,6.528017,Training,0.894465,1.845254,2.566789,4.474916,6.511576,7.685188,9.094772,11.494280,16.651747,20.919691,32.309830
1982-12-09,5.944211,Training,0.828344,1.910171,2.621065,4.652455,6.816689,7.939987,9.397223,12.109838,17.602402,21.675861,33.611984
1982-12-10,9.553195,Training,1.257044,2.412927,3.266028,5.466824,7.656796,8.743862,10.169633,12.616598,17.580814,21.764448,31.729301
1982-12-11,10.455442,Training,1.841014,3.005866,4.120216,6.418742,8.417091,9.661211,10.944189,13.156298,17.481663,21.141541,28.942154
1982-12-12,20.220930,Training,1.950952,3.227066,4.366609,7.031453,9.472550,10.706784,12.329774,14.876270,19.899252,24.568542,35.141354
1982-12-13,41.609474,Training,3.870231,6.515023,8.248693,13.087587,16.607697,18.955650,21.419891,25.177597,33.022041,37.948944,55.139729
1982-12-14,28.235000,Training,4.215918,6.728492,8.735524,12.988033,16.073364,18.334961,20.190859,23.509314,30.428047,34.701294,48.913921
1982-12-15,18.787951,Training,3.300802,5.068717,6.671019,9.823746,12.107084,13.721058,15.147126,17.651241,22.345860,26.113485,35.426804
1982-12-16,14.064427,Training,2.834692,4.198240,5.577319,8.147924,10.072227,11.329716,12.481428,14.528975,18.159424,21.221001,28.268353
1982-12-17,13.374474,Training,2.821107,4.205228,5.334920,8.016182,9.878868,10.967514,12.178924,14.162049,17.624512,20.787092,28.273567
1982-12-18,13.215254,Training,2.749065,4.056453,5.238649,7.715022,9.395601,10.594664,11.596834,13.416018,16.849070,19.166100,26.156185
1982-12-19,11.304615,Training,2.534722,3.670221,4.756120,6.992354,8.474488,9.566964,10.458848,12.116138,15.047722,16.812311,22.353802
1982-12-20,11.463835,Training,2.683979,4.238658,5.647543,8.826723,11.474897,12.897805,14.903397,17.597624,23.024998,28.304939,40.507542
1982-12-21,30.464079,Training,5.209033,8.251829,10.627888,16.097641,20.214561,23.071159,25.464012,29.408653,38.514389,43.546490,66.485069
1982-12-22,31.207105,Training,6.005591,9.048086,11.582411,16.582655,20.391953,22.936615,24.567715,28.058958,35.990990,41.031075,60.979004
1982-12-23,23.246109,Training,5.659050,8.223472,10.588848,14.816557,17.692188,19.666706,21.091627,23.918253,29.814337,34.104279,47.565510
1982-12-24,16.505799,Training,5.223343,7.292425,9.376079,12.868371,15.071286,16.622988,17.845545,20.110792,24.453491,27.764448,37.588150
1982-12-25,12.896814,Training,5.152277,6.903842,8.767244,11.855971,13.702149,15.008402,16.003952,17.886635,21.339531,23.607708,31.680840
1982-12-26,10.826955,Training,4.246431,5.626541,7.203469,9.864875,11.512655,12.696996,13.538065,15.202032,18.141788,19.732178,26.407997
1982-12-27,9.340902,Training,3.299845,4.372281,5.676699,7.949811,9.462360,10.552891,11.289667,12.814170,15.476256,16.728926,22.514725
1982-12-28,8.757096,Training,2.505752,3.442146,4.498055,6.518889,7.904876,8.878999,9.602634,11.071921,13.590233,14.669757,19.488201
1982-12-29,7.854850,Training,1.996488,2.746345,3.645395,5.397780,6.697939,7.606031,8.250787,9.634985,12.036412,13.047993,17.743942
1982-12-30,7.111823,Training,1.865141,2.571725,3.428834,5.121901,6.386767,7.262699,7.880654,9.252383,11.620454,12.557168,17.276934
1982-12-31,6.421870,Training,1.355602,1.938636,2.616739,4.062255,5.205871,6.004244,6.579993,7.872866,10.109002,11.036366,15.376785
1983-01-01,5.838064,Training,0.954335,1.415314,1.897025,3.116014,4.068491,4.783201,5.324436,6.513652,8.509064,9.338707,13.790853
1983-01-02,5.360404,Training,0.923546,1.381742,1.854000,3.057694,3.998835,4.699915,5.232057,6.412913,8.394776,9.202990,13.645761
1983-01-03,5.148111,Training,0.893864,1.350778,1.833233,3.016843,3.972166,4.668318,5.186387,6.367292,8.365005,9.199786,13.453330
1983-01-04,5.041964,Training,0.910856,1.379596,1.884170,3.087568,4.070955,4.776859,5.289007,6.491853,8.536059,9.379760,13.562964
1983-01-05,4.935818,Training,0.602019,0.979348,1.375450,2.334269,3.202769,3.820546,4.283325,5.381268,7.212157,8.101423,11.634175
1983-01-06,5.148111,Training,0.551506,0.985408,1.352383,2.336122,3.209324,3.769912,4.287234,5.420327,7.270847,8.220634,11.218114
1983-01-07,5.148111,Training,0.606349,1.082113,1.470001,2.539015,3.467963,4.036132,4.596503,5.789630,7.737382,8.813692,11.910059
1983-01-08,4.617378,Training,0.379461,0.740569,1.053184,1.897066,2.671673,3.200895,3.686004,4.784944,6.524866,7.479961,10.345063
1983-01-09,4.086645,Training,0.276376,0.526845,0.772375,1.375085,1.986826,2.444917,2.830979,3.738534,5.077361,5.824868,8.519883
1983-01-10,3.980498,Training,0.300685,0.541986,0.787896,1.370694,1.969071,2.420073,2.792256,3.664692,4.939250,5.658388,8.352086
1983-01-11,4.245865,Training,0.306691,0.544553,0.787793,1.362551,1.952961,2.399765,2.766424,3.625716,4.870319,5.569666,8.232544
1983-01-12,4.564305,Training,0.292719,0.528640,0.764617,1.330417,1.909300,2.347564,2.713406,3.568881,4.795138,5.479102,8.074080
1983-01-13,4.564305,Training,0.313307,0.558086,0.783047,1.371731,1.987407,2.435511,2.812016,3.681017,4.951604,5.721651,8.557775
1983-01-14,4.776598,Training,0.277274,0.507460,0.751189,1.312358,1.900283,2.362615,2.720761,3.586002,4.861321,5.596661,8.405406
1983-01-15,4.511231,Training,0.283460,0.525955,0.765145,1.337510,1.923742,2.371556,2.744804,3.618310,4.884683,5.614034,8.266604
1983-01-16,4.033571,Training,0.288673,0.551521,0.792848,1.401767,2.007188,2.453657,2.847084,3.756732,5.066940,5.823167,8.463959
1983-01-17,3.980498,Training,0.292703,0.562758,0.796017,1.413052,2.010985,2.443383,2.848960,3.763628,5.047482,5.804407,8.324821
1983-01-18,3.715132,Training,0.298899,0.570944,0.803123,1.424095,2.022813,2.449685,2.859141,3.775521,5.044032,5.811333,8.286304
1983-01-19,3.396692,Training,0.304266,0.572865,0.806387,1.423951,2.020305,2.456667,2.855652,3.761567,5.031270,5.765311,8.285754
1983-01-20,2.972105,Training,0.316477,0.592219,0.828174,1.458706,2.061930,2.498414,2.901867,3.813049,5.085495,5.826298,8.329997
1983-01-21,2.759812,Training,0.332088,0.613096,0.854740,1.497078,2.112469,2.556403,2.958753,3.870766,5.158193,5.897186,8.441841
1983-01-22,2.494445,Training,0.346622,0.632327,0.881299,1.535164,2.161162,2.611639,3.013857,3.929558,5.231105,5.971688,8.539716
1983-01-23,2.229079,Training,0.369571,0.673247,0.930472,1.614241,2.267082,2.701769,3.128817,4.070962,5.371424,6.200869,8.674574
1983-01-24,2.069859,Training,0.413151,0.730987,1.014890,1.728544,2.436040,2.867352,3.309224,4.273989,5.614521,6.533391,9.050997
1983-01-25,2.229079,Training,0.442019,0.771829,1.070785,1.811507,2.548847,2.985253,3.435024,4.416675,5.796823,6.747461,9.314428
1983-01-26,2.229079,Training,0.383996,0.681786,0.950418,1.621337,2.292231,2.714834,3.139597,4.075384,5.352361,6.239403,8.723603
1983-01-27,2.229079,Training,0.385564,0.692899,0.953227,1.644820,2.296726,2.743568,3.162630,4.096486,5.405677,6.203974,8.738565
1983-01-28,2.016786,Training,0.395739,0.710338,0.974498,1.680788,2.343750,2.792058,3.216381,4.159308,5.480158,6.292823,8.822738
1983-01-29,1.857566,Training,0.413395,0.739035,1.012847,1.743668,2.429423,2.881624,3.315634,4.275874,5.625075,6.469970,9.009785
1983-01-30,1.804492,Training,0.443719,0.790596,1.081708,1.863046,2.584476,3.056929,3.503058,4.496479,5.926325,6.785243,9.398409
1983-01-31,1.804492,Training,0.509585,0.906720,1.244535,2.158254,2.971756,3.494555,3.972237,5.065991,6.707122,7.614242,10.384809
1983-02-01,1.751419,Training,0.379744,0.666254,0.914856,1.554977,2.165959,2.605120,2.994009,3.868022,5.093077,5.816657,8.342751
1983-02-02,1.592199,Training,0.393243,0.690529,0.941238,1.596349,2.215424,2.651041,3.048950,3.930530,5.158538,5.901314,8.402595
1983-02-03,1.432979,Training,0.404144,0.708702,0.963386,1.628374,2.259925,2.687112,3.094548,3.984986,5.204812,5.992252,8.452704
1983-02-04,1.432979,Training,0.416683,0.725646,0.983636,1.655880,2.289103,2.725366,3.130398,4.017921,5.254828,6.023077,8.538294
1983-02-05,1.273759,Training,0.418590,0.728544,0.989535,1.661175,2.307166,2.731038,3.142765,4.037392,5.256293,6.082167,8.553908
1983-02-06,1.220686,Training,0.417270,0.731233,0.985821,1.663905,2.306874,2.738919,3.149332,4.041997,5.281878,6.086315,8.630033
1983-02-07,1.220686,Training,0.420526,0.710307,0.979353,1.632745,2.279942,2.743587,3.118280,3.985816,5.251668,6.011536,8.784258
1983-02-08,1.220686,Training,0.423769,0.684717,0.941579,1.600562,2.237899,2.738819,3.093771,3.940468,5.210917,5.960352,9.344802
1983-02-09,1.114539,Training,0.396478,0.651894,0.891406,1.555018,2.142211,2.646908,3.003859,3.845731,5.091688,5.744694,9.302806
1983-02-10,1.061466,Training,0.414202,0.680253,0.922840,1.598351,2.195605,2.699527,3.059618,3.902348,5.153406,5.811481,9.393145
1983-02-11,1.167613,Training,0.439655,0.689938,0.911976,1.618409,2.246017,2.777614,3.164623,4.020730,5.331015,6.069596,10.345217
1983-02-12,1.539126,Training,0.375512,0.660762,0.886776,1.580551,2.177178,2.698445,3.069917,3.935953,5.256366,5.943675,10.043211
1983-02-13,1.432979,Training,0.342742,0.615075,0.824203,1.493311,2.063395,2.567042,2.930646,3.788540,5.060747,5.703961,9.753969
1983-02-14,1.432979,Training,0.340053,0.612132,0.842958,1.522968,2.128490,2.649737,3.030203,3.933482,5.299961,6.023890,10.118934
1983-02-15,1.698346,Training,0.391045,0.637776,0.855302,1.558737,2.212630,2.770658,3.195979,4.107009,5.549563,6.402338,11.236522
1983-02-16,1.486053,Training,0.348676,0.636463,0.917100,1.593034,2.269057,2.832307,3.223760,4.164822,5.692352,6.608599,10.672151
1983-02-17,1.273759,Training,0.406406,0.695775,0.993443,1.696048,2.484080,3.089177,3.523763,4.510996,6.215977,7.420539,12.070384
1983-02-18,1.220686,Training,0.461030,0.950789,1.368218,2.296211,3.362770,4.005313,4.711328,6.039046,8.627512,10.833126,16.189619
1983-02-19,1.379906,Training,0.491109,0.997992,1.477825,2.448430,3.680062,4.352850,5.147675,6.684105,9.641915,12.552308,18.861425
1983-02-20,1.061466,Training,0.743635,1.517928,2.136187,3.589520,5.405252,6.398503,7.670979,9.882854,14.558728,18.813015,28.616310
1983-02-21,2.176006,Training,0.960353,2.245359,3.117428,5.334151,8.289138,9.848006,11.807039,15.728352,23.145859,28.632580,43.900188
1983-02-22,3.237472,Training,1.503721,3.311287,4.525005,7.574387,11.485435,13.492599,15.877230,21.011618,29.738949,35.675121,53.696129
1983-02-23,7.005677,Training,2.086108,4.116325,5.435731,8.935957,12.703781,14.282801,16.471037,20.718796,27.972597,33.323475,48.786743
1983-02-24,5.466551,Training,2.081222,3.822841,5.168301,8.388502,11.746340,13.159564,15.001721,18.711227,24.945677,30.396624,43.775547
1983-02-25,8.332509,Training,1.972636,3.738654,5.231122,8.539377,12.061651,13.571013,15.722157,19.713469,26.641346,32.361622,46.912876
1983-02-26,10.190075,Training,2.685908,4.396487,5.719296,8.677503,11.271366,12.702428,14.196285,16.861898,21.457834,25.833889,35.613819
1983-02-27,6.581090,Training,2.751637,4.227460,5.450749,8.092665,10.096574,11.457194,12.645277,14.783227,18.336857,21.627008,29.636507
1983-02-28,4.723524,Training,2.636068,3.909140,5.092247,7.482807,9.220864,10.435497,11.465821,13.351298,16.285868,18.932039,25.535044
1983-03-01,4.245865,Training,2.338426,3.393710,4.453883,6.595691,8.202007,9.202037,10.119015,11.840465,14.411942,16.628721,22.132942
1983-03-02,3.662058,Training,1.783678,2.625411,3.459347,5.210342,6.626441,7.380583,8.175938,9.674765,11.974117,13.718583,18.156958
1983-03-03,2.972105,Training,1.601399,2.366342,3.140082,4.787962,6.120228,6.801569,7.540348,9.002978,11.218785,12.695060,16.774099
1983-03-04,2.653665,Training,1.450895,2.158589,2.902630,4.483584,5.757188,6.390728,7.089847,8.556170,10.738658,12.003626,15.811050
1983-03-05,2.441372,Training,1.393547,2.059172,2.839439,4.444470,5.722642,6.367617,7.045021,8.610686,10.880144,12.010263,15.735419
1983-03-06,2.229079,Training,1.244585,1.893850,2.525276,3.915258,5.065220,5.611712,6.233762,7.524565,9.443110,10.501729,13.854250
1983-03-07,2.069859,Training,1.310969,1.980408,2.638462,4.108644,5.324961,5.881511,6.516187,7.853289,9.840194,10.952044,14.530485
1983-03-08,2.016786,Training,1.180350,1.823131,2.403015,3.722730,4.835349,5.363163,5.954556,7.140590,8.947424,10.022778,13.317369
1983-03-09,1.963712,Training,1.184650,1.836139,2.400789,3.709872,4.791960,5.341112,5.927439,7.067790,8.805368,9.910029,13.144328
1983-03-10,1.910639,Training,1.115628,1.743762,2.295249,3.565179,4.632965,5.167639,5.742235,6.872116,8.609667,9.707702,12.921309
1983-03-11,1.804492,Training,0.969575,1.545963,2.030333,3.168810,4.166096,4.657872,5.198534,6.249389,7.871576,8.941113,12.012835
1983-03-12,1.698346,Training,0.848966,1.376103,1.806486,2.836313,3.760831,4.233410,4.742043,5.734493,7.244504,8.292210,11.233926
1983-03-13,1.592199,Training,0.752070,1.239381,1.621246,2.572590,3.471710,3.912258,4.400023,5.373442,6.815594,7.904101,10.932896
1983-03-14,1.432979,Training,0.751454,1.248199,1.643503,2.626139,3.492684,3.986373,4.479158,5.457026,6.942625,8.008224,10.950027
1983-03-15,1.432979,Training,0.633704,1.070660,1.400963,2.266032,3.061452,3.521314,3.988426,4.918581,6.284114,7.353324,10.248650
1983-03-16,1.432979,Training,0.514226,0.880231,1.173371,1.904768,2.595790,3.033899,3.455694,4.344598,5.586499,6.560454,9.262307
1983-03-17,1.379906,Training,0.467957,0.809649,1.097236,1.783996,2.475267,2.882603,3.291747,4.188360,5.418988,6.358364,9.083743
1983-03-18,1.432979,Training,0.369243,0.696450,0.965817,1.608040,2.239919,2.624581,3.013877,3.921016,5.107862,5.901894,8.558754
1983-03-19,1.432979,Training,0.324514,0.661249,0.912999,1.541601,2.139362,2.515188,2.896324,3.787690,4.938431,5.661348,8.211839
1983-03-20,1.592199,Training,0.366558,0.687504,0.940891,1.551328,2.155217,2.519258,2.895592,3.760932,4.864700,5.593229,8.103854
1983-03-21,1.592199,Training,0.400616,0.703789,0.942405,1.542098,2.167760,2.517539,2.894473,3.744409,4.816422,5.631432,8.212646
1983-03-22,1.751419,Training,0.349937,0.621046,0.847508,1.388461,1.950400,2.307017,2.666549,3.467897,4.501781,5.287358,7.698633
1983-03-23,1.804492,Training,0.316564,0.561377,0.767121,1.267569,1.795578,2.140229,2.490661,3.264886,4.256032,5.030407,7.369824
1983-03-24,1.698346,Training,0.479195,0.829357,1.086014,1.778869,2.431692,2.841923,3.254154,4.110144,5.279944,6.219571,8.864386
1983-03-25,1.751419,Training,0.545159,0.937641,1.222296,1.987263,2.658428,3.114013,3.536820,4.409096,5.681178,6.555821,9.302990
1983-03-26,2.812885,Training,0.511290,0.881446,1.160165,1.887262,2.552905,2.983034,3.404545,4.273566,5.487745,6.407411,9.032301
1983-03-27,2.388299,Training,0.531305,0.923938,1.201031,1.970797,2.674349,3.110824,3.549223,4.442352,5.711741,6.705658,9.510433
1983-03-28,2.069859,Training,0.522177,0.923896,1.203287,1.987489,2.687905,3.151502,3.591504,4.497820,5.834029,6.837350,9.798152
1983-03-29,2.176006,Training,0.508704,0.899334,1.194515,1.964125,2.652041,3.122656,3.558600,4.470752,5.805125,6.800445,9.657162
1983-03-30,2.016786,Training,0.524561,0.919945,1.230845,2.013813,2.735759,3.194776,3.641668,4.568689,5.911849,6.964283,9.805402
1983-03-31,1.963712,Training,0.573652,1.003167,1.335288,2.184391,2.976296,3.437214,3.910397,4.873641,6.298706,7.442258,10.423597
1983-04-01,1.804492,Training,0.485135,0.869284,1.152245,1.917094,2.623371,3.069743,3.514988,4.439368,5.765747,6.820686,9.689810
1983-04-02,1.804492,Training,0.498095,0.898508,1.189847,1.989214,2.691523,3.171993,3.616650,4.549855,5.958737,6.918122,9.844728
1983-04-03,1.804492,Training,0.422965,0.767412,1.024354,1.711071,2.324052,2.768481,3.174061,4.039489,5.293330,6.133589,8.831442
1983-04-04,1.857566,Training,0.398227,0.728818,0.965348,1.622843,2.238454,2.642824,3.055649,3.914974,5.100557,6.037923,8.677032
1983-04-05,2.016786,Training,0.279486,0.536397,0.745510,1.265210,1.791970,2.158030,2.524745,3.325814,4.404699,5.283461,7.770264
1983-04-06,1.963712,Training,0.250440,0.487800,0.687114,1.175473,1.685487,2.039666,2.396310,3.189929,4.256606,5.138453,7.643011
1983-04-07,1.910639,Training,0.361463,0.673466,0.937038,1.587117,2.255844,2.670255,3.092214,4.021098,5.334026,6.494435,9.556652
1983-04-08,2.122932,Training,0.511391,0.979449,1.376068,2.304451,3.170808,3.672634,4.169618,5.275414,7.021827,8.303475,11.982195
1983-04-09,2.016786,Training,0.514286,0.926659,1.288015,2.116033,2.918804,3.401470,3.869656,4.886951,6.431941,7.653337,10.890277
1983-04-10,1.963712,Training,0.564769,1.014876,1.393852,2.306706,3.200492,3.671739,4.168251,5.247708,6.886415,8.248433,11.853858
1983-04-11,1.910639,Training,0.647784,1.142786,1.547793,2.545262,3.423643,3.967653,4.477420,5.553907,7.232626,8.522331,11.856401
1983-04-12,2.388299,Training,0.490249,0.904405,1.253056,2.086668,2.878981,3.338328,3.802985,4.830808,6.359714,7.497029,10.662951
1983-04-13,1.751419,Training,0.317795,0.764137,1.109938,1.959288,2.681834,3.150757,3.615288,4.683588,6.317501,7.284213,10.360866
1983-04-14,1.645273,Training,0.310281,0.794882,1.166838,2.109246,2.877856,3.358391,3.853295,4.985072,6.775077,7.727896,10.771130
1983-04-15,1.804492,Training,0.169632,0.583622,0.916561,1.735185,2.407627,2.844920,3.304816,4.400231,5.990168,6.855798,9.560049
1983-04-16,1.539126,Training,0.233200,0.627701,0.878102,1.565145,2.174970,2.554006,2.965378,3.887745,5.166402,5.958650,8.674521
1983-04-17,6.368797,Training,0.458259,0.868326,1.237774,2.050241,2.895461,3.387775,3.928694,5.029081,6.699111,8.223150,11.924788
1983-04-18,7.430263,Training,0.626437,1.283602,1.727038,2.926242,4.046489,4.865382,5.617527,7.036464,9.876931,12.341990,18.947453
1983-04-19,4.511231,Training,0.887220,1.858845,2.404973,4.100290,5.683908,6.888631,8.031962,10.097809,14.418113,17.914581,27.209272
1983-04-20,5.095038,Training,1.118722,2.367664,2.948442,4.957575,6.804655,8.058882,9.273180,11.557734,16.043905,19.628366,29.760017
1983-04-21,3.715132,Training,1.401047,2.853026,3.536365,5.909337,8.110689,9.513764,11.035021,13.730539,18.769566,23.113863,33.317272
1983-04-22,10.296222,Training,2.540096,5.259875,6.319967,10.467323,14.236133,16.235638,18.500305,22.914825,30.153469,36.322132,51.857384
1983-04-23,14.860526,Training,2.925064,5.712001,6.706256,11.016496,14.617398,16.642647,19.125105,23.197975,30.606747,36.196491,51.733887
1983-04-24,35.293750,Training,3.077326,5.930233,6.966498,11.369958,15.026959,16.982319,19.519470,23.737339,31.039543,36.977978,52.157486
1983-04-25,35.028383,Training,3.432518,6.507486,7.556538,12.301499,15.994750,18.022219,20.620731,24.887428,32.487381,38.368816,54.625877
1983-04-26,20.592444,Training,3.268287,6.210474,7.229560,11.830321,15.444320,17.373697,19.895452,24.063051,31.482225,37.386345,53.040245
1983-04-27,13.480620,Training,3.023975,5.729340,6.769887,10.891704,14.189900,15.813336,17.906717,21.489262,27.779888,33.215080,46.989960
1983-04-28,10.933102,Training,2.349788,4.446091,5.295811,8.722818,11.576561,13.012078,14.981709,18.307270,24.127438,29.533627,41.337868
1983-04-29,9.553195,Training,2.860798,5.679374,6.745919,11.289157,15.137044,17.028822,19.583893,24.355556,31.973434,38.507484,54.270809
1983-04-30,29.774126,Training,3.205570,6.381585,7.579756,12.662354,16.916916,18.954987,21.797741,27.178034,35.464039,42.394104,59.988323
1983-05-01,32.640085,Training,3.043851,5.915630,7.061808,11.549629,15.348821,17.047901,19.592585,23.747858,31.179832,37.099762,52.670341
1983-05-02,27.332754,Training,2.128619,4.184358,5.135467,8.584045,11.671581,12.972852,14.900892,18.430550,24.548008,30.257959,43.227856
1983-05-03,16.930385,Training,2.297745,4.555858,5.744965,9.770647,13.119306,14.484258,16.521366,20.222466,26.763832,32.666969,46.941864
1983-05-04,11.941494,Training,3.796077,6.335073,8.273699,12.835708,15.813628,17.716867,19.385324,22.699064,28.379665,33.338257,46.806026
1983-05-05,9.393976,Training,6.792989,10.124920,12.813549,18.933594,22.369907,23.948792,26.779972,30.095894,36.629185,43.616367,60.569195
1983-05-06,9.765489,Training,5.318342,8.220645,10.618588,15.543158,18.605047,20.576849,22.389917,25.744814,31.795750,37.192486,52.995083
1983-05-07,9.393976,Training,3.214571,5.045555,6.683639,9.983917,12.275237,13.646437,15.069659,17.489101,21.693747,25.419731,35.613461
1983-05-08,7.111823,Training,2.863198,4.430085,5.820479,8.633895,10.578972,11.717173,12.955913,14.968704,18.312189,21.370827,29.699663
1983-05-09,5.466551,Training,1.910867,3.144057,4.158001,6.450626,8.124389,8.984647,10.088350,11.882038,14.851692,17.313650,24.066299
1983-05-10,4.458158,Training,1.761498,2.889962,3.750843,5.795338,7.247777,8.079254,9.048905,10.606027,13.121224,15.249240,20.878895
1983-05-11,3.980498,Training,1.227209,2.172703,2.829295,4.536151,5.896920,6.556364,7.448996,8.909354,11.324852,13.495094,18.851570
1983-05-12,10.083929,Training,1.135053,2.128156,2.800411,4.545063,6.085614,6.885624,8.002961,9.670610,12.754704,16.114546,23.190132
1983-05-13,16.505799,Training,1.247988,2.590408,3.246669,5.324874,7.137454,8.132546,9.341289,11.315271,15.044169,18.830692,27.938583
1983-05-14,13.799060,Training,1.448349,2.866208,3.559601,5.820015,7.689173,8.802784,10.131426,12.183180,16.105904,20.089920,29.184275
1983-05-15,11.676128,Training,1.663154,3.380593,4.157078,6.780938,9.015200,10.237249,11.708609,14.061920,18.473103,22.890520,33.382477
1983-05-16,24.254502,Training,1.901423,3.815055,4.670017,7.594124,10.085619,11.402204,13.065904,15.603371,20.395309,25.204550,36.335640
1983-05-17,24.997528,Training,2.007024,4.024939,4.898038,7.833323,10.356143,11.608906,13.218808,15.754930,20.340765,25.020618,36.132156
1983-05-18,21.229323,Training,1.801879,3.367672,4.310228,6.607124,8.556417,9.676648,10.999912,13.017713,16.681372,20.369823,28.576769
1983-05-19,12.153788,Training,1.615312,2.865744,3.714906,5.618298,7.178485,8.140064,9.232369,10.858623,13.767607,16.706680,23.201508
1983-05-20,7.164897,Training,1.525703,2.709277,3.402055,5.261555,6.707639,7.534111,8.562969,10.045752,12.664565,15.407269,21.694075
1983-05-21,5.891137,Training,1.447940,2.648951,3.303352,5.243766,6.748097,7.607791,8.718365,10.308596,13.269242,16.366808,23.426138
1983-05-22,4.564305,Training,1.248013,2.315086,3.063568,4.789605,6.233383,7.116179,8.144514,9.741733,12.649037,15.552803,21.830612
1983-05-23,3.715132,Training,1.130323,2.088499,2.749116,4.318379,5.651852,6.423636,7.354561,8.801805,11.392157,13.981342,19.634596
1983-05-24,3.715132,Training,0.927081,1.753585,2.390364,3.828632,5.063152,5.769504,6.618554,8.055015,10.580118,12.862700,18.134474
1983-05-25,3.715132,Training,0.641134,1.401371,1.988845,3.378418,4.462378,5.138323,5.961604,7.433522,9.949986,11.902030,16.608212
1983-05-26,3.555912,Training,0.576195,1.321222,1.894662,3.275531,4.309893,4.981130,5.779956,7.240315,9.712586,11.532882,15.967532
1983-05-27,3.343618,Training,0.769566,1.516910,2.086734,3.454617,4.543974,5.159838,5.915005,7.275591,9.537465,11.230512,15.534589
1983-05-28,3.343618,Training,0.784373,1.513577,2.058064,3.388414,4.463675,5.056491,5.781597,7.086803,9.258371,10.873647,15.013478
1983-05-29,3.184398,Training,0.709652,1.400698,1.913432,3.177733,4.204889,4.778074,5.476941,6.748618,8.863578,10.386892,14.336754
1983-05-30,3.184398,Training,0.586264,1.268214,1.756613,3.022095,4.028374,4.585183,5.294143,6.601312,8.777028,10.292915,14.276794
1983-05-31,4.405085,Training,0.577128,1.218548,1.780513,3.071968,4.299514,4.918010,5.877362,7.476045,10.373650,13.341107,19.331585
1983-06-01,4.564305,Training,0.419615,1.250274,1.757691,3.170310,4.483699,5.222084,6.188588,7.918616,11.367290,14.559136,22.405115
1983-06-02,4.564305,Training,0.459613,1.178267,1.724942,2.978333,4.092111,4.838583,5.710863,7.277436,10.256031,12.838002,18.800753
1983-06-03,4.564305,Training,0.312717,0.964008,1.465394,2.627450,3.559608,4.261605,5.050000,6.501683,9.175711,11.346800,16.392851
1983-06-04,4.564305,Training,0.169586,0.751222,1.165978,2.170492,2.917846,3.544975,4.231011,5.543818,7.844773,9.625803,13.893402
1983-06-05,4.882744,Training,0.158102,0.674304,1.009628,1.914129,2.626774,3.140219,3.818916,5.089952,7.147440,9.031847,13.362147
1983-06-06,6.050357,Training,0.159195,0.741962,1.078343,2.008021,2.747607,3.305745,3.973499,5.259789,7.487744,9.356814,14.151348
1983-06-07,5.678844,Training,0.186926,0.764151,1.098729,2.033217,2.784560,3.335784,4.015806,5.313761,7.526615,9.446291,14.184516
1983-06-08,5.466551,Training,0.200836,0.690737,1.034719,1.838280,2.508180,3.039615,3.633959,4.810394,6.770727,8.342810,12.421857
1983-06-09,5.360404,Training,0.132034,0.558209,0.830791,1.466622,1.973827,2.431074,2.915641,3.912201,5.416924,6.543809,9.827546
1983-06-10,5.148111,Training,0.091114,0.507015,0.763884,1.373948,1.842074,2.279516,2.743894,3.699515,5.116435,6.148819,9.213211
1983-06-11,4.935818,Training,0.091823,0.464304,0.691120,1.220233,1.640672,2.029666,2.445895,3.308143,4.523142,5.398899,8.127850
1983-06-12,4.829671,Training,0.059571,0.385223,0.581086,1.023634,1.383495,1.724972,2.093020,2.864319,3.916792,4.661794,7.099892
1983-06-13,4.829671,Training,0.040606,0.356662,0.547128,0.975809,1.320582,1.653462,2.010087,2.762525,3.775871,4.473946,6.800494
1983-06-14,4.829671,Training,-0.030005,0.301399,0.497785,0.954363,1.292832,1.637708,1.995385,2.784917,3.820850,4.500215,6.770864
1983-06-15,5.148111,Training,-0.048333,0.269588,0.474552,0.926199,1.268157,1.618895,1.968690,2.795656,3.845220,4.524412,6.798376
1983-06-16,5.201184,Training,-0.052038,0.271613,0.469489,0.919520,1.253793,1.599788,1.949523,2.747202,3.800853,4.491539,6.790462
1983-06-17,4.776598,Training,-0.017393,0.302920,0.489182,0.924318,1.257330,1.589435,1.936651,2.685385,3.705564,4.381316,6.657427
1983-06-18,4.564305,Training,-0.059380,0.252522,0.442129,0.887485,1.218269,1.554208,1.898021,2.688663,3.719157,4.377880,6.595093
1983-06-19,4.458158,Training,-0.050451,0.252034,0.429496,0.841471,1.154171,1.469337,1.797540,2.532917,3.503792,4.128937,6.257300
1983-06-20,3.715132,Training,-0.029926,0.221442,0.371663,0.678920,0.942459,1.205924,1.482930,2.090157,2.874483,3.386062,5.300190
1983-06-21,3.184398,Training,-0.011895,0.214285,0.349585,0.618730,0.867898,1.106604,1.364816,1.927789,2.641687,3.115024,4.936140
1983-06-22,3.078252,Training,0.007346,0.226857,0.362175,0.631980,0.889016,1.127718,1.387171,1.954318,2.672510,3.146662,4.967712
1983-06-23,2.919032,Training,0.008420,0.234436,0.369451,0.645328,0.901952,1.142925,1.408250,1.982738,2.721848,3.214970,5.067778
1983-06-24,2.919032,Training,0.016521,0.240102,0.372520,0.648152,0.912777,1.149134,1.411571,1.979139,2.700325,3.184924,5.030362
1983-06-25,3.502838,Training,0.005306,0.232368,0.356437,0.631574,0.894017,1.123110,1.381681,1.941386,2.656962,3.149152,5.017032
1983-06-26,2.972105,Training,-0.007652,0.185466,0.307464,0.532028,0.763843,0.975061,1.201014,1.703388,2.327608,2.744131,4.457718
1983-06-27,2.335226,Training,-0.018058,0.167778,0.284085,0.494046,0.713354,0.915428,1.131663,1.613716,2.209903,2.609655,4.278551
1983-06-28,1.963712,Training,-0.045147,0.144188,0.257286,0.463493,0.671154,0.869634,1.079541,1.551445,2.134725,2.521138,4.157753
1983-06-29,1.645273,Training,-0.068090,0.125566,0.236959,0.442281,0.641748,0.838580,1.044619,1.513698,2.086271,2.461631,4.069036
1983-06-30,1.167613,Training,-0.043712,0.145297,0.257187,0.461075,0.667260,0.864315,1.074184,1.544716,2.124449,2.510630,4.147337
1983-07-01,1.432979,Training,-0.027843,0.154632,0.265948,0.467069,0.677811,0.874000,1.084047,1.555619,2.136178,2.526345,4.176049
1983-07-02,1.432979,Training,-0.024393,0.157336,0.267627,0.471765,0.686366,0.883606,1.095505,1.572234,2.159364,2.550779,4.209183
1983-07-03,1.698346,Training,-0.042412,0.148541,0.255032,0.463967,0.674856,0.871183,1.083402,1.558643,2.146480,2.535589,4.192204
1983-07-04,2.069859,Training,-0.036321,0.152202,0.261200,0.467364,0.678945,0.876018,1.088403,1.564019,2.152562,2.544006,4.204280
1983-07-05,1.963712,Training,-0.039303,0.148931,0.257916,0.459417,0.666697,0.861812,1.072255,1.542240,2.123080,2.511171,4.158558
1983-07-06,1.804492,Training,-0.029871,0.156358,0.269968,0.476262,0.690698,0.891321,1.105586,1.586586,2.183201,2.578807,4.249091
1983-07-07,1.910639,Training,-0.014025,0.174291,0.285401,0.494947,0.717761,0.917104,1.135574,1.619384,2.222399,2.631290,4.334631
1983-07-08,2.016786,Training,-0.037724,0.164047,0.266910,0.479879,0.695558,0.889451,1.106529,1.581694,2.176751,2.586452,4.291832
1983-07-09,2.335226,Training,-0.070119,0.150182,0.246356,0.470744,0.681495,0.873218,1.090704,1.564092,2.166347,2.592680,4.340234
1983-07-10,2.441372,Training,-0.083024,0.148436,0.249427,0.484241,0.698333,0.897468,1.118037,1.603604,2.239333,2.699223,4.542769
1983-07-11,2.812885,Training,-0.047425,0.160860,0.291791,0.513917,0.734715,0.956085,1.178973,1.687466,2.361030,2.831751,4.709592
1983-07-12,2.812885,Training,-0.042854,0.168253,0.304095,0.532330,0.757509,0.985628,1.214781,1.734613,2.428385,2.913062,4.819077
1983-07-13,2.335226,Training,-0.046014,0.165789,0.300547,0.526933,0.748890,0.976008,1.204861,1.723374,2.417775,2.901964,4.804641
1983-07-14,1.910639,Training,-0.035128,0.161586,0.284691,0.495526,0.712458,0.924045,1.143508,1.637839,2.280468,2.722348,4.519546
1983-07-15,1.751419,Training,-0.026342,0.165659,0.285142,0.491003,0.707444,0.914261,1.133510,1.623293,2.252044,2.681838,4.444304
1983-07-16,1.592199,Training,-0.055038,0.150444,0.258125,0.468171,0.676801,0.876529,1.094059,1.574730,2.193109,2.613365,4.358383
1983-07-17,1.379906,Training,-0.069290,0.151983,0.251021,0.475256,0.688226,0.885363,1.107237,1.592983,2.224218,2.667450,4.472943
1983-07-18,2.547519,Training,-0.055338,0.171081,0.276745,0.521283,0.750407,0.944278,1.185553,1.690627,2.365862,2.932433,4.967719
1983-07-19,3.078252,Training,-0.069483,0.195604,0.323166,0.585561,0.831727,1.064816,1.309233,1.868252,2.697286,3.352232,5.771873
1983-07-20,2.919032,Training,-0.051408,0.197027,0.354637,0.603919,0.842339,1.100119,1.351019,1.927555,2.782917,3.419440,5.764453
1983-07-21,2.812885,Training,-0.069739,0.189428,0.327071,0.586994,0.826193,1.071771,1.320686,1.884151,2.716914,3.345412,5.662098
1983-07-22,2.706739,Training,-0.053712,0.196798,0.344066,0.604082,0.846424,1.100976,1.356110,1.931916,2.773396,3.385396,5.654973
1983-07-23,2.547519,Training,-0.051960,0.184968,0.332327,0.580313,0.811321,1.061317,1.313106,1.877825,2.675927,3.233219,5.344270
1983-07-24,2.229079,Training,-0.061477,0.189193,0.325375,0.586379,0.822107,1.067788,1.325653,1.892164,2.694305,3.255047,5.378121
1983-07-25,2.388299,Training,-0.041861,0.211219,0.342170,0.610107,0.858041,1.100190,1.365314,1.939379,2.747150,3.325348,5.482373
1983-07-26,2.441372,Training,-0.042934,0.196209,0.331124,0.582901,0.817837,1.058678,1.316233,1.880238,2.670599,3.220534,5.300154
1983-07-27,2.547519,Training,-0.046864,0.186212,0.320465,0.568649,0.798410,1.038347,1.292745,1.855402,2.647116,3.193102,5.246083
1983-07-28,2.282152,Training,-0.072557,0.153705,0.280605,0.509533,0.721456,0.948575,1.186769,1.718187,2.459272,2.963588,4.921160
1983-07-29,1.963712,Training,-0.098067,0.124314,0.237283,0.446549,0.646202,0.853406,1.074417,1.563966,2.223996,2.663434,4.492732
1983-07-30,1.751419,Training,-0.075933,0.138486,0.254828,0.461505,0.667234,0.875939,1.100820,1.594039,2.258251,2.701236,4.535127
1983-07-31,1.539126,Training,-0.068564,0.156871,0.261189,0.480869,0.698774,0.901915,1.133848,1.632568,2.308296,2.779907,4.688492
1983-08-01,1.804492,Training,-0.060077,0.148796,0.269206,0.476268,0.689722,0.902112,1.130283,1.632108,2.311426,2.766741,4.634002
1983-08-02,1.751419,Training,-0.052671,0.151098,0.272647,0.478708,0.693919,0.906829,1.136467,1.639791,2.317835,2.767863,4.615786
1983-08-03,1.592199,Training,-0.067762,0.137399,0.258264,0.464321,0.675348,0.888692,1.115168,1.617125,2.301239,2.752594,4.606842
1983-08-04,1.379906,Training,-0.060715,0.142977,0.260964,0.472491,0.687612,0.901332,1.131505,1.642190,2.340875,2.799980,4.662349
1983-08-05,1.220686,Training,-0.073965,0.128157,0.240250,0.445356,0.652166,0.858935,1.083274,1.581224,2.261557,2.703120,4.524894
1983-08-06,1.114539,Training,-0.078794,0.160190,0.276254,0.503995,0.718666,0.871785,1.112118,1.581244,2.242481,2.923053,5.108573
1983-08-07,2.229079,Training,-0.178577,0.130942,0.227869,0.458431,0.675203,0.860503,1.065067,1.533571,2.345572,3.062588,5.949340
1983-08-08,2.016786,Training,-0.108402,0.205991,0.319696,0.550678,0.786639,0.996883,1.225801,1.757496,2.647772,3.438131,6.440755
1983-08-09,1.857566,Training,-0.105730,0.128790,0.234665,0.424475,0.636990,0.827912,1.023033,1.481554,2.205390,2.808590,5.196716
1983-08-10,1.857566,Training,-0.083849,0.143116,0.258605,0.451294,0.670942,0.872390,1.076788,1.554673,2.315532,2.926779,5.329323
1983-08-11,2.016786,Training,-0.068447,0.157889,0.277925,0.469158,0.687817,0.893399,1.108108,1.595967,2.370667,2.984504,5.369362
1983-08-12,1.857566,Training,-0.064597,0.162626,0.278156,0.469323,0.685302,0.888213,1.108259,1.596650,2.365563,2.971196,5.319738
1983-08-13,1.804492,Training,-0.061830,0.154231,0.254936,0.437921,0.650401,0.839288,1.051812,1.519060,2.234289,2.802057,5.040930
1983-08-14,1.804492,Training,-0.063603,0.145923,0.244383,0.420937,0.628240,0.814134,1.025274,1.485758,2.183367,2.727712,4.899724
1983-08-15,1.804492,Training,-0.058401,0.150964,0.244860,0.424021,0.636224,0.820078,1.035318,1.499383,2.200427,2.752827,4.939488
1983-08-16,1.910639,Training,-0.067055,0.137207,0.238288,0.409376,0.613245,0.800949,1.014665,1.476259,2.178849,2.719915,4.877740
1983-08-17,1.804492,Training,-0.085076,0.108624,0.213672,0.374256,0.565476,0.753126,0.960074,1.410358,2.087759,2.588528,4.629296
1983-08-18,1.804492,Training,-0.109758,0.114831,0.191210,0.377527,0.579001,0.752279,0.966780,1.419201,2.119597,2.685019,4.896534
1983-08-19,1.804492,Training,-0.096551,0.114987,0.198826,0.374299,0.578438,0.754590,0.963013,1.412486,2.104321,2.652084,4.840004
1983-08-20,1.804492,Training,-0.089166,0.101748,0.200143,0.358603,0.553082,0.735969,0.939788,1.385165,2.065515,2.580292,4.666525
1983-08-21,1.804492,Training,-0.104275,0.094190,0.190284,0.358044,0.556782,0.742490,0.948416,1.400462,2.107458,2.645596,4.803847
1983-08-22,1.910639,Training,-0.102995,0.083505,0.186777,0.351689,0.549291,0.740229,0.946325,1.404357,2.117535,2.646564,4.765927
1983-08-23,1.804492,Training,-0.128168,0.057794,0.152404,0.318535,0.508145,0.693956,0.896568,1.348368,2.045395,2.544251,4.566195
1983-08-24,1.486053,Training,-0.146618,0.046029,0.137773,0.324713,0.518903,0.711518,0.924345,1.401839,2.163967,2.715316,4.824249
1983-08-25,1.432979,Training,-0.125824,0.058242,0.150615,0.340360,0.546620,0.739892,0.956318,1.439961,2.173445,2.677315,4.689022
1983-08-26,1.432979,Training,-0.121977,0.048275,0.126407,0.288277,0.481770,0.653888,0.849459,1.285616,1.925835,2.363805,4.227918
1983-08-27,1.379906,Training,-0.129324,0.028434,0.098143,0.232842,0.409691,0.564652,0.739164,1.131990,1.697374,2.086204,3.824670
1983-08-28,1.220686,Training,-0.120309,0.024629,0.086577,0.197226,0.364184,0.502343,0.660689,1.015425,1.514088,1.867549,3.511906
1983-08-29,1.220686,Training,-0.108726,0.027000,0.084352,0.182815,0.346355,0.475689,0.626421,0.962497,1.432371,1.774820,3.382837
1983-08-30,1.220686,Training,-0.100427,0.036257,0.085535,0.184740,0.352627,0.476999,0.628324,0.960439,1.430731,1.784178,3.422179
1983-08-31,1.220686,Training,-0.090223,0.041086,0.088324,0.185364,0.356235,0.478611,0.629407,0.961084,1.433015,1.795970,3.452551
1983-09-01,1.220686,Training,-0.092218,0.046067,0.078393,0.177516,0.353311,0.463895,0.612077,0.931771,1.387855,1.766518,3.466221
1983-09-02,1.379906,Training,-0.094540,0.040143,0.078334,0.169081,0.338895,0.450906,0.593014,0.905910,1.364697,1.744704,3.447475
1983-09-03,1.432979,Training,-0.057525,0.049872,0.094395,0.163270,0.327946,0.434340,0.568020,0.863685,1.289844,1.654851,3.289332
1983-09-04,1.326833,Training,-0.097169,0.020973,0.067972,0.141852,0.301669,0.411957,0.542952,0.840789,1.280981,1.645455,3.290097
1983-09-05,1.539126,Training,-0.145312,-0.013888,0.030026,0.114249,0.270449,0.384322,0.513315,0.818739,1.285532,1.668196,3.352552
1983-09-06,1.592199,Training,-0.133308,-0.012460,0.025218,0.089607,0.238708,0.334999,0.452680,0.728785,1.119508,1.459155,3.024131
1983-09-07,1.273759,Training,-0.102411,0.010265,0.043812,0.096656,0.243345,0.332136,0.447443,0.704418,1.065070,1.382552,2.890217
1983-09-08,1.220686,Training,-0.043518,0.048950,0.076930,0.122655,0.276735,0.361051,0.479987,0.735050,1.095358,1.430981,2.963334
1983-09-09,1.220686,Training,-0.041414,0.055084,0.077175,0.124235,0.281989,0.362909,0.483166,0.736906,1.092212,1.423978,2.952820
1983-09-10,1.220686,Training,-0.010727,0.070152,0.093810,0.134409,0.296349,0.376273,0.496425,0.750209,1.103238,1.439005,2.967867
1983-09-11,1.326833,Training,-0.002155,0.071707,0.097931,0.136013,0.298876,0.379778,0.500226,0.754859,1.109564,1.445422,2.970917
1983-09-12,1.326833,Training,-0.011798,0.064169,0.090257,0.129140,0.290743,0.372087,0.492618,0.747453,1.104069,1.439072,2.965031
1983-09-13,1.220686,Training,-0.016555,0.059489,0.084148,0.122285,0.282639,0.363002,0.482484,0.735320,1.089203,1.423045,2.943540
1983-09-14,1.220686,Training,-0.013344,0.060529,0.086202,0.124052,0.286624,0.367770,0.488153,0.743495,1.099347,1.433187,2.955570
1983-09-15,1.220686,Training,-0.045336,0.042425,0.065842,0.108967,0.268700,0.350889,0.471519,0.727413,1.087328,1.416820,2.939938
1983-09-16,1.220686,Training,-0.020064,0.055172,0.082021,0.122686,0.288185,0.372179,0.495160,0.756671,1.124272,1.463503,3.007710
1983-09-17,1.326833,Training,-0.064630,0.036960,0.051015,0.105252,0.271654,0.353468,0.478007,0.740108,1.119119,1.471457,3.067238
1983-09-18,1.698346,Training,-0.070321,0.023691,0.050188,0.101610,0.264949,0.354731,0.479089,0.748837,1.142533,1.493987,3.082647
1983-09-19,1.592199,Training,-0.071660,0.019142,0.048892,0.107008,0.276832,0.372968,0.501604,0.787225,1.211687,1.588157,3.230316
1983-09-20,1.539126,Training,-0.047213,0.034626,0.059104,0.099244,0.260682,0.342604,0.461913,0.717631,1.085580,1.431028,2.989341
1983-09-21,1.539126,Training,-0.029323,0.046350,0.076356,0.111873,0.275418,0.357401,0.478830,0.735214,1.091599,1.420221,2.941603
1983-09-22,1.432979,Training,-0.065100,0.022091,0.050183,0.087018,0.244075,0.325838,0.443183,0.693953,1.044559,1.359477,2.851714
1983-09-23,1.326833,Training,-0.077428,0.016096,0.043083,0.082815,0.241620,0.324341,0.442567,0.695793,1.051340,1.366957,2.871076
1983-09-24,1.220686,Training,-0.081278,0.009601,0.040750,0.079214,0.237311,0.322170,0.439961,0.695869,1.052218,1.365072,2.861743
1983-09-25,1.220686,Training,-0.073384,0.014592,0.044773,0.082641,0.241606,0.326226,0.445228,0.701170,1.060027,1.376238,2.880547
1983-09-26,1.220686,Training,-0.076752,0.012534,0.042399,0.081893,0.241489,0.327340,0.448067,0.706037,1.071560,1.390335,2.906340
1983-09-27,1.220686,Training,-0.067365,0.017639,0.044258,0.082781,0.242978,0.327370,0.448085,0.704739,1.070570,1.397082,2.922062
1983-09-28,1.167613,Training,-0.053447,0.027550,0.060298,0.099809,0.265512,0.354073,0.480218,0.746847,1.120634,1.445861,2.975734
1983-09-29,1.379906,Training,-0.045755,0.041737,0.067476,0.113063,0.287932,0.374675,0.505398,0.777398,1.158967,1.496962,3.074506
1983-09-30,1.432979,Training,-0.021828,0.048102,0.080089,0.116202,0.288437,0.375289,0.502826,0.771368,1.144513,1.479484,3.031204
1983-10-01,1.645273,Test,-0.013197,0.051916,0.083402,0.117571,0.290680,0.376643,0.504041,0.771369,1.142693,1.479013,3.029751
1983-10-02,1.539126,Test,-0.049267,0.026870,0.057702,0.093523,0.259207,0.346191,0.470556,0.734019,1.104648,1.430950,2.961856
1983-10-03,1.379906,Test,-0.058738,0.019029,0.045706,0.079741,0.241890,0.326276,0.446900,0.703598,1.066847,1.390932,2.909548
1983-10-04,1.379906,Test,-0.043887,0.033314,0.059904,0.099337,0.270907,0.358478,0.486081,0.755302,1.135414,1.473716,3.039014
1983-10-05,1.379906,Test,-0.043242,0.029067,0.048826,0.084528,0.252410,0.335390,0.457055,0.717675,1.091077,1.440115,3.008379
1983-10-06,1.432979,Test,-0.002751,0.054215,0.082167,0.109125,0.280136,0.362149,0.485312,0.745082,1.100647,1.433564,2.959475
1983-10-07,1.379906,Test,0.019920,0.069702,0.100946,0.128773,0.307822,0.392511,0.520257,0.787694,1.154132,1.494938,3.045249
1983-10-08,1.326833,Test,0.024081,0.071581,0.102351,0.129628,0.309166,0.394025,0.521931,0.789566,1.155724,1.496469,3.044993
1983-10-09,1.220686,Test,0.018421,0.067078,0.098695,0.126592,0.305162,0.391638,0.519963,0.789709,1.156378,1.494071,3.035190
1983-10-10,1.167613,Test,0.028426,0.073783,0.104648,0.132860,0.315340,0.402107,0.531524,0.803245,1.173404,1.516936,3.071173
1983-10-11,1.061466,Test,0.031999,0.074526,0.105798,0.133578,0.316372,0.404126,0.533600,0.806349,1.177888,1.523210,3.077778
1983-10-12,1.114539,Test,0.029201,0.073204,0.108829,0.139134,0.323958,0.416082,0.548617,0.829071,1.208220,1.551191,3.107117
1983-10-13,1.539126,Test,0.070091,0.110275,0.135754,0.191586,0.422686,0.516076,0.671894,0.982242,1.409942,1.846606,3.650908
1983-10-14,1.273759,Test,0.040165,0.108555,0.149948,0.212605,0.434696,0.547373,0.699501,1.018789,1.501604,1.947441,3.819263
1983-10-15,1.486053,Test,0.033452,0.108210,0.148463,0.219117,0.447563,0.563623,0.722597,1.055418,1.555046,2.020061,3.949407
1983-10-16,1.220686,Test,-0.021179,0.071124,0.116755,0.203677,0.442851,0.567851,0.732550,1.101574,1.652289,2.185405,4.371352
1983-10-17,1.539126,Test,-0.004406,0.077537,0.148360,0.228998,0.457331,0.603615,0.768308,1.140688,1.737469,2.272580,4.434979
1983-10-18,1.539126,Test,0.009927,0.085116,0.164443,0.242610,0.470889,0.621664,0.793508,1.174266,1.750498,2.245391,4.281638
1983-10-19,1.486053,Test,-0.013826,0.066344,0.148736,0.228441,0.451765,0.606830,0.777997,1.167523,1.745565,2.230308,4.242217
1983-10-20,1.379906,Test,-0.012875,0.060322,0.130246,0.202335,0.414443,0.557036,0.723485,1.094537,1.618281,2.049406,3.884722
1983-10-21,1.220686,Test,0.015504,0.080962,0.147151,0.222480,0.442017,0.583263,0.755329,1.128393,1.647508,2.069572,3.870286
1983-10-22,1.273759,Test,0.034980,0.096152,0.157257,0.236182,0.460418,0.601157,0.776945,1.148590,1.669376,2.092314,3.882215
1983-10-23,1.379906,Test,0.046603,0.110387,0.172913,0.261794,0.494844,0.641615,0.825193,1.207504,1.743835,2.168754,3.962325
1983-10-24,1.539126,Test,0.054740,0.131051,0.198317,0.311570,0.562845,0.724203,0.924420,1.333743,1.913133,2.357724,4.199203
1983-10-25,1.539126,Test,-0.015260,0.083290,0.156039,0.279250,0.515601,0.686025,0.886657,1.320617,1.908312,2.323861,4.148763
1983-10-26,1.539126,Test,0.066706,0.125926,0.235102,0.381422,0.706267,0.889044,1.153002,1.685782,2.402952,3.069186,5.421837
1983-10-27,1.592199,Test,0.040973,0.222841,0.380116,0.665110,1.130820,1.428722,1.792145,2.594739,4.067095,5.360143,9.997789
1983-10-28,1.751419,Test,-0.028345,0.343691,0.579247,1.074574,1.785576,2.310883,2.901060,4.373758,7.373828,9.440106,17.782911
1983-10-29,1.857566,Test,0.040052,0.445734,0.708020,1.221045,1.848623,2.346654,2.968562,4.218200,6.939520,8.778397,15.514118
1983-10-30,1.698346,Test,0.186466,0.568135,0.844265,1.418403,2.099851,2.601806,3.233320,4.421296,6.830956,8.637665,14.041175
1983-10-31,1.486053,Test,0.425180,0.885503,1.233609,2.057886,2.937267,3.538030,4.273781,5.494808,7.839695,9.798754,14.401978
1983-11-01,1.326833,Test,0.270551,0.587991,0.808360,1.373875,1.981880,2.419777,2.952303,3.903849,5.507652,6.750621,10.137476
1983-11-02,1.539126,Test,0.156522,0.455544,0.610936,1.127609,1.673345,2.036878,2.528593,3.452533,4.927496,6.025864,9.377028
1983-11-03,1.539126,Test,0.131691,0.473988,0.746734,1.306993,2.131243,2.591172,3.341026,4.884898,7.758668,10.174664,17.351084
1983-11-04,1.539126,Test,0.077572,0.646351,0.875316,1.620899,2.481203,3.096218,3.904083,5.636891,9.302311,11.640539,21.133532
1983-11-05,2.335226,Test,0.198168,0.745898,1.016083,1.812935,2.800480,3.467536,4.343438,6.308041,10.174611,12.711178,22.093237
1983-11-06,2.122932,Test,0.232752,0.734836,1.039832,1.738536,2.526785,3.112911,3.923750,5.406567,8.553944,10.672812,17.727850
1983-11-07,1.910639,Test,0.387267,1.014838,1.379715,2.438329,3.753323,4.522158,5.638850,7.846467,12.134233,15.388254,24.706255
1983-11-08,3.078252,Test,0.413608,1.354156,1.836267,3.405649,5.119712,6.078412,7.568279,10.434310,16.140673,19.685375,32.116405
1983-11-09,6.528017,Test,0.821753,2.173507,2.938360,5.227470,7.967792,9.531510,11.554196,15.930463,23.996534,28.992613,45.392838
1983-11-10,8.014070,Test,1.976599,4.139080,5.142809,8.871388,12.446900,14.333733,16.918585,21.334194,29.640516,35.049000,52.633663
1983-11-11,5.413477,Test,1.967203,4.061999,5.237331,9.015744,12.550821,14.298090,16.933701,21.476246,29.824518,34.927040,52.228462
1983-11-12,4.511231,Test,1.778103,3.618638,4.614944,7.609675,10.188469,11.583446,13.736032,17.027147,23.834463,27.927977,40.869724
1983-11-13,4.192791,Test,2.016195,3.713239,4.866558,8.117313,10.865940,12.122389,14.185001,17.439240,23.823441,28.245308,40.978447
1983-11-14,4.458158,Test,2.688010,4.979537,6.413055,10.661060,14.264300,16.058405,18.631062,22.610249,30.519102,35.894829,52.329552
1983-11-15,8.120216,Test,3.183069,5.916189,7.410368,12.252016,16.265955,18.384949,21.230307,25.636042,34.272770,40.036560,58.292702
1983-11-16,8.704023,Test,2.986907,5.485926,6.690186,10.540892,13.628734,15.265456,17.537268,20.784447,27.762585,32.420380,46.409336
1983-11-17,7.854850,Test,2.985125,5.132915,6.168953,9.673994,12.328969,13.689426,15.494056,18.152052,23.648090,28.266575,40.114380
1983-11-18,6.952603,Test,2.953439,5.049330,6.210688,9.665385,12.262380,13.542315,15.275851,17.818893,23.367750,27.699120,39.232475
1983-11-19,10.349295,Test,5.163130,9.268351,12.835075,19.768509,25.663212,28.551188,32.850765,38.349270,51.079052,58.888584,86.060066
1983-11-20,41.874840,Test,21.789816,33.256653,43.263008,55.871563,64.077614,68.922989,73.116074,78.257446,98.475349,105.207069,147.910995
1983-11-21,54.559361,Test,21.918953,31.086349,36.386520,48.144150,54.840538,56.699249,60.098091,65.882309,78.396881,83.871002,118.057693
1983-11-22,60.556645,Test,16.861538,25.083784,28.843918,39.033161,44.257496,46.393093,48.494751,53.767059,64.630470,70.239792,101.498100
1983-11-23,32.321645,Test,9.716536,14.144506,17.332045,24.078081,27.608530,30.262177,31.698952,35.650410,43.980160,48.576870,68.423431
1983-11-24,29.031100,Test,6.440174,9.555023,11.923495,17.511868,20.758831,22.508469,24.433071,27.836542,35.382618,40.285149,57.040447
1983-11-25,27.120461,Test,8.618122,11.747362,14.493825,19.416233,22.330008,24.167316,25.537323,28.485826,35.140476,39.205956,54.985004
1983-11-26,24.944455,Test,4.448404,6.268736,8.081065,11.397883,13.567307,14.998451,16.248024,18.443642,22.984625,25.773174,34.840446
1983-11-27,23.033816,Test,3.459761,5.027908,6.558232,9.703754,11.879425,12.986410,14.422452,16.695280,21.342707,24.269100,33.058525
1983-11-28,20.486297,Test,2.495912,3.661088,4.802327,7.159297,8.834630,9.889970,10.998145,12.739248,16.256865,18.370869,24.369648
1983-11-29,17.779558,Test,1.827893,2.747175,3.526371,5.361693,6.720255,7.588039,8.524870,9.906127,12.582772,14.346097,18.828669
1983-11-30,15.550479,Test,1.467116,2.258821,2.959866,4.619806,5.904825,6.651024,7.536454,8.937956,11.588710,13.170582,17.399935
1983-12-01,13.639840,Test,1.743540,2.596314,3.410487,5.184352,6.505434,7.241343,8.116729,9.547657,12.168055,13.515640,17.663111
1983-12-02,12.153788,Test,1.633787,2.452376,3.153910,4.771675,5.992330,6.685270,7.478831,8.736618,10.991512,12.327955,16.078970
1983-12-03,10.986175,Test,1.451418,2.220209,2.817874,4.325517,5.412981,6.083838,6.819165,7.990857,10.021654,11.193550,14.586411
1983-12-04,10.030855,Test,1.236593,1.929812,2.439951,3.807487,4.804254,5.427380,6.110462,7.212905,9.118322,10.170595,13.344242
1983-12-05,9.075536,Test,1.268015,1.962388,2.489964,3.884374,4.883851,5.523359,6.191839,7.300793,9.264540,10.204361,13.492983
1983-12-06,8.332509,Test,1.064641,1.678183,2.138484,3.380147,4.316720,4.909743,5.530658,6.572438,8.425243,9.344717,12.493621
1983-12-07,7.960996,Test,0.920783,1.446433,1.871808,2.977790,3.873692,4.448722,5.013326,5.999198,7.771520,8.679400,11.859943
1983-12-08,7.430263,Test,0.742545,1.221344,1.587618,2.595807,3.425279,3.959450,4.504145,5.474411,7.157849,8.049507,11.004823
1983-12-09,7.058750,Test,0.680975,1.136632,1.482989,2.461479,3.382818,3.879771,4.469642,5.492556,7.207853,8.578288,11.892838
1983-12-10,7.324117,Test,0.569663,1.027082,1.371754,2.305535,3.129745,3.689561,4.232259,5.254547,7.018917,8.265335,11.640358
1983-12-11,6.793383,Test,0.492721,0.879628,1.157458,1.957733,2.688531,3.202389,3.703846,4.652028,6.224366,7.343869,10.591591
1983-12-12,6.421870,Test,0.569053,1.006770,1.354097,2.277335,3.092786,3.650851,4.194593,5.231666,6.994329,8.203815,11.537976
1983-12-13,5.678844,Test,0.426385,0.726248,1.004947,1.697573,2.371408,2.881173,3.317602,4.213712,5.678815,6.609319,9.755065
1983-12-14,5.307331,Test,1.073259,1.857665,2.502866,4.062103,5.873653,6.962765,8.305139,10.193764,14.502921,18.325029,28.462141
1983-12-15,10.933102,Test,2.140859,4.295908,5.712021,9.688176,13.431843,16.182316,18.681658,23.038012,32.058014,37.171379,57.748917
1983-12-16,37.204389,Test,4.169435,7.326931,9.731908,15.374878,20.326445,23.867676,26.745506,32.043457,42.202156,47.697990,71.258049
1983-12-17,33.436184,Test,10.205071,15.706702,19.654079,28.565495,34.337135,38.066181,41.304085,46.675808,57.916424,63.078777,88.939659
1983-12-18,51.003449,Test,8.718560,13.883093,18.716227,26.338478,33.299522,36.957504,41.091644,46.670044,57.958149,65.716919,91.501534
1983-12-19,64.643289,Test,19.318117,28.207594,33.006752,44.761368,50.818142,53.539421,55.915833,61.240582,71.946030,78.619408,107.908173
1983-12-20,64.961729,Test,16.213522,23.475788,30.091997,40.003864,47.274010,50.576698,54.307430,59.683193,71.585297,79.219681,108.744881
1983-12-21,58.221419,Test,26.005493,36.496243,40.743511,53.196739,58.811749,60.199245,61.281624,66.392960,76.597511,84.258171,115.688156
1983-12-22,33.595404,Test,17.992731,25.082050,28.971815,38.674404,43.430992,45.163734,46.320709,50.956676,59.850239,66.462936,93.529388
1983-12-23,29.774126,Test,14.776224,19.259335,22.963072,29.594501,32.891464,34.839668,35.603191,38.949272,45.575016,50.863506,69.862373
1983-12-24,29.137246,Test,12.322774,15.460100,18.549816,23.352192,25.896141,27.407179,28.323355,30.650196,35.551697,39.811573,53.730877
1983-12-25,28.553440,Test,10.168138,12.660368,15.248319,19.207232,21.399321,22.659189,23.637623,25.539682,29.393337,32.760666,43.818478
1983-12-26,28.075780,Test,8.480078,10.446297,12.619292,15.913539,17.871880,18.883606,19.861347,21.468382,24.589792,27.109186,35.896008
1983-12-27,27.385827,Test,7.597991,9.300063,11.191092,14.120196,15.872420,16.732176,17.702183,19.104858,21.833378,23.829309,31.245434
1983-12-28,26.908167,Test,6.358736,7.852409,9.548058,12.202932,13.948603,14.699061,15.624352,17.025946,19.614817,21.319372,27.909464
1983-12-29,26.324361,Test,5.862620,7.271221,8.864631,11.401731,13.044876,13.738080,14.645236,16.033804,18.517338,19.991407,26.134840
1983-12-30,21.866203,Test,5.428744,6.771382,8.278444,10.762633,12.256643,12.957413,13.816188,15.194843,17.678196,18.713118,24.705740
1983-12-31,14.435940,Test,5.176820,6.442356,7.929939,10.307385,11.804989,12.447143,13.276689,14.649233,17.121119,18.047525,23.912981
1984-01-01,13.639840,Validation,5.503563,6.667814,8.245658,10.473291,12.013648,12.555760,13.354548,14.652805,17.179571,18.070839,24.122072
1984-01-02,13.374474,Validation,4.727508,5.878260,7.345343,9.573501,11.087598,11.677064,12.447035,13.817369,16.291162,17.109776,22.837227
1984-01-03,13.268327,Validation,3.476649,4.679172,5.861127,8.177610,9.706544,10.313753,11.155899,12.665607,15.116865,16.251225,21.690380
1984-01-04,12.949887,Validation,2.875411,3.896702,5.031953,7.126251,8.526950,9.298650,9.996286,11.464907,13.941220,14.772237,19.892111
1984-01-05,12.896814,Validation,2.146291,2.999910,3.925046,5.740408,7.026538,7.782637,8.420944,9.774279,12.101739,12.888760,17.368902
1984-01-06,12.896814,Validation,1.555841,2.344522,3.077895,4.731344,6.033057,6.653012,7.353648,8.724999,10.941492,12.204207,16.196392
1984-01-07,12.896814,Validation,1.180492,1.857121,2.463485,3.878842,5.089957,5.677808,6.329969,7.594924,9.731155,11.111895,14.898246
1984-01-08,18.257218,Validation,1.281101,2.305975,3.251690,5.249323,7.601401,8.803852,10.571439,13.020893,18.178741,23.306026,35.989342
1984-01-09,17.567265,Validation,1.876063,3.223180,4.458343,6.939213,9.377027,11.129633,12.566378,14.959817,20.952545,24.773325,38.706036
1984-01-10,15.550479,Validation,1.314183,2.015927,2.800295,4.329090,5.852236,7.093241,7.972174,9.624804,13.179081,15.756726,25.263529
1984-01-11,15.178966,Validation,1.447698,2.160224,2.972743,4.478071,5.950956,7.044585,7.805703,9.294806,12.298926,14.524685,21.366343
1984-01-12,14.860526,Validation,0.991232,1.620260,2.179649,3.425364,4.608258,5.300536,6.047167,7.381220,9.628890,11.490435,15.389107
1984-01-13,14.489013,Validation,0.897539,1.449911,1.932685,3.079388,4.114637,4.754756,5.422964,6.659820,8.650620,10.116978,13.553582
1984-01-14,14.011353,Validation,0.842338,1.368000,1.805925,2.920201,3.947763,4.536149,5.186593,6.404562,8.303850,9.817280,13.263460
1984-01-15,13.639840,Validation,0.787765,1.281458,1.714899,2.784459,3.754862,4.338798,4.950471,6.138052,7.975387,9.350455,12.595851
1984-01-16,13.321400,Validation,0.777332,1.226324,1.652436,2.674165,3.586317,4.205625,4.741102,5.857634,7.659299,8.729673,12.050194
1984-01-17,13.268327,Validation,0.712224,1.170798,1.561268,2.578709,3.456006,4.018120,4.569039,5.692052,7.412751,8.457146,11.441809
1984-01-18,12.949887,Validation,0.689440,1.143138,1.520908,2.520789,3.418883,3.940139,4.496138,5.608732,7.276348,8.410792,11.336173
1984-01-19,12.896814,Validation,0.669750,1.095080,1.492742,2.476270,3.464006,3.977489,4.558980,5.724708,7.526818,8.992838,12.434262
1984-01-20,13.109107,Validation,1.112455,2.010656,2.833861,4.637922,6.766430,7.946982,9.543386,11.953837,16.846300,21.555048,32.923244
1984-01-21,13.268327,Validation,1.584339,3.158602,4.144095,7.013676,9.785015,11.356274,13.132713,16.141094,22.222174,26.905718,40.715958
1984-01-22,17.620338,Validation,1.268998,2.517735,3.398920,5.727710,8.196863,9.378837,10.870234,13.730948,18.931410,23.152533,34.727242
1984-01-23,17.620338,Validation,1.695956,3.038448,4.076439,6.616574,9.095895,10.266126,11.705598,14.392263,19.243101,23.537619,33.861958
1984-01-24,16.824239,Validation,2.338358,3.642160,4.857601,7.380858,9.382039,10.704258,11.930601,14.184297,18.127892,21.577044,29.479969
1984-01-25,16.346579,Validation,2.336109,3.452420,4.515326,6.680606,8.327547,9.531426,10.429944,12.184188,15.366399,17.634195,24.426123
1984-01-26,15.550479,Validation,2.537258,3.865016,4.947820,7.560095,9.545632,10.824583,12.218033,14.320783,18.303417,21.951294,30.954906
1984-01-27,14.754380,Validation,3.142091,4.778228,6.138529,9.176111,11.750814,13.455805,14.812573,17.209087,22.539520,27.029966,41.564793
1984-01-28,14.117500,Validation,2.745209,3.968262,5.277025,7.657230,9.623693,11.150277,12.100883,14.060468,17.993603,20.945814,31.572474
1984-01-29,13.639840,Validation,3.085706,4.536723,5.882456,8.609006,10.834635,12.211604,13.372206,15.471759,19.658098,23.300432,34.123585
1984-01-30,12.949887,Validation,3.072927,4.786622,6.186431,9.232007,11.480109,12.823700,14.212767,16.578142,21.054405,25.012506,35.482536
1984-01-31,12.578374,Validation,2.406844,3.848287,5.132420,7.923239,10.355429,11.536873,13.032603,15.519831,20.008219,24.786352,35.137417
1984-02-01,12.153788,Validation,2.677603,4.334435,5.725093,8.878371,11.491407,12.811163,14.421594,17.156610,22.102776,27.124916,38.701275
1984-02-02,11.676128,Validation,3.240624,4.867395,6.374045,9.468867,11.615030,13.071280,14.418236,16.897137,21.212212,24.899614,34.625107
1984-02-03,11.304615,Validation,3.110440,4.576035,5.958799,8.839661,10.885389,12.072688,13.303862,15.580829,19.245678,22.827715,31.409996
1984-02-04,11.039248,Validation,3.188376,4.527147,5.912862,8.587705,10.390231,11.541849,12.578465,14.680427,17.857616,20.616413,27.886295
1984-02-05,10.773882,Validation,3.127184,4.371306,5.623741,8.131847,9.724135,10.765583,11.664837,13.544042,16.272722,18.230141,24.392002
1984-02-06,10.349295,Validation,3.166661,4.368366,5.582633,8.022211,9.539709,10.498471,11.335169,13.119675,15.654525,17.235027,22.971020
1984-02-07,9.606269,Validation,2.859336,3.963131,5.078948,7.357374,8.808203,9.693514,10.485408,12.182403,14.550589,15.896260,21.028259
1984-02-08,8.704023,Validation,2.064326,2.919612,3.864151,5.759199,7.215058,7.955487,8.700560,10.307491,12.615059,14.078836,18.505877
1984-02-09,8.173289,Validation,1.800423,2.591255,3.444360,5.208477,6.563741,7.292382,7.996631,9.528756,11.734756,13.079263,17.164066
1984-02-10,7.695630,Validation,1.656378,2.440693,3.211497,4.946799,6.187923,6.947975,7.615711,9.111632,11.265902,12.374315,16.334837
1984-02-11,7.005677,Validation,1.489317,2.226947,2.940255,4.590722,5.775567,6.527073,7.158248,8.612221,10.760326,11.728690,15.576241
1984-02-12,6.209577,Validation,1.560201,2.291026,3.040802,4.705755,5.910308,6.690000,7.283347,8.724540,10.924874,11.759864,15.811709
1984-02-13,5.678844,Validation,1.784376,2.573339,3.410156,5.206829,6.466026,7.276983,7.877324,9.378831,11.655760,12.431792,16.776899
1984-02-14,5.201184,Validation,1.315023,1.982557,2.661252,4.203757,5.363778,6.116961,6.679594,8.080297,10.258950,11.077533,14.958892
1984-02-15,4.033571,Validation,0.940492,1.466244,1.979659,3.173966,4.184544,4.823161,5.314981,6.481239,8.379827,9.245627,12.715026
1984-02-16,3.502838,Validation,1.186098,1.801510,2.431359,3.847188,4.968141,5.680779,6.202374,7.504331,9.605371,10.412409,14.208608
1984-02-17,3.237472,Validation,0.921800,1.456393,1.952165,3.125439,4.117983,4.724897,5.218501,6.345965,8.199173,9.047129,12.379999
1984-02-18,3.025179,Validation,0.913509,1.481406,1.946170,3.145061,4.176165,4.769485,5.308582,6.445200,8.330398,9.369307,12.955727
1984-02-19,2.812885,Validation,0.686792,1.188798,1.618671,2.674495,3.688095,4.268093,4.837509,5.991354,7.913319,9.420275,13.205317
1984-02-20,2.759812,Validation,0.491579,0.881610,1.231043,2.052667,2.849478,3.423946,3.890287,4.921895,6.621100,7.795645,11.320877
1984-02-21,2.759812,Validation,0.593909,1.043864,1.429000,2.378259,3.297817,3.903767,4.433657,5.554560,7.453791,8.852532,12.811179
1984-02-22,2.812885,Validation,0.558214,0.991739,1.370730,2.277091,3.184468,3.797760,4.315722,5.424986,7.339330,8.760814,12.930065
1984-02-23,3.184398,Validation,0.557139,1.007059,1.394440,2.329902,3.262201,3.867962,4.434763,5.605988,7.566914,9.195287,13.312810
1984-02-24,3.078252,Validation,0.568037,0.971846,1.389173,2.276576,3.170762,3.821187,4.305162,5.409835,7.319215,8.640575,12.681456
1984-02-25,3.237472,Validation,0.580955,0.936391,1.314066,2.190740,3.009579,3.658012,4.095139,5.127879,6.866902,7.930469,12.338062
1984-02-26,3.078252,Validation,0.610586,0.977952,1.349151,2.229176,3.045836,3.647626,4.079745,5.091022,6.744601,7.700307,11.685960
1984-02-27,2.812885,Validation,0.569979,0.931515,1.293174,2.125880,2.936574,3.492821,3.913097,4.913080,6.495191,7.418466,10.829239
1984-02-28,2.706739,Validation,0.532608,0.871329,1.209377,2.022660,2.794251,3.351538,3.762223,4.748443,6.294863,7.161318,10.700031
1984-02-29,2.547519,Validation,0.524511,0.863960,1.172812,2.000689,2.771437,3.332442,3.748724,4.731888,6.279873,7.161186,11.052454
1984-03-01,2.335226,Validation,0.480502,0.830148,1.169307,1.965233,2.747009,3.285410,3.699041,4.710222,6.279263,7.188338,10.364230
1984-03-02,2.069859,Validation,0.479490,0.853226,1.187441,2.012683,2.796998,3.319096,3.761713,4.799190,6.385178,7.305304,10.291535
1984-03-03,1.751419,Validation,0.481283,0.878915,1.217449,2.089891,2.892790,3.398955,3.883028,4.974887,6.597758,7.635254,10.535086
1984-03-04,1.539126,Validation,0.484531,0.874780,1.229561,2.102829,2.931951,3.427185,3.919923,5.027777,6.653934,7.784872,10.650433
1984-03-05,1.273759,Validation,0.524098,0.940273,1.304985,2.232880,3.073754,3.598434,4.094259,5.218814,6.901284,7.974123,10.917620
1984-03-06,1.167613,Validation,0.560402,0.986704,1.386356,2.354376,3.250953,3.771768,4.281459,5.442436,7.174578,8.335443,11.282834
1984-03-07,1.061466,Validation,0.705388,1.194783,1.684052,2.826916,3.841394,4.414452,4.959901,6.236678,8.176335,9.378395,12.536975
1984-03-08,0.955320,Validation,0.613365,1.068599,1.478081,2.501673,3.408557,3.946786,4.456004,5.615520,7.363622,8.449771,11.404268
1984-03-09,0.796100,Validation,0.425396,0.773648,1.099160,1.886894,2.666594,3.115351,3.568643,4.606775,6.095511,7.143235,9.849213
1984-03-10,0.689953,Validation,0.531222,0.957403,1.320754,2.282186,3.119974,3.668437,4.136937,5.248795,6.960663,7.884819,10.849892
1984-03-11,0.583806,Validation,0.456908,0.842439,1.168178,2.039607,2.818202,3.340736,3.780232,4.836325,6.441690,7.310389,10.174815
1984-03-12,0.530733,Validation,0.412834,0.743805,1.027668,1.773895,2.493461,2.986890,3.378242,4.323163,5.757407,6.591097,9.549626
1984-03-13,0.424586,Validation,0.283314,0.508980,0.730231,1.282864,1.859117,2.313242,2.635200,3.452780,4.640668,5.384277,8.387820
1984-03-14,0.212293,Validation,0.306154,0.533925,0.815045,1.410133,2.087375,2.634499,3.037025,3.915966,5.429138,6.488550,10.260668
1984-03-15,7.589483,Validation,0.728649,1.480923,2.161098,3.515351,5.345042,6.534891,7.750962,9.695852,14.607733,18.453341,30.117252
1984-03-16,75.735611,Validation,1.565575,3.412883,4.461581,7.599326,11.173350,13.486081,15.696687,19.777554,28.684402,33.785637,53.525780
1984-03-17,38.637368,Validation,1.948294,3.769205,4.983062,8.114096,11.405754,13.384940,15.377744,18.944086,26.204037,30.900316,45.893215
1984-03-18,29.243393,Validation,1.946545,3.609941,4.686846,7.570367,10.470285,12.066817,13.759049,16.949953,22.799143,27.811682,39.809196
1984-03-19,28.765733,Validation,2.222706,4.123375,5.329031,8.604510,11.852563,13.575924,15.470917,18.968174,25.278074,30.794132,43.901108
1984-03-20,28.659586,Validation,2.276531,4.348586,5.535887,9.043972,12.607649,14.471545,16.723312,20.660158,27.749395,33.690098,47.793484
1984-03-21,29.561833,Validation,3.215950,5.891225,7.280549,11.710848,15.628985,17.716677,19.989733,24.107246,31.438063,36.990490,53.058937
1984-03-22,29.455686,Validation,2.777477,4.743103,6.157728,9.504824,12.382397,14.149841,15.830085,18.972973,24.489269,28.930918,40.428944
1984-03-23,29.190320,Validation,2.762969,4.702365,6.004976,9.421550,12.309233,14.023909,15.841166,18.923592,24.604330,29.700068,42.314140
1984-03-24,34.285357,Validation,2.761068,5.104163,6.614511,10.769833,14.548890,16.451662,18.802887,22.724445,29.630775,35.903862,51.251331
1984-03-25,35.612190,Validation,3.181544,5.628839,7.080311,11.316272,14.795302,16.707602,18.805285,22.477243,28.908876,34.410328,49.282131
1984-03-26,29.667979,Validation,3.258191,5.483000,7.055516,10.993348,14.050927,15.858237,17.677185,20.980986,26.585617,31.661699,44.768673
1984-03-27,29.667979,Validation,3.141405,5.195681,6.821192,10.691359,13.783477,15.424151,17.363592,20.639620,26.200119,31.990204,45.326191
1984-03-28,29.667979,Validation,3.622117,6.317492,8.410528,13.585110,17.697330,19.880333,22.818384,27.188473,35.062885,42.478165,61.054272
1984-03-29,29.667979,Validation,4.716346,7.466916,9.704528,14.726838,18.256327,20.368111,22.417961,26.199608,32.457733,38.481796,54.189312
1984-03-30,29.508759,Validation,4.333925,6.371205,8.499640,12.521871,15.459772,17.071981,18.758177,21.855247,27.151463,32.388607,45.551994
1984-03-31,52.701795,Validation,4.412489,7.551065,10.108955,15.904782,20.328226,22.826845,26.403528,31.437483,39.479038,48.979107,70.163689
1984-04-01,32.693158,Test,4.470736,7.386348,9.499877,14.703012,18.476509,20.499432,22.732870,26.561100,33.276402,39.510746,56.339352
1984-04-02,18.841024,Test,2.699228,4.425973,5.887323,9.175170,11.839288,13.166149,14.747939,17.521521,22.303724,27.078304,38.547989
1984-04-03,21.388543,Test,3.371085,5.265271,7.018269,10.651790,13.447413,14.811837,16.394428,19.285400,24.127037,28.915958,40.619221
1984-04-04,21.229323,Test,2.916532,4.405066,5.834009,8.750443,10.919327,12.062526,13.358652,15.652688,19.376879,23.214254,32.084972
1984-04-05,20.910883,Test,3.078874,4.485105,5.875435,8.632962,10.443377,11.608344,12.725154,14.792889,17.928257,20.863298,28.326025
1984-04-06,20.910883,Test,2.575291,3.758473,4.961876,7.352123,9.003209,9.999939,10.981525,12.842926,15.615909,18.042101,24.320107
1984-04-07,20.751664,Test,1.648396,2.567347,3.581672,5.566268,7.029313,7.901166,8.754853,10.613265,13.534371,15.318311,20.479000
1984-04-08,20.061711,Test,1.200907,2.005851,2.818579,4.518592,5.761536,6.539001,7.293918,8.950258,11.566276,12.950983,17.119759
1984-04-09,19.637124,Test,1.156249,1.880699,2.535252,4.026992,5.218558,5.816327,6.513328,7.915935,10.038660,11.374778,15.213170
1984-04-10,19.637124,Test,1.185338,1.902707,2.563395,4.071087,5.264977,5.869172,6.551624,7.945305,10.060627,11.352207,15.162066
1984-04-11,19.212538,Test,0.795579,1.388283,1.930676,3.206823,4.323461,4.876779,5.587652,6.932146,9.019209,10.671923,14.728945
1984-04-12,18.787951,Test,0.644713,1.262399,1.815988,3.072643,4.259992,4.923591,5.685027,7.172305,9.722754,12.062419,17.684824
1984-04-13,18.469511,Test,0.675586,1.390167,1.940618,3.274975,4.568990,5.329666,6.136998,7.784911,10.631575,13.305673,20.036173
1984-04-14,18.257218,Test,0.901326,1.825979,2.455611,4.082282,5.653949,6.651923,7.685000,9.592402,13.114000,16.581278,24.566565
1984-04-15,17.991852,Test,1.028253,2.049826,2.708273,4.358906,5.950963,6.884481,7.880796,9.707119,13.015075,16.135494,23.776529
1984-04-16,17.673412,Test,1.049588,1.927020,2.575924,4.012268,5.377595,6.206962,7.066410,8.636598,11.353904,13.898838,19.905626
1984-04-17,17.195752,Test,0.932458,1.743383,2.367165,3.718973,4.949551,5.688765,6.500956,7.996598,10.491640,12.580680,17.843451
1984-04-18,17.036532,Test,0.804650,1.560997,2.115351,3.395339,4.465449,5.136106,5.895377,7.276045,9.536209,11.208449,15.635900
1984-04-19,16.771165,Test,0.619229,1.279286,1.721353,2.818945,3.711653,4.295296,4.952219,6.179667,8.100242,9.437327,13.222069
1984-04-20,16.399652,Test,0.432427,1.049626,1.436609,2.444330,3.218697,3.762542,4.376666,5.538442,7.302195,8.433060,11.822997
1984-04-21,16.293506,Test,0.407372,0.964519,1.301100,2.202107,2.911478,3.408338,3.967077,5.045942,6.626373,7.647155,10.824677
1984-04-22,15.921992,Test,0.433865,0.914710,1.229651,2.081231,2.839199,3.271907,3.834631,4.947878,6.419574,7.629303,11.042502
1984-04-23,15.656626,Test,0.428036,0.892156,1.241403,2.111738,2.911000,3.403095,4.009825,5.234023,6.982648,8.523417,12.554248
1984-04-24,15.550479,Test,0.461540,1.051682,1.452331,2.502387,3.490136,4.131271,4.879907,6.420403,8.910823,11.121878,16.914103
1984-04-25,15.550479,Test,0.347188,0.978041,1.346101,2.334023,3.270486,3.893473,4.615795,6.141801,8.635214,10.693667,16.670521
1984-04-26,15.550479,Test,0.359426,0.956384,1.379314,2.410902,3.365384,4.006927,4.779564,6.391297,8.889571,11.059331,16.741673
1984-04-27,15.444333,Test,0.587787,1.394370,1.920745,3.286364,4.574424,5.358962,6.331927,8.224813,11.349132,14.072526,21.224785
1984-04-28,15.178966,Test,0.713346,1.628849,2.155731,3.541395,4.817564,5.605667,6.552789,8.284500,11.282810,13.769996,20.670647
1984-04-29,14.860526,Test,0.765459,1.610420,2.111490,3.431669,4.643484,5.364978,6.221657,7.810370,10.414003,12.782885,19.039589
1984-04-30,14.754380,Test,0.757743,1.537165,2.024395,3.246379,4.360908,5.046757,5.839752,7.287630,9.668653,11.814343,17.403479
1984-05-01,15.232039,Test,0.933237,1.706624,2.163862,3.488846,4.636216,5.391832,6.289106,7.742361,10.216017,12.817863,18.302670
1984-05-02,16.240432,Test,1.185549,2.490055,3.049521,5.131585,6.995764,8.161461,9.517612,12.013334,16.327612,20.280832,29.458918
1984-05-03,16.346579,Test,1.092592,2.344075,2.915280,4.716059,6.397929,7.418059,8.660612,10.837729,14.681151,17.957491,26.750107
1984-05-04,16.346579,Test,0.992961,1.931903,2.460245,3.837355,5.114606,5.955350,6.902950,8.574368,11.405103,14.040987,20.422640
1984-05-05,16.346579,Test,0.845567,1.624826,2.066979,3.238722,4.341761,5.023385,5.833829,7.291377,9.638430,11.967500,17.542446
1984-05-06,16.240432,Test,0.716917,1.349963,1.745138,2.736252,3.651321,4.256003,4.971963,6.231245,8.236337,10.157309,14.712229
1984-05-07,15.921992,Test,0.664339,1.214555,1.579549,2.483183,3.294239,3.860695,4.512921,5.650022,7.405749,9.048837,12.938226
1984-05-08,15.815846,Test,0.554721,1.135197,1.488571,2.479137,3.374691,3.897758,4.588432,5.884986,7.813462,9.653816,14.338826
1984-05-09,15.550479,Test,0.564213,1.188718,1.603014,2.619994,3.515819,4.115011,4.806593,6.087305,8.171262,9.947669,14.616373
1984-05-10,15.550479,Test,0.663023,1.294106,1.717962,2.759305,3.669561,4.261253,4.934102,6.131832,8.068292,9.755816,14.039154
1984-05-11,15.444333,Test,0.624187,1.243162,1.662417,2.685622,3.570037,4.133081,4.769009,5.926280,7.767365,9.321323,13.425126
1984-05-12,15.072820,Test,0.559807,1.142017,1.523164,2.479176,3.296023,3.814468,4.412024,5.513542,7.209567,8.576817,12.315523
1984-05-13,14.648233,Test,0.607097,1.158708,1.521334,2.430244,3.229640,3.729658,4.298160,5.326212,6.899408,8.251344,11.711800
1984-05-14,14.276720,Test,0.613144,1.158675,1.499641,2.415666,3.196681,3.697300,4.262827,5.259259,6.779854,8.118427,11.404108
1984-05-15,13.958280,Test,0.667601,1.251163,1.601539,2.558366,3.363747,3.865116,4.435359,5.428617,6.955523,8.305254,11.637643
1984-05-16,13.480620,Test,0.710580,1.332556,1.704131,2.752011,3.663438,4.220049,4.877037,5.977271,7.786676,9.602908,13.689686
1984-05-17,13.215254,Test,1.095194,2.374743,3.006131,5.077852,6.974378,8.086546,9.353160,11.585231,15.928350,20.232161,30.167826
1984-05-18,12.737594,Test,1.421599,3.151247,3.776380,6.452436,8.705780,10.113698,11.726334,14.288286,19.658300,24.019873,36.192196
1984-05-19,12.259934,Test,1.484274,3.174058,3.854319,6.441147,8.717666,9.994755,11.543883,14.063596,18.881241,23.348413,34.234062
1984-05-20,11.888421,Test,1.959252,4.035277,4.871547,8.043573,10.815958,12.268314,14.148166,17.053499,22.585510,27.778992,39.718399
1984-05-21,11.463835,Test,3.075812,6.344630,7.530602,12.320717,16.387325,18.288443,20.704988,24.742146,32.021702,38.412720,55.110889
1984-05-22,11.198468,Test,3.188983,6.365657,7.564055,11.994363,15.567884,17.269886,19.558538,22.964834,29.372383,34.990837,49.937187
1984-05-23,10.614662,Test,2.318297,4.483347,5.514498,8.616690,11.234946,12.495424,14.149035,16.687799,21.289877,26.081852,36.812912
1984-05-24,10.561588,Test,1.850661,3.632233,4.526210,7.193590,9.551521,10.564182,12.061633,14.396015,18.596487,23.151690,33.161491
1984-05-25,10.243148,Test,1.650385,3.056489,4.002786,6.159245,8.038279,9.028971,10.296986,12.221520,15.778608,19.308510,26.860409
1984-05-26,9.712415,Test,1.430427,2.615335,3.363350,5.196861,6.775762,7.602790,8.693041,10.280725,13.189335,16.180019,22.601753
1984-05-27,9.181682,Test,1.336359,2.371989,3.129415,4.850091,6.270009,7.091597,8.078434,9.579597,12.246476,14.769449,20.312399
1984-05-28,8.704023,Test,1.259912,2.249526,2.936674,4.628328,5.976231,6.727404,7.659867,9.081069,11.571149,13.833634,19.027025
1984-05-29,8.438656,Test,1.012382,1.927119,2.541499,4.219123,5.663526,6.348385,7.409945,8.999495,11.888012,14.943087,21.415638
1984-05-30,8.014070,Test,0.855365,1.808167,2.505268,4.199299,5.630815,6.451072,7.504364,9.252303,12.564342,15.512125,22.306908
1984-05-31,7.642556,Test,1.044207,2.041730,2.777138,4.564648,6.017354,6.842236,7.868709,9.550350,12.651339,15.469649,21.907438
1984-06-01,7.217970,Test,0.978350,1.985206,2.699157,4.544223,6.032256,6.801057,7.847626,9.581769,12.716289,15.734126,22.750910
1984-06-02,7.589483,Test,1.174322,2.318540,3.058931,5.130944,6.855259,7.811520,9.119212,11.012605,14.756284,18.868784,27.297796
1984-06-03,8.173289,Test,1.593405,3.522754,4.380861,7.610085,10.375928,11.859045,13.765958,16.675125,22.649332,28.169741,41.679226
1984-06-04,8.332509,Test,1.467807,3.538338,4.438274,7.860250,10.872521,12.280598,14.372486,17.587029,23.895037,29.168390,43.718815
1984-06-05,8.014070,Test,1.802170,3.604301,4.675663,7.437209,9.782051,11.097898,12.699908,15.137618,19.757292,24.045235,34.085552
1984-06-06,7.642556,Test,1.538497,3.058558,3.901417,6.229542,8.192190,9.195283,10.524277,12.524130,16.257681,20.219688,29.054371
1984-06-07,7.164897,Test,1.212382,2.400986,3.220442,5.108344,6.703562,7.600825,8.737564,10.489156,13.746061,16.817314,23.762568
1984-06-08,6.793383,Test,0.927273,1.873748,2.543143,4.107749,5.396626,6.156422,7.124592,8.661092,11.416231,13.799928,19.330597
1984-06-09,6.315724,Test,0.796881,1.634596,2.206769,3.588062,4.717885,5.394793,6.249856,7.645917,10.062856,12.119158,17.079571
1984-06-10,5.997284,Test,0.655252,1.410880,1.899311,3.143405,4.131016,4.738949,5.509574,6.795485,8.945558,10.680623,15.042008
1984-06-11,5.891137,Test,0.439865,1.121249,1.535151,2.650308,3.484206,4.050909,4.752186,5.966239,7.941220,9.423981,13.290370
1984-06-12,5.625771,Test,0.223060,0.806542,1.151464,2.109456,2.790651,3.318054,3.932019,5.092107,6.870450,8.134835,11.536018
1984-06-13,4.723524,Test,0.164370,0.704600,1.038501,1.944307,2.592691,3.106734,3.690056,4.851109,6.593557,7.815992,11.092565
1984-06-14,5.360404,Test,0.119760,0.630311,0.949654,1.808186,2.420867,2.925610,3.481043,4.623960,6.318224,7.492712,10.698299
1984-06-15,5.625771,Test,0.124865,0.637098,0.942800,1.784986,2.386056,2.876609,3.424048,4.514214,6.171421,7.314416,10.495758
1984-06-16,4.564305,Test,0.177395,0.681816,0.982044,1.808833,2.422150,2.893776,3.431127,4.480055,6.074265,7.171720,10.297753
1984-06-17,4.245865,Test,0.078931,0.532247,0.817865,1.611768,2.208486,2.650337,3.249736,4.351509,6.079195,7.535621,11.020749
1984-06-18,4.405085,Test,0.175609,0.862517,1.287829,2.530245,3.551552,4.225990,5.155690,7.142313,10.752684,14.070252,21.663990
1984-06-19,4.776598,Test,0.088409,0.964865,1.383927,2.889389,4.072382,4.988620,6.201513,8.724263,13.593501,17.008503,26.453314
1984-06-20,4.723524,Test,0.199722,1.154836,1.607078,3.182736,4.522062,5.492775,6.777776,9.527719,14.627676,18.052328,27.951141
1984-06-21,4.511231,Test,0.173745,1.058665,1.425343,2.711224,3.735344,4.494474,5.534207,7.497575,11.244635,13.961684,21.917759
1984-06-22,4.298938,Test,0.145815,0.761760,1.119306,1.970745,2.615587,3.223506,3.937618,5.350010,7.955860,9.850278,15.080056
1984-06-23,4.192791,Test,0.027546,0.502008,0.785148,1.371209,1.765029,2.228301,2.721765,3.777086,5.641459,6.996770,10.787075
1984-06-24,3.980498,Test,0.014336,0.429644,0.673209,1.185228,1.526415,1.931646,2.368864,3.307209,4.831036,5.930229,9.127356
1984-06-25,3.821278,Test,-0.025321,0.338672,0.488154,0.862380,1.109424,1.389164,1.725533,2.411732,3.448092,4.220586,6.824353
1984-06-26,3.555912,Test,-0.019245,0.336277,0.436464,0.787868,1.014909,1.228629,1.539834,2.134865,3.023125,3.808451,6.383122
1984-06-27,3.290545,Test,0.013128,0.322541,0.457963,0.755424,0.986029,1.224795,1.521523,2.128697,3.053936,3.787132,6.386631
1984-06-28,3.025179,Test,0.049004,0.319947,0.457803,0.725806,0.955785,1.193703,1.476892,2.063008,2.937172,3.634587,6.109034
1984-06-29,2.759812,Test,0.016241,0.265842,0.395421,0.643053,0.856186,1.083018,1.343095,1.893591,2.702562,3.343613,5.662492
1984-06-30,2.600592,Test,0.017891,0.275543,0.375469,0.638941,0.868475,1.076722,1.338910,1.881911,2.671967,3.335890,5.673093
1984-07-01,2.388299,Test,0.015990,0.260843,0.366461,0.619343,0.847864,1.059603,1.316586,1.856576,2.642018,3.282783,5.567001
1984-07-02,2.335226,Test,0.017912,0.240101,0.357232,0.590660,0.809824,1.027148,1.276200,1.808239,2.570374,3.166862,5.329785
1984-07-03,2.282152,Test,-0.015032,0.206648,0.320778,0.548388,0.753178,0.967348,1.206300,1.723638,2.459807,3.028677,5.111778
1984-07-04,2.122932,Test,-0.019079,0.197514,0.306081,0.531089,0.735071,0.945704,1.180594,1.691235,2.415118,2.969686,5.006020
1984-07-05,2.069859,Test,-0.035237,0.177094,0.274850,0.496241,0.689931,0.893494,1.118788,1.618217,2.328569,2.871142,4.850654
1984-07-06,1.910639,Test,-0.021523,0.179927,0.275699,0.489752,0.690571,0.889673,1.114190,1.609548,2.304064,2.832688,4.782308
1984-07-07,1.751419,Test,-0.007453,0.198786,0.312881,0.542442,0.764653,0.980972,1.221352,1.746222,2.457103,2.963802,4.873832
1984-07-08,1.645273,Test,-0.018710,0.194470,0.315221,0.556462,0.783091,1.007315,1.254728,1.794134,2.512536,3.008243,4.896014
1984-07-09,1.539126,Test,-0.030152,0.197765,0.330188,0.592226,0.828436,1.066574,1.322654,1.883859,2.616323,3.097574,4.942998
1984-07-10,1.486053,Test,-0.055957,0.179963,0.286132,0.539826,0.768304,0.980667,1.223600,1.746340,2.422740,2.892081,4.732704
1984-07-11,1.326833,Test,-0.025302,0.206342,0.326160,0.588137,0.836986,1.064390,1.315221,1.867041,2.595993,3.108492,5.066368
1984-07-12,1.167613,Test,-0.015324,0.205543,0.343508,0.602977,0.851257,1.094331,1.346940,1.913786,2.666521,3.176766,5.122854
1984-07-13,1.114539,Test,-0.049560,0.178974,0.315791,0.574125,0.806112,1.049621,1.298184,1.861437,2.624894,3.141071,5.089158
1984-07-14,1.008393,Test,-0.075077,0.158197,0.292092,0.547244,0.767147,1.006584,1.249544,1.803970,2.556392,3.058592,4.965830
1984-07-15,0.849173,Test,-0.060568,0.149265,0.272874,0.492207,0.703455,0.918879,1.143738,1.645709,2.292352,2.719702,4.476102
1984-07-16,0.583806,Test,-0.061113,0.149668,0.273036,0.496089,0.709550,0.926099,1.152651,1.658123,2.305542,2.724815,4.467382
1984-07-17,0.530733,Test,-0.062828,0.148689,0.271006,0.496457,0.710603,0.927389,1.155069,1.663066,2.312226,2.725859,4.456150
1984-07-18,0.530733,Test,-0.041277,0.173477,0.298432,0.532201,0.757084,0.978318,1.217195,1.741482,2.418634,2.858599,4.641048
1984-07-19,0.530733,Test,-0.024489,0.170217,0.288448,0.495528,0.713540,0.918548,1.143061,1.634605,2.255584,2.665363,4.379583
1984-07-20,0.318440,Test,-0.024354,0.157741,0.268568,0.460050,0.670864,0.864669,1.076742,1.544825,2.129851,2.514440,4.175045
1984-07-21,0.159220,Test,-0.040061,0.140461,0.246535,0.429856,0.630708,0.818423,1.023230,1.477179,2.043628,2.413282,4.037405
1984-07-22,0.371513,Test,-0.057135,0.126106,0.230316,0.411722,0.606356,0.792228,0.993349,1.441612,2.000829,2.360776,3.963603
1984-07-23,0.583806,Test,-0.043763,0.134805,0.239432,0.419123,0.618000,0.803307,1.005329,1.454309,2.015337,2.379935,3.995779
1984-07-24,0.530733,Test,-0.037914,0.139995,0.245558,0.426455,0.628583,0.814906,1.018751,1.470785,2.036469,2.403915,4.029977
1984-07-25,0.583806,Test,-0.035692,0.139912,0.244610,0.423585,0.625975,0.811065,1.013962,1.464110,2.027775,2.393207,4.016751
1984-07-26,0.689953,Test,-0.043880,0.130124,0.231891,0.406054,0.603230,0.784815,0.983227,1.425450,1.979959,2.338223,3.944700
1984-07-27,0.424586,Test,-0.058954,0.117662,0.217599,0.392566,0.585558,0.766939,0.962514,1.402930,1.958500,2.312337,3.910920
1984-07-28,0.424586,Test,-0.083221,0.101677,0.199749,0.377319,0.563031,0.745020,0.939385,1.384366,1.950427,2.312588,3.922894
1984-07-29,0.424586,Test,-0.076838,0.095556,0.188601,0.345658,0.524971,0.693459,0.875400,1.288821,1.806096,2.142719,3.695843
1984-07-30,0.424586,Test,-0.059508,0.111142,0.198732,0.373815,0.569933,0.714459,0.917128,1.312445,1.821978,2.265064,3.987377
1984-07-31,0.424586,Test,-0.077157,0.110407,0.216804,0.382073,0.576357,0.758358,0.936658,1.361210,1.972097,2.429076,4.388618
1984-08-01,0.477660,Test,-0.067598,0.108955,0.220462,0.377958,0.567276,0.752355,0.931096,1.356049,1.949224,2.394718,4.271592
1984-08-02,0.424586,Test,-0.071343,0.094249,0.197544,0.346481,0.531332,0.705810,0.878084,1.288245,1.846227,2.248542,4.005848
1984-08-03,0.424586,Test,-0.037876,0.117187,0.213840,0.357287,0.548942,0.715678,0.892745,1.299836,1.840410,2.230550,3.940083
1984-08-04,0.477660,Test,-0.029458,0.120150,0.211996,0.349511,0.538863,0.699830,0.876436,1.276486,1.798659,2.171335,3.829491
1984-08-05,0.424586,Test,-0.048135,0.104576,0.190867,0.323681,0.502715,0.658151,0.830775,1.218666,1.720427,2.071344,3.672801
1984-08-06,0.530733,Test,-0.077988,0.080781,0.162845,0.293485,0.462543,0.614449,0.781014,1.159031,1.644951,1.975495,3.529459
1984-08-07,0.530733,Test,-0.057169,0.093730,0.174453,0.300350,0.473179,0.622327,0.790178,1.165902,1.648717,1.983554,3.544655
1984-08-08,0.424586,Test,-0.066588,0.083471,0.160077,0.281117,0.448569,0.593409,0.755979,1.122245,1.591753,1.917537,3.454733
1984-08-09,0.424586,Test,-0.080666,0.070046,0.143415,0.260889,0.423253,0.564747,0.722137,1.080982,1.538548,1.854042,3.366056
1984-08-10,0.424586,Test,-0.079080,0.069718,0.141693,0.256421,0.418373,0.557898,0.714142,1.069097,1.523224,1.837935,3.348289
1984-08-11,0.318440,Test,-0.082044,0.065416,0.135672,0.247534,0.407944,0.545270,0.699025,1.049456,1.498186,1.810365,3.314806
1984-08-12,0.265367,Test,-0.062198,0.077488,0.146541,0.254008,0.417921,0.552951,0.707799,1.055544,1.503528,1.821258,3.335547
1984-08-13,0.265367,Test,-0.038783,0.090972,0.158646,0.261066,0.429903,0.562171,0.717339,1.063612,1.509216,1.833665,3.360188
1984-08-14,0.265367,Test,-0.035236,0.092025,0.156456,0.256361,0.425755,0.555221,0.708938,1.051308,1.493086,1.817829,3.344831
1984-08-15,0.265367,Test,-0.023407,0.097206,0.162060,0.259155,0.431526,0.560578,0.714106,1.056750,1.500417,1.829240,3.364967
1984-08-16,0.212293,Test,-0.034108,0.090749,0.151960,0.250931,0.421854,0.549847,0.702460,1.043327,1.490405,1.821206,3.366148
1984-08-17,0.212293,Test,-0.036226,0.086759,0.141011,0.232226,0.394747,0.514914,0.662858,0.989912,1.424337,1.761636,3.310255
1984-08-18,0.159220,Test,-0.035591,0.081272,0.140053,0.223780,0.386070,0.504611,0.648049,0.965091,1.374519,1.686115,3.172533
1984-08-19,0.106147,Test,-0.033537,0.080464,0.137514,0.217852,0.379773,0.495847,0.637147,0.949784,1.354145,1.665189,3.149450
1984-08-20,0.106147,Test,-0.049765,0.069734,0.123214,0.203559,0.361782,0.475710,0.614531,0.921540,1.321597,1.628363,3.105743
1984-08-21,0.212293,Test,-0.044053,0.080887,0.127838,0.213446,0.379413,0.490515,0.633045,0.942665,1.350040,1.672833,3.199733
1984-08-22,0.583806,Test,-0.013814,0.097158,0.173906,0.280190,0.484828,0.585338,0.766156,1.091295,1.532890,2.015380,3.843942
1984-08-23,0.955320,Test,-0.104206,0.085726,0.154561,0.282558,0.477210,0.611096,0.760694,1.108318,1.688649,2.227427,4.523746
1984-08-24,1.008393,Test,-0.095580,0.084980,0.167507,0.281748,0.466220,0.610266,0.759402,1.109759,1.684743,2.213820,4.417331
1984-08-25,1.061466,Test,-0.101546,0.048995,0.131867,0.226190,0.393302,0.530745,0.669047,0.999841,1.517378,1.963641,3.892715
1984-08-26,1.008393,Test,-0.076944,0.061439,0.138102,0.227851,0.397815,0.530452,0.672955,1.003125,1.506538,1.939565,3.807828
1984-08-27,1.008393,Test,-0.068708,0.060793,0.125300,0.208332,0.374459,0.496798,0.638309,0.956630,1.423695,1.820709,3.570509
1984-08-28,0.902246,Test,-0.091805,0.039483,0.093253,0.170771,0.325715,0.438708,0.573889,0.874865,1.304835,1.660748,3.292494
1984-08-29,0.689953,Test,-0.102063,0.028307,0.076646,0.150380,0.301204,0.408678,0.539964,0.832747,1.242402,1.579555,3.158302
1984-08-30,0.318440,Test,-0.111382,0.017912,0.063677,0.135019,0.283823,0.387521,0.515665,0.804511,1.201154,1.529419,3.084247
1984-08-31,0.159220,Test,-0.118548,0.009453,0.054899,0.125271,0.274058,0.376064,0.502883,0.791811,1.183374,1.508984,3.058209
1984-09-01,0.212293,Test,-0.095999,0.033631,0.069875,0.142267,0.296123,0.396451,0.528544,0.812670,1.219435,1.559492,3.150420
1984-09-02,0.424586,Test,-0.078820,0.045796,0.078492,0.150163,0.309614,0.407737,0.542146,0.827595,1.235827,1.584445,3.193749
1984-09-03,0.265367,Test,-0.051048,0.052383,0.088048,0.146836,0.304409,0.399709,0.529929,0.808696,1.200509,1.542522,3.109984
1984-09-04,0.159220,Test,-0.058982,0.048012,0.078934,0.138440,0.296280,0.388707,0.517763,0.792260,1.182592,1.525320,3.097152
1984-09-05,0.159220,Test,-0.051335,0.047349,0.080183,0.135547,0.293436,0.385537,0.512932,0.786089,1.174984,1.519224,3.087807
1984-09-06,0.212293,Test,-0.076503,0.028574,0.059982,0.116375,0.269400,0.361254,0.485930,0.754907,1.141011,1.476423,3.023802
1984-09-07,0.159220,Test,-0.093463,0.016981,0.045712,0.104419,0.256622,0.348073,0.471218,0.738939,1.128593,1.465955,3.020840
1984-09-08,0.053073,Test,-0.087488,0.017508,0.046851,0.106966,0.262330,0.355924,0.480699,0.754949,1.158198,1.510703,3.093223
1984-09-09,0.106147,Test,-0.065520,0.030792,0.057566,0.116682,0.277135,0.368930,0.494847,0.771468,1.180594,1.551219,3.164361
1984-09-10,0.159220,Test,-0.065028,0.029304,0.058399,0.114676,0.275676,0.368866,0.494073,0.770104,1.171289,1.524730,3.103202
1984-09-11,0.053073,Test,-0.031499,0.049574,0.070844,0.108385,0.262556,0.340106,0.455682,0.701017,1.045342,1.372929,2.870173
1984-09-12,0.053073,Test,-0.014488,0.059968,0.083205,0.115649,0.271587,0.346930,0.462131,0.704821,1.038006,1.357226,2.833593
1984-09-13,0.106147,Test,-0.009819,0.062702,0.086278,0.118749,0.277172,0.353036,0.469585,0.714467,1.051194,1.373126,2.859108
1984-09-14,0.106147,Test,-0.024613,0.051771,0.075087,0.107715,0.263039,0.338797,0.453896,0.696606,1.030740,1.347703,2.821516
1984-09-15,0.106147,Test,-0.035724,0.043277,0.066743,0.099340,0.253153,0.328956,0.442816,0.684310,1.016997,1.330692,2.797032
1984-09-16,0.159220,Test,-0.057443,0.028551,0.053106,0.087699,0.239605,0.317049,0.430064,0.671898,1.006967,1.315404,2.776136
1984-09-17,0.212293,Test,-0.019792,0.052146,0.077159,0.108790,0.268572,0.345344,0.461986,0.709040,1.048611,1.371187,2.862369
1984-09-18,0.424586,Test,-0.012328,0.056524,0.080486,0.111604,0.273466,0.349878,0.467355,0.715052,1.056920,1.383268,2.885668
1984-09-19,0.477660,Test,-0.011517,0.056191,0.074616,0.104097,0.263958,0.336756,0.452046,0.693112,1.030134,1.359869,2.864596
1984-09-20,0.689953,Test,0.003933,0.066173,0.083870,0.112332,0.276254,0.348470,0.465029,0.707218,1.047747,1.384304,2.905372
1984-09-21,0.583806,Test,0.003770,0.066539,0.090089,0.118755,0.284375,0.359622,0.478961,0.726629,1.068790,1.396389,2.905749
1984-09-22,0.583806,Test,0.002512,0.064644,0.086581,0.114431,0.279122,0.353343,0.471678,0.717312,1.057179,1.385709,2.893919
1984-09-23,0.636880,Test,-0.011308,0.068406,0.081440,0.121678,0.297362,0.370435,0.494423,0.749032,1.101435,1.446741,3.022044
1984-09-24,0.743026,Test,0.026020,0.081555,0.107953,0.136969,0.312726,0.390466,0.513132,0.767748,1.124305,1.469539,3.027219
1984-09-25,0.743026,Test,0.028615,0.082305,0.108652,0.137794,0.314610,0.392826,0.516605,0.772047,1.130568,1.477189,3.037193
1984-09-26,0.583806,Test,0.000580,0.063035,0.093001,0.124845,0.297488,0.378972,0.502937,0.763654,1.126519,1.466770,3.023787
1984-09-27,0.689953,Test,0.011157,0.070814,0.102628,0.136491,0.314348,0.398881,0.527301,0.794376,1.166474,1.510140,3.079266
1984-09-28,0.849173,Test,0.119643,0.219853,0.334032,0.430058,0.803417,0.884271,1.119094,1.519888,2.193386,3.105358,6.275782
1984-09-29,1.061466,Test,-0.042442,0.169828,0.291184,0.404241,0.708377,0.867725,1.077144,1.505533,2.447080,3.339072,7.145016
1984-09-30,1.008393,Test,-0.005692,0.160858,0.275227,0.368901,0.639929,0.803293,0.998167,1.418883,2.223483,3.008163,6.099733
1984-10-01,1.486053,Training,-0.043423,0.117206,0.192391,0.305451,0.570581,0.718219,0.905394,1.320663,2.051287,2.770597,5.593812
1984-10-02,2.069859,Training,0.047682,0.175670,0.246497,0.380351,0.695635,0.840503,1.058847,1.504867,2.283221,3.120026,6.170351
1984-10-03,2.229079,Training,0.025316,0.217268,0.296605,0.470497,0.809346,0.983463,1.224997,1.728611,2.696993,3.669423,7.275192
1984-10-04,3.237472,Training,0.015225,0.302237,0.448566,0.659926,1.172276,1.404316,1.768211,2.611919,4.318688,5.907167,12.320177
1984-10-05,2.335226,Training,0.046507,0.530197,0.665069,1.083463,1.716227,2.082972,2.607214,3.690886,6.261662,8.279800,16.213171
1984-10-06,2.122932,Training,0.201436,0.558513,0.766995,1.122317,1.663068,2.028997,2.548847,3.460403,5.533001,7.210518,12.630562
1984-10-07,2.122932,Training,0.161411,0.430363,0.616038,0.894578,1.344416,1.653537,2.078801,2.831902,4.412662,5.730688,9.938415
1984-10-08,1.910639,Training,0.083646,0.313432,0.474898,0.733024,1.121827,1.403541,1.785752,2.492447,3.837700,4.902457,8.475344
1984-10-09,1.910639,Training,0.031271,0.222989,0.355138,0.580236,0.912846,1.162789,1.501677,2.138318,3.231246,4.058576,6.998783
1984-10-10,1.645273,Training,0.013106,0.191146,0.311079,0.543409,0.865949,1.110519,1.439882,2.062428,3.069862,3.807560,6.482187
1984-10-11,1.592199,Training,0.021883,0.204830,0.313512,0.586237,0.931816,1.182978,1.526640,2.167005,3.188024,3.930511,6.550750
1984-10-12,1.273759,Training,0.021036,0.184506,0.294752,0.533980,0.854076,1.092592,1.406223,2.007614,2.904194,3.530102,5.905335
1984-10-13,1.220686,Training,-0.021787,0.136993,0.247452,0.477652,0.776670,1.011404,1.308897,1.900078,2.756594,3.331746,5.576905
1984-10-14,1.061466,Training,-0.051315,0.105844,0.216127,0.445165,0.734179,0.967643,1.254732,1.840756,2.680690,3.231982,5.401795
1984-10-15,1.061466,Training,-0.038089,0.134021,0.254218,0.526604,0.843741,1.095616,1.402072,2.032182,2.926388,3.497468,5.705335
1984-10-16,1.008393,Training,-0.010800,0.195815,0.332651,0.689594,1.062496,1.346404,1.695848,2.406880,3.425182,4.063379,6.394597
1984-10-17,0.902246,Training,0.027451,0.218007,0.347075,0.685460,1.065721,1.339480,1.670636,2.343449,3.311851,3.931551,6.219360
1984-10-18,0.902246,Training,0.020969,0.220929,0.333919,0.708116,1.138257,1.407221,1.761388,2.491524,3.544918,4.293743,6.903871
1984-10-19,8.704023,Training,-0.060892,0.385959,0.792713,1.630510,2.799743,3.340128,4.414325,6.426929,10.759803,14.855562,26.044241
1984-10-20,2.176006,Training,0.368636,1.176911,1.753632,3.194316,4.756383,5.699637,7.037694,9.120486,14.206573,17.707596,28.226328
1984-10-21,1.857566,Training,0.415508,1.047167,1.541282,2.671956,3.905311,4.660666,5.655951,7.338572,10.954441,13.763352,20.951790
1984-10-22,1.910639,Training,0.276604,0.714250,1.087556,1.907872,2.786340,3.352105,4.039197,5.288169,7.739805,9.597413,14.358391
1984-10-23,1.751419,Training,0.166634,0.515161,0.792700,1.461552,2.136178,2.591575,3.130569,4.198978,6.013851,7.261941,10.767797
1984-10-24,2.388299,Training,0.111972,0.357197,0.543564,0.973254,1.449638,1.800202,2.202605,3.021796,4.251544,5.076282,7.844993
1984-10-25,1.486053,Training,0.096756,0.315473,0.448005,0.834737,1.299097,1.600383,1.982754,2.767348,3.910747,4.767386,7.673746
1984-10-26,3.768205,Training,0.108564,0.292353,0.440955,0.780270,1.260341,1.565828,1.965143,2.791527,4.131254,5.276326,9.006426
1984-10-27,3.025179,Training,-0.037534,0.218536,0.355316,0.671789,1.088659,1.403900,1.776779,2.619289,4.152313,5.366695,9.898468
1984-10-28,2.494445,Training,0.044499,0.287673,0.490431,0.820658,1.251293,1.619714,2.027038,2.889706,4.475904,5.644204,9.702349
1984-10-29,2.229079,Training,0.078623,0.329752,0.546761,0.933674,1.401625,1.793950,2.232362,3.137628,4.707115,5.842558,9.577299
1984-10-30,2.335226,Training,0.089729,0.307347,0.486167,0.818393,1.247930,1.589692,1.982545,2.783991,4.131071,5.137835,8.451365
1984-10-31,2.441372,Training,0.055497,0.248651,0.365785,0.648671,1.024012,1.299793,1.639921,2.341705,3.439885,4.282215,7.198442
1984-11-01,1.857566,Training,0.116524,0.312649,0.418271,0.746760,1.177361,1.460686,1.828731,2.570361,3.730245,4.688590,7.790971
1984-11-02,3.025179,Training,0.340779,0.771959,1.035474,1.810882,2.810228,3.421821,4.275863,5.851410,8.903193,11.664062,18.748917
1984-11-03,2.282152,Training,0.779540,1.962573,2.409250,4.553764,6.679729,8.279425,10.026472,13.440848,20.224655,24.274637,37.931557
1984-11-04,3.184398,Training,1.301175,2.925762,3.573793,6.430063,9.228532,10.960163,13.156046,17.041664,24.458807,29.401655,44.308189
1984-11-05,3.237472,Training,1.645438,3.447896,4.139460,7.038570,9.748672,11.187758,13.333817,16.667007,23.188013,28.125303,41.354122
1984-11-06,4.776598,Training,1.268615,2.725147,3.420155,5.938035,8.657011,10.094373,12.146217,15.903544,22.919989,28.102694,41.958950
1984-11-07,15.391259,Training,1.935724,3.939446,4.742227,8.111907,11.454618,13.524791,15.954901,20.775295,28.886276,34.453590,50.736179
1984-11-08,14.276720,Training,2.524611,4.937871,5.758863,9.751684,13.268170,15.294316,18.018078,22.609619,31.025959,36.710972,53.952377
1984-11-09,28.075780,Training,2.254595,4.424690,5.164317,8.571904,11.625008,13.133895,15.486476,19.208611,26.394180,31.843773,46.479465
1984-11-10,13.639840,Training,1.656174,2.968389,3.687492,5.832519,7.792355,9.000737,10.638810,13.150353,18.322376,22.157541,31.273972
1984-11-11,8.332509,Training,1.405559,2.390722,3.109508,4.820888,6.458269,7.435256,8.708555,10.615966,14.492461,17.781378,24.332731
1984-11-12,10.296222,Training,1.631527,2.831266,3.403925,5.669680,7.788522,8.942945,10.704313,13.264661,18.311769,22.864971,32.709400
1984-11-13,9.818562,Training,1.679382,3.165234,3.986957,6.558883,8.845692,10.145434,12.060505,14.748410,20.598688,25.046873,35.777397
1984-11-14,7.695630,Training,1.194089,2.220308,2.705296,4.547373,6.315101,7.272840,8.712108,10.910027,15.348347,19.380245,28.151335
1984-11-15,6.581090,Training,0.979417,2.210183,2.833981,5.010232,7.514150,8.979868,10.933891,14.836637,22.183815,27.217064,41.173729
1984-11-16,22.078496,Training,1.889604,3.990980,5.336668,9.200294,13.397505,15.733479,18.639122,24.284458,34.710506,41.056511,60.852215
1984-11-17,15.815846,Training,6.189022,10.559628,12.983883,19.638100,24.278872,26.825382,29.555733,34.033817,43.151546,49.088409,69.603447
1984-11-18,24.466795,Training,15.159936,21.965490,27.725817,37.785294,44.663353,47.337910,51.271538,56.990719,69.175102,76.334160,106.207726
1984-11-19,33.276964,Training,20.216755,29.112347,32.866791,43.150730,49.258221,50.717979,52.579067,57.621311,68.371124,75.785500,106.150467
1984-11-20,27.438900,Training,15.055944,20.929531,24.346859,31.842981,36.174351,37.971893,39.384327,43.326633,51.765545,58.249805,81.184929
1984-11-21,22.450009,Training,11.012780,14.917725,18.153973,23.761032,27.212873,29.159313,30.312504,33.661449,40.623737,45.550667,63.491653
1984-11-22,15.868919,Training,8.102817,10.814016,13.480721,17.695562,20.539181,22.145864,23.313190,26.084587,31.697691,35.508305,48.999111
1984-11-23,12.578374,Training,6.522268,8.636597,10.782203,14.260799,16.661844,17.915306,19.008947,21.192909,25.575106,28.645250,38.947289
1984-11-24,11.092321,Training,4.691766,6.351497,8.017463,10.991215,13.066894,14.103895,15.160695,17.109442,20.805624,23.153862,31.125317
1984-11-25,9.765489,Training,2.949980,4.259272,5.389275,8.014466,9.880111,10.766582,11.916023,13.726940,17.050163,19.702879,26.705463
1984-11-26,9.871635,Training,2.463319,3.617432,4.759118,7.062229,8.730034,9.737527,10.721328,12.497499,15.841336,18.089663,24.172739
1984-11-27,9.765489,Training,2.248984,3.282882,4.286668,6.347232,7.829589,8.753971,9.644717,11.216980,14.045424,15.900867,20.905870
1984-11-28,9.287829,Training,2.127455,3.134307,4.067813,6.048696,7.422717,8.310222,9.163784,10.679891,13.281763,14.984116,19.723112
1984-11-29,8.597876,Training,2.027784,3.274615,4.263617,6.701142,8.801585,10.018328,11.544268,13.705503,17.974375,22.351891,32.320843
1984-11-30,13.109107,Training,3.067690,5.832944,7.563153,12.303677,16.328505,18.926008,21.632994,25.821192,34.438618,40.396103,61.049858
1984-12-01,28.075780,Training,4.840019,8.307531,10.067714,15.776860,19.637329,22.217827,24.875902,28.807835,37.256493,42.097050,60.951469
1984-12-02,25.740555,Training,5.782560,9.601234,11.597260,17.674194,21.748230,24.095297,26.666374,30.639717,38.568745,43.878799,61.672249
1984-12-03,22.396936,Training,4.553586,7.926339,9.731754,14.997665,18.997072,20.965464,23.292107,27.136467,34.777672,39.976192,57.574055
1984-12-04,22.927669,Training,4.438492,7.003620,8.944280,13.065273,15.997375,17.859070,19.534695,22.478027,28.254240,32.728535,44.209183
1984-12-05,20.910883,Training,3.929765,6.286992,7.813201,11.978229,15.082459,16.813433,18.905373,21.947344,27.874269,32.915623,45.706730
1984-12-06,25.528261,Training,5.361311,9.004508,11.301024,17.200346,21.660486,24.253994,27.116255,31.469353,39.961609,45.743015,64.730583
1984-12-07,24.838308,Training,6.366199,10.164032,12.670807,18.359509,22.139341,24.553970,26.725641,30.524670,38.090141,42.966209,58.571842
1984-12-08,21.600836,Training,4.671613,7.379600,9.190079,13.550611,16.522314,18.240721,19.918259,22.842968,28.589333,33.226532,45.724598
1984-12-09,18.204145,Training,3.712737,5.554491,7.275974,10.522327,12.895545,14.413509,15.749695,18.127932,22.760752,26.421650,35.414944
1984-12-10,14.807453,Training,2.921753,4.273680,5.582840,8.107317,9.956853,11.180117,12.292959,14.150823,17.608381,20.295689,26.696951
1984-12-11,12.843741,Training,3.571738,4.950753,6.426713,9.084413,10.946804,12.049064,13.065276,14.904727,18.190144,20.433775,26.886450
1984-12-12,12.419154,Training,2.474299,4.268715,5.743091,9.018745,12.274751,13.747897,16.082157,19.188787,25.469799,31.161211,46.544250
1984-12-13,16.983459,Training,4.901265,8.099923,10.100925,15.256907,18.697319,20.823023,23.036455,26.528357,33.965786,38.722515,54.968914
1984-12-14,13.533694,Training,3.955126,5.935124,7.678334,11.135715,13.433427,15.205909,16.612808,19.076155,24.177814,27.551788,38.299507
1984-12-15,12.259934,Training,3.643630,5.496178,7.037643,10.314861,12.637967,13.954386,15.339993,17.607752,21.944630,25.865795,35.314178
1984-12-16,12.684521,Training,3.573866,5.132301,6.639608,9.493854,11.422922,12.638467,13.786942,15.781508,19.372564,22.297091,29.725012
1984-12-17,12.896814,Training,3.594769,5.077444,6.431651,9.163146,10.848254,11.943198,12.971486,14.756972,17.845633,20.031683,26.575806
1984-12-18,11.782274,Training,3.021934,4.352220,5.505343,8.024897,9.626440,10.600885,11.590287,13.307871,16.207979,18.265385,24.304893
1984-12-19,9.871635,Training,2.621634,3.691331,4.757292,6.907647,8.302370,9.282046,10.098632,11.607428,14.276583,15.616525,20.752609
1984-12-20,8.863242,Training,2.127431,3.046198,3.928833,5.803186,7.076298,7.929638,8.688778,10.059022,12.475287,13.614503,17.956923
1984-12-21,7.748703,Training,1.528732,2.280025,3.011098,4.568876,5.834418,6.478055,7.212203,8.537523,10.787876,12.142445,15.794332
1984-12-22,7.324117,Training,1.310717,1.997887,2.607931,4.025091,5.145212,5.777335,6.459515,7.678949,9.702368,10.919110,14.207568
1984-12-23,6.581090,Training,1.361431,2.070757,2.683832,4.154461,5.244410,5.899360,6.564821,7.786224,9.852504,10.858217,14.237000
1984-12-24,5.997284,Training,1.068858,1.677040,2.173533,3.434437,4.427838,5.012122,5.627416,6.746986,8.625764,9.619328,12.710309
1984-12-25,5.678844,Training,0.940711,1.445059,1.908508,3.017846,3.955563,4.545023,5.075633,6.116870,7.908147,8.801025,12.001359
1984-12-26,5.891137,Training,0.974332,1.548931,1.988130,3.190266,4.184472,4.752552,5.339148,6.423642,8.287833,9.317392,12.664967
1984-12-27,5.944211,Training,0.830956,1.362979,1.773509,2.878819,3.837450,4.412345,4.980541,6.047036,7.909536,9.043722,12.506467
1984-12-28,5.838064,Training,0.780591,1.312770,1.740235,2.843400,3.814689,4.395200,4.980941,6.093295,7.998307,9.297521,12.728508
1984-12-29,5.944211,Training,0.776279,1.285935,1.760914,2.862053,3.859997,4.448630,5.036065,6.191452,8.147429,9.514994,12.898776
1984-12-30,5.572697,Training,0.929356,1.438921,1.967742,3.134167,4.165243,4.837173,5.373914,6.508714,8.568974,9.680203,13.507389
1984-12-31,5.360404,Training,0.791288,1.272498,1.718117,2.793252,3.738806,4.333551,4.859141,5.962842,7.839079,8.823807,12.115194
1985-01-01,5.254258,Training,0.694575,1.120299,1.517556,2.479811,3.355822,3.915641,4.405808,5.448020,7.167700,8.078289,11.199012
1985-01-02,5.041964,Training,0.881279,1.353808,1.823973,2.919867,3.884356,4.493092,4.991635,6.074138,7.926367,8.815357,12.259139
1985-01-03,5.041964,Validation,0.623933,1.008584,1.369750,2.243944,3.061152,3.594929,4.054137,5.042627,6.639126,7.501411,10.541657
1985-01-04,25.899774,Validation,1.172877,2.105563,2.998064,4.876516,7.219289,8.306001,10.268022,12.618101,17.920877,23.305202,35.905846
1985-01-05,46.969878,Validation,2.600145,4.834746,6.250461,10.400075,13.901071,16.398039,18.773764,22.365040,31.032396,35.625648,55.900795
1985-01-06,30.039492,Validation,2.905019,5.120063,6.593003,10.455536,13.830129,15.969799,18.021767,21.450256,29.001198,33.876930,50.488125
1985-01-07,28.818806,Validation,2.914012,4.273988,5.673915,8.501559,10.804358,12.767216,13.896955,16.365667,21.327730,24.736469,39.623013
1985-01-08,27.863487,Validation,2.765826,3.935330,5.054567,7.492963,9.281128,10.764529,11.720328,13.695881,17.224926,19.506557,32.119808
1985-01-09,26.908167,Validation,3.085254,4.240877,5.361862,7.775050,9.425886,10.742300,11.616068,13.417353,16.447109,18.199677,29.307207
1985-01-10,26.058994,Validation,2.758794,3.761966,4.815692,7.006842,8.511855,9.731467,10.539268,12.188509,14.961145,16.392353,25.386127
1985-01-11,25.209821,Validation,2.510149,3.410383,4.338543,6.384482,7.752159,8.831337,9.600450,11.155562,13.679333,14.773048,22.887646
1985-01-12,24.360648,Validation,2.376798,3.217990,4.116012,6.087269,7.400571,8.412270,9.142394,10.665057,13.111185,14.050327,21.467487
1985-01-13,23.776842,Validation,2.543160,3.428844,4.352661,6.395754,7.763627,8.717884,9.444684,10.964904,13.449373,14.387094,21.887033
1985-01-14,23.033816,Validation,2.110992,2.881418,3.715628,5.568766,6.813072,7.731333,8.404493,9.892254,12.277201,13.068465,19.721817
1985-01-15,22.450009,Validation,1.643515,2.316043,2.949536,4.596220,5.695996,6.500424,7.138322,8.545996,10.724540,11.375788,17.682440
1985-01-16,21.866203,Validation,1.205420,1.702623,2.308034,3.660908,4.991736,5.912405,6.810769,8.217426,10.938279,12.930705,21.110073
1985-01-17,22.396936,Validation,1.092988,2.386081,3.323350,5.672152,8.697282,10.278373,12.511415,16.311827,23.763216,29.657518,45.922588
1985-01-18,22.556156,Validation,2.894868,5.356889,6.909238,11.227492,15.060279,17.345507,19.804604,23.753588,32.112404,37.126053,54.876324
1985-01-19,22.768449,Validation,3.077958,5.577750,7.251363,11.809320,16.183826,18.816807,21.692547,26.799669,35.838833,41.542004,60.884056
1985-01-20,23.670695,Validation,4.076175,7.229882,9.736382,14.839859,20.304682,23.333355,26.891233,33.117550,42.468094,49.902657,71.655891
1985-01-21,47.394464,Validation,6.566380,10.807141,13.999432,20.654297,26.511108,29.624783,33.357887,38.934189,48.592922,55.494190,77.889236
1985-01-22,40.494934,Validation,10.172362,15.864286,19.965118,28.380705,34.381123,37.778618,41.519100,47.294365,57.225636,63.678677,88.758904
1985-01-23,62.785724,Validation,13.981992,21.288961,25.079315,35.507721,41.054264,44.397518,46.420300,51.975918,62.244125,67.945473,96.885742
1985-01-24,48.615150,Validation,9.658404,14.116924,17.459154,24.395239,28.482698,31.885754,32.700722,36.965782,44.574406,49.761471,71.511894
1985-01-25,62.520357,Validation,5.549408,9.269435,11.802082,17.793205,22.947897,25.686241,28.899086,34.397705,42.983219,49.929611,71.191032
1985-01-26,90.702284,Validation,13.120690,19.842287,23.396803,32.931667,37.697742,40.725632,42.288715,47.396446,55.951347,61.572117,85.872520
1985-01-27,24.042209,Validation,8.876286,12.369782,15.381259,20.993326,24.306454,27.271250,27.932892,31.261326,37.478626,41.976498,61.393562
1985-01-28,19.000244,Validation,7.192050,10.024955,12.555454,17.373127,20.015661,22.032572,23.208023,26.122576,30.727001,34.941681,47.657265
1985-01-29,17.089605,Validation,5.534830,7.601908,9.589188,13.274385,15.458246,16.964989,18.095314,20.377125,23.892151,27.064693,36.451641
1985-01-30,15.868919,Validation,4.957214,6.705050,8.410434,11.635604,13.433851,14.780510,15.786902,17.740480,20.669855,22.855179,30.612629
1985-01-31,15.550479,Validation,4.411953,5.903336,7.397798,10.256566,11.920649,13.036523,13.977519,15.736423,18.323915,20.074238,26.674124
1985-02-01,15.285113,Validation,3.785314,5.078311,6.405782,8.963044,10.553566,11.502213,12.387641,14.055986,16.480738,17.973785,23.794573
1985-02-02,15.019746,Validation,3.505445,4.697312,5.957349,8.359141,9.916757,10.759262,11.605029,13.241354,15.607978,16.956697,22.482742
1985-02-03,14.807453,Validation,3.608155,4.771926,6.059892,8.424337,9.999232,10.761311,11.588911,13.211757,15.593560,16.878489,22.507509
1985-02-04,14.489013,Validation,2.282400,3.234766,4.226455,6.277029,7.847192,8.537607,9.387845,10.992418,13.437566,15.143152,20.393124
1985-02-05,14.489013,Validation,1.826821,2.704583,3.642620,5.557365,7.084132,7.854943,8.632605,10.256608,12.926188,14.808082,20.242496
1985-02-06,14.223647,Validation,1.245041,1.982433,2.875449,4.579436,6.318326,7.169621,8.272389,10.074288,13.540719,16.848478,24.223152
1985-02-07,56.470000,Validation,1.483347,3.098096,4.415159,7.297511,10.890571,12.689900,15.199040,19.305735,27.258589,33.765072,54.561295
1985-02-08,80.087622,Validation,3.043465,5.923198,7.823101,12.520680,17.362421,20.077530,23.077799,28.127171,36.931919,43.059093,65.703613
1985-02-09,111.347801,Validation,4.638827,8.151026,10.353301,16.002518,20.934397,23.451841,26.407366,30.901146,39.258591,45.208233,64.980186
1985-02-10,53.073308,Validation,6.594736,10.940806,13.810821,20.603760,25.943073,28.595192,31.662130,36.395557,45.113251,51.452202,72.293602
1985-02-11,58.911372,Validation,5.549145,9.513653,12.185728,18.431828,23.566402,26.027578,28.969082,33.784977,42.593231,48.458878,69.017914
1985-02-12,99.087867,Validation,6.483923,10.588944,13.365340,20.052660,24.868198,27.205769,29.753738,34.309677,42.692314,48.404732,68.661392
1985-02-13,59.919765,Validation,8.078193,12.561227,15.434092,22.744734,27.350264,29.701639,32.100483,36.570538,44.450703,50.582138,70.578072
1985-02-14,43.467039,Validation,7.836403,12.120641,14.900814,21.977301,26.404118,28.496197,30.499460,34.880692,42.470005,48.094803,68.042610
1985-02-15,108.853355,Validation,7.787141,12.614360,15.874766,23.044909,28.349220,30.983711,33.876514,38.974865,47.261913,53.898884,77.015800
1985-02-16,172.647472,Validation,12.564337,19.456470,23.757582,33.474785,39.617542,42.435566,45.786655,51.325470,61.551624,68.232384,95.178825
1985-02-17,115.275226,Validation,17.503550,25.472980,29.226780,40.481384,45.759155,47.838425,50.020962,55.436356,65.028297,71.439896,99.068436
1985-02-18,66.713148,Validation,16.356627,22.905563,26.179258,35.198357,39.134830,41.108494,41.999115,46.357391,53.679779,59.293476,82.533348
1985-02-19,45.483825,Validation,12.891487,17.134769,20.202065,26.367239,29.247902,31.066807,31.959032,34.994194,40.455288,45.051834,62.283428
1985-02-20,34.497650,Validation,10.560261,13.650131,16.296072,20.968800,23.258158,24.694616,25.771229,28.052326,32.205826,35.949886,48.820942
1985-02-21,29.349539,Validation,8.270577,10.804617,12.925275,16.957146,18.997072,20.198477,21.346296,23.296310,26.789936,29.816839,40.593143
1985-02-22,26.855094,Validation,6.921325,8.906406,10.844200,14.173765,15.924120,17.075060,18.110287,19.812086,22.751442,24.904675,33.524406
1985-02-23,25.369041,Validation,5.228346,6.832193,8.456433,11.294653,13.023348,13.972127,14.972666,16.617449,19.120283,21.118742,27.953747
1985-02-24,24.679088,Validation,4.683525,6.140121,7.618640,10.268486,11.880857,12.734999,13.686839,15.285888,17.680702,19.351952,25.660048
1985-02-25,24.360648,Validation,3.544693,4.879621,6.163361,8.770804,10.558898,11.318527,12.389912,14.148476,16.806723,19.095390,25.863981
1985-02-26,24.254502,Validation,2.515414,3.755911,4.948343,7.497148,9.401737,10.372824,11.574528,13.555024,16.938816,20.226715,28.557398
1985-02-27,23.882989,Validation,2.123960,3.851328,5.336682,8.650384,11.821045,13.654652,15.926592,19.410042,25.997896,32.308865,49.386612
1985-02-28,24.891382,Validation,3.491817,6.797089,9.063248,14.690068,20.099077,23.089691,26.458405,32.089748,41.620243,48.244511,74.586380
1985-03-01,24.042209,Validation,5.364859,8.760698,11.104987,16.747871,20.775801,23.299137,25.435421,29.579758,36.971188,41.730026,59.660267
1985-03-02,21.494690,Validation,5.272361,7.929834,10.138608,14.675827,17.652569,19.683374,21.223255,24.366236,29.764219,34.258850,47.817707
1985-03-03,18.097998,Validation,4.846004,7.277267,9.196901,13.410629,16.209141,17.898663,19.488745,22.292843,27.268702,31.916676,44.740971
1985-03-04,16.134286,Validation,3.295371,5.189873,6.666969,10.008458,12.736468,14.403735,16.026007,18.600143,23.904053,28.538420,41.569592
1985-03-05,14.435940,Validation,2.751128,4.309852,5.691262,8.420453,10.666530,12.183012,13.447494,15.696979,20.091311,23.640423,33.602264
1985-03-06,12.949887,Validation,2.247004,3.428595,4.552540,6.765039,8.478005,9.712706,10.726684,12.578090,15.847229,18.351139,25.286867
1985-03-07,12.631447,Validation,1.912611,2.919209,3.878959,5.877275,7.398079,8.406507,9.332730,11.059883,13.798907,16.013605,21.613197
1985-03-08,11.516908,Validation,1.451965,2.239228,2.981006,4.602288,5.917650,6.725275,7.515775,9.003269,11.307137,13.162403,17.506245
1985-03-09,10.561588,Validation,1.254571,1.952492,2.592787,4.057043,5.251982,5.977518,6.694539,8.065917,10.172123,11.771598,15.628469
1985-03-10,9.340902,Validation,1.087591,1.699596,2.298534,3.625222,4.785407,5.416181,6.080009,7.392781,9.411480,10.927610,14.521645
1985-03-11,9.181682,Validation,1.043419,1.637145,2.213232,3.508686,4.628031,5.236911,5.869738,7.145929,9.094948,10.481380,13.915705
1985-03-12,8.757096,Validation,0.962694,1.537865,2.056557,3.290148,4.325325,4.918084,5.515540,6.724265,8.554520,9.797680,13.047771
1985-03-13,8.173289,Validation,0.979193,1.575410,2.079059,3.335635,4.327687,4.940502,5.514694,6.693696,8.537898,9.568293,12.862995
1985-03-14,8.332509,Validation,0.975380,1.568097,2.073967,3.324658,4.312068,4.927539,5.482323,6.643634,8.502282,9.445830,12.769082
1985-03-15,7.483336,Validation,1.027801,1.654125,2.195942,3.524073,4.551159,5.169399,5.746103,6.965421,8.865075,9.842652,13.154863
1985-03-16,7.324117,Validation,0.882051,1.455874,1.944350,3.167299,4.146070,4.735111,5.287140,6.460524,8.302751,9.290024,12.479801
1985-03-17,6.634164,Validation,0.723452,1.231601,1.655772,2.744696,3.648465,4.208165,4.724524,5.833885,7.589146,8.550389,11.613827
1985-03-18,6.581090,Validation,0.570832,1.003064,1.371036,2.311591,3.192558,3.679912,4.187264,5.259356,6.880296,8.058828,11.062355
1985-03-19,7.483336,Validation,0.525045,0.962950,1.394011,2.369044,3.352389,3.969371,4.620450,5.802606,7.934810,9.739969,13.946236
1985-03-20,8.173289,Validation,0.655696,1.285011,1.845802,3.120336,4.422929,5.282552,6.106141,7.668672,10.818089,13.614648,20.633932
1985-03-21,8.120216,Validation,0.655309,1.350812,2.025537,3.432344,5.036389,5.934120,6.885812,8.827785,12.556570,16.165369,24.548923
1985-03-22,8.863242,Validation,0.776152,1.538824,2.203038,3.692031,5.322369,6.234332,7.208261,9.173038,12.790102,16.346050,24.330009
1985-03-23,8.810169,Validation,0.896317,1.576759,2.201707,3.552806,4.835213,5.738694,6.568591,8.173804,11.062290,13.572619,19.404282
1985-03-24,7.695630,Validation,1.099954,1.869486,2.489719,3.980247,5.326579,6.183588,7.016934,8.581575,11.253549,13.840178,19.657469
1985-03-25,8.173289,Validation,1.128672,1.878080,2.538574,3.987565,5.289466,6.106922,6.891026,8.393042,10.873007,13.270201,18.443821
1985-03-26,7.430263,Validation,1.104177,1.794754,2.384361,3.737455,4.905444,5.650414,6.366510,7.724025,9.888418,11.836652,16.196831
1985-03-27,7.217970,Validation,1.137679,1.838558,2.417013,3.796013,4.938052,5.659463,6.354779,7.683616,9.764039,11.549479,15.766812
1985-03-28,6.634164,Validation,1.102024,1.774543,2.313746,3.639778,4.701911,5.381108,6.032834,7.282895,9.216963,10.714265,14.515534
1985-03-29,6.262650,Validation,1.054740,1.698546,2.218613,3.499896,4.535816,5.169672,5.798012,7.009688,8.849249,10.240753,13.778338
1985-03-30,5.944211,Validation,1.020685,1.656718,2.175649,3.454612,4.561084,5.147400,5.786155,7.015090,8.878310,10.439818,14.194489
1985-03-31,6.262650,Validation,0.792689,1.355076,1.869170,3.074013,4.174673,4.717166,5.335541,6.650857,8.679163,10.237576,14.265985
1985-04-01,5.944211,Training,0.808406,1.369008,1.899594,3.095761,4.159780,4.734171,5.328044,6.610163,8.629935,10.071422,13.865838
1985-04-02,5.891137,Training,0.669822,1.210942,1.726739,2.882504,3.864522,4.424215,4.990381,6.278394,8.291380,9.517466,13.050636
1985-04-03,5.572697,Training,0.667847,1.214942,1.725348,2.871927,3.839988,4.379001,4.934380,6.192911,8.147751,9.278965,12.661564
1985-04-04,7.854850,Training,0.820602,1.416706,2.023764,3.269669,4.471335,5.116678,5.857366,7.223267,9.498159,11.576640,16.277067
1985-04-05,15.178966,Training,0.922407,1.836726,2.594711,4.359905,6.058424,7.163644,8.295117,10.225939,14.242496,18.109940,27.380846
1985-04-06,21.335470,Training,0.971508,2.053200,2.783104,4.732552,6.669395,7.839389,8.987253,11.253811,15.540827,19.513571,29.710682
1985-04-07,32.480865,Training,0.978654,2.192945,3.030833,5.188362,7.441512,8.699907,10.114265,12.909522,17.958584,22.278048,33.552399
1985-04-08,25.687481,Training,1.657600,3.328012,4.234031,7.037736,9.688094,11.205375,12.835340,15.767401,21.040920,25.786785,37.424747
1985-04-09,22.450009,Training,2.291467,4.325928,5.315188,8.617372,11.388702,13.154023,14.952110,17.974400,23.673880,28.319363,40.819794
1985-04-10,23.086889,Training,2.422057,4.341805,5.417886,8.400863,10.813316,12.336348,13.812115,16.384216,20.956970,24.944708,35.229675
1985-04-11,17.885705,Training,2.054961,3.431292,4.494926,6.750831,8.694280,9.866899,11.040473,13.055774,16.422014,19.859957,27.114817
1985-04-12,15.444333,Training,1.781541,2.902372,3.872334,5.830191,7.540336,8.496693,9.513709,11.285869,14.223648,17.059467,23.242277
1985-04-13,14.011353,Training,1.548672,2.480281,3.247125,4.931771,6.345965,7.168576,8.041832,9.526411,11.919521,14.160625,19.121531
1985-04-14,11.039248,Training,1.401455,2.239722,2.895671,4.456369,5.702916,6.453123,7.241730,8.582831,10.681238,12.543428,16.811369
1985-04-15,10.296222,Training,1.129320,1.866982,2.457812,3.882174,5.052678,5.686552,6.417604,7.743278,9.816675,11.386856,15.407863
1985-04-16,9.977782,Training,0.834185,1.524192,2.069991,3.407969,4.448271,5.051038,5.745754,7.088389,9.189507,10.459374,14.132041
1985-04-17,9.340902,Training,0.713667,1.382862,1.898486,3.182123,4.154856,4.738374,5.396709,6.707578,8.763290,9.887344,13.325583
1985-04-18,8.438656,Training,0.706782,1.321643,1.789366,2.968634,3.909062,4.429415,5.041066,6.258178,8.098388,9.161960,12.424772
1985-04-19,8.385583,Training,0.573639,1.128302,1.542056,2.642011,3.582392,4.039857,4.652492,5.868930,7.633923,8.844660,12.267141
1985-04-20,8.226363,Training,0.508602,0.997156,1.432790,2.426152,3.426050,4.001321,4.713531,6.120996,8.360891,10.496519,15.301553
1985-04-21,14.064427,Training,0.918624,2.065097,2.654557,4.652801,6.574879,7.849671,9.140546,11.728739,16.623425,20.796780,31.380281
1985-04-22,9.924709,Training,1.338833,2.713422,3.432788,5.639790,7.531313,8.835319,10.120132,12.325636,16.782282,20.254131,30.341940
1985-04-23,7.801776,Training,1.798475,3.637349,4.536850,7.461220,10.057798,11.827079,13.385494,16.434086,22.125452,26.767145,39.789268
1985-04-24,18.469511,Training,2.443221,4.912352,5.887156,9.732312,13.031279,14.932130,17.102249,20.732077,27.347914,32.816856,46.848633
1985-04-25,19.477904,Training,2.149650,4.277120,5.166767,8.335548,11.261976,12.675685,14.453082,17.589127,22.902018,27.871845,40.275612
1985-04-26,16.771165,Training,1.825372,3.562828,4.416683,7.005608,9.413055,10.539341,12.019044,14.665366,19.182583,23.408665,33.843338
1985-04-27,13.852133,Training,1.473998,2.842351,3.571795,5.724573,7.766224,8.725642,10.010172,12.383569,16.292440,20.192892,29.287373
1985-04-28,18.787951,Training,1.403660,2.760982,3.485680,5.595933,7.541413,8.434036,9.682113,11.896091,15.602647,19.199713,28.041302
1985-04-29,13.905207,Training,1.257859,2.379065,3.129077,4.903219,6.472344,7.340865,8.432749,10.294481,13.512434,16.283531,23.094044
1985-04-30,11.623055,Training,0.870163,1.816361,2.494438,4.061421,5.311434,6.129965,7.104549,8.772491,11.662485,13.858932,19.345242
1985-05-01,10.137002,Training,0.576140,1.446904,1.984195,3.442339,4.586535,5.258300,6.205767,7.764493,10.406890,12.628279,18.094582
1985-05-02,9.234756,Training,0.763081,1.512637,2.064224,3.464029,4.695358,5.325068,6.269785,7.889863,10.455109,12.928605,18.583004
1985-05-03,8.597876,Training,0.852946,1.850127,2.442891,4.159327,5.782981,6.659225,7.842462,10.154499,13.923370,17.356480,25.912304
1985-05-04,8.014070,Training,0.861600,1.885850,2.478128,4.064289,5.564422,6.442190,7.570656,9.544533,13.127651,16.081432,23.987186
1985-05-05,7.589483,Training,1.060670,1.996588,2.482181,3.975494,5.279847,6.110029,7.063887,8.670078,11.427442,14.264205,20.638887
1985-05-06,10.667735,Training,1.527638,2.899924,3.556799,5.753827,7.544981,8.775040,10.160935,12.223683,16.416533,20.141062,29.316969
1985-05-07,10.508515,Training,1.554345,3.032429,3.819332,5.983712,7.801450,8.956747,10.276628,12.306718,16.123510,19.617611,27.961891
1985-05-08,8.650949,Training,1.346465,2.462943,3.202644,4.875439,6.353295,7.268146,8.295505,9.894090,12.740695,15.594482,21.844444
1985-05-09,7.748703,Training,1.102381,2.035913,2.724240,4.214486,5.548880,6.310726,7.224607,8.715015,11.303679,13.720209,19.300676
1985-05-10,9.924709,Training,1.044709,1.853281,2.433146,3.768890,4.918403,5.609200,6.407905,7.687072,9.842266,11.883615,16.455515
1985-05-11,7.960996,Training,1.000196,1.763122,2.296381,3.599733,4.675685,5.328584,6.080269,7.292819,9.293630,11.088646,15.222930
1985-05-12,6.687237,Training,0.869280,1.555849,2.022775,3.191458,4.173676,4.758571,5.443285,6.576372,8.403912,10.010086,13.808121
1985-05-13,6.368797,Training,0.769642,1.402199,1.818326,2.885919,3.800641,4.340732,4.978544,6.057311,7.770778,9.277628,12.894974
1985-05-14,6.262650,Training,0.685075,1.268807,1.650240,2.638015,3.489085,4.005013,4.601953,5.642200,7.265526,8.673902,12.100297
1985-05-15,6.421870,Training,0.644830,1.218947,1.578402,2.591457,3.493520,4.029647,4.687360,5.797270,7.598351,9.402377,13.422549
1985-05-16,6.262650,Training,0.525944,1.108108,1.521113,2.492145,3.378629,3.986465,4.623292,5.801548,7.834049,9.691298,14.084810
1985-05-17,6.050357,Training,0.419263,0.911542,1.274091,2.114702,2.895611,3.432257,4.004441,5.118267,6.928937,8.489544,12.377647
1985-05-18,5.944211,Training,0.201155,0.662516,0.994280,1.794175,2.468041,2.970453,3.510023,4.633642,6.431918,7.811017,11.600697
1985-05-19,5.944211,Training,0.265262,0.742919,1.064925,1.892204,2.615693,3.089092,3.637771,4.740791,6.481990,7.881505,11.647044
1985-05-20,5.891137,Training,0.443819,0.983886,1.379010,2.346425,3.188252,3.712886,4.291000,5.428517,7.277860,8.707496,12.471242
1985-05-21,5.731917,Training,0.471576,1.000351,1.391054,2.346873,3.185265,3.700480,4.272228,5.393447,7.196144,8.581635,12.170998
1985-05-22,5.678844,Training,0.471735,0.985948,1.362267,2.286515,3.113308,3.613008,4.171781,5.259981,7.009220,8.383294,11.892549
1985-05-23,5.413477,Training,0.537887,1.105931,1.519371,2.561827,3.477226,4.001670,4.611014,5.764545,7.678994,9.164082,12.870865
1985-05-24,5.041964,Training,0.430704,0.945758,1.305670,2.245980,3.085312,3.576523,4.154013,5.269256,7.082598,8.512044,12.111410
1985-05-25,5.041964,Training,0.318480,0.773942,1.071970,1.870157,2.602382,3.043624,3.573764,4.631635,6.234776,7.634609,11.360025
1985-05-26,8.173289,Training,0.504436,1.232264,1.723237,2.979156,4.262263,4.963838,5.859105,7.663893,10.915411,14.060858,21.607050
1985-05-27,6.368797,Training,0.483233,1.471830,1.893709,3.390515,4.851766,5.688827,6.736254,8.712255,12.515219,15.733652,24.925022
1985-05-28,6.103430,Training,0.544475,1.351060,1.862108,3.127022,4.320600,5.106243,6.023120,7.671698,10.776589,13.423724,20.105402
1985-05-29,5.784991,Training,0.506636,1.345961,1.818654,3.186852,4.421367,5.148103,6.104037,7.857846,10.899638,13.754613,20.713331
1985-05-30,5.678844,Training,0.533623,1.482392,2.035635,3.640503,5.077108,5.882715,7.072384,9.128265,12.785205,16.166676,24.069687
1985-05-31,5.519624,Training,0.490346,1.462225,1.949292,3.406492,4.627869,5.407362,6.470574,8.248602,11.518579,14.269859,21.324366
1985-06-01,5.466551,Training,0.672213,1.611339,2.150213,3.706229,5.097194,5.876750,7.009592,8.924851,12.244502,15.414965,22.823477
1985-06-02,5.731917,Training,0.655322,1.777855,2.338945,4.177263,5.827680,6.741681,8.071119,10.368045,14.532978,18.168217,27.415760
1985-06-03,5.360404,Training,0.600774,1.665187,2.119746,3.647106,4.971251,5.776238,6.887248,8.799606,12.232848,15.101621,22.996283
1985-06-04,5.307331,Training,0.519205,1.407341,1.824039,3.110094,4.192931,4.900623,5.826306,7.462423,10.273954,12.710566,19.193628
1985-06-05,5.201184,Training,0.397473,1.171655,1.549025,2.667730,3.574974,4.212093,5.037454,6.506168,8.990702,11.112709,16.742531
1985-06-06,5.572697,Training,0.466999,1.214865,1.577604,2.670719,3.577115,4.174043,4.962701,6.341660,8.622934,10.635776,15.957580
1985-06-07,4.882744,Training,0.493987,1.204867,1.578411,2.624286,3.490555,4.085080,4.834136,6.131375,8.291990,10.125799,15.054505
1985-06-08,4.723524,Training,0.462498,1.094044,1.470110,2.418780,3.192578,3.771446,4.458340,5.668413,7.634289,9.211029,13.544060
1985-06-09,4.298938,Training,0.386492,0.979977,1.329888,2.227319,2.931214,3.478446,4.123265,5.271545,7.086318,8.494185,12.463754
1985-06-10,3.768205,Training,0.256117,0.814328,1.126988,1.970573,2.582533,3.097564,3.699562,4.788059,6.468203,7.696540,11.263407
1985-06-11,3.715132,Training,0.232981,0.747330,1.032238,1.813949,2.385273,2.861376,3.420242,4.446727,5.980163,7.087490,10.383610
1985-06-12,3.874352,Training,0.234864,0.708196,0.973605,1.702421,2.254606,2.699026,3.224071,4.205610,5.636831,6.677685,9.817592
1985-06-13,3.502838,Training,0.213684,0.640083,0.883331,1.542236,2.057667,2.472067,2.955949,3.886095,5.209104,6.169442,9.119325
1985-06-14,3.449765,Training,0.144887,0.560252,0.767423,1.382130,1.865776,2.243414,2.701519,3.592153,4.852467,5.807704,8.718534
1985-06-15,3.396692,Training,0.066828,0.448708,0.641788,1.179481,1.591981,1.952349,2.366160,3.200420,4.375271,5.226567,7.939979
1985-06-16,3.290545,Training,0.038549,0.396125,0.588698,1.090000,1.471771,1.827011,2.222191,3.034376,4.185294,4.997458,7.612350
1985-06-17,2.972105,Training,0.020588,0.346811,0.540547,0.991506,1.341569,1.686946,2.053588,2.828382,3.913036,4.661597,7.133409
1985-06-18,2.547519,Training,0.030973,0.353886,0.549489,0.993606,1.347673,1.690236,2.050579,2.814320,3.867690,4.593014,6.993283
1985-06-19,2.388299,Training,0.064736,0.393507,0.594172,1.066509,1.452698,1.801883,2.175919,2.961485,4.046222,4.798326,7.254175
1985-06-20,2.176006,Training,0.039940,0.361017,0.552561,1.001917,1.362802,1.698852,2.057891,2.816370,3.845834,4.540829,6.858210
1985-06-21,2.069859,Training,0.055865,0.375674,0.561242,1.003245,1.369633,1.694944,2.050059,2.796079,3.802296,4.493789,6.783875
1985-06-22,1.963712,Training,0.061828,0.361029,0.543980,0.959924,1.314744,1.630899,1.972632,2.699141,3.671436,4.335570,6.559431
1985-06-23,1.963712,Training,0.033453,0.313803,0.484408,0.863413,1.186022,1.484872,1.805340,2.494555,3.406373,4.015856,6.122892
1985-06-24,2.122932,Training,0.005389,0.286722,0.453763,0.826967,1.136207,1.431271,1.744771,2.422452,3.313060,3.893619,5.946738
1985-06-25,2.069859,Training,-0.035696,0.219738,0.369900,0.682754,0.946049,1.210539,1.487355,2.094157,2.865487,3.353469,5.215097
1985-06-26,2.122932,Training,-0.039291,0.191326,0.328126,0.598715,0.840034,1.080260,1.332535,1.888882,2.585087,3.029011,4.798811
1985-06-27,1.273759,Training,-0.045781,0.173090,0.301484,0.548756,0.774988,1.000948,1.239820,1.767890,2.424046,2.847555,4.566399
1985-06-28,1.061466,Training,-0.026231,0.181685,0.306726,0.542599,0.769776,0.989302,1.224577,1.742692,2.385797,2.808815,4.526004
1985-06-29,1.061466,Training,-0.025394,0.184178,0.310115,0.548707,0.777617,0.998718,1.235924,1.757438,2.404849,2.828053,4.546428
1985-06-30,0.849173,Training,-0.035122,0.180324,0.307584,0.552120,0.780693,1.004823,1.244499,1.771040,2.425522,2.846348,4.560486
1985-07-01,1.220686,Training,-0.015845,0.201499,0.332681,0.587599,0.829498,1.059680,1.307160,1.848863,2.526490,2.964821,4.723136
1985-07-02,1.379906,Training,0.009090,0.236779,0.356942,0.624998,0.885900,1.109841,1.367632,1.919121,2.621625,3.114797,4.989928
1985-07-03,1.910639,Training,-0.004090,0.197941,0.316224,0.540933,0.772466,0.982296,1.213720,1.719843,2.359469,2.801727,4.570172
1985-07-04,1.379906,Training,-0.030581,0.160447,0.275236,0.478723,0.688708,0.888479,1.103386,1.579441,2.172391,2.574478,4.247285
1985-07-05,1.167613,Training,-0.070213,0.125225,0.238563,0.441706,0.640914,0.839266,1.045286,1.514188,2.096200,2.479499,4.115094
1985-07-06,0.902246,Training,-0.092000,0.102607,0.216723,0.416704,0.610626,0.808046,1.007669,1.481112,2.051126,2.424528,4.037500
1985-07-07,0.636880,Training,-0.095260,0.101556,0.217446,0.419677,0.614361,0.814060,1.014820,1.493837,2.070999,2.449662,4.080148
1985-07-08,0.955320,Training,-0.068791,0.134129,0.242374,0.449886,0.651742,0.848644,1.057634,1.526390,2.119028,2.517560,4.203065
1985-07-09,0.955320,Training,-0.055058,0.139110,0.250804,0.450559,0.652070,0.848649,1.057385,1.525085,2.109353,2.500027,4.158633
1985-07-10,0.955320,Training,-0.063451,0.126898,0.235358,0.429558,0.626031,0.818058,1.021790,1.480972,2.046821,2.416466,4.024831
1985-07-11,1.273759,Training,-0.059171,0.126314,0.232516,0.420396,0.615318,0.803286,1.003905,1.455454,2.013170,2.380535,3.983091
1985-07-12,0.796100,Training,-0.059819,0.122893,0.226248,0.409440,0.601695,0.786064,0.983549,1.428694,1.977807,2.340873,3.933281
1985-07-13,0.371513,Training,-0.053649,0.132625,0.230763,0.417957,0.615577,0.797644,0.997854,1.443662,1.998334,2.370529,3.992719
1985-07-14,0.371513,Training,-0.042795,0.135309,0.238810,0.420694,0.619080,0.803332,1.002861,1.450423,2.005348,2.375737,3.991500
1985-07-15,0.424586,Training,-0.033140,0.141162,0.245988,0.426607,0.627806,0.812547,1.013260,1.462445,2.018826,2.390222,4.008035
1985-07-16,0.689953,Training,-0.040819,0.135781,0.240277,0.420684,0.619358,0.803727,1.003693,1.450671,2.005499,2.372773,3.981828
1985-07-17,0.636880,Training,-0.047469,0.130179,0.233683,0.413381,0.609512,0.793118,0.991878,1.436595,1.988357,2.350334,3.948396
1985-07-18,0.636880,Training,-0.040978,0.135287,0.239187,0.419516,0.618634,0.802794,1.002983,1.450123,2.005487,2.370025,3.977023
1985-07-19,0.636880,Training,-0.053763,0.130265,0.232733,0.418789,0.617087,0.802600,1.004189,1.453713,2.015300,2.379069,3.990592
1985-07-20,0.689953,Training,-0.049158,0.136805,0.244282,0.433338,0.633923,0.824040,1.031316,1.491624,2.069283,2.445084,4.078752
1985-07-21,0.530733,Training,-0.075828,0.098568,0.194002,0.357434,0.537664,0.709027,0.892122,1.310510,1.823578,2.158822,3.694664
1985-07-22,0.477660,Training,-0.093024,0.076624,0.169434,0.325079,0.499030,0.665329,0.838283,1.249435,1.744101,2.069548,3.583195
1985-07-23,0.265367,Training,-0.096594,0.073493,0.166700,0.322997,0.497125,0.664288,0.836595,1.249030,1.749183,2.078912,3.608785
1985-07-24,0.212293,Training,-0.089942,0.081537,0.175185,0.334311,0.511226,0.680661,0.856395,1.270003,1.782082,2.117842,3.668463
1985-07-25,0.636880,Training,-0.046101,0.117144,0.210587,0.368612,0.558374,0.727135,0.910970,1.327381,1.849654,2.201569,3.791439
1985-07-26,0.265367,Training,-0.039333,0.123719,0.209820,0.361995,0.550063,0.710903,0.892923,1.298331,1.805014,2.156203,3.738539
1985-07-27,0.265367,Training,-0.031119,0.120795,0.211286,0.355585,0.542330,0.703563,0.882144,1.284269,1.783728,2.124702,3.679667
1985-07-28,0.424586,Training,-0.054257,0.118905,0.194502,0.353938,0.544487,0.699379,0.880790,1.281664,1.786810,2.146061,3.757411
1985-07-29,0.849173,Training,-0.039962,0.122561,0.209541,0.360874,0.552449,0.713839,0.893956,1.298886,1.815734,2.178447,3.804192
1985-07-30,0.583806,Training,-0.023514,0.131638,0.222339,0.370810,0.566432,0.729568,0.911289,1.318943,1.840059,2.208309,3.843773
1985-07-31,0.477660,Training,-0.036289,0.118332,0.212458,0.356992,0.545769,0.710031,0.888433,1.292936,1.813141,2.178341,3.806045
1985-08-01,0.318440,Training,-0.058742,0.099224,0.189874,0.332337,0.512655,0.674181,0.847969,1.243267,1.749720,2.094559,3.675285
1985-08-02,0.212293,Training,-0.066155,0.092546,0.181016,0.321629,0.498834,0.658410,0.830333,1.221554,1.720515,2.056066,3.615413
1985-08-03,0.159220,Training,-0.055576,0.098348,0.185142,0.321990,0.500420,0.657554,0.829310,1.217999,1.711849,2.047013,3.603808
1985-08-04,0.159220,Training,-0.064027,0.090277,0.174511,0.308579,0.483025,0.637763,0.806556,1.189862,1.675705,2.003209,3.541928
1985-08-05,0.318440,Training,-0.035435,0.111262,0.194623,0.326585,0.509675,0.662886,0.835485,1.221694,1.711450,2.050737,3.618239
1985-08-06,0.371513,Training,-0.017047,0.121124,0.204702,0.331836,0.518337,0.670087,0.842530,1.227985,1.716017,2.059468,3.633660
1985-08-07,0.371513,Training,-0.046199,0.097789,0.178422,0.303874,0.480210,0.629874,0.797316,1.174093,1.651505,1.978585,3.515824
1985-08-08,0.212293,Training,-0.040417,0.100680,0.181884,0.306836,0.486178,0.636209,0.804634,1.183534,1.664768,1.995330,3.543245
1985-08-09,0.106147,Training,-0.042852,0.099702,0.180168,0.306401,0.486967,0.637215,0.806335,1.186305,1.670503,2.001639,3.556365
1985-08-10,0.000000,Training,-0.029483,0.107263,0.188130,0.311256,0.494866,0.644281,0.813779,1.193425,1.677456,2.012235,3.575153
1985-08-11,0.000000,Training,-0.046510,0.093985,0.171938,0.292574,0.469498,0.616133,0.782204,1.153725,1.628971,1.954692,3.496895
1985-08-12,0.159220,Training,-0.055211,0.087064,0.162837,0.280891,0.453939,0.598055,0.762011,1.127118,1.596494,1.918230,3.451388
1985-08-13,0.000000,Training,-0.048929,0.089491,0.164460,0.279479,0.453332,0.595723,0.759134,1.122343,1.590295,1.915517,3.455567
1985-08-14,0.000000,Training,-0.064414,0.078729,0.151668,0.269297,0.441674,0.584421,0.746331,1.108810,1.581100,1.903654,3.445642
1985-08-15,0.000000,Training,-0.042615,0.091545,0.163056,0.277778,0.454589,0.596186,0.759658,1.126012,1.607044,1.949402,3.529933
1985-08-16,0.159220,Training,-0.028994,0.092833,0.159179,0.254557,0.424976,0.553205,0.706114,1.043479,1.477955,1.798699,3.316910
1985-08-17,0.265367,Training,-0.043102,0.080181,0.143798,0.235067,0.399540,0.524228,0.672508,1.000265,1.423127,1.734183,3.227905
1985-08-18,0.265367,Training,-0.046314,0.075083,0.133830,0.219482,0.380199,0.499466,0.642660,0.959675,1.369593,1.677137,3.157784
1985-08-19,0.212293,Training,-0.049548,0.069929,0.125654,0.206872,0.364461,0.480081,0.619310,0.928706,1.329386,1.634639,3.105655
1985-08-20,0.106147,Training,-0.045794,0.070326,0.124813,0.202806,0.360273,0.473870,0.611748,0.917760,1.314724,1.620930,3.092416
1985-08-21,0.000000,Training,-0.039166,0.073338,0.126574,0.201774,0.360215,0.471922,0.609347,0.912892,1.307676,1.616185,3.092556
1985-08-22,0.000000,Training,-0.047241,0.066522,0.117897,0.191585,0.347644,0.457705,0.593159,0.892378,1.283363,1.588779,3.058326
1985-08-23,0.000000,Training,-0.026556,0.079601,0.131051,0.202187,0.363698,0.472816,0.610494,0.911411,1.305375,1.619140,3.109519
1985-08-24,0.000000,Training,-0.024274,0.081482,0.130752,0.201152,0.364371,0.471805,0.609513,0.908874,1.302587,1.618723,3.118492
1985-08-25,0.106147,Training,-0.000371,0.093321,0.139576,0.202388,0.367613,0.470386,0.605141,0.897171,1.282869,1.604874,3.108922
1985-08-26,0.000000,Training,-0.020328,0.078195,0.122824,0.184829,0.343995,0.445397,0.577512,0.864503,1.243442,1.557231,3.042050
1985-08-27,0.000000,Training,-0.069715,0.043891,0.085905,0.149565,0.297532,0.397624,0.523402,0.800598,1.170267,1.467301,2.915923
1985-08-28,0.000000,Training,-0.071322,0.041663,0.083758,0.146127,0.294653,0.393980,0.519324,0.795377,1.164535,1.462430,2.914751
1985-08-29,0.000000,Training,-0.033325,0.064798,0.104192,0.159655,0.313787,0.408607,0.534487,0.807856,1.172490,1.483962,2.958464
1985-08-30,0.000000,Training,-0.031474,0.064271,0.101426,0.154172,0.307536,0.400009,0.524162,0.793336,1.152821,1.463544,2.933446
1985-08-31,0.000000,Training,-0.043741,0.055087,0.090802,0.142945,0.293604,0.384949,0.507483,0.772702,1.128900,1.434679,2.893527
1985-09-01,0.000000,Training,-0.046470,0.052005,0.085833,0.136136,0.285769,0.375062,0.495930,0.757151,1.109444,1.415130,2.871804
1985-09-02,0.000000,Training,-0.047586,0.050493,0.085688,0.135810,0.286804,0.376763,0.498639,0.761399,1.116691,1.422575,2.883932
1985-09-03,0.000000,Training,-0.052397,0.049812,0.080366,0.131319,0.283254,0.370481,0.491853,0.751241,1.105441,1.414481,2.888129
1985-09-04,0.000000,Training,-0.049480,0.046502,0.077738,0.123345,0.272423,0.357750,0.475647,0.729655,1.075388,1.381550,2.838566
1985-09-05,0.000000,Training,-0.067426,0.033415,0.063419,0.108935,0.255023,0.339184,0.454255,0.703900,1.045275,1.345992,2.791994
1985-09-06,0.000000,Training,-0.080150,0.023422,0.053568,0.098852,0.243980,0.327373,0.440509,0.688554,1.027386,1.325637,2.769452
1985-09-07,0.000000,Training,-0.071794,0.028647,0.058202,0.102022,0.248714,0.331496,0.445600,0.693148,1.034004,1.336160,2.788818
1985-09-08,0.000000,Training,-0.065017,0.033348,0.061514,0.104451,0.253080,0.334891,0.449981,0.697234,1.039445,1.345390,2.807621
1985-09-09,0.053073,Training,-0.077921,0.029068,0.052435,0.098683,0.248837,0.328933,0.444205,0.689903,1.034050,1.342066,2.819828
1985-09-10,0.106147,Training,-0.100336,0.007551,0.037889,0.083425,0.232127,0.314200,0.427161,0.676808,1.017426,1.318085,2.783076
1985-09-11,0.000000,Training,-0.102929,0.004828,0.035681,0.080878,0.230342,0.312143,0.424929,0.674504,1.016837,1.321264,2.797403
1985-09-12,0.106147,Training,-0.079076,0.020944,0.052648,0.095405,0.247117,0.330513,0.446306,0.696340,1.048531,1.361198,2.854017
1985-09-13,0.106147,Training,-0.102406,0.017756,0.033119,0.083795,0.238694,0.313853,0.428353,0.668917,1.016377,1.337445,2.869061
1985-09-14,0.000000,Training,-0.091904,0.007915,0.035028,0.072441,0.220048,0.296385,0.403773,0.641601,0.970935,1.278597,2.750377
1985-09-15,0.000000,Training,-0.072445,0.021202,0.046912,0.082469,0.232176,0.308356,0.418510,0.655634,0.990393,1.304384,2.785525
1985-09-16,0.000000,Training,-0.084752,0.012207,0.040151,0.077731,0.228218,0.306451,0.417143,0.657587,1.000635,1.317763,2.817898
1985-09-17,0.000000,Training,-0.075465,0.017273,0.042413,0.077547,0.228141,0.304479,0.415244,0.653260,0.990261,1.303484,2.786853
1985-09-18,0.000000,Training,-0.049528,0.033847,0.055996,0.087896,0.241481,0.315348,0.427532,0.664837,0.998869,1.317822,2.805056
1985-09-19,0.000000,Training,-0.063440,0.038591,0.044709,0.090952,0.257417,0.326369,0.444220,0.686486,1.030452,1.374918,2.949940
1985-09-20,0.053073,Training,-0.067969,0.031166,0.043912,0.097086,0.279664,0.350309,0.478286,0.730280,1.095978,1.488411,3.202921
1985-09-21,0.106147,Training,-0.049163,0.047500,0.078163,0.123792,0.296340,0.381314,0.500811,0.760459,1.157814,1.556959,3.300335
1985-09-22,0.106147,Training,-0.042029,0.042874,0.088100,0.130271,0.305298,0.397669,0.520308,0.789715,1.201029,1.606312,3.357547
1985-09-23,0.106147,Training,-0.047747,0.037267,0.085236,0.128711,0.306214,0.401848,0.525350,0.801908,1.225176,1.637710,3.418769
1985-09-24,0.106147,Training,-0.046182,0.035659,0.072841,0.113054,0.284883,0.373612,0.496472,0.764790,1.159454,1.537188,3.204642
1985-09-25,0.212293,Training,-0.035454,0.040737,0.072424,0.110027,0.280841,0.366005,0.489425,0.754586,1.135780,1.498227,3.113811
1985-09-26,0.265367,Training,-0.054968,0.025863,0.054498,0.092308,0.257060,0.341666,0.463155,0.724085,1.097527,1.444494,3.017183
1985-09-27,0.318440,Training,-0.078625,0.008361,0.033748,0.071882,0.231716,0.315351,0.433151,0.688952,1.056379,1.394108,2.941702
1985-09-28,0.318440,Training,-0.065234,0.016407,0.045037,0.083151,0.246471,0.332675,0.453738,0.716323,1.087836,1.424168,2.969601
1985-09-29,0.371513,Training,-0.090170,-0.001600,0.027391,0.067373,0.228716,0.316422,0.435723,0.699119,1.072069,1.401178,2.938503
1985-09-30,0.477660,Training,-0.104937,-0.013310,0.016000,0.058818,0.221237,0.311022,0.430674,0.699122,1.081321,1.414524,2.967656
1985-10-01,0.583806,Training,-0.098291,0.003891,0.014178,0.070361,0.243729,0.330418,0.455076,0.729882,1.142343,1.525430,3.200164
1985-10-02,0.583806,Training,-0.028890,0.038944,0.070821,0.106428,0.278895,0.366890,0.491868,0.763704,1.141504,1.487800,3.058877
1985-10-03,0.689953,Training,-0.065882,0.029653,0.042511,0.097245,0.282062,0.366897,0.498729,0.778178,1.174266,1.547663,3.222385
1985-10-04,13.002961,Training,-0.032078,0.050466,0.078426,0.129973,0.320502,0.413779,0.548025,0.839831,1.264782,1.661022,3.395532
1985-10-05,1.167613,Training,-0.002733,0.062464,0.100073,0.148958,0.345023,0.444490,0.583362,0.881711,1.322671,1.725330,3.460467
1985-10-06,1.167613,Training,-0.025418,0.044583,0.088211,0.146902,0.346660,0.455825,0.598827,0.915584,1.395558,1.819681,3.619334
1985-10-07,1.167613,Training,-0.085359,0.013607,0.048334,0.138040,0.347130,0.467086,0.621416,0.972848,1.524303,2.001257,3.930915
1985-10-08,1.167613,Training,-0.026473,0.042789,0.084126,0.145149,0.343527,0.454314,0.600363,0.921375,1.400337,1.818707,3.584733
1985-10-09,1.167613,Training,0.007079,0.063799,0.101458,0.141639,0.329413,0.427563,0.565661,0.857013,1.266160,1.633605,3.266697
1985-10-10,1.167613,Training,-0.042617,0.029516,0.071967,0.115173,0.292494,0.396322,0.532718,0.826790,1.234985,1.577533,3.158684
1985-10-11,0.849173,Training,-0.058765,0.017787,0.060206,0.104532,0.279225,0.385079,0.520777,0.815255,1.223284,1.557261,3.116952
1985-10-12,0.583806,Training,-0.076939,0.003655,0.046280,0.090710,0.263276,0.370346,0.503766,0.798738,1.204594,1.531395,3.075420
1985-10-13,0.424586,Training,-0.072171,0.006591,0.049887,0.095146,0.268781,0.377457,0.512129,0.810295,1.219586,1.548047,3.093505
1985-10-14,0.424586,Training,-0.055766,0.016625,0.059858,0.104485,0.280201,0.388819,0.524653,0.824896,1.234750,1.568280,3.117919
1985-10-15,0.583806,Training,-0.038772,0.027266,0.071979,0.117615,0.297982,0.408058,0.546983,0.853653,1.268584,1.608690,3.170895
1985-10-16,0.689953,Training,-0.026942,0.035336,0.081425,0.129516,0.314682,0.427157,0.569689,0.883551,1.307326,1.654047,3.233829
1985-10-17,0.849173,Training,-0.030324,0.032836,0.080847,0.133260,0.321149,0.437852,0.583423,0.905683,1.341990,1.692770,3.286702
1985-10-18,0.849173,Training,-0.024927,0.037219,0.086074,0.145311,0.340471,0.461882,0.612643,0.946872,1.404963,1.770671,3.407224
1985-10-19,0.689953,Training,-0.031546,0.030948,0.073067,0.139809,0.340227,0.463118,0.615228,0.956158,1.442533,1.840612,3.543007
1985-10-20,0.689953,Training,-0.003792,0.058827,0.113367,0.189194,0.402889,0.536222,0.700805,1.060928,1.567265,1.958479,3.668937
1985-10-21,0.689953,Training,-0.081668,0.005827,0.064188,0.173742,0.389938,0.543592,0.720675,1.126837,1.717260,2.150274,3.947735
1985-10-22,0.689953,Training,-0.027193,0.039778,0.094591,0.163197,0.361234,0.493187,0.652646,1.002538,1.480145,1.845728,3.485050
1985-10-23,0.689953,Training,0.018886,0.080939,0.149250,0.225840,0.443208,0.584105,0.756064,1.125519,1.621095,1.990036,3.654813
1985-10-24,0.689953,Training,0.039156,0.095254,0.160806,0.236644,0.458837,0.598205,0.770639,1.135852,1.633308,2.010528,3.688881
1985-10-25,0.849173,Training,0.048275,0.097834,0.153939,0.225996,0.446747,0.580965,0.749617,1.102299,1.595614,1.985614,3.673359
1985-10-26,0.849173,Training,0.081575,0.123365,0.184479,0.252383,0.477969,0.612133,0.782163,1.128973,1.610915,1.997753,3.652507
1985-10-27,0.849173,Training,0.065060,0.104065,0.160467,0.215511,0.426662,0.551877,0.711030,1.047275,1.497551,1.860215,3.480584
1985-10-28,0.849173,Training,0.064361,0.098537,0.151584,0.200093,0.406382,0.526860,0.680255,1.008417,1.444258,1.804000,3.409873
1985-10-29,1.008393,Training,0.074084,0.107704,0.164355,0.219804,0.434763,0.561106,0.719800,1.057577,1.512298,1.884897,3.518445
1985-10-30,1.008393,Training,0.074883,0.110661,0.170294,0.232229,0.451619,0.583631,0.746760,1.094182,1.562433,1.939511,3.585575
1985-10-31,1.008393,Training,0.089721,0.126153,0.188190,0.259817,0.488290,0.627819,0.799048,1.153489,1.641935,2.036429,3.697616
1985-11-01,1.008393,Training,0.087712,0.128807,0.191297,0.268884,0.500304,0.643561,0.818400,1.180910,1.679317,2.076015,3.754446
1985-11-02,1.379906,Training,0.156703,0.189453,0.316610,0.429123,0.792671,0.960617,1.231158,1.746120,2.494543,3.279266,5.947134
1985-11-03,1.379906,Training,0.002009,0.240693,0.405923,0.671188,1.150681,1.486895,1.842479,2.746043,4.527557,5.904736,11.942238
1985-11-04,5.201184,Training,-0.093401,0.568156,0.992268,1.891572,3.075735,4.180815,5.174989,8.194258,14.813276,18.108578,34.062462
1985-11-05,3.449765,Training,-0.014368,0.695677,1.080229,2.046889,3.144982,4.139359,5.265174,8.056897,13.840690,16.211863,29.300356
1985-11-06,3.449765,Training,0.198827,0.941896,1.312350,2.230284,3.178466,3.991207,5.071723,7.163720,11.714136,14.065017,23.699747
1985-11-07,3.184398,Training,0.230001,0.744111,1.096440,1.750130,2.453935,3.081225,3.860096,5.355909,8.506405,10.475698,16.875830
1985-11-08,2.919032,Training,0.211155,0.610624,0.919550,1.442097,2.031181,2.546067,3.197999,4.414529,6.925796,8.645339,13.689993
1985-11-09,2.653665,Training,0.148393,0.493209,0.688833,1.151618,1.654079,2.060084,2.619881,3.633648,5.590117,7.002950,11.216961
1985-11-10,2.653665,Training,0.252156,0.573131,0.717489,1.227332,1.802219,2.169505,2.737146,3.743957,5.533992,6.973454,11.194885
1985-11-11,7.642556,Training,0.365954,1.195115,1.643233,2.982689,4.727827,5.787461,7.242204,10.362479,16.820807,21.345835,35.298016
1985-11-12,11.676128,Training,1.118986,2.724842,3.294784,6.120609,8.872527,10.445024,12.821500,16.844082,25.134882,30.396658,46.714115
1985-11-13,8.385583,Training,1.056367,2.119677,2.627007,4.378804,6.030089,7.106889,8.770326,11.234224,16.536541,20.043524,29.633492
1985-11-14,5.201184,Training,0.883060,1.558930,1.915001,3.022977,4.064610,4.858383,5.918548,7.521232,10.862263,13.333455,19.593664
1985-11-15,4.033571,Training,0.666502,1.125636,1.384625,2.198678,2.969110,3.585651,4.389092,5.569457,7.859850,9.603553,14.001678
1985-11-16,3.184398,Training,0.574940,0.969001,1.187496,1.948525,2.640450,3.200642,3.906984,4.942212,6.816910,8.193593,11.796016
1985-11-17,2.919032,Training,0.492113,0.850309,1.045511,1.775215,2.419186,2.939855,3.581343,4.544688,6.205264,7.384809,10.547313
1985-11-18,2.653665,Training,0.439953,0.785964,0.977862,1.707075,2.338459,2.840037,3.441154,4.379945,5.953565,7.030345,9.978100
1985-11-19,2.441372,Training,0.377348,0.690526,0.877129,1.562845,2.168154,2.650185,3.195085,4.098304,5.595175,6.563234,9.431396
1985-11-20,2.441372,Training,0.327198,0.629036,0.811461,1.482234,2.082075,2.548093,3.061870,3.957164,5.435955,6.371807,9.219863
1985-11-21,2.229079,Training,0.194302,0.432450,0.577909,1.116969,1.617840,2.021427,2.461148,3.277999,4.584650,5.394488,8.013330
1985-11-22,2.229079,Training,0.105707,0.300028,0.408064,0.839941,1.259929,1.601138,1.983385,2.713918,3.860206,4.576783,6.998971
1985-11-23,2.229079,Training,0.065051,0.214420,0.324021,0.680858,1.059529,1.381755,1.709651,2.380085,3.416592,4.034060,6.365990
1985-11-24,1.963712,Training,0.053593,0.189282,0.292649,0.611941,0.963674,1.262349,1.567760,2.203918,3.160719,3.722389,5.915005
1985-11-25,2.653665,Training,0.339465,0.546097,0.746677,1.261873,1.976424,2.447091,3.106842,4.056941,6.075531,7.717708,12.225344
1985-11-26,11.251541,Training,0.440950,1.511924,2.208312,4.234817,6.750138,8.612184,10.486997,14.686975,23.431288,28.482384,45.414188
1985-11-27,13.480620,Training,1.581786,3.233269,4.356291,7.432586,10.373938,12.221210,14.517852,18.065041,25.647562,30.288624,43.933884
1985-11-28,7.642556,Training,2.963547,4.676974,6.358794,9.595893,12.268678,14.325224,15.776217,18.605173,24.741686,28.678829,41.033871
1985-11-29,4.935818,Training,2.836130,4.710738,5.990882,9.450006,12.195937,13.963461,15.755691,18.683847,24.877335,29.760483,42.297813
1985-11-30,4.298938,Training,1.665159,3.384270,4.637210,7.941956,11.414918,13.292811,15.597013,19.759371,27.766226,33.449917,48.766865
1985-12-01,3.715132,Training,1.274219,2.805106,3.791277,6.423629,9.099597,10.454807,12.432410,15.940854,22.716473,27.093746,40.402206
1985-12-02,3.184398,Training,1.031270,2.066821,3.024580,4.992917,6.855517,8.032993,9.519266,12.222217,17.521416,20.790010,29.163620
1985-12-03,2.919032,Training,1.131003,2.003381,2.906615,4.673496,6.354387,7.360947,8.562069,10.753528,14.999571,17.907143,24.564167
1985-12-04,3.449765,Training,1.225798,2.563216,3.807106,6.439060,9.517179,11.017775,13.294877,17.190123,24.654816,30.269665,45.024754
1985-12-05,9.553195,Training,1.215481,2.615215,3.288608,5.787828,8.413080,9.986122,11.998386,15.777187,23.055748,27.875099,42.147549
1985-12-06,6.899530,Training,1.309500,2.493015,3.085603,5.025365,6.900084,8.039782,9.652953,12.172848,17.182417,20.855392,30.329679
1985-12-07,8.385583,Training,1.375975,2.502904,3.028822,5.083006,7.073280,8.259835,9.813817,12.486725,17.382320,21.482435,31.135794
1985-12-08,8.014070,Training,1.793511,3.376272,3.974228,6.725790,9.107648,10.628505,12.463196,15.539454,21.640774,25.881546,38.218460
1985-12-09,8.385583,Training,1.691687,2.822679,3.605256,5.582502,7.463180,8.811253,10.181821,12.387868,17.152393,20.514652,29.919350
1985-12-10,8.385583,Training,1.638214,2.777045,3.272686,5.346390,7.216469,8.418725,9.923898,12.234251,16.916449,20.671448,30.036301
1985-12-11,11.251541,Training,1.460006,2.664321,3.393994,5.456169,7.376669,8.502070,10.049973,12.345328,16.975657,20.809645,29.342422
1985-12-12,9.181682,Training,1.449703,2.264685,2.961133,4.516099,5.984932,7.089727,8.121525,9.743816,13.213070,15.788453,22.523911
1985-12-13,6.899530,Training,1.436143,2.209844,2.892444,4.442411,5.789316,6.788104,7.710830,9.171894,12.111286,14.211332,19.567730
1985-12-14,5.891137,Training,1.172246,1.827560,2.365600,3.721791,4.856707,5.683854,6.493232,7.779520,10.187850,11.830706,15.928083
1985-12-15,4.935818,Training,0.914052,1.476284,1.913084,3.116919,4.111169,4.822194,5.549835,6.763492,8.882299,10.277311,13.708809
1985-12-16,4.617378,Training,0.833579,1.363042,1.772296,2.927016,3.876067,4.539832,5.224546,6.403995,8.414741,9.681281,12.891526
1985-12-17,4.935818,Training,0.832683,1.343998,1.759239,2.903176,3.848071,4.508840,5.151188,6.301125,8.298223,9.438341,12.693051
1985-12-18,4.935818,Training,0.581697,0.994461,1.308426,2.237252,3.034886,3.592642,4.166839,5.221244,6.957666,7.981792,10.900567
1985-12-19,4.617378,Training,0.620675,1.042453,1.394784,2.370468,3.214685,3.796203,4.345618,5.421642,7.220650,8.198833,11.226955
1985-12-20,4.298938,Training,0.341808,0.667100,0.909624,1.658056,2.329388,2.801415,3.297101,4.293175,5.829101,6.739865,9.362837
1985-12-21,4.298938,Training,0.643957,1.118369,1.485095,2.535154,3.443758,3.983497,4.569558,5.697556,7.543912,8.660028,11.657243
1985-12-22,9.977782,Training,1.738243,3.153409,4.452169,7.287279,10.365646,11.883101,14.513434,17.577890,24.436182,31.170595,48.623772
1985-12-23,9.977782,Training,2.424034,4.668198,6.045435,10.093273,13.528348,15.634678,17.965544,21.436768,29.409786,34.464268,52.019505
1985-12-24,23.936062,Training,1.198996,2.605760,3.798312,6.657897,9.775743,11.345403,13.443144,17.317379,24.859247,29.532246,44.361347
1985-12-25,31.684765,Training,3.554382,6.163477,8.021261,12.765284,16.657675,18.702562,20.921289,24.831757,32.275589,37.871998,53.591343
1985-12-26,27.969633,Training,4.683687,7.876058,10.359752,16.052038,20.681349,23.557890,26.563749,31.461155,40.335110,45.628983,64.977119
1985-12-27,34.126137,Training,7.985462,12.917913,17.178343,24.863270,31.244349,34.868729,38.814640,44.542843,55.182396,61.742863,86.714378
1985-12-28,50.685009,Training,19.287212,27.614725,31.693497,42.142876,47.574959,49.780827,51.086056,55.970623,66.134056,72.302429,101.264923
1985-12-29,29.190320,Training,12.756429,17.256685,21.120182,27.705683,31.478621,34.242397,34.802353,38.338387,45.515858,50.534374,71.505447
1985-12-30,21.123177,Training,8.162951,10.564459,13.167933,17.494066,20.094767,22.470346,23.053186,25.473843,30.265240,33.828712,51.454178
1985-12-31,16.877312,Training,7.393723,10.407393,12.627133,17.521832,20.179731,21.735184,23.186260,25.792524,30.819674,35.403645,48.241531
1986-01-01,19.477904,Training,5.926785,8.814584,11.463508,17.026730,20.998686,22.679886,25.275610,28.853588,36.374149,42.456341,59.770161
1986-01-02,40.388788,Training,9.579227,14.145301,17.404922,25.182953,29.603050,32.051281,35.149944,39.565273,49.034756,54.580029,76.502892
1986-01-03,45.536898,Training,16.256466,22.809496,26.966610,36.941315,42.060410,44.342491,47.167721,52.035313,62.991112,68.679298,95.592728
1986-01-04,32.905451,Training,14.247672,19.342978,23.317528,30.471506,34.549229,37.063274,38.076675,41.948963,49.890888,55.179630,77.447006
1986-01-05,28.818806,Training,11.404115,15.749168,18.681469,25.398169,28.834736,30.507261,32.332535,35.802189,42.606110,48.932167,66.891403
1986-01-06,25.156748,Training,9.878433,13.028341,16.006008,20.801043,23.447235,25.214577,26.473564,29.050905,34.533966,38.892101,53.332520
1986-01-07,41.662547,Training,9.193390,13.478703,16.959232,24.128353,28.755295,31.003553,34.597279,39.095146,47.949085,54.833710,76.725380
1986-01-08,40.813374,Training,16.373083,23.394592,27.269592,37.301685,42.901951,44.703960,47.475979,52.363773,62.348209,69.878067,96.417473
1986-01-09,31.260179,Training,11.925170,16.466305,19.893103,26.583723,30.229227,32.451389,34.072021,37.824020,44.818680,50.703632,69.301926
1986-01-10,25.952848,Training,9.446715,12.308914,15.210933,19.795002,22.311668,24.218601,25.255650,27.711458,32.810680,36.633041,50.807907
1986-01-11,21.653910,Training,7.007350,9.237111,11.433037,15.193665,17.394760,18.679350,19.896515,22.059568,25.852831,29.406534,39.494041
1986-01-12,18.947171,Training,5.917149,7.725953,9.556217,12.777859,14.584088,15.713868,16.723522,18.591413,21.624338,23.921997,31.806564
1986-01-13,16.877312,Training,5.267234,6.761020,8.405625,11.266316,12.878868,13.951003,14.776784,16.415993,19.182093,20.612835,27.694405
1986-01-14,15.391259,Training,4.339038,5.591683,7.038406,9.584318,11.108174,12.095953,12.838400,14.403627,16.951231,18.036808,24.195135
1986-01-15,14.913600,Training,3.265637,4.445579,5.631429,8.005689,9.536240,10.351662,11.177981,12.829334,15.208861,16.547808,21.657993
1986-01-16,13.958280,Training,2.616867,3.627693,4.693346,6.814031,8.256043,9.053596,9.826902,11.439562,13.765330,15.009916,19.567387
1986-01-17,13.002961,Training,2.560656,3.564090,4.596221,6.708424,8.082478,8.886094,9.630602,11.226524,13.549732,14.598078,19.178146
1986-01-18,12.578374,Training,2.776813,3.805433,4.886865,7.038533,8.412058,9.198870,9.919274,11.489060,13.841254,14.705128,19.514456
1986-01-19,12.100714,Training,2.350398,3.286252,4.256042,6.241884,7.546784,8.319887,9.006285,10.505831,12.805334,13.584160,18.021534
1986-01-20,11.251541,Training,1.910217,2.781473,3.623908,5.490697,6.826284,7.527700,8.241866,9.739223,11.998176,13.081460,17.314207
1986-01-21,9.181682,Training,1.527481,2.298743,3.011519,4.671471,5.892218,6.622222,7.259781,8.640764,10.907929,11.850063,15.966458
1986-01-22,8.385583,Training,1.159490,1.813909,2.393982,3.795323,4.890144,5.552886,6.144749,7.403512,9.482069,10.459410,14.040614
1986-01-23,8.014070,Training,1.219914,1.898282,2.536608,4.008989,5.235760,5.859554,6.508841,7.852334,9.998968,11.319017,15.104950
1986-01-24,7.642556,Training,0.969629,1.562392,2.098477,3.379186,4.457544,5.070762,5.664143,6.903408,8.905368,10.129927,13.566675
1986-01-25,7.271043,Training,1.110840,1.717553,2.302907,3.637449,4.722774,5.402194,5.953967,7.173333,9.259460,10.223474,13.916730
1986-01-26,6.899530,Training,0.891877,1.378338,1.869346,2.979441,3.963839,4.586841,5.069056,6.173159,8.038099,8.965760,12.503526
1986-01-27,6.581090,Training,0.548444,0.893942,1.212585,1.979678,2.715640,3.215338,3.627077,4.547148,5.953302,6.771052,9.695433
1986-01-28,6.581090,Training,0.539824,0.884677,1.184209,1.959254,2.723809,3.227522,3.654323,4.592609,6.036606,6.952446,10.079900
1986-01-29,11.251541,Training,0.902828,1.573226,2.229801,3.580671,5.174436,6.136132,7.300462,8.986552,12.690038,15.933426,24.048603
1986-01-30,50.260423,Training,2.122406,3.631494,4.863216,7.749375,10.717953,12.956876,14.698922,17.605234,24.808487,29.893946,51.538456
1986-01-31,44.687726,Training,2.404432,4.019738,5.354043,8.250317,11.319378,13.350536,14.872815,17.758989,24.462465,29.534647,48.191437
1986-02-01,34.975310,Training,2.641458,4.302577,5.767844,8.705346,11.741791,13.619452,15.048508,17.841579,24.005138,29.136576,44.758022
1986-02-02,26.802021,Training,2.940269,4.498522,6.039021,8.909565,11.830767,13.660067,14.954765,17.561607,23.237303,28.317688,44.691544
1986-02-03,23.352256,Training,2.843860,4.357442,5.921956,8.641738,11.377105,13.074627,14.304599,16.769609,22.015156,26.696095,40.169769
1986-02-04,30.039492,Training,3.314099,5.147470,6.801661,10.113059,13.312827,15.168558,16.853024,19.726883,26.094229,31.883238,47.932896
1986-02-05,25.952848,Training,3.901549,6.049904,7.970321,11.717993,15.234095,17.287163,18.886326,21.987337,28.785172,34.784321,52.970772
1986-02-06,22.237716,Training,3.934182,5.623474,7.536823,10.693916,13.447762,15.401783,16.488319,19.016085,24.170235,28.499523,43.560837
1986-02-07,30.039492,Training,4.757210,8.175487,10.906997,16.388613,21.984409,25.065048,28.255947,33.681892,43.300766,50.998161,79.430840
1986-02-08,34.550724,Training,8.816066,13.982437,17.262245,25.184515,30.854467,33.991478,36.244530,41.214924,51.095669,57.644615,84.752670
1986-02-09,23.936062,Training,7.205081,9.892138,12.818130,17.538252,21.121223,24.064329,25.005192,28.251921,34.716591,39.929001,62.231998
1986-02-10,18.947171,Training,7.748625,10.255467,13.048994,17.457352,20.788116,22.995131,23.896421,26.544260,32.153099,37.413498,57.503857
1986-02-11,14.913600,Training,4.949111,7.494470,9.718597,14.240332,17.556267,19.259842,21.385012,24.610769,30.786890,37.326542,52.138538
1986-02-12,16.877312,Training,4.406714,7.079527,9.153040,14.020398,17.784763,19.933992,22.468525,26.199707,34.118225,41.008945,59.768723
1986-02-13,25.952848,Training,5.869387,10.122843,13.283203,20.867010,26.792437,30.228516,34.711697,40.920132,52.149990,59.750843,87.454834
1986-02-14,51.534182,Training,10.937629,17.528561,22.772106,33.808819,41.438927,45.534874,50.864048,58.057369,71.026970,79.075523,113.188446
1986-02-15,54.612434,Training,18.515366,27.163218,32.701786,45.699036,52.879684,55.772461,60.071056,66.444107,78.374481,87.153748,120.803024
1986-02-16,73.771898,Training,20.367064,29.330372,34.980160,48.092499,55.187737,57.721828,61.597256,67.799095,79.394646,88.407524,122.185280
1986-02-17,112.727707,Training,22.749027,34.894382,42.251560,57.111046,66.188004,69.271713,73.925583,81.966202,94.714172,104.152458,146.818512
1986-02-18,89.746964,Training,27.356493,38.185387,42.471775,56.181759,62.323345,63.590839,65.234344,70.707840,81.594078,89.101440,123.213043
1986-02-19,59.442105,Training,26.211048,37.675823,44.037117,58.080784,65.549683,67.536766,71.012672,77.580666,90.033600,98.706123,136.393173
1986-02-20,88.367058,Training,30.909563,44.358311,51.860806,66.853790,75.767715,77.574181,81.128082,87.823875,99.947617,109.998100,149.843521
1986-02-21,121.325583,Training,28.961168,39.542362,43.450935,56.323418,61.653313,62.366425,63.599483,68.698029,77.953773,86.151436,116.925201
1986-02-22,71.967406,Training,24.504396,32.725983,37.354485,48.776367,54.098549,55.160572,57.115479,62.116146,71.445625,79.745819,109.654076
1986-02-23,51.534182,Training,22.812195,30.590229,35.624348,46.927162,52.469551,53.841900,56.418575,61.657585,71.748604,79.807892,110.472687
1986-02-24,76.903224,Training,23.422636,34.949692,41.950775,56.169624,64.451462,67.102798,71.621117,79.219902,91.268562,102.271210,142.761124
1986-02-25,50.685009,Training,24.853775,33.544876,37.174854,48.039192,52.615150,53.715004,55.163170,59.817322,68.441040,75.762367,102.726555
1986-02-26,40.017274,Training,17.633419,23.137415,26.608753,34.459679,38.097614,39.521839,41.039192,44.727898,51.350254,58.301243,79.215645
1986-02-27,35.399897,Training,15.774813,20.156015,23.602821,30.039747,33.139202,34.602291,35.899437,38.970100,44.727715,50.934368,68.619225
1986-02-28,32.905451,Training,12.285514,16.042427,19.117523,25.183521,28.451889,29.789137,31.863033,34.794022,40.735718,47.391827,64.122215
1986-03-01,29.190320,Training,11.482366,15.684936,18.574791,25.318617,28.791348,30.385145,32.572052,36.005150,42.738857,49.491570,68.292618
1986-03-02,25.156748,Training,9.421729,12.910625,15.419144,21.043379,23.984041,25.671368,27.379824,30.282757,36.248642,41.506859,58.651066
1986-03-03,20.008637,Training,9.067804,13.741678,17.083549,24.675606,29.613756,32.007484,35.945366,40.767956,50.204670,58.285763,82.778931
1986-03-04,16.877312,Training,11.975119,17.359407,20.761459,28.810724,33.654964,35.736805,38.210121,42.774734,50.951939,58.272865,80.766312
1986-03-05,15.391259,Training,9.169690,12.370241,15.360446,20.479788,23.612564,25.531178,27.278656,30.387848,36.108250,41.751167,57.067913
1986-03-06,13.958280,Training,7.927209,10.303071,12.876185,16.857126,19.324621,20.784388,22.218019,24.592508,28.931747,33.375210,45.151573
1986-03-07,12.578374,Training,5.764829,7.818848,9.651958,13.333680,15.451534,16.597120,17.962208,20.122313,23.861031,27.477093,37.717434
1986-03-08,12.100714,Training,4.340955,5.951986,7.547396,10.546965,12.311426,13.478983,14.535886,16.497816,19.613962,22.010717,29.960865
1986-03-09,10.402368,Training,3.594252,4.983145,6.321804,8.980352,10.563250,11.590779,12.535169,14.310562,16.995573,18.810532,25.387363
1986-03-10,10.826955,Training,2.962051,4.156478,5.339010,7.700133,9.148791,10.099788,10.950765,12.630895,15.122165,16.595388,22.323389
1986-03-11,10.826955,Training,2.367017,3.386911,4.375796,6.445014,7.761247,8.635171,9.395535,10.928433,13.224085,14.375901,19.237757
1986-03-12,13.002961,Training,1.888815,2.883647,3.804476,5.832284,7.313295,8.265915,9.259530,10.861829,13.693809,15.751526,22.039978
1986-03-13,11.676128,Training,1.690896,2.699380,3.633827,5.608054,7.100569,8.160769,9.019131,10.681314,13.781369,15.953652,22.798439
1986-03-14,10.402368,Training,1.563308,2.428686,3.276807,5.060771,6.381560,7.326273,8.079429,9.625918,12.229641,13.938665,19.141237
1986-03-15,9.977782,Training,1.522043,2.352148,3.193673,4.962918,6.268898,7.140816,7.874488,9.451709,11.925401,13.624722,18.592831
1986-03-16,9.553195,Training,1.517916,2.330216,3.124699,4.861816,6.118663,6.916593,7.615132,9.130794,11.441432,12.856135,17.366470
1986-03-17,9.181682,Training,1.324684,2.066910,2.770551,4.363755,5.556881,6.280581,6.941719,8.369153,10.536876,11.839567,15.888735
1986-03-18,9.553195,Training,1.271493,2.038388,2.752917,4.408423,5.708234,6.495458,7.273373,8.775040,11.257166,13.087333,18.196171
1986-03-19,9.181682,Training,1.034692,1.730848,2.438927,3.948415,5.212740,6.039465,6.748127,8.247786,10.845238,12.872966,18.009016
1986-03-20,8.014070,Training,0.898161,1.483047,2.112653,3.433923,4.611014,5.328445,5.972331,7.361978,9.679116,11.482199,15.743260
1986-03-21,8.385583,Training,0.838798,1.391969,1.989503,3.244846,4.381047,5.029290,5.635341,6.978512,9.188228,10.858487,14.958816
1986-03-22,7.642556,Training,0.747914,1.257221,1.740896,2.853872,3.852448,4.430757,4.983868,6.182773,8.054361,9.434209,12.868023
1986-03-23,7.271043,Training,0.577325,0.996845,1.383758,2.288915,3.161025,3.647688,4.143733,5.225315,6.839728,8.055042,11.136736
1986-03-24,8.014070,Training,0.646556,1.105993,1.505157,2.495859,3.437979,3.942739,4.474262,5.592898,7.280510,8.631092,11.945970
1986-03-25,8.385583,Training,0.777888,1.338861,1.786457,2.976143,3.981358,4.625262,5.176333,6.370013,8.365676,9.637633,13.611461
1986-03-26,6.899530,Training,0.560714,1.008828,1.382334,2.329054,3.160791,3.733524,4.228203,5.318501,7.042877,8.223463,11.557032
1986-03-27,6.209577,Training,0.578063,1.018167,1.413748,2.354777,3.242467,3.770098,4.283866,5.385862,7.082572,8.420793,11.713012
1986-03-28,6.581090,Training,0.631030,1.114154,1.520951,2.548338,3.460804,4.023158,4.554989,5.693594,7.476450,8.805516,12.268434
1986-03-29,5.572697,Training,0.656953,1.158049,1.578803,2.650695,3.589183,4.162051,4.706079,5.873236,7.704486,9.047435,12.545048
1986-03-30,5.891137,Training,0.673785,1.176108,1.628418,2.733439,3.685980,4.273604,4.822608,6.020210,7.904065,9.219061,12.612381
1986-03-31,6.209577,Training,0.557996,0.988484,1.339663,2.243668,3.046230,3.554372,4.039950,5.080319,6.643219,7.744119,10.739484
1986-04-01,6.581090,Training,0.572605,1.008147,1.352762,2.245925,3.051018,3.537010,4.020886,5.038284,6.547081,7.647454,10.611837
1986-04-02,5.891137,Training,0.613091,1.074736,1.427540,2.364290,3.212208,3.702151,4.204087,5.237469,6.786224,7.966920,11.079799
1986-04-03,5.891137,Training,0.627674,1.108939,1.480603,2.455321,3.314039,3.834431,4.341712,5.398164,7.023695,8.213781,11.420573
1986-04-04,6.209577,Training,0.685918,1.201269,1.618831,2.687913,3.652511,4.227613,4.798630,5.938711,7.778837,9.304548,13.108452
1986-04-05,5.891137,Training,0.710822,1.349896,1.959698,3.275339,4.579633,5.409084,6.300161,7.810101,10.874937,13.823916,20.508211
1986-04-06,5.891137,Training,0.708969,1.371559,1.928240,3.176121,4.378036,5.223255,5.995114,7.481723,10.318830,12.809063,18.992693
1986-04-07,4.935818,Training,0.810427,1.406228,1.946238,3.110854,4.253076,5.095739,5.714990,6.976207,9.480756,11.453877,17.433569
1986-04-08,4.617378,Training,0.924385,1.548649,2.093818,3.313581,4.460045,5.274258,5.855331,7.074366,9.396051,11.175955,16.800848
1986-04-09,4.617378,Training,0.882635,1.467948,1.990582,3.145140,4.173107,4.902076,5.441553,6.603771,8.666963,10.034373,14.383139
1986-04-10,4.935818,Training,0.878783,1.499412,1.987661,3.198075,4.192611,4.856213,5.451923,6.655435,8.638222,9.929193,13.698748
1986-04-11,4.935818,Training,1.002721,1.710705,2.232276,3.622551,4.715769,5.409617,6.061479,7.361277,9.496005,10.907402,15.129945
1986-04-12,4.617378,Training,0.822262,1.430107,1.926885,3.176414,4.179744,4.877272,5.465281,6.741087,8.847767,10.098031,13.987805
1986-04-13,4.617378,Training,0.640459,1.131958,1.510179,2.492121,3.329876,3.905104,4.422442,5.512366,7.239457,8.330446,11.648950
1986-04-14,4.617378,Training,0.669939,1.187259,1.570956,2.595515,3.445347,4.001613,4.532541,5.633216,7.352956,8.428287,11.652448
1986-04-15,5.201184,Training,0.712698,1.281218,1.715757,2.874800,3.874726,4.520462,5.208767,6.435930,8.578337,10.277110,14.558375
1986-04-16,5.572697,Training,0.832710,1.653006,2.284094,3.861938,5.310772,6.306609,7.343091,9.085973,12.848991,16.122734,24.531200
1986-04-17,7.642556,Training,1.041907,2.037945,2.759635,4.573031,6.360325,7.649033,8.790215,10.816907,15.483787,19.265291,30.468449
1986-04-18,5.891137,Training,1.110971,2.222305,3.015601,4.966963,6.837735,8.087860,9.291849,11.442828,16.087671,19.923767,30.510317
1986-04-19,5.201184,Training,1.123443,2.167210,2.993884,4.894926,6.675726,7.767069,8.948663,11.055725,15.095272,19.000940,27.649616
1986-04-20,4.617378,Training,1.142999,2.091532,2.940993,4.742160,6.386367,7.397386,8.494779,10.460191,14.064488,17.615158,25.080627
1986-04-21,17.885705,Training,1.420869,2.760317,3.728268,6.324505,8.646417,10.080461,11.875551,14.775590,20.485250,26.089239,37.955784
1986-04-22,26.377434,Training,2.056545,4.049268,5.164933,8.585324,11.499551,13.257788,15.138629,18.376858,24.860752,30.078476,45.119286
1986-04-23,20.539370,Training,1.990942,3.855872,4.929502,8.249381,11.084502,12.811482,14.780345,18.049068,24.376965,29.940575,43.664288
1986-04-24,20.539370,Training,2.776677,5.321731,6.652015,10.900214,14.393489,16.397156,18.527277,22.262207,29.307873,35.019741,51.651215
1986-04-25,16.877312,Training,2.796150,5.114362,6.485402,10.363419,13.431646,15.250907,17.164730,20.469545,26.677143,32.128098,47.082737
1986-04-26,16.877312,Training,2.656055,4.665283,6.045198,9.470483,12.090910,13.710277,15.388864,18.248611,23.567789,28.471724,41.307583
1986-04-27,16.346579,Training,2.197975,3.762605,5.023944,7.860674,10.074702,11.378387,12.879827,15.376985,19.711571,24.208492,34.218914
1986-04-28,13.480620,Training,2.037302,3.316608,4.539209,7.008972,8.875056,10.074992,11.326074,13.527588,17.136684,20.681673,28.656157
1986-04-29,9.977782,Training,1.804753,2.895267,4.003680,6.241912,7.966640,8.991684,10.097032,12.128099,15.389224,18.450733,25.436729
1986-04-30,9.181682,Training,1.042542,1.859425,2.729143,4.535687,5.967193,6.799185,7.756266,9.687582,12.825836,15.254547,20.918722
1986-05-01,8.014070,Training,1.056136,1.841888,2.643059,4.371760,5.730515,6.504508,7.382855,9.167190,12.014013,14.096803,19.232468
1986-05-02,7.271043,Training,1.501544,2.446126,3.237513,5.143242,6.455226,7.318505,8.154211,9.778625,12.230795,14.045153,19.086119
1986-05-03,8.014070,Training,1.448134,2.384945,3.139421,5.019358,6.274926,7.124039,7.930588,9.517502,11.922430,13.516490,18.390331
1986-05-04,8.014070,Training,1.017513,1.819230,2.462724,4.077760,5.414706,6.207499,7.233622,8.799779,11.666014,14.564216,20.567255
1986-05-05,7.271043,Training,0.880503,1.778218,2.446251,4.057749,5.511760,6.406855,7.399609,9.139916,12.463710,15.750287,23.087673
1986-05-06,7.271043,Training,0.938317,1.773929,2.410819,3.922574,5.229768,6.086090,6.991976,8.562527,11.433983,14.182158,20.210680
1986-05-07,6.581090,Training,0.883183,1.655727,2.318701,3.763713,5.033421,5.835272,6.674097,8.203827,10.926544,13.475740,19.070906
1986-05-08,6.209577,Training,0.640676,1.322998,1.929451,3.274027,4.437337,5.134317,5.926425,7.465988,10.164043,12.378815,17.581158
1986-05-09,5.891137,Training,0.549551,1.212585,1.841204,3.226421,4.330389,5.053554,5.848378,7.456465,10.241355,12.293589,17.156973
1986-05-10,5.201184,Training,0.414601,1.013544,1.544044,2.760747,3.717153,4.364233,5.071795,6.536909,9.007866,10.728864,14.933780
1986-05-11,4.617378,Training,0.406585,0.991518,1.491678,2.668965,3.591823,4.197073,4.871470,6.273321,8.584143,10.116944,13.997223
1986-05-12,4.617378,Training,0.447980,0.994909,1.410035,2.452134,3.352730,3.862435,4.490522,5.735506,7.723175,9.190541,12.938144
1986-05-13,4.617378,Training,0.483287,0.985401,1.365664,2.296269,3.129265,3.624372,4.193525,5.323258,7.088163,8.432348,11.842990
1986-05-14,4.935818,Training,0.454958,0.919905,1.253995,2.090729,2.848654,3.313490,3.843253,4.888466,6.468319,7.703307,10.876472
1986-05-15,4.617378,Training,0.324047,0.771862,1.069073,1.832600,2.498936,2.928351,3.423840,4.434608,5.905043,6.969510,10.032640
1986-05-16,4.298938,Training,0.241999,0.665404,0.929050,1.619935,2.204958,2.613585,3.069350,4.018619,5.346898,6.278592,9.141100
1986-05-17,4.033571,Training,0.221659,0.636513,0.895612,1.565524,2.127485,2.530393,2.972825,3.902959,5.190137,6.075289,8.842767
1986-05-18,3.715132,Training,0.163512,0.540087,0.773000,1.370728,1.870933,2.248338,2.658327,3.536275,4.717942,5.515574,8.097251
1986-05-19,3.715132,Training,0.269761,0.661714,0.914085,1.557449,2.127127,2.510487,2.940618,3.838959,5.064201,5.937248,8.635244
1986-05-20,4.033571,Training,0.356769,0.786104,1.056675,1.774325,2.420850,2.818964,3.281668,4.210930,5.527656,6.514493,9.375527
1986-05-21,3.715132,Training,0.325426,0.753955,1.030779,1.752678,2.389163,2.795445,3.261011,4.208733,5.559741,6.530787,9.392450
1986-05-22,3.449765,Training,0.290087,0.752489,1.053177,1.843384,2.504233,2.934723,3.435978,4.446297,5.936466,6.946178,9.887462
1986-05-23,3.449765,Training,0.239177,0.646375,0.899534,1.560856,2.130964,2.518136,2.958575,3.870186,5.139558,6.026228,8.750243
1986-05-24,3.449765,Training,0.180296,0.551840,0.779833,1.370281,1.874490,2.241164,2.645336,3.505274,4.660861,5.447958,7.990989
1986-05-25,3.449765,Training,0.113202,0.450395,0.652369,1.158518,1.583308,1.923944,2.284534,3.066241,4.077345,4.739917,7.044859
1986-05-26,3.449765,Training,0.115609,0.419278,0.607660,1.053185,1.447812,1.763417,2.099681,2.827599,3.751686,4.370982,6.562602
1986-05-27,3.184398,Training,0.068721,0.339078,0.509465,0.893241,1.237161,1.528948,1.834733,2.507999,3.351132,3.899354,5.932952
1986-05-28,2.919032,Training,0.082999,0.344993,0.514121,0.889727,1.235466,1.523570,1.828255,2.496537,3.333869,3.887066,5.919953
1986-05-29,2.919032,Training,0.067957,0.343288,0.515187,0.907040,1.254285,1.549484,1.859768,2.540747,3.396348,3.951645,5.994937
1986-05-30,2.653665,Training,0.053658,0.372605,0.559394,1.011218,1.381078,1.701940,2.039670,2.769829,3.701890,4.295733,6.423957
1986-05-31,2.229079,Training,0.050473,0.362610,0.546475,0.992671,1.361007,1.678871,2.011694,2.737593,3.661484,4.247698,6.370199
1986-06-01,1.963712,Training,-0.007627,0.292909,0.468065,0.883963,1.215669,1.522166,1.838987,2.542516,3.424067,3.969049,5.987232
1986-06-02,1.963712,Training,-0.029164,0.239974,0.400092,0.752227,1.043081,1.321356,1.608727,2.249696,3.042091,3.533808,5.421474
1986-06-03,1.963712,Training,-0.032827,0.220870,0.372762,0.695535,0.969261,1.233428,1.507253,2.116926,2.872197,3.346049,5.189624
1986-06-04,1.963712,Training,-0.031926,0.215966,0.364493,0.678935,0.948813,1.208384,1.477738,2.077749,2.821639,3.287754,5.115481
1986-06-05,1.963712,Training,-0.019877,0.227196,0.376170,0.692510,0.967691,1.228118,1.499880,2.102243,2.851424,3.321712,5.159861
1986-06-06,1.963712,Training,0.015674,0.277660,0.438494,0.790716,1.098825,1.377001,1.669010,2.311338,3.116339,3.626943,5.561339
1986-06-07,1.751419,Training,0.043399,0.308580,0.474462,0.839319,1.164828,1.448569,1.750684,2.409952,3.238957,3.774299,5.757899
1986-06-08,1.751419,Training,0.054914,0.289275,0.443484,0.762035,1.068926,1.329979,1.610528,2.222544,2.986528,3.487570,5.389649
1986-06-09,1.751419,Training,0.049161,0.260773,0.402739,0.681762,0.964776,1.205349,1.465838,2.034257,2.740009,3.206677,5.026344
1986-06-10,1.751419,Training,0.059619,0.267428,0.408094,0.683749,0.968899,1.207324,1.467380,2.031639,2.735718,3.207506,5.033411
1986-06-11,1.592199,Training,0.041552,0.242849,0.377879,0.637690,0.906486,1.136746,1.386376,1.932229,2.608609,3.057432,4.836884
1986-06-12,1.592199,Training,-0.028677,0.179144,0.304397,0.549682,0.782227,1.002315,1.236365,1.753861,2.388552,2.792418,4.470181
1986-06-13,1.592199,Training,-0.075203,0.130607,0.260048,0.499473,0.720563,0.940466,1.163648,1.693574,2.309492,2.698248,4.333325
1986-06-14,1.379906,Training,-0.079696,0.125195,0.252812,0.487990,0.705405,0.922560,1.141745,1.663639,2.278048,2.673067,4.325343
1986-06-15,1.379906,Training,-0.053264,0.159591,0.286274,0.531291,0.756940,0.978487,1.208394,1.726257,2.369890,2.790202,4.510620
1986-06-16,1.379906,Training,-0.008011,0.188600,0.311542,0.544103,0.779497,0.993939,1.223074,1.733068,2.363133,2.786218,4.511714
1986-06-17,1.167613,Training,0.009526,0.195250,0.314628,0.537427,0.774079,0.982334,1.208202,1.709912,2.324704,2.739155,4.440701
1986-06-18,1.167613,Training,0.028924,0.209570,0.330853,0.553894,0.798205,1.007862,1.236534,1.742133,2.364729,2.787548,4.505133
1986-06-19,1.008393,Training,0.029497,0.211788,0.332407,0.559579,0.807127,1.018092,1.248551,1.758154,2.389043,2.817617,4.551860
1986-06-20,1.008393,Training,0.061011,0.255065,0.369816,0.620789,0.897108,1.110119,1.354342,1.879430,2.547318,3.035724,4.883788
1986-06-21,1.008393,Training,0.043642,0.248401,0.364825,0.623469,0.899092,1.116396,1.361499,1.896222,2.583934,3.093990,5.013983
1986-06-22,1.167613,Training,0.055484,0.263241,0.410523,0.701476,1.000730,1.225700,1.511298,2.094329,2.886679,3.602680,5.861112
1986-06-23,2.229079,Training,-0.012649,0.266620,0.438703,0.757199,1.062938,1.350754,1.631542,2.285560,3.297870,4.089418,6.872496
1986-06-24,1.751419,Training,0.024993,0.292290,0.480628,0.803988,1.111609,1.421359,1.716287,2.393476,3.403275,4.173468,6.796762
1986-06-25,1.592199,Training,-0.003519,0.261713,0.444610,0.770072,1.062529,1.369147,1.657755,2.322355,3.286084,3.989393,6.440001
1986-06-26,1.592199,Training,-0.010495,0.282800,0.435575,0.803383,1.111394,1.389213,1.702356,2.381224,3.334825,4.133080,6.688686
1986-06-27,1.592199,Training,0.022632,0.311138,0.503497,0.860396,1.177604,1.500505,1.817021,2.530870,3.580518,4.352344,6.975527
1986-06-28,1.379906,Training,0.039834,0.323528,0.510628,0.863070,1.174300,1.493070,1.814093,2.519666,3.528211,4.265316,6.757930
1986-06-29,1.379906,Training,0.017845,0.288749,0.467869,0.801887,1.096411,1.401257,1.705902,2.381778,3.336236,4.022391,6.403546
1986-06-30,1.167613,Training,0.008615,0.264225,0.427398,0.737728,1.011447,1.293813,1.584667,2.223486,3.096277,3.711371,5.907168
1986-07-01,1.008393,Training,-0.028653,0.230264,0.385764,0.695375,0.952794,1.228354,1.514069,2.140724,2.981350,3.549078,5.627604
1986-07-02,1.008393,Training,-0.012411,0.241914,0.395471,0.702635,0.966254,1.237685,1.524310,2.147119,2.972260,3.529084,5.574091
1986-07-03,0.849173,Training,-0.028622,0.223272,0.371446,0.668021,0.919757,1.182552,1.461112,2.065478,2.857110,3.382184,5.347930
1986-07-04,0.849173,Training,-0.056635,0.197664,0.342729,0.635598,0.876596,1.135235,1.407336,2.002704,2.774913,3.274068,5.177142
1986-07-05,0.849173,Training,-0.047821,0.208047,0.355493,0.655377,0.904968,1.167190,1.443861,2.046492,2.830640,3.335042,5.252506
1986-07-06,0.849173,Training,-0.029987,0.227988,0.379468,0.691180,0.955249,1.223691,1.507964,2.124760,2.929314,3.446758,5.397220
1986-07-07,0.689953,Training,-0.030041,0.230321,0.382409,0.701791,0.970935,1.241937,1.528933,2.152426,2.965385,3.480861,5.428170
1986-07-08,0.424586,Training,-0.049388,0.228119,0.386394,0.737109,1.016853,1.302667,1.601563,2.257639,3.120220,3.651037,5.633926
1986-07-09,0.424586,Training,-0.041680,0.214926,0.363568,0.679502,0.944860,1.211778,1.494187,2.112800,2.923486,3.429656,5.356600
1986-07-10,0.424586,Training,-0.031110,0.194753,0.325909,0.588238,0.828924,1.064452,1.321103,1.880511,2.608309,3.082605,4.934728
1986-07-11,0.424586,Training,-0.017522,0.193591,0.319866,0.559240,0.795050,1.016665,1.258509,1.786548,2.453542,2.887357,4.646670
1986-07-12,0.424586,Training,-0.019503,0.180289,0.302776,0.528911,0.757646,0.972148,1.203786,1.715585,2.358869,2.773894,4.493816
1986-07-13,0.424586,Training,-0.071772,0.133272,0.248555,0.468335,0.675189,0.883518,1.101994,1.597504,2.219894,2.608532,4.265203
1986-07-14,0.424586,Training,-0.096596,0.114457,0.232939,0.458959,0.662019,0.874788,1.093648,1.612467,2.264314,2.680889,4.381982
1986-07-15,0.159220,Training,-0.102707,0.079495,0.189753,0.371155,0.558800,0.745430,0.932849,1.393095,1.929670,2.275745,3.840827
1986-07-16,0.053073,Training,-0.096821,0.089150,0.195455,0.376964,0.562622,0.747669,0.935558,1.382759,1.926139,2.280718,3.868895
1986-07-17,0.053073,Training,-0.088876,0.093458,0.195376,0.370478,0.553496,0.733375,0.918856,1.352981,1.885863,2.236389,3.812128
1986-07-18,0.053073,Training,-0.093849,0.081965,0.180192,0.345728,0.523795,0.696919,0.875305,1.300464,1.809710,2.145213,3.680631
1986-07-19,0.053073,Training,-0.105342,0.060905,0.159475,0.314656,0.489120,0.656663,0.826243,1.251355,1.739054,2.066523,3.580705
1986-07-20,0.053073,Training,-0.108899,0.058743,0.158121,0.313633,0.487927,0.655972,0.824914,1.250377,1.743549,2.077709,3.612894
1986-07-21,0.053073,Training,-0.097199,0.076499,0.171820,0.331320,0.505914,0.675189,0.848187,1.262481,1.771305,2.113732,3.673617
1986-07-22,0.053073,Training,-0.052678,0.113763,0.206723,0.366195,0.553470,0.721733,0.903911,1.318034,1.838025,2.192609,3.784003
1986-07-23,0.053073,Training,-0.030603,0.133108,0.219836,0.379086,0.574789,0.737874,0.922810,1.335800,1.851209,2.210949,3.814967
1986-07-24,0.053073,Training,-0.011707,0.137411,0.231207,0.380529,0.576259,0.741147,0.924059,1.335865,1.846977,2.199269,3.779048
1986-07-25,0.053073,Training,-0.019373,0.130637,0.223154,0.371326,0.564000,0.727696,0.909204,1.317567,1.825316,2.173433,3.744059
1986-07-26,0.053073,Training,-0.032616,0.119716,0.212273,0.360548,0.549597,0.713576,0.893228,1.299817,1.807127,2.150141,3.711962
1986-07-27,0.212293,Training,-0.056325,0.101969,0.191652,0.338753,0.519019,0.680888,0.856361,1.254954,1.751667,2.080933,3.610821
1986-07-28,0.212293,Training,-0.049351,0.106943,0.196771,0.342572,0.524698,0.686089,0.862408,1.260997,1.757973,2.089376,3.625738
1986-07-29,0.159220,Training,-0.058293,0.099713,0.187350,0.331644,0.510557,0.670102,0.843934,1.238286,1.730406,2.057754,3.586767
1986-07-30,0.053073,Training,-0.040291,0.110426,0.198088,0.338984,0.522628,0.681014,0.855620,1.250600,1.743925,2.077908,3.623557
1986-07-31,0.053073,Training,-0.039039,0.112016,0.196335,0.337765,0.523589,0.680294,0.854760,1.249563,1.745028,2.084030,3.646836
1986-08-01,0.159220,Training,-0.043675,0.104828,0.192510,0.332054,0.515563,0.674469,0.847792,1.243600,1.740046,2.073896,3.624644
1986-08-02,0.053073,Training,-0.067060,0.087939,0.173076,0.312619,0.489390,0.646887,0.816778,1.206693,1.697415,2.021510,3.552376
1986-08-03,0.053073,Training,-0.047568,0.112532,0.189314,0.335676,0.525170,0.678090,0.854114,1.247614,1.748401,2.099427,3.703706
1986-08-04,0.159220,Training,-0.005859,0.132011,0.220956,0.355992,0.552535,0.710486,0.886763,1.285050,1.792906,2.150289,3.762522
1986-08-05,0.159220,Training,-0.025993,0.115425,0.202602,0.335935,0.524173,0.680809,0.854442,1.247321,1.746285,2.090800,3.673278
1986-08-06,0.159220,Training,-0.042512,0.103361,0.191101,0.325623,0.510560,0.668146,0.840939,1.233064,1.734809,2.075581,3.654763
1986-08-07,0.159220,Training,-0.055970,0.093982,0.178546,0.312009,0.492286,0.647526,0.818263,1.204375,1.698208,2.029422,3.587988
1986-08-08,0.159220,Training,-0.045478,0.099089,0.182790,0.310882,0.491276,0.643699,0.813355,1.194848,1.681070,2.011430,3.564354
1986-08-09,0.159220,Training,-0.074265,0.091280,0.159419,0.296065,0.473862,0.618097,0.787023,1.158565,1.640153,1.976330,3.556937
1986-08-10,0.159220,Training,-0.050530,0.103174,0.178788,0.308540,0.490483,0.637638,0.807871,1.184175,1.673418,2.020171,3.624516
1986-08-11,0.212293,Training,-0.022860,0.113177,0.194416,0.314064,0.499815,0.646842,0.814960,1.188988,1.672437,2.018101,3.611670
1986-08-12,0.318440,Training,-0.035793,0.099489,0.179064,0.293824,0.473081,0.617352,0.780698,1.146518,1.622413,1.962884,3.543175
1986-08-13,0.318440,Training,-0.047017,0.088232,0.163434,0.273261,0.446083,0.585875,0.744706,1.100278,1.563035,1.893851,3.447535
1986-08-14,0.212293,Training,-0.057059,0.078367,0.149645,0.255506,0.423190,0.559194,0.714024,1.061269,1.512007,1.833296,3.361053
1986-08-15,0.424586,Training,-0.055471,0.077946,0.147486,0.250769,0.417939,0.551976,0.705943,1.050041,1.496278,1.815362,3.337401
1986-08-16,0.583806,Training,-0.056155,0.075931,0.143276,0.244049,0.410185,0.542021,0.694561,1.034832,1.476554,1.793877,3.311438
1986-08-17,0.318440,Training,-0.102047,0.062349,0.108864,0.232600,0.403407,0.526575,0.683925,1.019396,1.469453,1.812706,3.423146
1986-08-18,0.689953,Training,-0.104548,0.065722,0.116701,0.246474,0.424946,0.551025,0.710955,1.054330,1.536056,1.930556,3.693291
1986-08-19,1.008393,Training,-0.079919,0.069537,0.148379,0.259781,0.432714,0.576886,0.729979,1.084088,1.591752,1.986242,3.754597
1986-08-20,0.849173,Training,-0.079218,0.065942,0.150982,0.264000,0.440377,0.590322,0.745837,1.109263,1.636990,2.045984,3.852056
1986-08-21,0.689953,Training,-0.070806,0.073208,0.160179,0.276862,0.459488,0.613786,0.774115,1.149072,1.702610,2.132967,4.001443
1986-08-22,0.689953,Training,-0.076921,0.063121,0.138283,0.244741,0.418460,0.559129,0.715064,1.068636,1.567547,1.940851,3.643705
1986-08-23,0.424586,Training,-0.057560,0.071594,0.134277,0.228456,0.398999,0.526227,0.676643,1.011284,1.474999,1.834777,3.480190
1986-08-24,0.424586,Training,-0.047610,0.072331,0.130313,0.216083,0.383412,0.504524,0.650867,0.975292,1.419209,1.768314,3.372618
1986-08-25,0.849173,Training,-0.061250,0.060910,0.112874,0.195831,0.357502,0.473971,0.616335,0.930913,1.362021,1.700908,3.275763
1986-08-26,1.379906,Training,-0.091617,0.055733,0.089773,0.193867,0.365874,0.476521,0.625331,0.944237,1.391108,1.761453,3.440102
1986-08-27,1.592199,Training,-0.042426,0.073645,0.124175,0.208273,0.379156,0.497123,0.640086,0.961784,1.420472,1.802959,3.492099
1986-08-28,1.592199,Training,-0.021155,0.083970,0.133988,0.208946,0.380997,0.493140,0.635029,0.945580,1.381686,1.749686,3.392461
1986-08-29,1.008393,Training,-0.052416,0.060374,0.114611,0.192000,0.359558,0.474897,0.614278,0.926795,1.370115,1.733741,3.381253
1986-08-30,1.008393,Training,-0.070759,0.044843,0.091882,0.164699,0.323543,0.432570,0.566743,0.865421,1.286477,1.629922,3.214482
1986-08-31,0.849173,Training,-0.058421,0.050494,0.093956,0.162630,0.322699,0.428089,0.561436,0.856485,1.269210,1.611546,3.184334
1986-09-01,1.167613,Training,-0.080819,0.033550,0.074088,0.142666,0.297474,0.401293,0.531072,0.820438,1.227400,1.560541,3.110248
1986-09-02,0.849173,Training,-0.088349,0.026693,0.066329,0.135833,0.290638,0.394790,0.524275,0.814654,1.226279,1.561284,3.115602
1986-09-03,0.318440,Training,-0.094852,0.020937,0.061069,0.135874,0.294043,0.402006,0.533853,0.833836,1.266367,1.614928,3.202284
1986-09-04,0.212293,Training,-0.104428,0.013476,0.052616,0.139594,0.304371,0.418613,0.555147,0.874620,1.352773,1.742636,3.415624
1986-09-05,0.212293,Training,-0.074081,0.030792,0.063267,0.130278,0.289584,0.389422,0.517175,0.806355,1.226870,1.586378,3.179961
1986-09-06,0.318440,Training,-0.033551,0.055520,0.087246,0.133296,0.289382,0.376512,0.498740,0.760748,1.120361,1.440192,2.934465
1986-09-07,0.318440,Training,-0.030050,0.056760,0.088904,0.134407,0.292441,0.379778,0.502828,0.766241,1.128376,1.450025,2.950539
1986-09-08,0.424586,Training,-0.049165,0.053989,0.072353,0.138320,0.317394,0.398835,0.533483,0.806489,1.184777,1.555175,3.202012
1986-09-09,3.184398,Training,-0.103179,0.027235,0.055654,0.135008,0.318289,0.405594,0.544353,0.819549,1.244181,1.672195,3.520587
1986-09-10,2.653665,Training,-0.137777,0.018351,0.062513,0.146736,0.318908,0.426507,0.555863,0.845600,1.330719,1.776413,3.734588
1986-09-11,1.963712,Training,-0.170912,0.002224,0.052657,0.155369,0.351080,0.457898,0.604101,0.904576,1.440974,1.991333,4.272295
1986-09-12,2.229079,Training,-0.176413,0.017409,0.083014,0.194005,0.389280,0.516801,0.660664,0.996175,1.636618,2.250933,4.779199
1986-09-13,1.751419,Training,-0.195445,0.025801,0.104755,0.236881,0.470631,0.580137,0.756750,1.091075,1.768496,2.638794,5.775959
1986-09-14,1.963712,Training,-0.135032,0.249327,0.419032,0.557182,1.002031,1.112454,1.394669,2.011241,3.095631,4.388879,10.372058
1986-09-15,2.653665,Training,-0.105084,0.462848,0.666988,0.848225,1.472428,1.651194,2.085271,3.043821,4.914431,6.587103,15.685656
1986-09-16,6.209577,Training,-0.032474,0.588131,0.743641,0.977077,1.582371,1.800557,2.252286,3.293042,5.555394,7.507948,17.146198
1986-09-17,6.209577,Training,-0.009989,0.569903,0.745178,0.975979,1.587958,1.783107,2.245461,3.289886,5.607780,7.785632,17.323633
1986-09-18,5.572697,Training,-0.008650,0.621922,0.833099,1.111413,1.790655,1.987855,2.522865,3.710189,6.501925,9.218556,20.037012
1986-09-19,4.033571,Training,0.137588,0.696248,0.949879,1.228654,1.704457,1.928185,2.416391,3.331253,5.751035,8.067527,15.454928
1986-09-20,3.715132,Training,0.085603,0.567764,0.786523,1.055206,1.461134,1.673057,2.105358,2.880610,5.043457,7.206831,13.400039
1986-09-21,2.919032,Training,-0.044651,0.446502,0.607704,0.952337,1.373375,1.556929,2.002908,2.759418,5.022597,7.518884,13.915648
1986-09-22,2.229079,Training,-0.065966,0.358808,0.515510,0.822325,1.296968,1.410846,1.890370,2.663936,4.811220,7.463564,14.700291
1986-09-23,2.229079,Training,0.024444,0.462235,0.613580,0.955574,1.389786,1.560837,2.029235,2.809231,4.994137,7.336563,13.781265
1986-09-24,2.229079,Training,0.056612,0.431156,0.604230,0.946915,1.371836,1.580106,2.046294,2.823308,4.958769,7.179557,12.927649
1986-09-25,2.441372,Training,0.023606,0.350961,0.555515,0.924484,1.351179,1.596009,2.069604,2.871601,5.032103,7.255553,12.464894
1986-09-26,2.653665,Training,-0.027024,0.291111,0.520692,1.014329,1.502148,1.804309,2.353902,3.279178,5.632473,7.949746,12.671859
1986-09-27,2.441372,Training,-0.110760,0.145408,0.298516,0.657721,1.018416,1.271980,1.686848,2.428766,4.129329,5.747358,9.478005
1986-09-28,2.229079,Training,-0.150808,0.058914,0.158898,0.411050,0.690078,0.898867,1.216428,1.808403,3.029060,4.134101,7.153872
1986-09-29,1.963712,Training,-0.178463,0.025577,0.126958,0.401306,0.683679,0.903495,1.222837,1.840710,3.038561,4.072853,6.879182
1986-09-30,1.751419,Training,-0.182369,-0.006674,0.070394,0.281256,0.526342,0.715304,0.977864,1.508217,2.471311,3.289127,5.771251
1986-10-01,1.592199,Training,-0.170068,-0.005211,0.069690,0.280725,0.528674,0.716527,0.971851,1.502239,2.424226,3.194010,5.572762
1986-10-02,1.220686,Training,-0.176076,-0.029457,0.032229,0.198070,0.418477,0.584548,0.800491,1.264409,2.040248,2.679766,4.839571
1986-10-03,1.220686,Training,-0.182980,-0.025801,0.005126,0.165729,0.393974,0.539694,0.744496,1.179747,1.897538,2.510548,4.730744
1986-10-04,1.432979,Training,-0.119182,-0.001775,0.053837,0.176869,0.391203,0.538341,0.721044,1.128952,1.776809,2.316466,4.367935
1986-10-05,1.432979,Training,-0.109902,0.000757,0.046053,0.150784,0.356590,0.489889,0.659905,1.035393,1.622687,2.117774,4.075821
1986-10-06,1.432979,Training,-0.127051,-0.011688,0.028016,0.121371,0.319358,0.443962,0.599787,0.952048,1.510204,1.989937,3.938731
1986-10-07,2.016786,Training,-0.100767,0.000733,0.031423,0.120069,0.340593,0.452103,0.617397,0.964455,1.494452,2.006779,4.062152
1986-10-08,1.220686,Training,-0.134918,-0.007761,0.044820,0.151166,0.361377,0.504046,0.664128,1.042563,1.677963,2.228696,4.421353
1986-10-09,1.061466,Training,-0.171872,-0.040470,0.039753,0.186823,0.414359,0.593362,0.782217,1.237664,2.025563,2.670584,4.985041
1986-10-10,1.432979,Training,-0.110726,0.002103,0.078864,0.198497,0.426412,0.590842,0.771974,1.194192,1.894150,2.472003,4.693232
1986-10-11,1.432979,Training,-0.047279,0.034987,0.106521,0.213058,0.484246,0.617223,0.822272,1.242053,1.896906,2.583373,5.059501
1986-10-12,1.804492,Training,-0.065916,0.078920,0.151281,0.277510,0.560884,0.713849,0.917402,1.362684,2.152666,2.951403,6.071862
1986-10-13,1.804492,Training,-0.047159,0.125242,0.216614,0.349716,0.629886,0.812336,1.023520,1.494212,2.362458,3.166008,6.318086
1986-10-14,2.441372,Training,0.024146,0.228632,0.379381,0.513777,0.979620,1.164583,1.472828,2.187081,3.520310,4.914081,10.327213
1986-10-15,3.131325,Training,-0.009495,0.311369,0.448416,0.629613,1.040228,1.270941,1.599103,2.280046,3.834848,5.183150,10.724274
1986-10-16,2.016786,Training,0.068175,0.316298,0.468687,0.620764,0.982328,1.218398,1.530354,2.165121,3.510926,4.699747,9.115953
1986-10-17,2.016786,Training,0.038158,0.236371,0.372075,0.523893,0.856889,1.082127,1.367346,1.948200,3.110580,4.138688,7.756769
1986-10-18,1.592199,Training,0.055278,0.202613,0.312131,0.458399,0.763459,0.973075,1.239866,1.769099,2.730384,3.550663,6.453510
1986-10-19,1.592199,Training,0.035776,0.164798,0.255138,0.394705,0.674795,0.869597,1.124456,1.625803,2.468035,3.159517,5.697345
1986-10-20,1.592199,Training,0.011188,0.136975,0.217790,0.367276,0.640778,0.834177,1.088550,1.591086,2.405608,3.054259,5.457440
1986-10-21,1.804492,Training,-0.041398,0.092483,0.177064,0.354657,0.626114,0.832814,1.099095,1.636131,2.499455,3.161306,5.530602
1986-10-22,2.016786,Training,0.024552,0.125287,0.196865,0.329195,0.583975,0.762661,0.998593,1.460490,2.150781,2.684541,4.791522
1986-10-23,2.016786,Training,-0.000742,0.116441,0.171485,0.324899,0.588467,0.764585,1.003227,1.477681,2.184899,2.738837,4.907000
1986-10-24,2.441372,Training,0.027673,0.148559,0.205755,0.416502,0.747623,0.943607,1.225013,1.787411,2.652339,3.404643,6.019400
1986-10-25,2.653665,Training,-0.035858,0.118299,0.223002,0.457883,0.770175,1.016785,1.299715,1.904193,2.909609,3.679997,6.405681
1986-10-26,2.653665,Training,0.044965,0.163794,0.261655,0.464671,0.774508,1.006597,1.276877,1.817287,2.688358,3.378352,5.788355
1986-10-27,2.919032,Training,0.038684,0.174407,0.289008,0.527256,0.860291,1.113309,1.398950,1.988979,2.920844,3.635482,6.124063
1986-10-28,3.396692,Training,0.030568,0.187084,0.301613,0.585310,0.934702,1.198374,1.506878,2.139786,3.101940,3.787112,6.195099
1986-10-29,4.511231,Training,0.061213,0.281011,0.426379,0.856106,1.298260,1.615516,2.000475,2.772177,3.947453,4.743901,7.319165
1986-10-30,3.396692,Training,0.050793,0.249784,0.382295,0.765300,1.173464,1.471599,1.825416,2.543884,3.611481,4.321712,6.744344
1986-10-31,3.131325,Training,0.037521,0.207229,0.324172,0.641177,1.003855,1.274918,1.589124,2.236936,3.176390,3.793279,6.047276
1986-11-01,3.396692,Training,0.046805,0.213895,0.324583,0.622924,0.976780,1.236080,1.541405,2.169693,3.061879,3.651516,5.883839
1986-11-02,3.396692,Training,0.052655,0.201178,0.315076,0.587312,0.926031,1.181287,1.468358,2.066987,2.909871,3.458925,5.574543
1986-11-03,3.662058,Training,0.069013,0.188625,0.296761,0.515885,0.827443,1.059911,1.319601,1.861029,2.611461,3.114083,5.102720
1986-11-04,4.245865,Training,0.095978,0.228370,0.344769,0.601900,0.938838,1.192182,1.474179,2.040823,2.837361,3.389658,5.395110
1986-11-05,3.662058,Training,0.125919,0.284381,0.418099,0.728081,1.100469,1.380700,1.687990,2.301867,3.160006,3.746792,5.808856
1986-11-06,3.662058,Training,0.113988,0.256300,0.380672,0.660799,1.012659,1.278632,1.571499,2.158180,2.976416,3.537632,5.550239
1986-11-07,3.662058,Training,0.119594,0.258534,0.379991,0.664550,1.013292,1.281605,1.577559,2.160514,2.974320,3.540816,5.521082
1986-11-08,3.662058,Training,0.091418,0.232751,0.344895,0.612159,0.959285,1.212163,1.494778,2.079631,2.893696,3.447146,5.520274
1986-11-09,3.396692,Training,0.151025,0.338250,0.485134,0.866118,1.282339,1.594608,1.934364,2.609114,3.561160,4.218329,6.382100
1986-11-10,3.396692,Training,0.165039,0.409464,0.577920,1.065793,1.561424,1.901326,2.282734,3.064670,4.188590,4.909325,7.343701
1986-11-11,20.274004,Training,0.402728,0.988356,1.453888,2.602566,4.096193,4.847337,6.128679,8.154794,12.523301,16.595186,27.362089
1986-11-12,19.743271,Training,0.374456,1.132950,1.536014,2.720734,4.017800,4.944272,6.073619,8.000745,12.416986,15.333062,25.144999
1986-11-13,24.148355,Training,1.039847,2.588478,3.524805,6.272077,9.425330,11.329750,13.378324,17.603441,25.718058,31.221720,48.324177
1986-11-14,37.204389,Training,3.081975,6.075197,7.946720,12.975388,17.852789,20.782545,23.924973,29.356981,39.553684,46.625023,68.713448
1986-11-15,34.550724,Training,5.496198,9.535349,11.740576,17.683262,22.039158,24.671577,27.469015,31.777136,40.549397,45.797195,63.602127
1986-11-16,17.726485,Training,3.627880,6.098635,7.651189,11.608143,14.522271,16.458029,18.314543,21.414099,27.700691,32.166279,44.039009
1986-11-17,11.676128,Training,2.099619,3.459894,4.471754,6.717041,8.690338,9.932895,11.257370,13.352954,17.557606,21.116278,28.391376
1986-11-18,9.234756,Training,1.921460,3.021661,3.860593,5.767800,7.316793,8.373632,9.463444,11.081284,14.230671,16.761887,22.175924
1986-11-19,8.491729,Training,1.696578,2.605624,3.299623,4.982304,6.276274,7.221233,8.163788,9.540159,12.163670,14.013970,18.569750
1986-11-20,7.430263,Training,1.453263,2.295182,2.889267,4.458218,5.755753,6.503807,7.401240,8.693827,11.075523,12.980921,17.173777
1986-11-21,6.687237,Training,1.230468,1.991227,2.568638,4.056849,5.327009,5.983941,6.827315,8.149413,10.609280,12.287510,16.454895
1986-11-22,7.058750,Training,1.156287,1.888268,2.446925,3.948957,5.258869,5.867905,6.707146,8.098960,10.632756,12.446049,16.992413
1986-11-23,7.058750,Training,1.256346,2.035086,2.647193,4.175599,5.436714,6.151087,6.954422,8.296989,10.776175,12.649395,17.045738
1986-11-24,7.058750,Training,1.259874,1.989123,2.617936,4.085114,5.258486,5.976490,6.723769,8.014620,10.329469,11.923884,15.809848
1986-11-25,6.687237,Training,1.314317,2.054493,2.683019,4.165278,5.303980,6.015689,6.744741,8.010318,10.243207,11.673140,15.471375
1986-11-26,6.050357,Training,1.259956,1.968455,2.573559,3.986369,5.108932,5.751394,6.452594,7.665647,9.781067,11.105396,14.611209
1986-11-27,5.731917,Training,1.164136,1.829563,2.399134,3.731262,4.823082,5.418484,6.087817,7.257842,9.289268,10.511345,13.821218
1986-11-28,5.413477,Training,1.105214,1.749236,2.285418,3.574599,4.621342,5.201738,5.848592,6.982234,8.930654,10.074110,13.253655
1986-11-29,4.776598,Training,1.114423,1.763370,2.306655,3.613924,4.660626,5.239929,5.880242,7.019494,8.974532,10.059446,13.210700
1986-11-30,5.095038,Training,0.946853,1.532742,2.005809,3.200502,4.176649,4.731517,5.335435,6.426931,8.282901,9.324576,12.344465
1986-12-01,4.776598,Training,0.901103,1.470435,1.934180,3.106472,4.072367,4.621293,5.215298,6.304341,8.154818,9.183315,12.169497
1986-12-02,3.396692,Training,0.729807,1.222545,1.627252,2.669089,3.561845,4.085761,4.643050,5.694916,7.438951,8.448460,11.292629
1986-12-03,2.653665,Training,0.595517,1.018541,1.368462,2.262631,3.082856,3.562375,4.072858,5.070694,6.641384,7.630982,10.353677
1986-12-04,2.653665,Training,0.549892,0.945500,1.269952,2.100166,2.871913,3.336573,3.826020,4.786296,6.262986,7.219957,9.892595
1986-12-05,2.441372,Training,0.556247,0.950305,1.271012,2.085726,2.846679,3.304071,3.785904,4.727987,6.166285,7.112652,9.778028
1986-12-06,2.653665,Training,0.573092,0.983327,1.303415,2.147742,2.937605,3.395214,3.888375,4.843615,6.318943,7.306849,10.054440
1986-12-07,2.653665,Training,0.629577,1.068471,1.404028,2.315396,3.182617,3.648800,4.168878,5.166726,6.745137,7.883546,10.894795
1986-12-08,6.368797,Training,1.010804,1.691971,2.396585,3.883836,5.514545,6.401157,7.510295,9.211210,12.718828,16.179129,23.921455
1986-12-09,4.776598,Training,1.186752,2.157974,2.989906,4.838052,6.534684,7.797382,8.930132,10.829150,15.295395,18.369690,27.711435
1986-12-10,3.927425,Training,1.382503,2.108042,2.955422,4.531322,6.048786,7.209342,8.027739,9.582461,13.011696,15.448972,23.160210
1986-12-11,3.662058,Training,1.318387,2.064350,2.736221,4.241512,5.673098,6.622586,7.411056,8.833009,11.774272,14.092563,20.479296
1986-12-12,3.396692,Training,0.897627,1.531325,2.050790,3.284121,4.456138,5.165672,5.911541,7.242746,9.639353,11.700194,16.074951
1986-12-13,13.427547,Training,1.296102,2.607694,3.623587,6.045488,8.898255,10.381015,12.415636,15.615138,21.969662,27.665445,41.923290
1986-12-14,27.014314,Training,2.408118,4.480636,5.896627,9.480658,12.727530,14.554834,16.755733,20.033308,27.000072,31.986282,45.618877
1986-12-15,13.427547,Training,1.689561,3.109528,4.128731,6.691510,9.173610,10.375022,11.938262,14.576996,19.867397,24.178495,34.747826
1986-12-16,11.251541,Training,2.250967,3.571247,4.818151,7.294191,9.375345,10.727340,12.038648,14.290529,18.605177,22.204891,29.905029
1986-12-17,9.659342,Training,1.844470,2.815798,3.695112,5.570464,7.037982,8.110430,9.061868,10.680505,13.738180,15.925115,21.345310
1986-12-18,7.430263,Training,1.917213,2.775766,3.630497,5.384081,6.753268,7.755176,8.551186,9.970339,12.630826,14.336465,19.333275
1986-12-19,6.368797,Training,1.580982,2.392990,3.081569,4.699937,5.935965,6.727816,7.527280,8.870657,11.148890,12.716632,16.501762
1986-12-20,6.050357,Training,1.369376,2.091977,2.716493,4.191290,5.418930,6.096391,6.852982,8.143041,10.318927,11.881800,15.493340
1986-12-21,5.095038,Training,1.281798,1.985420,2.571970,4.038049,5.312433,5.945073,6.703936,8.030282,10.268987,12.034840,16.076406
1986-12-22,5.413477,Training,1.237437,1.927270,2.527519,3.962378,5.095353,5.811990,6.514692,7.807597,10.007028,11.464196,15.152555
1986-12-23,5.413477,Training,1.321707,1.878395,2.493679,3.847668,4.936274,5.720785,6.302729,7.475554,9.605753,10.734926,15.289199
1986-12-24,4.776598,Training,1.362938,1.931804,2.546482,3.938684,5.013344,5.778347,6.365024,7.541328,9.650191,10.659657,15.405524
1986-12-25,4.245865,Training,1.329719,1.915772,2.546545,3.911515,5.009006,5.731751,6.303420,7.473711,9.565844,10.519930,14.617555
1986-12-26,3.927425,Training,0.979726,1.568441,2.068100,3.306979,4.316132,4.899067,5.517499,6.685291,8.606039,9.668356,12.695933
1986-12-27,3.927425,Training,0.828951,1.342111,1.796659,2.890919,3.875391,4.390305,4.975201,6.090840,7.888671,9.026889,11.962186
1986-12-28,3.662058,Training,0.840014,1.367268,1.812592,2.944156,3.887269,4.446460,5.021011,6.140933,7.967137,8.981893,11.965697
1986-12-29,3.396692,Training,1.018946,1.583342,2.109835,3.364346,4.388498,5.018010,5.580070,6.739515,8.740614,9.638720,12.992981
1986-12-30,3.396692,Training,0.869081,1.373943,1.812475,2.889793,3.812260,4.368217,4.895176,5.925735,7.695275,8.582612,11.698494
1986-12-31,3.131325,Training,0.814885,1.330425,1.746981,2.819815,3.720882,4.246145,4.794080,5.839235,7.561622,8.489318,11.369558
1987-01-01,2.919032,Validation,0.648149,1.083048,1.437346,2.350436,3.205606,3.671318,4.187051,5.192018,6.740952,7.780922,10.566224
1987-01-02,2.653665,Validation,0.687851,1.147345,1.528513,2.503351,3.391445,3.884355,4.413621,5.456332,7.095309,8.156710,11.010790
1987-01-03,2.441372,Validation,0.489575,0.846569,1.143134,1.917806,2.629970,3.102382,3.560599,4.508770,5.933198,6.799837,9.499379
1987-01-04,2.441372,Validation,0.471190,0.795585,1.097757,1.839094,2.548937,3.041641,3.466090,4.395772,5.827220,6.638549,9.479595
1987-01-05,2.441372,Validation,0.482681,0.796216,1.105483,1.846118,2.563804,3.068962,3.479156,4.403409,5.835985,6.634323,9.572317
1987-01-06,2.653665,Validation,0.570849,0.907164,1.244216,2.039853,2.798009,3.324157,3.740614,4.670380,6.149709,6.958287,10.059186
1987-01-07,2.653665,Validation,0.612584,0.993413,1.345381,2.201811,2.997070,3.519185,3.962833,4.926346,6.469470,7.289305,10.242332
1987-01-08,2.653665,Validation,0.683562,1.123011,1.503018,2.499894,3.457494,3.999461,4.584793,5.693916,7.500722,8.848782,12.203627
1987-01-09,8.491729,Validation,1.092230,2.161009,3.072678,5.153231,7.783953,9.113118,11.263308,14.200190,20.674528,26.359640,41.787479
1987-01-10,38.584295,Validation,1.688620,3.199087,4.372735,7.170134,9.845688,11.678416,13.574938,16.555933,23.333319,27.419235,40.995224
1987-01-11,15.285113,Validation,2.106609,3.431593,4.577385,7.092933,9.573160,11.224661,12.584614,15.045811,20.629198,24.859457,38.185169
1987-01-12,25.846701,Validation,2.921652,5.399584,7.106160,11.410086,15.681166,18.181414,20.909420,25.684961,33.799938,39.637726,58.062439
1987-01-13,30.676372,Validation,7.776816,12.411075,15.481485,23.084526,28.401068,31.710697,34.774288,39.743755,50.046040,55.185558,79.186043
1987-01-14,25.262895,Validation,7.503974,10.815983,12.674436,18.342775,21.853354,24.395445,25.917488,29.545256,36.334225,41.322968,70.301071
1987-01-15,19.265611,Validation,6.782289,9.599566,11.503737,16.694813,20.214746,22.661299,24.062250,27.511127,34.067612,39.594627,65.839294
1987-01-16,14.807453,Validation,6.436205,8.959571,11.591378,15.869323,19.275761,21.649086,22.580324,25.543262,31.252581,36.280716,54.242828
1987-01-17,12.100714,Validation,5.585660,7.541299,9.872147,13.327923,15.986853,18.026258,18.843155,21.218191,25.691235,29.331446,42.559093
1987-01-18,10.030855,Validation,5.670513,7.280344,9.369571,12.519447,14.682037,16.453257,17.191011,19.190527,22.788761,25.348591,37.458088
1987-01-19,8.863242,Validation,4.962278,6.546180,8.432545,11.389383,13.300113,14.766847,15.603350,17.461723,20.655148,22.606508,30.923977
1987-01-20,8.120216,Validation,4.338635,5.600766,7.239956,9.843515,11.583567,12.887901,13.610386,15.289029,18.125410,19.576685,27.044714
1987-01-21,7.058750,Validation,3.800700,4.900003,6.339169,8.742267,10.364127,11.525292,12.207427,13.821206,16.484331,17.642834,24.444115
1987-01-22,7.058750,Validation,3.365352,4.470767,5.757080,8.104371,9.635836,10.654423,11.381582,13.015017,15.596455,16.579039,22.417221
1987-01-23,6.368797,Validation,2.864749,3.990456,5.104866,7.432107,8.946732,9.812201,10.640292,12.344654,14.886516,16.098902,21.497913
1987-01-24,5.731917,Validation,2.404576,3.326941,4.427207,6.489297,8.074296,8.837815,9.632321,11.347726,13.921368,15.380334,20.405113
1987-01-25,5.413477,Validation,1.822081,2.599661,3.560283,5.476105,7.139320,7.782350,8.664739,10.425480,13.268602,15.217930,20.725771
1987-01-26,5.731917,Validation,1.078950,1.987735,3.048720,5.000828,7.450463,8.541704,10.431186,13.204833,18.901976,24.515814,37.969086
1987-01-27,8.491729,Validation,1.248859,2.718921,3.844322,6.666675,9.796410,11.526793,13.698621,17.433317,24.900242,29.903778,46.337311
1987-01-28,11.676128,Validation,2.475120,4.663110,6.130512,10.120674,14.002548,16.216824,18.790123,23.103531,30.914154,36.356487,53.550560
1987-01-29,17.726485,Validation,5.546200,9.446613,11.938332,18.249113,23.277500,26.285662,29.369522,34.551994,43.552700,48.922802,70.405190
1987-01-30,23.564549,Validation,8.917865,14.262396,17.412821,25.660536,31.063232,34.031464,37.072887,42.190796,51.507641,57.214146,79.962341
1987-01-31,23.564549,Validation,7.365503,11.652396,14.457232,21.215206,25.810505,28.282215,30.344210,34.832138,42.254436,48.231049,66.659592
1987-02-01,19.265611,Validation,4.456327,7.588842,9.863427,14.937008,19.594786,21.892908,24.649387,29.279022,36.975338,43.270027,61.778053
1987-02-02,27.014314,Validation,8.579299,13.656932,16.634026,24.538891,29.612535,32.335304,35.272087,40.140141,49.002872,54.910484,76.545158
1987-02-03,23.033816,Validation,7.283529,11.204863,13.718359,19.830986,23.442324,25.824261,27.486305,31.433065,37.882778,42.679337,58.663727
1987-02-04,18.204145,Validation,5.977586,8.698550,10.866084,15.308423,17.854340,19.879612,21.033888,23.868401,28.546328,32.128582,44.186344
1987-02-05,14.329793,Validation,5.096272,7.130983,8.978890,12.458401,14.456384,16.055672,17.071329,19.242989,22.736092,25.315807,34.421612
1987-02-06,12.100714,Validation,4.114882,5.703983,7.172204,10.031003,11.675320,12.959315,13.893890,15.675383,18.422647,20.215944,27.026220
1987-02-07,9.659342,Validation,3.610134,4.982389,6.247784,8.814418,10.285278,11.390066,12.267315,13.872628,16.296156,17.661568,23.368420
1987-02-08,8.863242,Validation,3.215906,4.456660,5.596699,7.971537,9.371594,10.332733,11.180199,12.721814,14.991698,16.194468,21.273048
1987-02-09,9.659342,Validation,2.593257,3.782892,4.870639,7.275043,9.017642,10.085446,11.269629,12.987188,16.191629,18.605465,26.068533
1987-02-10,11.676128,Validation,2.975492,5.210292,6.848376,10.737954,14.299663,16.542652,18.765524,22.350323,29.832138,35.406113,55.927040
1987-02-11,90.808430,Validation,4.553339,8.197368,10.509176,16.497532,21.507978,24.611189,27.885311,33.004028,42.578232,48.214054,72.802208
1987-02-12,49.358177,Validation,7.532493,12.279728,15.017038,22.421785,27.302187,30.038855,32.408829,37.226288,45.686775,51.036274,72.778526
1987-02-13,41.344107,Validation,6.003008,9.603268,12.141947,18.318075,22.770983,24.930231,27.030569,31.330868,38.425438,44.629490,62.839520
1987-02-14,31.950132,Validation,5.005207,7.676472,9.949479,14.588383,17.936562,19.897774,21.539320,24.995792,30.538795,35.826157,49.156143
1987-02-15,23.033816,Validation,4.083889,6.132071,7.884933,11.589917,14.211751,15.754757,17.220879,19.934561,24.417027,28.903891,39.902439
1987-02-16,22.450009,Validation,3.378859,5.206458,6.758404,10.254495,12.964129,14.352669,16.013853,18.778984,23.510515,28.515539,40.001251
1987-02-17,31.313252,Validation,2.845981,4.557573,5.918567,9.141452,11.736008,13.091969,14.652723,17.337908,21.995180,26.763168,37.893860
1987-02-18,27.014314,Validation,3.317541,4.982213,6.383654,9.508435,11.818187,13.389229,14.636970,16.968466,21.516045,25.189795,36.967285
1987-02-19,20.804737,Validation,3.637943,4.964187,6.481825,9.220622,11.158105,12.707878,13.534205,15.488089,19.104307,21.622339,32.764336
1987-02-20,17.726485,Validation,3.543345,4.712383,6.060650,8.562516,10.226898,11.548435,12.288882,13.993933,16.966640,18.742405,28.314896
1987-02-21,15.762773,Validation,3.184240,4.318173,5.526408,7.946389,9.700854,10.851075,11.621530,13.292280,16.202454,18.196791,27.326963
1987-02-22,13.002961,Validation,2.838459,3.880784,5.119699,7.293144,8.891916,10.027500,10.703220,12.313050,15.076219,16.635677,23.698915
1987-02-23,15.285113,Validation,2.386369,3.530388,4.592638,6.844077,8.528210,9.568501,10.472351,12.196675,15.217604,17.326921,24.420364
1987-02-24,27.014314,Validation,1.982883,3.890705,5.399468,8.875111,12.710249,14.647235,17.337280,21.615538,29.495193,37.118744,57.442398
1987-02-25,137.194502,Validation,2.697417,5.104245,6.597707,10.848072,14.739042,16.699196,19.019695,22.829782,30.017872,35.751141,52.791309
1987-02-26,40.654154,Validation,2.946215,4.931629,6.562940,10.201862,13.334460,15.082291,16.927910,20.192442,25.934353,31.104879,43.904018
1987-02-27,25.846701,Validation,3.920400,5.877834,7.982293,11.811587,14.864575,16.535145,18.111635,21.258434,26.580849,31.667616,43.788467
1987-02-28,19.743271,Validation,3.069672,4.384940,6.292725,9.291065,11.684839,13.104723,14.324760,17.232313,21.929007,25.655672,34.845924
1987-03-01,16.718092,Validation,2.373322,3.379025,4.738353,7.095462,9.003067,9.988205,10.967169,13.169676,16.606688,19.136126,25.606733
1987-03-02,14.329793,Validation,1.781882,2.592260,3.580580,5.482046,7.035272,7.817000,8.631329,10.423905,13.138982,14.975816,19.812740
1987-03-03,13.002961,Validation,1.538990,2.283321,3.061523,4.715577,6.065736,6.804572,7.535528,9.034819,11.294197,12.935993,17.056696
1987-03-04,11.676128,Validation,1.255728,1.914459,2.547327,3.992611,5.194146,5.858954,6.528893,7.880787,9.913348,11.372911,15.002135
1987-03-05,10.880028,Validation,1.142286,1.755834,2.385240,3.798591,4.989881,5.599590,6.248673,7.637040,9.740004,11.020172,14.574651
1987-03-06,9.659342,Validation,1.020144,1.594569,2.217319,3.593611,4.743365,5.328359,5.955920,7.374694,9.495298,10.625645,14.003935
1987-03-07,8.863242,Validation,0.957924,1.509919,2.044270,3.293163,4.373174,4.942306,5.529103,6.782340,8.669933,9.871791,13.099101
1987-03-08,8.120216,Validation,0.752814,1.239343,1.709911,2.841420,3.851962,4.362562,4.915039,6.150230,7.996044,9.102262,12.205116
1987-03-09,8.491729,Validation,0.642543,1.069414,1.462780,2.439893,3.380797,3.826669,4.351630,5.495268,7.121389,8.280234,11.444861
1987-03-10,8.863242,Validation,0.662902,1.120751,1.540798,2.549060,3.481957,3.979629,4.491124,5.619130,7.328808,8.490543,11.636098
1987-03-11,8.491729,Validation,0.572468,1.012251,1.454494,2.498801,3.427515,3.924471,4.444479,5.678250,7.527364,8.588781,11.645788
1987-03-12,19.265611,Validation,0.586899,1.012755,1.470315,2.419071,3.423615,3.944245,4.541098,5.701614,7.590343,9.186296,13.047513
1987-03-13,21.388543,Validation,0.669249,1.200597,1.706513,2.842506,3.970224,4.589293,5.192038,6.492692,8.747240,10.739769,15.689830
1987-03-14,19.265611,Validation,0.656759,1.139424,1.619322,2.647227,3.648017,4.256528,4.815403,6.037812,8.050340,9.699202,13.824571
1987-03-15,13.905207,Validation,0.678594,1.152015,1.615909,2.616903,3.598143,4.195441,4.738817,5.927437,7.813969,9.448351,13.411280
1987-03-16,11.676128,Validation,0.572984,0.965401,1.306113,2.099352,2.882052,3.377188,3.840448,4.850260,6.294714,7.565931,10.848585
1987-03-17,10.455442,Validation,0.536035,0.890743,1.177507,1.898563,2.584873,3.039580,3.483812,4.402828,5.653046,6.746128,9.581718
1987-03-18,9.234756,Validation,0.392855,0.660918,0.875750,1.445986,1.986731,2.384953,2.780481,3.601312,4.670033,5.538185,7.981880
1987-03-19,8.491729,Validation,0.489797,0.822588,1.069287,1.744171,2.351308,2.781472,3.205899,4.063056,5.214802,6.110981,8.686375
1987-03-20,7.748703,Validation,0.548608,0.911825,1.181424,1.905620,2.542891,3.005718,3.427742,4.282506,5.510895,6.345831,9.098669
1987-03-21,7.748703,Validation,0.651053,1.091087,1.388127,2.245328,2.997304,3.479287,3.958502,4.888475,6.242688,7.308433,10.350365
1987-03-22,7.058750,Validation,0.599636,1.035944,1.360801,2.198270,2.948514,3.446663,3.915595,4.866365,6.264116,7.396459,10.451167
1987-03-23,7.058750,Validation,0.553668,0.949363,1.256024,2.035340,2.753333,3.226908,3.685173,4.617091,5.947015,7.056308,9.984863
1987-03-24,9.234756,Validation,0.482414,0.897152,1.313650,2.155645,3.099733,3.691637,4.343650,5.540309,7.612260,9.594940,14.160208
1987-03-25,14.807453,Validation,0.697823,1.540187,2.146559,3.621301,5.222120,6.173273,7.162252,9.067593,12.782670,16.021475,25.029316
1987-03-26,12.100714,Validation,0.893344,1.669758,2.282310,3.671444,5.039364,5.953696,6.821084,8.475682,11.448308,14.207719,20.722570
1987-03-27,10.455442,Validation,0.948667,1.664747,2.284229,3.611108,4.924650,5.717311,6.502558,8.018852,10.597173,13.108452,18.684708
1987-03-28,11.676128,Validation,0.964526,1.650052,2.186577,3.464691,4.681329,5.410637,6.142634,7.538275,9.790620,12.129085,17.160212
1987-03-29,11.676128,Validation,0.799527,1.346293,1.766042,2.827726,3.742147,4.416798,5.031654,6.214651,8.126556,9.667165,13.625770
1987-03-30,10.030855,Test,1.128304,1.824804,2.352063,3.667964,4.702214,5.404419,6.058480,7.257649,9.194072,10.638260,14.524794
1987-03-31,9.234756,Test,1.001367,1.632692,2.107673,3.315701,4.294342,4.917469,5.533693,6.684676,8.451665,9.817869,13.334303
1987-04-01,8.491729,Training,0.820148,1.365004,1.766483,2.821317,3.769522,4.307809,4.895379,6.005907,7.640071,9.113085,12.583228
1987-04-02,11.251541,Training,0.937822,1.667982,2.263006,3.682003,4.984801,5.851532,6.810688,8.347239,11.238018,13.985841,20.125563
1987-04-03,23.033816,Training,1.545431,2.857317,3.798696,6.160860,8.426232,10.126053,11.524824,13.917359,19.494997,23.865274,38.357994
1987-04-04,28.871880,Training,2.039839,4.062386,5.176404,8.595526,11.722764,13.859254,15.834490,19.313311,26.552156,31.562258,48.249432
1987-04-05,28.871880,Training,2.342602,4.550793,5.767216,9.414754,12.752731,14.479923,16.421865,19.853455,25.860449,31.044304,44.681389
1987-04-06,25.846701,Training,2.222214,4.464855,5.804797,9.525163,13.249799,15.146397,17.321976,21.412560,28.236919,34.222244,49.070522
1987-04-07,80.459135,Training,2.571889,5.081428,6.520898,10.715246,14.607796,16.284101,18.424219,22.420776,29.124960,34.439774,49.994873
1987-04-08,38.584295,Training,3.341478,5.936225,7.509231,11.934014,15.444965,17.324902,19.434818,23.015257,29.082994,34.839577,49.079796
1987-04-09,27.014314,Training,3.796343,6.400075,8.072379,12.434601,15.593312,17.373722,19.116388,22.425631,27.698956,32.792332,45.756195
1987-04-10,20.804737,Training,3.153362,5.064159,6.474797,9.673958,11.928906,13.386020,14.745070,17.145206,21.044580,24.838688,34.276680
1987-04-11,17.726485,Training,2.827758,4.383765,5.738462,8.503806,10.559783,11.762119,12.977541,15.095661,18.444725,21.860151,29.860985
1987-04-12,15.285113,Training,2.281006,3.518020,4.643796,6.979408,8.762127,9.751043,10.811547,12.675274,15.627474,18.380463,25.006649
1987-04-13,13.905207,Training,1.616516,2.579962,3.517292,5.498048,7.018469,7.867584,8.797852,10.584225,13.426976,15.484847,20.900478
1987-04-14,13.427547,Training,1.236232,2.126394,2.972707,4.801486,6.114679,6.963135,7.807127,9.546199,12.360961,13.971226,18.652998
1987-04-15,12.578374,Training,1.107019,1.951671,2.754158,4.492560,5.727505,6.532390,7.316546,9.000681,11.683881,13.070580,17.370968
1987-04-16,11.676128,Training,0.951923,1.643067,2.309123,3.839504,5.104151,5.699214,6.549121,8.103559,10.448795,12.309587,16.763704
1987-04-17,11.251541,Training,0.767216,1.475250,2.077510,3.524537,4.717235,5.367933,6.130941,7.657135,10.206467,12.095745,16.921387
1987-04-18,10.030855,Training,0.880209,1.560845,2.166112,3.560379,4.730494,5.403749,6.128661,7.573223,9.958324,11.756634,16.219725
1987-04-19,9.234756,Training,0.896574,1.575132,2.198454,3.585428,4.751434,5.423953,6.123609,7.540191,9.874708,11.635732,16.076120
1987-04-20,8.863242,Training,0.809306,1.471238,2.092242,3.489185,4.620773,5.280441,5.986082,7.451367,9.850464,11.453502,15.720029
1987-04-21,8.863242,Training,0.679928,1.302018,1.820980,3.086709,4.145726,4.717368,5.389864,6.749189,8.929481,10.442229,14.455235
1987-04-22,8.120216,Training,0.689311,1.291878,1.781819,2.957012,3.940520,4.496468,5.113639,6.365741,8.348109,9.671350,13.319064
1987-04-23,7.748703,Training,0.620706,1.194613,1.601564,2.654088,3.581137,4.066792,4.652860,5.804612,7.548180,8.873215,12.510317
1987-04-24,10.880028,Training,0.634728,1.191630,1.633448,2.686234,3.675911,4.244196,4.906027,6.116044,8.098948,9.977200,14.331184
1987-04-25,10.455442,Training,0.477385,1.105835,1.561358,2.652292,3.670073,4.298301,4.976460,6.344716,8.715117,10.749797,16.134031
1987-04-26,8.120216,Training,0.360432,0.930070,1.376978,2.378182,3.248215,3.883904,4.535680,5.856411,8.125168,9.838289,14.352813
1987-04-27,7.430263,Training,0.375572,0.899026,1.274878,2.174224,3.005824,3.551946,4.136708,5.354498,7.287377,8.901734,13.258830
1987-04-28,7.430263,Training,0.418997,0.896624,1.221916,2.038479,2.809540,3.305628,3.835548,4.961661,6.623562,8.089213,12.076681
1987-04-29,6.687237,Training,0.433264,0.908464,1.219951,2.020603,2.772756,3.265721,3.797672,4.917050,6.550891,8.020398,11.975936
1987-04-30,6.368797,Training,0.375543,0.825567,1.147896,1.883852,2.557409,3.062972,3.577923,4.666267,6.275277,7.579895,11.266567
1987-05-01,6.368797,Training,0.205976,0.611678,0.887885,1.513078,2.047398,2.510105,2.975318,3.976743,5.415951,6.469471,9.715453
1987-05-02,5.731917,Training,0.162565,0.540310,0.794090,1.370357,1.856645,2.289767,2.727743,3.675661,5.013059,5.973654,8.995929
1987-05-03,5.413477,Training,0.192003,0.586238,0.830608,1.435758,1.947123,2.362974,2.808388,3.746435,5.038132,5.982090,8.935774
1987-05-04,5.731917,Training,0.199169,0.646037,0.916538,1.601395,2.143618,2.587678,3.061058,4.029279,5.391954,6.325530,9.279326
1987-05-05,6.050357,Training,0.310065,0.703067,0.962390,1.584817,2.139816,2.543288,2.988320,3.904793,5.127129,6.048872,8.864740
1987-05-06,5.413477,Training,0.252660,0.663817,0.918689,1.549464,2.083971,2.486702,2.925493,3.835336,5.051594,5.910557,8.645653
1987-05-07,3.662058,Training,0.150430,0.561121,0.799866,1.410311,1.893843,2.290570,2.718231,3.606177,4.797818,5.581438,8.170042
1987-05-08,2.919032,Training,0.160401,0.541934,0.769179,1.337380,1.804670,2.180449,2.587905,3.440952,4.561660,5.307544,7.798729
1987-05-09,2.919032,Training,0.159180,0.552674,0.771315,1.373693,1.883367,2.237944,2.674133,3.560407,4.709254,5.586281,8.310397
1987-05-10,2.653665,Training,0.258405,0.648138,0.938263,1.616405,2.242143,2.658857,3.176583,4.219175,5.695832,6.979895,10.410472
1987-05-11,2.653665,Training,0.250205,0.753761,1.063244,1.839542,2.547368,3.050572,3.606325,4.766888,6.601796,8.154994,12.503206
1987-05-12,2.653665,Training,0.291755,0.752009,1.081766,1.806849,2.475210,2.986912,3.523066,4.627939,6.358325,7.763227,11.644508
1987-05-13,2.653665,Training,0.279639,0.671846,0.963697,1.577998,2.164351,2.616272,3.074841,4.040426,5.478592,6.652068,9.975863
1987-05-14,2.441372,Training,0.208042,0.551392,0.800637,1.331166,1.827867,2.228337,2.636087,3.514532,4.762010,5.728738,8.650427
1987-05-15,2.441372,Training,0.318777,0.696796,0.961911,1.559526,2.119433,2.532581,2.975859,3.873470,5.146275,6.179156,9.106584
1987-05-16,2.441372,Training,0.378729,0.777889,1.048211,1.688344,2.282449,2.698915,3.158294,4.055807,5.332590,6.398465,9.301343
1987-05-17,2.653665,Training,0.342329,0.716668,0.964502,1.563498,2.120151,2.514497,2.954487,3.819403,5.028625,6.024842,8.796779
1987-05-18,2.653665,Training,0.228519,0.537490,0.748618,1.229937,1.683773,2.033167,2.408978,3.193580,4.242842,5.039733,7.522539
1987-05-19,2.919032,Training,0.165062,0.446286,0.637984,1.061817,1.462345,1.786109,2.133825,2.875710,3.848924,4.556109,6.897563
1987-05-20,2.653665,Training,0.071968,0.364729,0.548375,0.963735,1.321379,1.641439,1.977622,2.708221,3.657206,4.294075,6.533589
1987-05-21,2.229079,Training,-0.009387,0.292229,0.471402,0.883853,1.208840,1.524140,1.852881,2.576812,3.501002,4.093282,6.216907
1987-05-22,4.776598,Training,0.021111,0.343735,0.511640,0.967413,1.339578,1.641217,1.998018,2.745525,3.719459,4.442505,6.830853
1987-05-23,3.131325,Training,0.160188,0.498910,0.718422,1.226366,1.690491,2.054690,2.437439,3.263408,4.408503,5.279600,8.013642
1987-05-24,2.919032,Training,0.198567,0.509237,0.726892,1.207032,1.661385,2.021787,2.398402,3.195683,4.296961,5.149045,7.728775
1987-05-25,2.653665,Training,0.170947,0.483112,0.701548,1.182148,1.631378,1.988557,2.360280,3.158747,4.261509,5.089442,7.670728
1987-05-26,2.653665,Training,0.121037,0.476095,0.680098,1.208817,1.670776,2.020252,2.415656,3.245666,4.385112,5.259304,7.975246
1987-05-27,2.441372,Training,0.182133,0.558976,0.804631,1.381554,1.891437,2.284224,2.706011,3.587006,4.850491,5.800400,8.661819
1987-05-28,2.441372,Training,0.184243,0.566231,0.812719,1.399148,1.904754,2.301006,2.721576,3.599611,4.831890,5.736783,8.518395
1987-05-29,2.229079,Training,0.115685,0.490329,0.725247,1.281539,1.741583,2.125727,2.522400,3.369417,4.541198,5.363351,7.988137
1987-05-30,1.804492,Training,0.111347,0.454276,0.670108,1.180318,1.612578,1.970126,2.339326,3.139213,4.208290,4.945146,7.395078
1987-05-31,1.432979,Training,0.102250,0.454272,0.667995,1.187825,1.618064,1.974964,2.347829,3.150378,4.216700,4.938043,7.351018
1987-06-01,1.592199,Training,0.071972,0.410081,0.612415,1.103061,1.504237,1.848651,2.208833,2.986491,4.009272,4.686109,6.995066
1987-06-02,1.804492,Training,0.083625,0.432361,0.638841,1.148963,1.564601,1.914317,2.284769,3.078316,4.124712,4.818423,7.158236
1987-06-03,1.220686,Training,0.032592,0.400001,0.580514,1.102971,1.514041,1.845023,2.224819,3.013607,4.070766,4.817210,7.264251
1987-06-04,1.592199,Training,0.063128,0.406766,0.610519,1.103857,1.510396,1.861074,2.229378,3.024216,4.101505,4.842711,7.294341
1987-06-05,1.432979,Training,0.021675,0.344330,0.536363,0.985004,1.346923,1.682216,2.029770,2.783441,3.792133,4.469011,6.763524
1987-06-06,1.220686,Training,0.014246,0.314250,0.503609,0.915148,1.257729,1.581251,1.910357,2.634007,3.603122,4.255214,6.495307
1987-06-07,1.061466,Training,0.011146,0.305471,0.462918,0.853669,1.188413,1.475338,1.795459,2.482230,3.394853,4.060249,6.311312
1987-06-08,1.220686,Training,0.112579,0.401727,0.586185,1.001744,1.395628,1.711753,2.051787,2.779611,3.786985,4.544477,6.961456
1987-06-09,1.220686,Training,0.165217,0.478693,0.678143,1.140108,1.577070,1.916663,2.290861,3.061983,4.167057,5.033398,7.597053
1987-06-10,1.220686,Training,0.144471,0.470166,0.671539,1.165933,1.632238,1.974260,2.367763,3.187988,4.361402,5.367814,8.259274
1987-06-11,2.229079,Training,0.054417,0.408236,0.635568,1.124760,1.546865,1.934265,2.321688,3.173059,4.462408,5.429323,8.458436
1987-06-12,1.592199,Training,0.040103,0.401951,0.599673,1.097780,1.516377,1.870703,2.270045,3.125261,4.380658,5.440427,8.536010
1987-06-13,4.511231,Training,0.069294,0.461788,0.672879,1.208890,1.678856,2.055396,2.486594,3.428543,4.896554,6.185215,9.865036
1987-06-14,2.441372,Training,0.162433,0.576539,0.804665,1.358960,1.879331,2.301293,2.750038,3.696150,5.262563,6.602027,10.387037
1987-06-15,2.229079,Training,0.167547,0.578548,0.800314,1.352244,1.864798,2.277159,2.725864,3.667965,5.199063,6.518030,10.236527
1987-06-16,2.229079,Training,0.142697,0.506535,0.752452,1.240905,1.684558,2.095468,2.515018,3.408340,4.829444,5.939072,9.243794
1987-06-17,2.229079,Training,0.109119,0.474181,0.709387,1.199322,1.605574,2.007593,2.423774,3.303942,4.639550,5.645867,8.703803
1987-06-18,2.016786,Training,0.121996,0.487621,0.719528,1.224127,1.635851,2.036243,2.455686,3.334270,4.637261,5.616386,8.591869
1987-06-19,2.016786,Training,0.087306,0.451970,0.658438,1.155958,1.544982,1.919302,2.325564,3.166873,4.379562,5.280448,8.069796
1987-06-20,1.804492,Training,0.064771,0.419921,0.620648,1.105034,1.476543,1.840537,2.235203,3.055055,4.219138,5.061934,7.708029
1987-06-21,1.804492,Training,0.009117,0.346052,0.537393,0.989675,1.317876,1.664921,2.035537,2.821311,3.924167,4.691809,7.136128
1987-06-22,1.592199,Training,-0.049435,0.263627,0.450667,0.863706,1.162934,1.494686,1.832772,2.604388,3.619356,4.304311,6.582447
1987-06-23,1.220686,Training,-0.058012,0.253401,0.441650,0.855890,1.157120,1.489709,1.826001,2.602960,3.628517,4.319086,6.609156
1987-06-24,0.902246,Training,-0.058009,0.269113,0.456546,0.894179,1.208092,1.547390,1.895149,2.680323,3.745822,4.465563,6.821719
1987-06-25,0.743026,Training,-0.017072,0.312941,0.502033,0.949504,1.280306,1.621112,1.979275,2.751804,3.825367,4.551172,6.910238
1987-06-26,0.636880,Training,0.018017,0.363290,0.561654,1.043085,1.409492,1.761403,2.134886,2.927409,4.010703,4.734975,7.107503
1987-06-27,0.743026,Training,-0.012694,0.326946,0.519618,0.994263,1.348574,1.693427,2.057881,2.843401,3.906264,4.594592,6.882470
1987-06-28,0.636880,Training,-0.028022,0.294324,0.477863,0.926793,1.262661,1.593932,1.945505,2.708289,3.745228,4.414133,6.651364
1987-06-29,0.743026,Training,-0.042473,0.241162,0.403135,0.769752,1.057262,1.350192,1.657062,2.331568,3.223397,3.791335,5.824394
1987-06-30,0.902246,Training,-0.047269,0.248744,0.415578,0.814146,1.118139,1.423168,1.745035,2.455315,3.416529,4.030280,6.144204
1987-07-01,0.636880,Training,-0.067661,0.238186,0.400634,0.810959,1.118115,1.423145,1.746257,2.463509,3.433739,4.049833,6.187685
1987-07-02,0.530733,Training,-0.066854,0.237688,0.408061,0.823899,1.137813,1.450823,1.773421,2.504520,3.480196,4.088755,6.228403
1987-07-03,0.530733,Training,-0.067861,0.207244,0.364383,0.721577,1.002493,1.288606,1.582235,2.246630,3.127717,3.677425,5.695006
1987-07-04,0.371513,Training,-0.075372,0.136652,0.261617,0.495710,0.711689,0.929914,1.153760,1.664968,2.303355,2.706668,4.402522
1987-07-05,0.371513,Training,-0.079145,0.120809,0.229552,0.435603,0.634609,0.830022,1.036069,1.503988,2.082828,2.459983,4.086431
1987-07-06,0.530733,Training,-0.078871,0.114576,0.223366,0.421356,0.616299,0.808909,1.010248,1.471814,2.039151,2.408936,4.015629
1987-07-07,0.371513,Training,-0.074607,0.112911,0.218022,0.405007,0.594261,0.779868,0.976211,1.424617,1.974092,2.339677,3.928029
1987-07-08,0.371513,Training,-0.079698,0.102068,0.203259,0.382004,0.566258,0.746038,0.935038,1.372318,1.904883,2.260592,3.825892
1987-07-09,0.265367,Training,-0.098836,0.077108,0.177581,0.350533,0.530635,0.707611,0.887473,1.326373,1.843882,2.188693,3.732377
1987-07-10,0.265367,Training,-0.089361,0.091140,0.192177,0.372697,0.557172,0.738737,0.925246,1.366074,1.906176,2.261681,3.840030
1987-07-11,0.265367,Training,-0.067177,0.110875,0.212141,0.393286,0.583961,0.766405,0.958108,1.399461,1.948317,2.312174,3.913388
1987-07-12,0.265367,Training,-0.063754,0.111067,0.209510,0.384213,0.571816,0.749569,0.939027,1.372394,1.905705,2.258805,3.828073
1987-07-13,0.265367,Training,-0.052652,0.117493,0.214305,0.384223,0.573132,0.747623,0.936208,1.363901,1.889229,2.238460,3.798347
1987-07-14,0.371513,Training,-0.045865,0.124580,0.219375,0.389664,0.581584,0.754661,0.944555,1.371891,1.898942,2.253095,3.828104
1987-07-15,0.371513,Training,-0.050143,0.119338,0.215119,0.384708,0.575255,0.749209,0.937929,1.365574,1.893357,2.244584,3.814945
1987-07-16,0.371513,Training,-0.079228,0.117380,0.193642,0.385438,0.579091,0.742976,0.936235,1.359824,1.891958,2.276577,3.929175
1987-07-17,0.530733,Training,-0.088439,0.119838,0.201518,0.405075,0.605180,0.774575,0.971420,1.407258,1.980777,2.424217,4.238673
1987-07-18,0.636880,Training,-0.038812,0.149313,0.266019,0.458466,0.673497,0.873118,1.073843,1.544629,2.187305,2.661591,4.589392
1987-07-19,0.530733,Training,-0.043606,0.143482,0.267875,0.461520,0.673289,0.880365,1.083501,1.563159,2.219858,2.700540,4.631501
1987-07-20,0.530733,Training,-0.059654,0.128808,0.251791,0.448609,0.655911,0.864385,1.065579,1.544826,2.198821,2.661089,4.553640
1987-07-21,0.530733,Training,-0.068150,0.119719,0.233842,0.424307,0.622780,0.821371,1.020568,1.485643,2.102633,2.525929,4.305415
1987-07-22,0.371513,Training,-0.047582,0.134963,0.246845,0.435002,0.638742,0.834351,1.037937,1.504396,2.113183,2.528792,4.281763
1987-07-23,0.371513,Training,-0.036652,0.144419,0.253348,0.438757,0.643924,0.836236,1.042404,1.507715,2.109758,2.522405,4.262282
1987-07-24,0.371513,Training,-0.056537,0.136611,0.235359,0.426809,0.629328,0.816481,1.022719,1.482842,2.079994,2.487420,4.223094
1987-07-25,0.371513,Training,-0.073552,0.113997,0.218908,0.401326,0.592724,0.781816,0.981450,1.436421,2.022117,2.408284,4.087634
1987-07-26,0.371513,Training,-0.094065,0.096065,0.200255,0.381349,0.567131,0.755132,0.950662,1.404439,1.981921,2.357896,4.013340
1987-07-27,0.371513,Training,-0.117187,0.068859,0.177665,0.354470,0.537913,0.725363,0.913904,1.378763,1.946363,2.320007,3.971831
1987-07-28,0.265367,Training,-0.118689,0.069078,0.177747,0.354136,0.536753,0.724164,0.912418,1.375757,1.947631,2.327224,3.997846
1987-07-29,0.265367,Training,-0.076345,0.113731,0.221039,0.403543,0.596223,0.788046,0.989678,1.447765,2.050144,2.450806,4.176023
1987-07-30,0.265367,Training,-0.071094,0.114184,0.217904,0.396042,0.588146,0.775550,0.975928,1.428092,2.013627,2.396515,4.073527
1987-07-31,0.265367,Training,-0.104244,0.079139,0.179090,0.349070,0.530582,0.710802,0.899591,1.345589,1.897069,2.248837,3.848205
1987-08-01,0.265367,Training,-0.115432,0.064934,0.167444,0.335205,0.516237,0.695593,0.880824,1.333373,1.883644,2.240756,3.853732
1987-08-02,0.265367,Training,-0.128403,0.050720,0.158970,0.332208,0.516595,0.700188,0.884958,1.355741,1.926924,2.302543,3.964534
1987-08-03,0.265367,Training,-0.134698,0.057827,0.166739,0.357770,0.544809,0.738907,0.931378,1.422721,2.060642,2.486626,4.257499
1987-08-04,0.265367,Training,-0.115216,0.070642,0.167039,0.340090,0.519627,0.700095,0.883618,1.327552,1.917763,2.309034,4.010510
1987-08-05,0.265367,Training,-0.064496,0.092814,0.175375,0.309859,0.486568,0.639252,0.808389,1.189072,1.676870,2.010288,3.571440
1987-08-06,0.265367,Training,-0.062944,0.096388,0.166734,0.299378,0.476787,0.619835,0.786110,1.155433,1.628077,1.961725,3.522303
1987-08-07,0.265367,Training,-0.075552,0.091663,0.152172,0.289479,0.467725,0.604097,0.768758,1.131977,1.600674,1.948997,3.548438
1987-08-08,0.265367,Training,-0.043229,0.097728,0.178551,0.296891,0.474018,0.619658,0.780441,1.147812,1.625023,1.971837,3.561650
1987-08-09,0.265367,Training,-0.045132,0.094718,0.177009,0.295021,0.472362,0.618799,0.780515,1.148098,1.628986,1.977890,3.571624
1987-08-10,0.265367,Training,-0.057443,0.085465,0.168657,0.289008,0.465130,0.613831,0.774639,1.144585,1.635409,1.987911,3.602521
1987-08-11,0.265367,Training,-0.086803,0.060825,0.134730,0.248574,0.410865,0.551086,0.702599,1.054691,1.515700,1.843953,3.389782
1987-08-12,0.371513,Training,-0.102739,0.043065,0.114580,0.223363,0.381055,0.516887,0.661472,1.007619,1.448222,1.760382,3.265880
1987-08-13,0.371513,Training,-0.115633,0.069921,0.152561,0.308855,0.487821,0.606742,0.790210,1.129650,1.616044,2.087131,3.920047
1987-08-14,0.371513,Training,-0.055358,0.328430,0.471561,0.732451,1.024675,1.186697,1.394455,1.959671,2.836840,3.889945,8.215776
1987-08-15,0.371513,Training,-0.087909,0.317666,0.460870,0.679223,0.952680,1.178666,1.428128,2.008734,3.135265,4.048996,8.221617
1987-08-16,0.371513,Training,-0.066780,0.229368,0.364455,0.537325,0.772835,0.969414,1.181311,1.673694,2.573050,3.365486,6.566215
1987-08-17,0.530733,Training,-0.104638,0.096687,0.206547,0.335359,0.516049,0.683726,0.850458,1.242019,1.905654,2.462794,4.719527
1987-08-18,0.636880,Training,-0.099024,0.077429,0.165115,0.282905,0.452492,0.603072,0.763953,1.130856,1.709595,2.183709,4.159045
1987-08-19,0.636880,Training,-0.090110,0.072055,0.144999,0.253567,0.418045,0.555625,0.713909,1.064767,1.593374,2.020991,3.851145
1987-08-20,0.636880,Training,-0.109490,0.063481,0.114247,0.226262,0.386546,0.510478,0.665796,1.000315,1.497995,1.902506,3.677570
1987-08-21,0.636880,Training,-0.078371,0.071154,0.123838,0.220563,0.379866,0.500163,0.652841,0.980872,1.456991,1.848356,3.568295
1987-08-22,0.636880,Training,-0.063129,0.079285,0.124147,0.216054,0.376775,0.490559,0.642215,0.962735,1.425161,1.814777,3.522415
1987-08-23,0.636880,Training,-0.054956,0.076545,0.120940,0.205501,0.364095,0.475417,0.623361,0.937466,1.391614,1.778939,3.468914
1987-08-24,0.636880,Training,-0.047883,0.078467,0.115871,0.198741,0.358550,0.466099,0.612556,0.923450,1.376298,1.769730,3.464250
1987-08-25,0.636880,Training,-0.051630,0.070497,0.102100,0.181708,0.337978,0.441334,0.581862,0.884838,1.329285,1.721724,3.397418
1987-08-26,0.636880,Training,-0.051152,0.062167,0.086826,0.149033,0.293151,0.382336,0.508558,0.775133,1.151235,1.489160,3.027640
1987-08-27,0.636880,Training,-0.061126,0.052568,0.074208,0.134539,0.275539,0.362054,0.483943,0.743453,1.110696,1.442659,2.961801
1987-08-28,0.636880,Training,-0.138221,0.019852,0.025743,0.111193,0.253180,0.333467,0.453935,0.705681,1.076641,1.421670,3.018358
1987-08-29,1.061466,Training,-0.147948,0.048901,0.112037,0.241634,0.419476,0.498920,0.663403,0.921792,1.378406,1.940652,4.123887
1987-08-30,1.592199,Training,-0.171849,0.147877,0.257553,0.430582,0.696700,0.815981,1.024227,1.411245,2.140769,3.065526,7.092929
1987-08-31,1.432979,Training,-0.152484,0.298120,0.389700,0.591816,0.927233,1.076193,1.319801,1.863925,2.947082,4.138973,9.593751
1987-09-01,,,0.457320,1.013311,1.173512,1.459957,2.073343,2.255516,2.670953,3.617089,5.791648,7.945350,15.260982
1987-09-02,,,0.411811,0.979363,1.168562,1.510699,2.152894,2.394017,2.852472,3.904527,6.295982,8.495979,15.935117
2002-03-03,4.882744,Training,,,,,,,,,,,
2002-03-04,4.723524,Training,,,,,,,,,,,
2002-03-05,4.139718,Training,0.895924,1.585102,2.242481,3.570369,4.908636,5.856605,6.682662,8.271253,11.362804,13.869586,20.134871
2002-03-06,4.192791,Training,0.898039,1.531725,2.159342,3.459422,4.686864,5.540092,6.304864,7.821824,10.500730,12.661576,17.797100
2002-03-07,4.192791,Training,0.852712,1.414692,2.037050,3.277177,4.495027,5.213337,5.930492,7.419225,9.832926,11.994969,16.448181
2002-03-08,4.033571,Training,0.860713,1.407274,1.980499,3.205081,4.346846,5.022680,5.690333,7.097993,9.288545,11.101638,15.029545
2002-03-09,4.086645,Training,0.847105,1.381817,1.926465,3.139113,4.239594,4.883699,5.519510,6.885381,8.964430,10.587364,14.261266
2002-03-10,3.821278,Training,0.886383,1.448808,1.982776,3.247736,4.325092,4.978786,5.602074,6.957001,8.990359,10.434545,14.009192
2002-03-11,4.139718,Training,0.842050,1.452572,2.104258,3.449302,4.818856,5.618247,6.613147,8.204735,11.195445,14.111991,20.154715
2002-03-12,8.438656,Training,1.129286,2.447486,3.370575,5.733184,8.446717,10.078610,11.822902,15.120100,21.565992,26.945795,41.877495
2002-03-13,16.824239,Training,2.209970,4.607633,5.928926,9.911327,14.046082,16.625149,19.099686,23.814116,32.758530,38.310951,59.077110
2002-03-14,32.215498,Training,3.688563,7.146324,9.047161,14.568784,19.823402,22.688541,25.736364,31.200714,40.353470,46.651936,67.936569
2002-03-15,25.740555,Training,6.672139,11.688956,14.363427,21.965012,27.700790,30.787485,34.187172,39.536964,49.119995,55.258381,78.140511
2002-03-16,24.254502,Training,9.137715,14.933081,17.826176,26.575130,31.719341,34.600224,36.686211,41.859486,50.206161,55.862717,78.713554
2002-03-17,25.846701,Training,6.503407,11.044229,13.690405,21.021250,26.155706,28.876297,31.798042,36.740883,45.190392,52.114986,72.623062
2002-03-18,24.307575,Training,6.708679,10.908219,13.663624,20.710390,25.374327,27.788107,29.729799,34.423706,41.957386,47.820442,67.138527
2002-03-19,18.575658,Training,4.127987,6.561261,8.530555,13.039016,16.238005,17.927542,19.437738,22.889482,28.504402,33.173462,46.459789
2002-03-20,15.338186,Training,4.045763,5.983241,7.941245,11.697879,14.327749,15.906856,17.123629,19.992674,24.603331,28.388176,39.051975
2002-03-21,12.949887,Training,3.180233,4.606341,6.178018,9.089525,11.188139,12.416981,13.490290,15.793317,19.442968,22.186005,30.042068
2002-03-22,11.463835,Training,2.507670,3.684646,4.998923,7.452349,9.159016,10.282840,11.205901,13.257145,16.493818,18.379103,24.419317
2002-03-23,9.871635,Training,1.952229,2.945494,3.982255,6.056317,7.495970,8.434297,9.261716,11.027642,13.793107,15.167874,19.876265
2002-03-24,8.810169,Training,1.784976,2.674445,3.597419,5.490094,6.847822,7.643795,8.429114,10.047753,12.505509,13.698545,17.901508
2002-03-25,8.014070,Training,1.600870,2.411170,3.226845,4.969758,6.266937,6.965175,7.714119,9.221166,11.482947,12.623079,16.551756
2002-03-26,7.536410,Training,1.367224,2.121304,2.869752,4.500724,5.721323,6.383090,7.093852,8.575674,10.803534,11.844136,15.526790
2002-03-27,7.430263,Training,1.196362,1.906536,2.599523,4.136441,5.296684,5.927203,6.605457,8.051354,10.227944,11.208167,14.709224
2002-03-28,7.854850,Training,1.162981,1.838452,2.474798,3.932451,5.080676,5.661851,6.314291,7.667520,9.699610,10.731815,14.201413
2002-03-29,6.421870,Training,1.182063,1.857868,2.483718,3.931581,5.078379,5.666095,6.306487,7.618537,9.605717,10.697248,14.199166
2002-03-30,6.262650,Training,0.858497,1.439112,1.943958,3.215427,4.305594,4.798803,5.417514,6.690556,8.602919,9.812258,13.333917
2002-03-31,6.156504,Training,0.706180,1.256668,1.765742,2.987190,3.989468,4.528391,5.109150,6.402186,8.426148,9.519409,12.872346
2002-04-01,6.050357,Training,0.652790,1.144581,1.549883,2.579793,3.499818,3.986210,4.518906,5.625905,7.324813,8.489130,11.666180
2002-04-02,6.528017,Training,0.573452,1.007862,1.334252,2.218078,3.042030,3.519835,4.023205,5.033785,6.524602,7.826708,11.050471
2002-04-03,7.058750,Training,0.539136,0.991102,1.333975,2.244639,3.069281,3.685425,4.270929,5.349652,7.259017,8.867295,13.100072
2002-04-04,6.209577,Training,0.555240,1.087377,1.448401,2.403643,3.275879,3.971189,4.572053,5.772563,7.944922,9.736048,14.814252
2002-04-05,7.377190,Training,0.545494,1.082544,1.481593,2.471777,3.472147,4.178845,4.872742,6.231047,8.629791,10.934315,16.318432
2002-04-06,9.659342,Training,0.940052,2.058434,2.587255,4.402596,6.242836,7.530030,8.763122,11.256198,16.111523,19.665592,29.806170
2002-04-07,11.092321,Training,1.514600,3.189969,3.904708,6.570693,9.300953,11.197386,12.927024,16.504332,23.331789,27.692417,42.147629
2002-04-08,10.561588,Training,1.621456,3.339451,3.955866,6.626234,9.223284,10.722003,12.493218,15.961842,21.895708,26.295101,38.406479
2002-04-09,8.704023,Training,1.313406,2.645609,3.240235,5.197417,7.273458,8.344085,9.748431,12.573632,17.237844,21.259016,31.152399
2002-04-10,8.385583,Training,1.161114,2.190316,2.727892,4.282061,5.910419,6.773030,7.882962,10.056186,13.627365,17.108673,24.682156
2002-04-11,7.748703,Training,1.307958,2.263222,2.903475,4.477026,5.887142,6.833012,7.835667,9.553623,12.598702,15.297496,21.395536
2002-04-12,6.634164,Training,1.269569,2.139271,2.734251,4.209851,5.541094,6.330473,7.251377,8.758764,11.249981,13.809142,19.004009
2002-04-13,6.528017,Training,1.170594,1.944553,2.549303,3.954344,5.187239,5.949667,6.798198,8.215675,10.530763,12.758584,17.332945
2002-04-14,6.209577,Training,1.196802,1.966599,2.579531,4.051395,5.254352,6.016366,6.823337,8.202385,10.426274,12.398786,16.708115
2002-04-15,5.838064,Training,1.545244,2.462764,3.209398,4.988664,6.262136,7.094137,7.914409,9.374389,11.639883,13.419693,18.017574
2002-04-16,5.466551,Training,1.682606,2.641974,3.432855,5.318499,6.581964,7.418820,8.224645,9.714006,11.955175,13.515934,18.119007
2002-04-17,5.413477,Training,1.479398,2.356699,3.088693,4.836092,6.061200,6.826222,7.592804,9.031539,11.204857,12.695801,16.995945
2002-04-18,5.466551,Training,1.199379,1.976149,2.627548,4.203202,5.413398,6.089085,6.822346,8.221316,10.393461,11.948642,16.123291
2002-04-19,5.360404,Training,1.534444,2.418891,3.224967,5.029610,6.319883,7.068180,7.831355,9.350606,11.629256,13.136258,17.692785
2002-04-20,5.360404,Training,1.355016,2.167533,2.992445,4.744047,6.079780,6.761934,7.513018,9.119363,11.593521,13.030351,17.701984
2002-04-21,5.201184,Training,0.845036,1.576429,2.322156,3.894069,5.065110,5.764372,6.454222,8.087276,10.665885,11.926993,16.116667
2002-04-22,5.041964,Training,0.544979,1.197930,1.828134,3.217225,4.240229,4.878096,5.518739,7.044552,9.460515,10.588947,14.205010
2002-04-23,5.466551,Training,0.591205,1.251584,1.883963,3.273263,4.305624,4.918719,5.547580,7.042892,9.388745,10.428034,13.968790
2002-04-24,4.776598,Training,0.421206,1.012515,1.564588,2.832342,3.772169,4.347061,4.937413,6.368708,8.624980,9.624002,12.886086
2002-04-25,4.882744,Training,0.496644,1.016434,1.462694,2.565698,3.479179,3.958595,4.506888,5.740126,7.652496,8.648602,11.755095
2002-04-26,4.882744,Training,0.411123,0.874913,1.222723,2.115986,2.899722,3.317726,3.806188,4.858354,6.436254,7.368115,10.258967
2002-04-27,5.148111,Training,0.357925,0.773288,1.063835,1.817838,2.498860,2.885451,3.324830,4.267582,5.619928,6.470117,9.181110
2002-04-28,5.148111,Training,0.362245,0.745563,1.016788,1.718145,2.375102,2.754568,3.175384,4.074339,5.348686,6.215283,8.857380
2002-04-29,4.935818,Training,0.264953,0.581650,0.805811,1.378245,1.926106,2.276395,2.646340,3.468736,4.571166,5.329089,7.758972
2002-04-30,5.041964,Training,0.308220,0.651735,0.890994,1.509934,2.096900,2.459874,2.850346,3.695343,4.857113,5.672101,8.192739
2002-05-01,4.564305,Training,0.293821,0.604068,0.821842,1.376649,1.906756,2.261033,2.625834,3.406325,4.451294,5.233405,7.594124
2002-05-02,5.784991,Training,0.329812,0.647506,0.868195,1.474661,2.043994,2.424397,2.829702,3.642895,4.779618,5.752338,8.366535
2002-05-03,4.935818,Training,0.276897,0.617093,0.875185,1.479868,2.049632,2.479360,2.871771,3.729894,5.006103,6.056542,8.991312
2002-05-04,4.776598,Training,0.273270,0.601615,0.855016,1.436075,1.996082,2.408544,2.800441,3.658357,4.897345,5.905448,8.773154
2002-05-05,4.988891,Training,0.215250,0.562000,0.808730,1.406020,1.962967,2.360849,2.755964,3.653851,4.931843,5.920051,8.983465
2002-05-06,4.935818,Training,0.278009,0.622782,0.873448,1.471632,2.037489,2.437793,2.842394,3.723250,4.970263,5.965016,8.875706
2002-05-07,5.466551,Training,0.389580,0.754943,1.045265,1.754313,2.441118,2.909091,3.470337,4.451303,6.056088,7.615771,11.081786
2002-05-08,6.050357,Training,0.347612,0.894127,1.204678,2.056140,2.902280,3.498244,4.119926,5.381988,7.648243,9.725540,15.117233
2002-05-09,4.935818,Training,0.286108,0.700563,0.995386,1.622572,2.264166,2.772907,3.280284,4.355680,6.155937,7.726845,11.875763
2002-05-10,4.723524,Training,0.351535,0.775359,1.059641,1.743663,2.420174,2.916355,3.443682,4.504797,6.213717,7.822386,11.738976
2002-05-11,4.723524,Training,0.400877,0.820259,1.131507,1.842679,2.508784,3.025124,3.557405,4.598831,6.235551,7.722117,11.286917
2002-05-12,4.670451,Training,0.393215,0.815078,1.120132,1.827096,2.490320,2.972023,3.491708,4.520220,6.081108,7.449830,10.913751
2002-05-13,4.670451,Training,0.373651,0.891479,1.206797,2.043415,2.788069,3.264239,3.838317,4.959573,6.649593,8.112381,12.024282
2002-05-14,3.927425,Training,0.307813,0.813628,1.145955,1.964385,2.648823,3.150386,3.708347,4.819782,6.515522,7.832981,11.473443
2002-05-15,3.980498,Training,0.235588,0.745058,1.065438,1.884762,2.527573,3.024484,3.572600,4.662939,6.317710,7.535232,10.938035
2002-05-16,3.662058,Training,0.277493,0.846569,1.170385,2.069864,2.793733,3.279107,3.863926,4.972496,6.698470,8.051991,11.748263
2002-05-17,5.413477,Training,0.476971,1.043367,1.399763,2.348107,3.217796,3.697856,4.317320,5.475184,7.270350,8.937284,13.104705
2002-05-18,3.662058,Training,0.475726,1.044204,1.440940,2.379654,3.219574,3.766625,4.373106,5.535267,7.440811,9.054209,13.152272
2002-05-19,3.343618,Training,0.342322,0.895944,1.278766,2.193303,2.959662,3.503345,4.112809,5.284613,7.184680,8.669174,12.531065
2002-05-20,3.290545,Training,0.434545,1.013464,1.431347,2.414133,3.267654,3.817271,4.450534,5.639185,7.616120,9.200842,13.244175
2002-05-21,3.396692,Training,0.330583,0.865059,1.183716,2.050033,2.806413,3.270316,3.848499,4.950045,6.643650,8.100585,11.949196
2002-05-22,4.882744,Training,0.440517,0.997229,1.338617,2.247745,3.094408,3.598274,4.208395,5.356560,7.214293,8.983579,13.331397
2002-05-23,3.821278,Training,0.400889,0.960865,1.329468,2.216941,3.024922,3.574592,4.181959,5.344563,7.296545,9.000576,13.328530
2002-05-24,3.290545,Training,0.307092,0.878826,1.251525,2.165792,2.951872,3.502909,4.134776,5.329623,7.336903,9.004200,13.285239
2002-05-25,3.237472,Training,0.486548,1.081308,1.509356,2.493737,3.375517,3.955846,4.603834,5.793774,7.833655,9.566230,13.857218
2002-05-26,3.237472,Training,0.463515,1.022034,1.374943,2.265225,3.070204,3.580221,4.175359,5.267152,7.047961,8.619732,12.577605
2002-05-27,3.184398,Training,0.403010,0.884578,1.198145,1.956246,2.637339,3.115397,3.636122,4.631403,6.167761,7.481606,10.910429
2002-05-28,3.821278,Training,0.305491,0.778595,1.078698,1.820261,2.451705,2.911300,3.426883,4.436937,5.947577,7.130248,10.428364
2002-05-29,3.715132,Training,0.259756,0.695636,0.969839,1.641594,2.212198,2.646639,3.121924,4.074823,5.450200,6.509653,9.582814
2002-05-30,3.025179,Training,0.190596,0.611551,0.865705,1.499639,2.015487,2.430751,2.881874,3.799241,5.090041,6.039855,8.901423
2002-05-31,3.078252,Training,0.127825,0.515749,0.746012,1.314353,1.767692,2.154492,2.574319,3.437560,4.624458,5.468498,8.091764
2002-06-01,2.972105,Training,0.113407,0.454125,0.661843,1.156911,1.569594,1.923323,2.305671,3.108359,4.181636,4.939993,7.381862
2002-06-02,2.919032,Training,0.129314,0.462165,0.667854,1.157240,1.574874,1.922412,2.301725,3.096979,4.157763,4.910688,7.328846
2002-06-03,2.812885,Training,0.150297,0.493287,0.702056,1.209987,1.647061,1.996659,2.386071,3.191492,4.275855,5.054086,7.511590
2002-06-04,3.290545,Training,0.314123,0.726920,1.003545,1.709656,2.367955,2.778774,3.321586,4.313625,5.823045,7.208843,10.626477
2002-06-05,4.033571,Training,0.224670,0.668229,0.946273,1.605603,2.211758,2.681773,3.167053,4.159114,5.782854,7.152647,10.895625
2002-06-06,2.972105,Training,0.214328,0.639123,0.877825,1.514143,2.100698,2.534596,3.019245,4.017203,5.574069,6.979640,10.706779
2002-06-07,3.396692,Training,0.197454,0.697711,0.971721,1.714139,2.378861,2.864831,3.408067,4.528934,6.364459,7.984183,12.382792
2002-06-08,3.343618,Training,0.351360,0.905149,1.218399,2.045828,2.802577,3.342727,3.947836,5.088262,7.041872,8.835396,13.285307
2002-06-09,2.972105,Training,0.322302,0.861438,1.214541,2.043191,2.769133,3.321553,3.927259,5.093086,7.035788,8.656096,12.911664
2002-06-10,3.078252,Training,0.212443,0.669460,0.962061,1.639025,2.203588,2.688353,3.201210,4.237879,5.836277,7.085563,10.637642
2002-06-11,2.972105,Training,0.094751,0.506947,0.756134,1.344897,1.789408,2.226356,2.681171,3.627018,5.025249,6.051392,9.125850
2002-06-12,2.972105,Training,0.095474,0.532253,0.785053,1.425713,1.895516,2.338855,2.810093,3.773309,5.175023,6.188770,9.201937
2002-06-13,2.972105,Training,0.037810,0.474661,0.698001,1.323385,1.764854,2.178523,2.634984,3.565331,4.909276,5.877108,8.783887
2002-06-14,2.706739,Training,0.089299,0.471561,0.696433,1.247906,1.671218,2.064924,2.487206,3.366235,4.596041,5.478045,8.213696
2002-06-15,2.759812,Training,0.044808,0.381847,0.579566,1.043710,1.401542,1.753794,2.129015,2.921714,4.001797,4.755495,7.207865
2002-06-16,2.653665,Training,-0.001432,0.324863,0.513041,0.952478,1.281993,1.620245,1.977086,2.740149,3.772396,4.470444,6.793494
2002-06-17,2.600592,Training,-0.005320,0.301659,0.479463,0.886732,1.199758,1.519552,1.858735,2.586285,3.559942,4.214565,6.438586
2002-06-18,2.388299,Training,0.019656,0.318962,0.494386,0.896567,1.220357,1.534514,1.871944,2.593216,3.553508,4.206953,6.428839
2002-06-19,2.335226,Training,0.045384,0.343118,0.522098,0.931868,1.272745,1.588840,1.930125,2.658200,3.622914,4.281055,6.510077
2002-06-20,2.388299,Training,0.047504,0.350944,0.533081,0.957419,1.308399,1.629349,1.975575,2.714376,3.693336,4.352596,6.584321
2002-06-21,2.388299,Training,0.030752,0.347516,0.533447,0.981663,1.339870,1.669719,2.023538,2.780200,3.789574,4.454294,6.700553
2002-06-22,2.547519,Training,0.061287,0.422869,0.631822,1.172203,1.594803,1.957820,2.354372,3.186777,4.327850,5.083097,7.528043
2002-06-23,2.388299,Training,0.069459,0.397091,0.592159,1.071598,1.466600,1.804305,2.171512,2.953770,4.003295,4.704093,7.024014
2002-06-24,2.282152,Training,0.042520,0.377511,0.571812,1.065169,1.457817,1.799026,2.171993,2.966491,4.049165,4.762259,7.100979
2002-06-25,2.229079,Training,-0.072862,0.245373,0.403724,0.832413,1.148594,1.454139,1.782267,2.507376,3.483275,4.105402,6.263425
2002-06-26,2.547519,Training,-0.069021,0.236346,0.376030,0.770502,1.072664,1.353619,1.665516,2.343613,3.271631,3.903573,6.115638
2002-06-27,2.972105,Training,-0.034429,0.189909,0.330395,0.592622,0.838497,1.080121,1.325081,1.880454,2.603976,3.090692,4.997920
2002-06-28,2.176006,Training,-0.042278,0.164715,0.294483,0.524248,0.747730,0.969516,1.196421,1.709164,2.369927,2.820286,4.624107
2002-06-29,1.220686,Training,-0.035604,0.162048,0.288717,0.508341,0.729294,0.945602,1.165638,1.667662,2.318082,2.767797,4.573355
2002-06-30,1.273759,Training,0.005392,0.194825,0.320719,0.541317,0.777564,0.992934,1.220261,1.729733,2.384520,2.840620,4.651752
2002-07-01,1.379906,Training,-0.005183,0.186376,0.307322,0.521595,0.746658,0.956562,1.182272,1.683845,2.321671,2.763255,4.530848
2002-07-02,1.326833,Training,0.003043,0.190260,0.308987,0.521379,0.749917,0.956688,1.181081,1.676981,2.302250,2.730534,4.473335
2002-07-03,1.379906,Training,-0.000374,0.185936,0.303666,0.514049,0.739527,0.945077,1.168218,1.661893,2.280902,2.700985,4.424130
2002-07-04,1.379906,Training,-0.003437,0.183103,0.300237,0.511033,0.735498,0.941152,1.164247,1.658337,2.276826,2.693075,4.408912
2002-07-05,1.273759,Training,0.000527,0.187727,0.305559,0.518036,0.744780,0.951462,1.176428,1.672970,2.294296,2.711248,4.428833
2002-07-06,1.432979,Training,-0.000144,0.189489,0.307627,0.521766,0.748730,0.956187,1.182774,1.680774,2.303618,2.719941,4.436306
2002-07-07,1.273759,Training,0.000789,0.191517,0.310892,0.527700,0.756716,0.966061,1.194375,1.696036,2.323789,2.740663,4.460777
2002-07-08,1.326833,Training,0.000902,0.194683,0.310214,0.529380,0.760903,0.968222,1.197463,1.698719,2.328647,2.750665,4.487844
2002-07-09,1.432979,Training,-0.028271,0.183103,0.285234,0.514961,0.743869,0.944029,1.173130,1.670725,2.300476,2.738117,4.518490
2002-07-10,1.592199,Training,-0.015369,0.196682,0.307120,0.541861,0.780831,0.990047,1.223629,1.736323,2.398694,2.865200,4.723135
2002-07-11,1.220686,Validation,-0.005703,0.195599,0.324304,0.554677,0.792914,1.016363,1.251093,1.776076,2.458651,2.923480,4.774622
2002-07-12,1.273759,Validation,-0.041301,0.170197,0.296454,0.531184,0.759003,0.983606,1.216158,1.739818,2.429972,2.893079,4.746993
2002-07-13,1.326833,Validation,-0.034589,0.176925,0.307087,0.545932,0.777194,1.007251,1.244718,1.782277,2.498612,2.981674,4.871477
2002-07-14,1.326833,Validation,-0.081742,0.135919,0.257640,0.489356,0.697315,0.918604,1.144545,1.664701,2.351363,2.799696,4.594978
2002-07-15,1.167613,Validation,-0.084936,0.111398,0.223026,0.418144,0.611901,0.808898,1.011141,1.475982,2.058506,2.435265,4.084435
2002-07-16,1.008393,Validation,-0.095025,0.100666,0.212127,0.404986,0.596099,0.791985,0.990973,1.457117,2.033459,2.405357,4.045415
2002-07-17,0.796100,Validation,-0.107998,0.083910,0.198742,0.388140,0.578378,0.774139,0.969387,1.445995,2.015188,2.383659,4.018659
2002-07-18,0.689953,Validation,-0.097052,0.105457,0.221330,0.422611,0.618709,0.821517,1.027183,1.506086,2.107191,2.490377,4.170316
2002-07-19,0.583806,Validation,-0.053327,0.139166,0.253117,0.449403,0.654830,0.854267,1.065494,1.537682,2.139951,2.534106,4.234704
2002-07-20,0.636880,Validation,-0.034555,0.150276,0.262248,0.453731,0.662977,0.858306,1.070278,1.539341,2.129128,2.512759,4.183351
2002-07-21,0.689953,Validation,-0.019833,0.157248,0.266490,0.452131,0.663709,0.854505,1.064880,1.528352,2.107835,2.485752,4.141367
2002-07-22,0.796100,Validation,-0.046304,0.142704,0.241840,0.430729,0.636679,0.821482,1.029106,1.483336,2.056690,2.430830,4.088132
2002-07-23,0.636880,Validation,-0.041791,0.136813,0.243382,0.424182,0.627232,0.814778,1.018827,1.472162,2.042995,2.410313,4.047782
2002-07-24,0.689953,Validation,-0.062742,0.118342,0.222418,0.400393,0.595599,0.780666,0.979662,1.425022,1.986489,2.341799,3.952860
2002-07-25,0.743026,Validation,-0.077188,0.105847,0.209548,0.387201,0.579264,0.764195,0.960073,1.403497,1.964974,2.316301,3.923610
2002-07-26,0.636880,Validation,-0.058889,0.120247,0.224542,0.402567,0.600435,0.785781,0.985401,1.432413,2.001975,2.363606,3.994938
2002-07-27,0.849173,Validation,-0.038812,0.134619,0.237348,0.413398,0.616008,0.799892,1.002188,1.453415,2.032037,2.411042,4.075200
2002-07-28,0.955320,Validation,-0.046723,0.116719,0.211656,0.367403,0.557148,0.726935,0.914476,1.333196,1.862511,2.210186,3.797418
2002-07-29,0.955320,Validation,-0.023836,0.121652,0.210433,0.347602,0.536173,0.693826,0.870699,1.265774,1.760699,2.097209,3.653100
2002-07-30,0.955320,Validation,-0.029685,0.112179,0.195730,0.323939,0.504868,0.655765,0.825800,1.206857,1.683373,2.012263,3.543687
2002-07-31,1.008393,Validation,-0.020870,0.116214,0.199132,0.324542,0.507735,0.657352,0.826764,1.206499,1.682295,2.013403,3.551488
2002-08-01,0.902246,Validation,-0.014129,0.118539,0.200481,0.323424,0.508518,0.656936,0.825295,1.204015,1.679672,2.013356,3.558604
2002-08-02,0.796100,Validation,-0.018029,0.114724,0.195878,0.317713,0.501345,0.649129,0.816557,1.193381,1.667364,1.998629,3.540406
2002-08-03,0.902246,Validation,-0.035794,0.101293,0.181070,0.302494,0.480662,0.627643,0.792808,1.165479,1.635095,1.958534,3.484296
2002-08-04,0.902246,Validation,-0.033983,0.101834,0.181893,0.302390,0.481578,0.628454,0.793783,1.166334,1.636693,1.960763,3.490031
2002-08-05,0.902246,Validation,-0.021799,0.109124,0.187604,0.303629,0.484470,0.628363,0.792842,1.161131,1.626528,1.953385,3.487763
2002-08-06,0.902246,Validation,-0.028336,0.103017,0.178566,0.290346,0.466267,0.606501,0.767902,1.127603,1.582763,1.903868,3.423131
2002-08-07,0.902246,Validation,-0.043782,0.091243,0.165459,0.276405,0.447729,0.586921,0.746163,1.101323,1.552624,1.867170,3.373343
2002-08-08,1.008393,Validation,-0.042755,0.090891,0.164566,0.273953,0.445684,0.583946,0.742852,1.096630,1.547510,1.863164,3.373572
2002-08-09,0.955320,Validation,-0.022574,0.103231,0.171878,0.274794,0.449186,0.581614,0.738707,1.086115,1.529864,1.855724,3.384893
2002-08-10,1.061466,Validation,-0.029238,0.108017,0.164386,0.275277,0.456541,0.582271,0.740364,1.085506,1.529266,1.870707,3.449565
2002-08-11,1.379906,Validation,-0.032785,0.091350,0.158968,0.255492,0.425349,0.554757,0.705486,1.043566,1.479742,1.804625,3.334749
2002-08-12,1.167613,Validation,-0.060112,0.070506,0.136574,0.232507,0.394794,0.522889,0.670083,1.000983,1.430418,1.744252,3.247439
2002-08-13,0.955320,Validation,-0.086056,0.051500,0.117887,0.214867,0.373130,0.501378,0.645035,0.973670,1.404080,1.714093,3.218818
2002-08-14,0.902246,Validation,-0.064053,0.066697,0.132025,0.226208,0.388993,0.515740,0.662664,0.991295,1.422919,1.739094,3.256580
2002-08-15,0.902246,Validation,-0.045012,0.077930,0.140686,0.230268,0.396230,0.519707,0.666768,0.992888,1.419792,1.740472,3.264435
2002-08-16,1.061466,Validation,-0.057537,0.067896,0.128858,0.217180,0.379379,0.501544,0.646788,0.968412,1.390260,1.702530,3.207592
2002-08-17,1.061466,Validation,-0.048442,0.071193,0.130046,0.213545,0.375978,0.494918,0.638558,0.955406,1.370905,1.684306,3.187159
2002-08-18,1.008393,Validation,-0.053748,0.073123,0.125611,0.213128,0.378851,0.495055,0.640246,0.956232,1.375382,1.695973,3.226827
2002-08-19,0.955320,Validation,-0.043176,0.072469,0.129273,0.209038,0.373051,0.489361,0.631993,0.945321,1.359339,1.677220,3.193148
2002-08-20,0.902246,Validation,-0.045605,0.067380,0.120926,0.195748,0.356183,0.468405,0.607200,0.911775,1.315176,1.629604,3.130778
2002-08-21,0.796100,Validation,-0.052144,0.060657,0.110043,0.181058,0.337824,0.445823,0.580408,0.876040,1.270413,1.582839,3.075507
2002-08-22,0.796100,Validation,-0.033092,0.072389,0.120411,0.188598,0.350085,0.456286,0.592034,0.887908,1.282510,1.602078,3.111007
2002-08-23,0.902246,Validation,-0.031722,0.071369,0.118326,0.184290,0.345481,0.450319,0.585157,0.878560,1.270358,1.589177,3.095541
2002-08-24,0.955320,Validation,-0.044211,0.061053,0.103919,0.167079,0.323204,0.424341,0.555077,0.839566,1.221466,1.534776,3.024098
2002-08-25,1.061466,Validation,-0.056325,0.064904,0.093428,0.167366,0.331215,0.425997,0.559182,0.843043,1.229419,1.563673,3.119023
2002-08-26,1.114539,Validation,-0.025825,0.072711,0.115334,0.176565,0.339976,0.440480,0.572019,0.859022,1.250610,1.584151,3.128103
2002-08-27,0.902246,Validation,-0.043179,0.059054,0.103548,0.167398,0.329046,0.432163,0.565020,0.854795,1.253460,1.584977,3.126684
2002-08-28,1.008393,Validation,-0.087937,0.027275,0.069170,0.136658,0.290400,0.393573,0.521033,0.806133,1.211462,1.545465,3.098196
2002-08-29,0.955320,Validation,-0.083364,0.027513,0.064299,0.119133,0.266233,0.358414,0.477223,0.739649,1.100788,1.407565,2.882665
2002-08-30,0.796100,Validation,-0.061508,0.040347,0.073779,0.123491,0.272185,0.360562,0.478984,0.736922,1.091469,1.403015,2.878685
2002-08-31,0.902246,Validation,-0.041412,0.052093,0.084153,0.130535,0.282845,0.369328,0.488822,0.746888,1.099687,1.416501,2.900073
2002-09-01,0.902246,Validation,-0.067695,0.033939,0.064243,0.111657,0.258968,0.344866,0.461617,0.714679,1.063460,1.369540,2.831746
2002-09-02,1.008393,Validation,-0.047241,0.046172,0.076025,0.120667,0.271879,0.356552,0.475382,0.729580,1.079832,1.393133,2.869087
2002-09-03,1.114539,Validation,-0.019639,0.064112,0.091665,0.133555,0.291366,0.373710,0.494077,0.749505,1.100795,1.425164,2.926092
2002-09-04,1.008393,Validation,-0.018016,0.066149,0.091799,0.134789,0.295248,0.377314,0.499001,0.755707,1.111093,1.439431,2.955034
2002-09-05,1.008393,Validation,-0.004840,0.071255,0.095771,0.135057,0.296406,0.376783,0.497170,0.750875,1.104692,1.438559,2.959363
2002-09-06,0.955320,Validation,-0.003565,0.070845,0.098556,0.136474,0.298621,0.379836,0.500962,0.756115,1.108808,1.437060,2.947243
2002-09-07,1.220686,Validation,-0.021147,0.069277,0.087308,0.134627,0.302368,0.380679,0.504536,0.761975,1.121455,1.462355,3.020344
2002-09-08,1.592199,Validation,0.163207,0.461273,0.607997,0.848627,1.256837,1.284105,1.546195,1.972798,2.851301,4.291877,9.500803
2002-09-09,1.592199,Validation,-0.026087,0.348042,0.499832,0.648227,1.022699,1.210905,1.487766,2.029782,3.348631,4.514125,9.991570
2002-09-10,1.379906,Validation,0.011358,0.290298,0.445407,0.551330,0.853195,1.026945,1.258511,1.748540,2.768784,3.760261,7.802197
2002-09-11,1.432979,Validation,-0.069876,0.105071,0.210365,0.297389,0.518996,0.664043,0.836414,1.209629,1.933637,2.631461,5.322564
2002-09-12,1.645273,Validation,-0.098197,0.056003,0.118935,0.207786,0.406664,0.529885,0.687660,1.026974,1.638650,2.222033,4.496159
2002-09-13,1.751419,Validation,-0.063911,0.055169,0.108355,0.168247,0.348455,0.451999,0.597303,0.896215,1.369167,1.811229,3.687388
2002-09-14,2.282152,Validation,0.036555,0.220072,0.341259,0.451284,0.796642,0.851824,1.077598,1.501108,2.157742,3.194000,6.817881
2002-09-15,2.812885,Validation,-0.060301,0.482530,0.713790,0.898226,1.578398,1.765112,2.157858,3.215137,5.161028,6.963377,17.245617
2002-09-16,2.865959,Validation,0.083391,0.836435,1.196367,1.456399,2.487270,2.832588,3.456354,5.335799,8.879146,11.397984,27.053555
2002-09-17,7.111823,Validation,0.254950,1.273668,1.821333,2.244694,3.829634,4.343813,5.225636,8.253834,14.016167,17.830307,41.406116
2002-09-18,19.106391,Validation,0.168988,1.126572,1.458289,2.046422,3.011309,3.478499,4.374835,6.371443,11.371113,14.966240,30.745647
2002-09-19,10.720808,Validation,0.077617,0.859544,1.276519,1.703626,2.712517,3.066890,3.898453,5.935741,10.774917,14.822683,31.370960
2002-09-20,7.854850,Validation,0.090527,0.935158,1.298318,1.904626,2.870138,3.246137,4.139066,6.167466,11.546729,16.148102,32.445679
2002-09-21,11.198468,Validation,0.340963,1.715964,2.490305,3.626444,6.162855,6.851562,8.456600,13.721622,25.566652,34.664261,73.877380
2002-09-22,14.223647,Validation,0.357092,1.744707,2.865574,4.834343,8.080331,9.103835,11.828250,18.937286,35.974888,47.396126,83.685341
2002-09-23,13.374474,Validation,0.617628,2.081624,2.920583,5.057548,7.374712,8.117426,10.578983,14.974538,26.592531,35.029652,58.689419
2002-09-24,8.438656,Validation,0.480800,1.381506,2.014077,3.233414,4.428299,4.992408,6.333078,8.742443,15.681688,21.486635,34.662640
2002-09-25,9.553195,Validation,0.173534,1.304137,2.530079,4.440890,7.853116,8.639571,11.118651,17.951290,34.257889,49.244812,82.685196
2002-09-26,11.145395,Validation,0.690804,2.014792,3.126512,5.631619,7.953341,8.988540,11.539209,15.964280,27.651814,36.455032,55.657406
2002-09-27,7.854850,Validation,0.256033,1.097853,1.634378,2.877821,4.093495,4.631626,6.030074,8.311976,14.845424,20.431322,32.820011
2002-09-28,5.944211,Validation,0.218277,0.804306,1.272320,2.123238,2.934977,3.438447,4.394966,5.977985,10.493175,14.392872,22.294785
2002-09-29,4.776598,Validation,0.073501,0.512814,0.772821,1.338787,1.890105,2.243056,2.911916,3.981521,6.867837,9.457603,15.174726
2002-09-30,5.784991,Validation,-0.203877,0.453757,1.250658,2.353938,4.424723,4.879989,6.666779,10.786913,20.992254,32.694584,56.066620
2002-10-01,17.354972,Validation,0.298393,1.842866,3.700810,7.245196,12.978749,14.728356,18.864401,30.455046,52.426029,68.931412,104.632050
2002-10-02,9.234756,Validation,1.107297,3.007972,4.502266,8.369633,11.861248,13.688158,17.271889,23.386906,37.168728,45.895317,69.979454
2002-10-03,8.226363,Validation,0.418145,1.332352,2.188529,3.914387,5.508296,6.427407,8.228086,11.262715,19.373693,25.638744,38.726318
2002-10-04,6.050357,Validation,0.203091,0.831046,1.414484,2.450750,3.417789,4.052130,5.187129,7.065467,12.434225,16.982176,25.537815
2002-10-05,5.095038,Validation,0.016976,0.499630,0.790839,1.464775,2.119416,2.497809,3.286784,4.508147,7.964608,11.178560,17.741295
2002-10-06,4.988891,Validation,0.028315,0.374774,0.566196,0.988149,1.435477,1.743362,2.296118,3.179822,5.361179,7.246358,11.978254
2002-10-07,4.776598,Validation,0.034160,0.309153,0.443448,0.776242,1.160417,1.427509,1.884863,2.631162,4.279316,5.672372,9.585403
2002-10-08,6.209577,Validation,-0.087164,0.290727,0.589976,1.036997,1.868464,2.146204,2.917331,4.503118,8.236508,12.052773,22.991837
2002-10-09,7.111823,Validation,0.003064,0.777911,1.167630,2.306435,3.906173,4.672311,6.080546,9.156669,17.366932,23.264078,42.428741
2002-10-10,12.896814,Validation,0.223287,0.905959,1.111894,1.824954,2.735308,3.218967,4.153503,5.776871,10.146029,13.504189,24.691906
2002-10-11,12.949887,Validation,0.106785,0.559622,0.720463,1.125512,1.702313,2.014758,2.576238,3.628095,6.230159,8.464773,15.945667
2002-10-12,8.120216,Validation,-0.005512,0.375881,0.515929,0.801210,1.234950,1.479805,1.919508,2.760845,4.755369,6.604486,12.641263
2002-10-13,7.005677,Validation,0.014949,0.371359,0.520066,0.849697,1.285907,1.544535,2.019944,2.873486,4.916593,6.808353,12.386832
2002-10-14,6.156504,Validation,-0.021685,0.282180,0.388158,0.671670,1.065867,1.297761,1.702767,2.465673,4.135801,5.698035,10.604046
2002-10-15,5.997284,Validation,-0.187630,0.466765,0.893426,1.602207,2.952180,3.643716,4.662997,7.699875,14.840219,20.559093,40.903065
2002-10-16,9.977782,Test,0.077459,1.032216,1.511080,2.850872,4.588170,5.425856,7.153053,10.617646,19.353947,24.635195,44.398293
2002-10-17,14.701306,Test,0.376647,1.269592,1.660082,2.885683,4.322339,4.989618,6.483835,8.847535,14.980043,19.526287,32.484169
2002-10-18,11.888421,Test,0.420854,0.999974,1.382480,2.239246,3.211694,3.780832,4.827401,6.361076,10.318248,13.640684,21.205391
2002-10-19,8.969389,Test,0.066863,0.412444,0.692079,1.144782,1.653176,2.047318,2.660951,3.723357,6.217767,8.270597,13.398849
2002-10-20,12.419154,Test,-0.204675,0.234866,0.678345,1.310728,2.340350,2.868032,3.881914,6.197743,11.390738,15.908290,27.581614
2002-10-21,24.095282,Test,0.071866,0.922024,1.594006,3.251163,5.247425,6.245982,8.141628,11.946428,20.478001,25.495371,41.998631
2002-10-22,22.184643,Test,0.285087,1.216280,1.753067,3.387176,5.074790,5.884004,7.596008,10.399779,16.845640,21.079836,33.788052
2002-10-23,18.204145,Test,0.385683,1.118355,1.619887,2.986669,4.355769,5.039989,6.352561,8.382135,13.110040,16.736166,25.382826
2002-10-24,13.480620,Test,0.307373,0.912173,1.347218,2.468263,3.585513,4.181256,5.270236,6.986064,10.859546,13.884227,20.907457
2002-10-25,10.137002,Test,0.290510,0.858608,1.317128,2.451250,3.476193,4.105291,5.124390,6.769156,10.362916,12.919232,18.574820
2002-10-26,7.907923,Test,0.608582,1.268254,1.866431,3.282068,4.476392,5.216007,6.269262,7.950417,11.524709,13.792363,18.740322
2002-10-27,6.528017,Test,0.567804,1.134014,1.636291,2.863613,3.915100,4.567330,5.451575,6.916052,9.788103,11.608621,15.783206
2002-10-28,5.838064,Test,0.305529,0.766105,1.137407,2.115228,2.930175,3.492628,4.225060,5.528480,7.898162,9.318409,12.797632
2002-10-29,6.793383,Test,0.176492,0.532946,0.797576,1.618048,2.395231,2.829692,3.541866,4.807260,7.019111,8.742313,12.716901
2002-10-30,14.064427,Test,0.163695,0.548992,0.806018,1.639634,2.458453,2.905504,3.628158,4.928378,7.391255,9.454572,14.395334
2002-10-31,8.704023,Test,0.176217,0.550905,0.830577,1.602257,2.327477,2.826203,3.487970,4.703152,7.034504,8.779867,13.168915
2002-11-01,7.377190,Test,0.128626,0.523260,0.821781,1.641988,2.391147,2.893545,3.571037,4.841811,7.257358,9.022390,13.357431
2002-11-02,6.528017,Test,0.111598,0.502051,0.794423,1.630416,2.434574,2.913197,3.627955,4.967812,7.484226,9.482753,14.301241
2002-11-03,6.262650,Test,0.167520,0.555662,0.837452,1.615197,2.337491,2.833617,3.454856,4.650842,6.808663,8.360889,12.470586
2002-11-04,5.784991,Test,0.250395,0.578792,0.821261,1.482557,2.133791,2.599323,3.142800,4.166918,5.910022,7.222300,10.694258
2002-11-05,5.519624,Test,0.152517,0.429006,0.637996,1.182409,1.732578,2.143606,2.620072,3.569401,5.116356,6.234108,9.493079
2002-11-06,6.474944,Test,0.055569,0.259232,0.409039,0.792890,1.202861,1.530849,1.913412,2.704665,3.928921,4.789330,7.544597
2002-11-07,5.784991,Test,0.274081,0.585385,0.794194,1.445185,2.061159,2.485597,2.993320,3.920016,5.395335,6.487494,9.322495
2002-11-08,5.413477,Test,0.284743,0.583695,0.766466,1.393545,1.952343,2.369861,2.844605,3.704483,4.998593,5.908569,8.464522
2002-11-09,5.307331,Test,0.204691,0.466501,0.630758,1.161415,1.673417,2.042125,2.464717,3.275172,4.468538,5.283421,7.764422
2002-11-10,4.139718,Test,0.161343,0.389130,0.537479,0.989220,1.447054,1.782799,2.164530,2.921633,4.005865,4.717927,7.113442
2002-11-11,4.298938,Test,0.099862,0.284274,0.399578,0.755666,1.150144,1.439395,1.773052,2.451506,3.416456,4.064248,6.373556
2002-11-12,4.723524,Test,0.138438,0.282674,0.374364,0.696407,1.098257,1.373111,1.699542,2.341512,3.278800,4.057194,6.481976
2002-11-13,13.639840,Test,0.296932,0.675016,0.949990,1.642793,2.595139,3.213482,3.995645,5.478864,8.459241,11.077016,18.387690
2002-11-14,20.857810,Test,0.744635,1.887485,2.357390,4.461584,6.550327,8.258932,9.910545,13.374251,20.218441,24.003717,37.826786
2002-11-15,35.930630,Test,1.171454,2.645272,3.151126,5.686844,8.080269,9.670169,11.590897,15.063542,21.956055,26.054958,40.084827
2002-11-16,38.637368,Test,2.066039,3.963103,4.784626,8.162814,11.101774,12.950450,15.082447,18.772449,25.649328,30.478817,44.107456
2002-11-17,38.372002,Test,2.112022,4.161959,4.986553,8.310891,11.341188,12.985639,15.139956,18.744646,25.453535,30.642683,44.398937
2002-11-18,28.712660,Test,1.952956,3.836138,4.801878,7.998560,11.299166,13.187342,15.399089,19.734732,27.186647,32.664631,47.690582
2002-11-19,,,0.681673,1.775180,2.509737,4.364292,6.465310,7.267564,8.826213,11.406311,16.708450,21.002163,31.389963
2002-11-20,38.000489,Test,4.675438,8.228626,9.717509,15.372558,19.440296,21.732824,24.455830,28.844923,37.274120,42.851120,60.938164
2002-11-21,,,0.956827,2.246905,3.161912,5.439309,7.922072,8.831727,10.556192,13.306214,18.978468,23.630478,34.513344
2002-11-22,,,1.416239,3.010501,4.184389,7.037778,9.932768,11.009584,12.869827,15.778310,21.786726,26.676229,38.329151
2002-11-23,,,,,,,,,,,,,
2002-11-24,,,,,,,,,,,,,
2002-11-25,85.819539,Test,11.011941,15.533557,18.631563,25.135399,28.293875,30.671457,31.864077,35.393436,42.353230,47.043816,64.962334
2002-11-26,33.648477,Test,8.905672,12.174939,14.793159,19.745346,22.563519,24.264400,25.517611,28.217155,33.642986,38.392029,52.387180
2002-11-27,25.899774,Test,6.723260,9.209056,11.534809,16.013714,19.040636,20.234983,21.824055,24.705828,30.489532,34.940056,48.700207
2002-11-28,23.458402,Test,7.187272,9.562234,11.668178,15.573043,18.074575,19.262529,20.513906,22.692606,27.293581,31.269775,42.664074
2002-11-29,20.167857,Test,7.094187,9.254610,11.195147,14.796361,17.150930,18.143423,19.338335,21.341703,25.584877,29.253105,39.760471
2002-11-30,18.469511,Test,7.004061,8.912395,10.918030,14.114532,16.319864,17.320625,18.408583,20.325310,24.333448,27.602976,37.289738
2002-12-01,18.257218,Test,5.840545,7.635190,9.333545,12.537382,14.805337,15.584699,16.750273,18.714701,22.637886,26.005020,35.466850
2002-12-02,20.857810,Test,5.734494,7.393611,9.189513,12.130721,14.080083,15.080090,16.066177,17.930647,21.452490,24.249807,32.476849
2002-12-03,18.044925,Test,4.991094,6.502643,8.083699,10.835482,12.626776,13.518567,14.439888,16.175524,19.215811,21.421722,28.441126
2002-12-04,16.134286,Test,4.317928,5.665116,7.169186,9.711979,11.598708,12.379106,13.275013,15.045429,18.150934,20.332855,27.196957
2002-12-05,14.754380,Test,3.996727,5.304815,6.677871,9.164611,10.733130,11.586298,12.432112,14.078926,16.750124,18.299313,24.104631
2002-12-06,14.329793,Test,3.873877,5.049520,6.386503,8.748250,10.213223,11.062482,11.822567,13.337389,15.923497,16.972361,22.647112
2002-12-07,13.639840,Test,,,,,,,,,,,
2002-12-08,13.162180,Test,3.150092,4.126788,5.324932,7.445902,8.859315,9.692719,10.361711,11.810710,14.269970,15.094698,20.324018
2002-12-11,39.858055,Test,,,,,,,,,,,
2002-12-12,26.324361,Test,,,,,,,,,,,
2002-12-13,21.760056,Test,3.968316,7.034246,9.276919,14.431140,19.133921,21.773916,24.672602,29.353367,37.857834,44.082844,63.433502
2002-12-14,35.718336,Test,6.674604,11.195161,13.820181,20.566816,25.601818,28.091997,30.784615,35.143742,43.888374,50.062428,70.168831
2002-12-15,26.589727,Test,7.214156,10.801473,13.621166,19.260757,22.691481,25.246340,26.842442,30.499990,37.446205,42.055260,57.644550
2002-12-16,22.131570,Test,4.478117,6.978853,8.875793,13.286676,16.506145,18.124800,19.842152,22.957443,28.828417,34.085949,47.085976
2002-12-17,,,2.153625,4.172973,5.768300,9.468572,12.878412,14.199308,16.233744,19.485197,26.182549,31.536453,44.933968
2002-12-18,,,1.879964,3.748820,5.180521,8.560812,11.778186,13.014214,14.956579,18.063475,24.437191,29.541546,42.163506
2002-12-19,,,,,,,,,,,,,
2002-12-20,42.193280,Test,3.662564,5.415803,7.131887,10.511913,12.930553,14.437815,15.815655,18.388817,23.122925,27.084648,36.882584
2002-12-21,23.829915,Test,3.862586,5.430228,7.114919,10.224852,12.398956,13.731330,14.886016,17.164017,21.191643,24.465422,32.986214
2002-12-22,21.282397,Test,3.914836,5.351658,6.941601,9.813874,11.773639,12.944302,13.956328,16.008980,19.444613,22.156031,29.605915
2002-12-23,20.327077,Test,2.817731,3.972911,5.299454,8.058931,10.243702,11.129548,12.492394,14.685594,18.630495,22.112822,30.408028
2002-12-24,24.360648,Test,2.302957,3.983291,5.586018,9.029151,12.244074,13.758352,16.125341,19.438015,26.355541,31.395418,47.088734
2002-12-25,21.813130,Test,2.417566,4.360739,5.818593,9.540111,12.560874,14.054959,15.975312,19.205446,25.901052,30.339535,44.329456
2002-12-26,,,2.817378,5.173056,6.995862,11.136953,14.747920,16.149296,18.216639,21.505266,28.261322,33.780624,48.236095
2002-12-27,,,3.339061,5.942038,7.987531,12.513744,16.323475,17.806902,19.943035,23.363123,30.393366,36.159767,51.597248
2002-12-28,,,,,,,,,,,,,
2002-12-29,33.860771,Test,2.685983,3.951399,5.069863,7.458070,9.013843,10.144490,11.138254,12.888599,15.931322,18.157755,24.344336
2002-12-30,28.712660,Test,2.192369,3.370603,4.370131,6.694168,8.644156,9.681884,11.004517,12.907419,16.453384,20.237164,28.233948
2002-12-31,23.670695,Test,2.579242,4.387679,5.481847,8.600237,11.030460,12.430726,14.031622,16.463318,21.256878,25.726645,37.245136
2003-01-01,23.776842,Training,1.892003,3.396616,4.422161,7.137073,9.514502,10.641175,12.180181,14.753091,19.484093,23.228750,34.226368
2003-01-02,26.377434,Training,2.133960,3.837522,5.112692,8.126866,10.964030,12.295189,14.276332,17.214699,22.834816,27.120955,39.964386
2003-01-03,35.134530,Training,3.108983,5.367846,6.659712,10.304646,13.253084,14.681623,16.512014,19.290791,24.648430,29.308081,42.067760
2003-01-05,,,,,,,,,,,,,
2003-01-06,46.014558,Training,,,,,,,,,,,
2003-01-07,,,2.377831,4.524877,5.967050,9.400366,12.481537,13.640486,15.522285,18.233551,23.867563,28.655954,40.909573
2003-01-08,,,2.517205,4.736210,6.266393,9.855569,13.042638,14.241646,16.175062,18.969236,24.805471,29.742788,42.443302
2003-01-09,,,,,,,,,,,,,
2003-01-10,,,,,,,,,,,,,
2003-01-11,43.254746,Training,6.690837,8.815843,10.623699,14.440701,16.881304,18.526224,19.697594,21.930038,26.481956,29.801403,49.379440
2003-01-12,34.073064,Training,6.074307,7.742356,9.399428,12.594240,14.631623,15.986216,16.966604,18.826078,22.396399,24.907722,40.155960
2003-01-14,23.989135,Training,,,,,,,,,,,
2003-01-15,20.486297,Training,,,,,,,,,,,
2003-01-16,19.000244,Training,4.260720,5.322633,6.668206,9.041534,10.608602,11.559618,12.289202,13.827956,16.355997,17.464424,25.927702
2003-01-17,17.779558,Training,4.015063,5.151639,6.616374,8.932940,10.590657,11.461125,12.159459,13.750265,16.321850,17.494768,23.884359
2003-01-18,,,2.048203,3.998821,5.544191,9.129170,12.532248,13.817465,15.908945,19.160543,25.898165,31.632177,45.413479
2003-01-19,,,1.743384,3.522967,4.904092,8.154837,11.352861,12.546529,14.545794,17.670589,24.133661,29.611113,42.556580
2003-01-22,,,,,,,,,,,,,
2003-01-23,44.369286,Training,,,,,,,,,,,
2003-01-24,36.461363,Training,2.007783,2.790215,3.740181,5.585831,6.940750,7.783370,8.351783,9.930875,12.352221,13.096992,17.897396
2003-01-27,24.413722,Training,,,,,,,,,,,
2003-01-28,22.343863,Training,,,,,,,,,,,
2003-01-29,19.743271,Training,0.273143,0.504725,0.714202,1.247316,1.775928,2.178058,2.535279,3.363561,4.475531,5.133823,7.503830
2003-01-30,17.461118,Training,0.289772,0.527744,0.737916,1.283819,1.831477,2.245352,2.599801,3.426437,4.561648,5.234805,7.730132
2003-01-31,16.771165,Training,0.293186,0.510775,0.735372,1.268439,1.823406,2.262863,2.592250,3.404773,4.549953,5.222062,7.921282
2003-02-01,14.648233,Training,0.283933,0.481232,0.697645,1.237872,1.765138,2.229198,2.550820,3.351523,4.490216,5.113477,8.179235
2003-02-02,13.799060,Training,0.298043,0.553674,0.775584,1.348300,1.910644,2.327848,2.694022,3.543009,4.709009,5.397009,7.848327
2003-02-03,13.480620,Training,0.308281,0.576591,0.801340,1.395183,1.973369,2.382613,2.767141,3.635777,4.811207,5.553188,7.971601
2003-02-04,14.489013,Training,0.336666,0.616239,0.853353,1.469542,2.098136,2.501363,2.906415,3.801757,5.005337,5.890895,8.411809
2003-02-08,12.525301,Training,,,,,,,,,,,
2003-02-09,12.153788,Training,,,,,,,,,,,
2003-02-10,11.676128,Training,0.463765,0.834671,1.158922,1.966879,2.743857,3.251168,3.725489,4.768001,6.337378,7.468883,10.576440
2003-02-11,11.410761,Training,0.465252,0.829988,1.144500,1.940074,2.729514,3.211837,3.691341,4.728876,6.252100,7.441947,10.504158
2003-02-12,11.145395,Training,0.482249,0.852361,1.174156,1.979235,2.752897,3.248559,3.721677,4.751062,6.270243,7.386148,10.375607
2003-02-13,10.880028,Training,0.491757,0.851678,1.172443,1.965286,2.717051,3.233016,3.675596,4.669565,6.183640,7.135423,10.154621
2003-02-14,10.880028,Training,0.513132,0.888329,1.201793,2.007666,2.757992,3.252844,3.703541,4.686698,6.164010,7.095393,10.012370
2003-02-15,10.083929,Training,0.510333,0.837254,1.167369,1.935516,2.687325,3.219073,3.615235,4.564669,6.038952,6.902047,10.118902
2003-02-16,9.712415,Training,0.465544,0.770127,1.082383,1.826182,2.548052,3.079281,3.462442,4.402950,5.849232,6.666142,9.939326
2003-02-17,9.818562,Training,0.487005,0.850865,1.157674,1.969309,2.759408,3.270981,3.703264,4.699302,6.234108,7.166937,10.291112
2003-02-18,17.036532,Training,0.572776,1.154361,1.767834,2.911171,4.451126,5.246118,6.349588,8.067976,11.685545,15.198693,23.165100
2003-02-19,,,0.819646,1.929372,2.639860,4.379637,6.405854,7.236804,8.624393,11.087630,15.828663,19.750889,29.675850
2003-02-20,,,0.848594,1.989790,2.742201,4.566146,6.677169,7.529179,8.962118,11.474226,16.350494,20.382423,30.445848
2003-02-21,28.712660,Training,7.357296,12.371862,15.222880,23.176140,28.864012,32.153912,35.098732,40.460457,50.385281,55.740250,79.965965
2003-02-22,,,1.689860,3.419550,4.806778,7.980774,11.181828,12.374169,14.364453,17.512344,24.038013,29.486622,42.297840
2003-02-23,36.355216,Training,7.874543,12.616331,15.542137,23.102657,27.995073,30.658373,32.637112,37.546642,45.125843,51.372940,71.059181
2003-02-24,32.374718,Training,7.359149,11.698883,14.627598,21.985712,26.789522,29.484297,32.135311,36.985966,45.180065,52.035755,72.608238
2003-02-25,,,3.115135,5.619116,7.807273,12.573452,16.648514,18.337509,20.701260,24.587410,32.455303,38.964249,55.755814
2003-02-26,,,2.580611,4.824575,6.666863,10.853236,14.582657,16.054102,18.228405,21.748497,28.948656,34.882397,49.894325
2003-02-27,,,,,,,,,,,,,
2003-02-28,37.682049,Training,11.992667,17.392872,20.990408,29.286062,33.732651,36.338730,37.648930,42.414410,49.386772,55.366436,76.564621
2003-03-01,,,4.401882,7.464904,10.102330,15.640104,20.029663,21.920015,24.273808,28.342829,36.521423,43.257652,61.983860
2003-03-02,35.134530,Training,7.160571,9.592454,12.115187,16.413492,19.066607,20.645706,21.821724,24.445084,28.617308,32.804230,44.726662
2003-03-03,29.933346,Training,5.113216,6.832068,8.772985,12.069848,14.341965,15.515989,16.578175,18.777498,22.187880,25.172667,34.106239
2003-03-04,25.899774,Training,4.577061,6.089871,7.715497,10.637284,12.514699,13.581604,14.537744,16.398895,19.109941,21.385216,28.556812
2003-03-05,22.874596,Training,4.025282,5.512526,6.832918,9.666090,11.256516,12.257093,13.192237,14.907739,17.373474,19.095264,25.636189
2003-03-06,16.718092,Training,3.904761,5.241389,6.563105,9.154596,10.614489,11.593493,12.426741,14.029448,16.456207,17.662197,23.779228
2003-03-07,15.338186,Training,3.731703,4.996208,6.285954,8.750473,10.214332,11.071342,11.913671,13.511319,15.837202,17.048162,22.746170
2003-03-08,14.435940,Training,3.353320,4.500748,5.758205,8.029405,9.545047,10.286017,11.119355,12.713247,14.980032,16.336142,21.662134
2003-03-09,13.586767,Training,,,,,,,,,,,
2003-03-10,12.790667,Training,,,,,,,,,,,
2003-03-11,11.463835,Training,1.639882,2.367655,3.238396,4.930763,6.293479,6.914958,7.580220,9.103016,11.356468,12.495326,16.574102
2003-03-12,11.569981,Training,,,,,,,,,,,
2003-03-13,11.092321,Training,0.954927,1.532865,2.133140,3.440826,4.544344,5.047771,5.628922,6.947052,8.937506,9.861858,13.052000
2003-03-14,10.667735,Training,1.114842,1.744068,2.352988,3.707948,4.838642,5.392931,5.979968,7.220674,9.119861,10.205030,13.524379
2003-03-16,9.712415,Training,,,,,,,,,,,
2003-03-17,9.765489,Training,,,,,,,,,,,
2003-03-18,9.977782,Training,0.474374,0.840693,1.138354,1.868996,2.575385,3.026249,3.446435,4.362123,5.671265,6.733394,9.618381
2003-03-19,9.606269,Training,,,,,,,,,,,
2003-03-20,9.393976,Training,0.502611,0.878686,1.202536,1.966377,2.706972,3.170539,3.606817,4.559533,5.933712,7.068862,10.075742
2003-03-21,9.022462,Training,0.494478,0.859077,1.166982,1.903660,2.622579,3.064042,3.494725,4.421228,5.733221,6.798934,9.658834
2003-03-22,8.916316,Training,0.510759,0.889533,1.194165,1.956473,2.707172,3.138638,3.580243,4.519836,5.851339,6.949335,9.875648
2003-03-23,8.704023,Training,0.496704,0.874974,1.202519,2.006086,2.825678,3.263156,3.728847,4.753762,6.235017,7.465116,10.752806
2003-03-24,7.854850,Training,0.454406,0.869142,1.291803,2.154634,3.104369,3.707434,4.341446,5.559687,7.697305,9.668450,14.393113
2003-03-25,10.402368,Training,0.643749,1.444889,2.005247,3.424730,4.981660,6.006251,7.031294,9.020375,12.951327,16.316082,25.254753
2003-03-26,7.748703,Training,0.824285,1.808946,2.378383,4.036335,5.812462,6.857346,7.929604,10.158382,14.136423,17.593794,27.041725
2003-03-27,13.109107,Training,1.070646,2.243457,2.948801,4.905539,7.003123,8.225144,9.555533,12.144301,16.701061,20.715252,30.556210
2003-03-28,10.880028,Training,1.418524,2.775581,3.526658,5.718232,7.924146,9.089722,10.405684,12.906793,17.134274,21.108685,30.715887
2003-03-29,,,1.284989,2.729542,3.605586,5.824948,8.212809,9.118035,10.647700,13.070494,17.868483,22.083111,32.593258
2003-03-30,,,1.167535,2.538471,3.378130,5.509069,7.831484,8.720627,10.236543,12.674484,17.496128,21.692862,32.136406
2003-03-31,21.494690,Training,1.600790,2.631179,3.472116,5.279761,6.893343,7.836564,8.826528,10.550891,13.435900,16.343294,22.483503
2003-04-01,16.134286,Training,1.663648,2.679790,3.565375,5.456369,7.032059,7.875337,8.811046,10.535563,13.308517,15.744236,21.569658
2003-04-02,14.223647,Training,1.762352,2.729671,3.577179,5.395420,6.834656,7.660591,8.513111,10.044344,12.428607,14.604226,19.696821
2003-04-03,12.790667,Training,1.438921,2.276017,3.000305,4.618243,5.908724,6.599926,7.368651,8.805022,11.027837,12.735209,17.157816
2003-04-04,10.614662,Training,1.637155,2.512974,3.259009,4.938617,6.204004,6.923818,7.679251,9.037272,11.086936,12.717403,16.886541
2003-04-05,9.977782,Training,1.397075,2.191876,2.832253,4.327547,5.494555,6.126142,6.816250,8.068461,9.965988,11.407468,15.197889
2003-04-06,9.393976,Training,1.247888,1.995698,2.598768,4.014412,5.142933,5.728119,6.389920,7.628331,9.515459,10.822598,14.487465
2003-04-07,8.863242,Training,1.048874,1.753022,2.315814,3.650268,4.710757,5.258614,5.892707,7.134590,9.013963,10.150190,13.643192
2003-04-08,8.757096,Training,1.089944,1.787960,2.344448,3.663258,4.730351,5.262619,5.879486,7.076227,8.885549,10.030262,13.483555
2003-04-09,8.385583,Training,1.192993,1.919071,2.479028,3.831753,4.892537,5.452086,6.065801,7.213922,8.935509,10.124895,13.501439
2003-04-10,8.279436,Training,1.121705,1.854277,2.392232,3.783057,4.892755,5.497608,6.169509,7.357195,9.202885,10.754315,14.700209
2003-04-11,9.022462,Training,1.041437,1.847975,2.430860,3.918548,5.141625,5.921575,6.678006,8.033375,10.442954,12.671622,18.187302
2003-04-12,8.279436,Training,0.725304,1.530299,2.186828,3.711025,5.186001,6.032953,6.955026,8.734895,12.026734,15.115269,22.821541
2003-04-13,11.463835,Training,1.092607,2.463774,3.331292,5.708933,8.089881,9.471498,10.840774,13.817257,19.055870,23.910999,36.604237
2003-04-14,12.843741,Training,1.561714,3.335008,4.180768,7.090679,9.822708,11.389296,13.113374,16.144152,21.856850,26.590103,39.466496
2003-04-15,11.251541,Training,1.592847,3.161184,4.042525,6.473332,8.789236,10.000186,11.404765,13.879192,18.307383,22.265892,32.363007
2003-04-16,10.137002,Training,,,,,,,,,,,
2003-04-17,9.075536,Training,,,,,,,,,,,
2003-04-18,8.650949,Training,1.382681,2.409272,3.040511,4.717333,6.236816,7.017402,7.976034,9.598927,12.241911,15.132812,21.482723
2003-04-19,8.226363,Training,1.378422,2.382494,2.982620,4.596535,5.929447,6.753789,7.677372,9.165242,11.673633,14.210906,19.850550
2003-04-20,10.667735,Training,1.296868,2.212433,2.800808,4.286894,5.548534,6.303570,7.154658,8.536430,10.799228,13.125575,18.272451
2003-04-21,8.279436,Training,1.043972,1.828013,2.389310,3.692351,4.852432,5.509279,6.271169,7.603357,9.746331,11.715005,16.492643
2003-04-22,9.022462,Training,1.047256,1.850614,2.397464,3.812134,5.075973,5.717291,6.548471,7.974751,10.239975,12.574567,17.975475
2003-04-23,9.022462,Training,1.106274,2.027422,2.601979,4.131240,5.464870,6.212361,7.080014,8.579817,11.112664,13.764815,19.802748
2003-04-24,7.854850,Training,1.042339,1.925937,2.474333,3.932392,5.236621,5.963784,6.812248,8.301972,10.786824,13.385136,19.317394
2003-04-25,11.782274,Training,0.837503,1.733361,2.339607,3.897722,5.362406,6.160408,7.209287,9.098534,12.308420,15.391418,22.751963
2003-04-26,22.662303,Training,1.144019,2.265100,2.996898,4.754150,6.373916,7.267660,8.344851,10.170957,13.516078,16.595255,24.153349
2003-04-27,15.815846,Training,1.203639,2.234852,2.971585,4.632363,6.104463,6.937261,7.908539,9.556546,12.452366,15.136982,21.558786
2003-04-28,12.790667,Training,1.062234,2.057955,2.752304,4.464157,5.957702,6.698351,7.685499,9.398809,12.179775,14.978981,21.688164
2003-04-29,10.349295,Training,1.189926,2.205859,2.843361,4.505741,5.951309,6.707851,7.634084,9.194695,11.837295,14.668371,21.155693
2003-04-30,10.561588,Training,1.152920,2.117437,2.749307,4.281753,5.598135,6.374913,7.252835,8.708291,11.233829,13.769299,19.531090
2003-05-01,8.544803,Training,1.044072,1.902583,2.499317,3.870842,5.074129,5.784500,6.584714,7.935249,10.238676,12.437838,17.587297
2003-05-02,7.748703,Training,0.961382,1.762639,2.316817,3.609812,4.745060,5.395759,6.146477,7.435846,9.592083,11.596258,16.447641
2003-05-03,7.430263,Training,0.811900,1.532716,2.019537,3.177576,4.186999,4.771508,5.458880,6.675771,8.640284,10.345283,14.705460
2003-05-04,7.164897,Training,0.801865,1.505641,1.958270,3.084965,4.069687,4.616008,5.279786,6.441288,8.293552,9.920691,14.094536
2003-05-05,7.058750,Training,0.913388,1.637124,2.104615,3.270742,4.274105,4.835912,5.497542,6.609963,8.406996,10.075274,14.091342
2003-05-06,7.111823,Training,0.909013,1.613425,2.082943,3.240966,4.212060,4.784175,5.431336,6.531384,8.297121,9.872385,13.662369
2003-05-07,6.209577,Training,0.783171,1.417990,1.835625,2.868944,3.767162,4.291260,4.892862,5.943813,7.595131,9.052493,12.630220
2003-05-08,6.103430,Training,0.631029,1.236363,1.629351,2.607420,3.458833,3.945606,4.524908,5.592615,7.240915,8.544484,12.110643
2003-05-09,5.838064,Training,0.630622,1.227521,1.614444,2.575130,3.416594,3.893622,4.460460,5.502439,7.108794,8.379598,11.866594
2003-05-10,5.519624,Training,0.665786,1.287803,1.696707,2.714191,3.592321,4.073542,4.651566,5.708964,7.365262,8.625140,12.118726
2003-05-11,5.360404,Training,0.571797,1.149550,1.524091,2.466797,3.285700,3.742494,4.293816,5.326694,6.910445,8.081010,11.403202
2003-05-12,5.254258,Training,0.511287,1.063172,1.413398,2.305410,3.076329,3.517439,4.045329,5.049424,6.557672,7.649640,10.837772
2003-05-13,5.678844,Training,0.351983,0.846689,1.141315,1.916264,2.562367,2.980287,3.454571,4.399856,5.738718,6.665215,9.572998
2003-05-14,4.882744,Training,0.281975,0.748181,1.021380,1.744828,2.344256,2.744471,3.194054,4.108536,5.387820,6.248063,9.009715
2003-05-15,4.670451,Training,0.351425,0.813525,1.095388,1.825638,2.458856,2.851984,3.305256,4.215689,5.491940,6.387094,9.192752
2003-05-16,4.776598,Training,0.401930,0.887012,1.182556,1.956581,2.639025,3.036465,3.513607,4.442964,5.785949,6.757293,9.692406
2003-05-17,4.617378,Training,0.368149,0.843501,1.139821,1.912399,2.581313,2.985356,3.460247,4.405048,5.769482,6.716196,9.597787
2003-05-18,4.192791,Training,0.188720,0.582506,0.811996,1.426345,1.938564,2.304495,2.702188,3.548662,4.678849,5.418952,7.919021
2003-05-19,4.352011,Training,0.173960,0.546716,0.768011,1.345223,1.832814,2.188500,2.568625,3.387150,4.461957,5.167813,7.595843
2003-05-20,4.352011,Training,0.186573,0.548563,0.768147,1.329491,1.813685,2.163876,2.539692,3.347996,4.402084,5.107146,7.517929
2003-05-21,3.608985,Training,0.036924,0.381144,0.579823,1.091880,1.493826,1.833697,2.182242,2.962387,3.953581,4.562465,6.763247
2003-05-22,3.449765,Training,0.017677,0.352883,0.562019,1.075086,1.479806,1.829190,2.178661,3.001828,4.013910,4.640135,6.852634
2003-05-23,3.237472,Training,0.023734,0.376055,0.582974,1.114358,1.526351,1.880183,2.244287,3.059949,4.121704,4.793060,7.105591
2003-05-24,2.759812,Training,0.174116,0.502376,0.704517,1.215602,1.680494,2.016626,2.381639,3.164491,4.196245,4.939255,7.381033
2003-05-25,2.812885,Training,0.160564,0.470791,0.669870,1.147551,1.581240,1.910558,2.261236,3.020454,4.005067,4.688884,7.001537
2003-05-26,2.812885,Training,0.064684,0.360947,0.541848,0.967166,1.330755,1.641962,1.967453,2.679273,3.584581,4.166414,6.278230
2003-05-27,2.494445,Training,-0.007454,0.291699,0.467907,0.882792,1.215679,1.522773,1.838621,2.540112,3.425962,3.973905,6.003788
2003-05-28,2.706739,Training,-0.022831,0.267534,0.440078,0.837815,1.157764,1.457426,1.763944,2.452586,3.313619,3.846127,5.838837
2003-05-29,2.335226,Training,-0.049104,0.221827,0.386682,0.748349,1.043260,1.327803,1.614983,2.278567,3.090583,3.594796,5.518926
2003-05-30,2.547519,Training,-0.055296,0.231570,0.369377,0.728794,1.016512,1.278050,1.565995,2.184986,2.983791,3.516700,5.514121
2003-05-31,2.706739,Training,0.008187,0.248972,0.403614,0.716189,1.005115,1.269743,1.541715,2.150807,2.931008,3.452466,5.427343
2003-06-01,2.706739,Training,0.014111,0.258338,0.400500,0.714996,1.008735,1.262038,1.536667,2.138190,2.905466,3.436871,5.419958
2003-06-02,2.972105,Training,-0.003145,0.255651,0.412706,0.750119,1.050632,1.324667,1.608515,2.239341,3.063115,3.616954,5.666025
2003-06-03,3.078252,Training,-0.035843,0.247429,0.389845,0.748867,1.047759,1.311779,1.606598,2.240378,3.074692,3.673043,5.799781
2003-06-04,2.600592,Training,-0.011762,0.259046,0.407085,0.753934,1.065312,1.327748,1.618748,2.259236,3.123495,3.793082,6.097048
2003-06-05,2.122932,Training,0.025071,0.269449,0.443429,0.759393,1.064109,1.350820,1.632474,2.275018,3.168782,3.823253,6.121260
2003-06-06,1.751419,Training,-0.029309,0.224783,0.395012,0.711490,0.987855,1.275037,1.552998,2.187539,3.063823,3.680546,5.881586
2003-06-07,1.857566,Training,-0.031661,0.227057,0.398792,0.724419,1.004073,1.295312,1.578176,2.221631,3.108377,3.724684,5.918868
2003-06-08,1.804492,Training,-0.013566,0.234408,0.395767,0.711156,0.989268,1.267015,1.546879,2.175843,3.017800,3.598048,5.690004
2003-06-09,1.698346,Training,-0.001703,0.247204,0.406931,0.726970,1.010150,1.286961,1.572147,2.205677,3.041614,3.610889,5.666390
2003-06-10,1.910639,Training,-0.028498,0.228170,0.383634,0.705184,0.975864,1.249501,1.533751,2.160945,2.980579,3.522808,5.506970
2003-06-11,1.539126,Training,-0.031422,0.245570,0.410221,0.760501,1.044080,1.331972,1.633267,2.290752,3.147515,3.705725,5.714764
2003-06-12,1.432979,Training,-0.075222,0.174387,0.328351,0.631965,0.881547,1.145825,1.414263,2.039124,2.812493,3.313424,5.188470
2003-06-13,1.539126,Training,-0.109841,0.128931,0.265334,0.535353,0.762681,0.997922,1.240368,1.832240,2.546275,3.039186,4.898512
2003-06-14,1.486053,Training,-0.084280,0.164702,0.310609,0.597354,0.831442,1.086418,1.344255,1.938305,2.719539,3.253025,5.218769
2003-06-15,1.645273,Training,-0.042806,0.207575,0.354303,0.652336,0.904962,1.166210,1.437758,2.039988,2.841922,3.390536,5.389567
2003-06-16,1.645273,Training,-0.016106,0.235960,0.386336,0.698573,0.972818,1.239894,1.520604,2.140593,2.970015,3.541692,5.592247
2003-06-17,1.698346,Training,-0.018521,0.228980,0.373721,0.674708,0.935735,1.194551,1.470787,2.078032,2.885665,3.437987,5.418553
2003-06-18,1.326833,Training,-0.081518,0.153939,0.295032,0.567303,0.797343,1.042245,1.291429,1.869166,2.590290,3.060233,4.865826
2003-06-19,1.114539,Training,-0.104160,0.104166,0.261993,0.505910,0.732882,0.972631,1.207564,1.817899,2.522115,2.985003,4.782048
2003-06-20,1.008393,Training,-0.105992,0.117191,0.268560,0.527538,0.753474,1.000692,1.236788,1.842844,2.584341,3.086285,4.971134
2003-06-21,0.849173,Training,-0.094860,0.150608,0.299014,0.589027,0.820571,1.079213,1.333422,1.948526,2.761449,3.319378,5.300516
2003-06-22,0.955320,Training,-0.062247,0.178691,0.314768,0.596814,0.832710,1.078828,1.334921,1.911976,2.677553,3.189380,5.089455
2003-06-23,1.061466,Training,-0.045083,0.155543,0.274322,0.497131,0.712749,0.922373,1.143981,1.640821,2.258396,2.663859,4.347084
2003-06-24,1.061466,Training,-0.046344,0.163001,0.256419,0.481910,0.699869,0.887565,1.106287,1.581959,2.173008,2.598622,4.322365
2003-06-25,1.061466,Training,-0.042673,0.151044,0.265414,0.475968,0.687672,0.890505,1.103128,1.586001,2.195810,2.609565,4.323028
2003-06-26,1.061466,Training,-0.021558,0.166729,0.284523,0.495778,0.715145,0.920802,1.138311,1.628040,2.246171,2.669787,4.398962
2003-06-27,1.008393,Training,-0.049001,0.146595,0.265745,0.482264,0.695672,0.904443,1.119679,1.611562,2.239285,2.661813,4.395510
2003-06-28,1.432979,Training,-0.029007,0.161362,0.278839,0.494603,0.714316,0.921862,1.140314,1.635323,2.263542,2.687472,4.422797
2003-06-29,1.486053,Training,0.056578,0.243485,0.389224,0.651433,0.933995,1.134799,1.416534,1.976654,2.719357,3.427390,5.574278
2003-06-30,1.857566,Training,-0.072095,0.216046,0.360666,0.661371,0.931032,1.187785,1.445504,2.056579,3.027385,3.805463,6.595748
2003-07-01,1.698346,Validation,-0.032235,0.270797,0.414826,0.725846,0.995400,1.260607,1.536769,2.180126,3.174149,4.011360,6.797319
2003-07-02,1.061466,Validation,-0.038198,0.214914,0.356089,0.628910,0.888024,1.136189,1.383092,1.962701,2.818688,3.501012,5.934862
2003-07-03,0.902246,Validation,-0.013383,0.221170,0.379402,0.636731,0.887416,1.146355,1.398307,1.980454,2.824353,3.457922,5.753604
2003-07-04,0.796100,Test,-0.023153,0.215990,0.369773,0.627412,0.867494,1.123796,1.379672,1.957024,2.778058,3.380039,5.583812
2003-07-05,0.796100,Test,-0.022014,0.214299,0.363480,0.622091,0.861283,1.114797,1.372436,1.947781,2.751103,3.328807,5.468491
2003-07-06,0.849173,Test,-0.040052,0.195355,0.336362,0.595771,0.827379,1.074854,1.330820,1.899029,2.673366,3.209881,5.244523
2003-07-07,0.796100,Test,-0.058143,0.177018,0.313111,0.569158,0.791970,1.033972,1.286399,1.845410,2.594279,3.098880,5.050329
2003-07-08,0.583806,Test,-0.048558,0.183226,0.317410,0.570556,0.795901,1.034464,1.287970,1.843484,2.580083,3.074342,4.995663
2003-07-09,0.902246,Test,-0.054830,0.175433,0.305470,0.552787,0.773363,1.006058,1.255578,1.800451,2.517255,2.994202,4.870794
2003-07-10,0.636880,Test,-0.058795,0.167249,0.293828,0.532069,0.746778,0.972932,1.216969,1.749077,2.443504,2.902962,4.732021
2003-07-11,0.583806,Test,-0.053831,0.172171,0.299141,0.542025,0.762100,0.990284,1.237062,1.774812,2.478500,2.939703,4.772489
2003-07-12,0.743026,Test,-0.060672,0.172150,0.289451,0.536284,0.754635,0.977236,1.223508,1.758536,2.470821,2.947168,4.808004
2003-07-13,1.008393,Test,-0.051146,0.174233,0.282658,0.513259,0.733923,0.941401,1.179533,1.687914,2.351138,2.808796,4.647669
2003-07-14,1.008393,Test,-0.032274,0.196116,0.323812,0.583311,0.825094,1.017629,1.293944,1.829708,2.550791,3.225080,5.362936
2003-07-15,1.379906,Test,-0.054424,0.267802,0.398947,0.714841,1.010585,1.251957,1.540675,2.191586,3.229217,4.164854,7.358953
2003-07-16,0.955320,Test,0.002787,0.318866,0.507031,0.818273,1.121956,1.425116,1.740322,2.446191,3.619151,4.523391,7.676596
2003-07-17,0.849173,Test,-0.027100,0.246517,0.416016,0.686252,0.939226,1.212910,1.490750,2.113473,3.103073,3.859044,6.521665
2003-07-18,0.689953,Test,-0.049766,0.215124,0.383809,0.658134,0.906496,1.183706,1.455540,2.070397,3.005612,3.678254,6.099862
2003-07-19,0.689953,Test,-0.065690,0.190125,0.331054,0.589342,0.818822,1.066929,1.323532,1.892173,2.719252,3.303508,5.491776
2003-07-20,0.530733,Test,-0.037451,0.188620,0.325840,0.554564,0.778338,1.010166,1.255652,1.794543,2.542889,3.066583,5.094341
2003-07-21,0.583806,Test,-0.040756,0.166089,0.289222,0.492428,0.703110,0.913716,1.141101,1.638827,2.306761,2.769680,4.648293
2003-07-22,0.477660,Test,-0.048281,0.153576,0.270595,0.463880,0.666513,0.868666,1.089885,1.572082,2.212731,2.653525,4.471807
2003-07-23,0.636880,Test,-0.044889,0.152395,0.265415,0.453433,0.654673,0.851654,1.071104,1.546119,2.171453,2.600060,4.384339
2003-07-24,0.796100,Test,-0.059595,0.136008,0.243978,0.425497,0.618837,0.809782,1.022743,1.485395,2.090312,2.499840,4.235845
2003-07-25,0.636880,Test,-0.066479,0.128089,0.232551,0.411413,0.602452,0.789996,0.999834,1.456631,2.052397,2.452409,4.167050
2003-07-26,0.743026,Test,-0.076279,0.117696,0.219942,0.395742,0.583222,0.768041,0.973890,1.424793,2.011138,2.401260,4.093619
2003-07-27,0.689953,Test,-0.066412,0.125599,0.225126,0.400821,0.592770,0.775611,0.982767,1.432775,2.020685,2.415341,4.122137
2003-07-28,1.220686,Test,-0.062367,0.122255,0.224137,0.395164,0.586593,0.769541,0.974126,1.422422,2.005293,2.392859,4.080565
2003-07-29,1.167613,Test,-0.106868,0.080095,0.179356,0.345459,0.524498,0.702899,0.894500,1.337099,1.894912,2.257813,3.889481
2003-07-30,0.796100,Test,-0.117626,0.066257,0.166385,0.329380,0.506876,0.683305,0.869991,1.314574,1.868993,2.235873,3.877325
2003-07-31,0.796100,Test,-0.118258,0.069738,0.168631,0.337289,0.515562,0.695178,0.883151,1.328821,1.907517,2.290830,3.978515
2003-08-01,0.743026,Test,-0.148452,0.043060,0.138565,0.312558,0.491335,0.663448,0.847176,1.307850,1.895430,2.307435,4.056736
2003-08-02,0.743026,Test,-0.161300,0.034406,0.132296,0.311154,0.494199,0.663385,0.845884,1.306438,1.891504,2.307986,4.087416
2003-08-03,0.689953,Test,-0.123638,0.045786,0.138423,0.276680,0.445285,0.604815,0.764211,1.155847,1.660227,2.009329,3.641468
2003-08-04,0.689953,Test,-0.105740,0.055471,0.140191,0.267700,0.432476,0.583934,0.739797,1.109666,1.595424,1.937581,3.533309
2003-08-05,0.689953,Test,-0.108063,0.048666,0.130182,0.252693,0.415179,0.562581,0.714548,1.078572,1.552553,1.885022,3.453223
2003-08-06,0.689953,Test,-0.131747,0.027385,0.100005,0.219288,0.378729,0.512659,0.657458,1.016583,1.454479,1.779382,3.323099
2003-08-07,1.167613,Test,-0.140445,0.018596,0.094257,0.213360,0.373406,0.506714,0.650037,1.011791,1.452301,1.784482,3.356692
2003-08-08,1.432979,Test,-0.132031,0.019461,0.100623,0.214103,0.371740,0.510599,0.651405,1.012568,1.463118,1.801945,3.390930
2003-08-09,0.743026,Test,-0.119957,0.033598,0.110533,0.223900,0.381286,0.521681,0.665086,1.016178,1.479098,1.819694,3.414858
2003-08-10,0.583806,Test,-0.105929,0.043467,0.115404,0.224947,0.383002,0.520308,0.665142,1.008510,1.466560,1.800172,3.371832
2003-08-11,0.689953,Test,-0.116211,0.026740,0.094952,0.196822,0.351166,0.480946,0.618976,0.957586,1.383738,1.697632,3.207315
2003-08-12,0.636880,Test,-0.117116,0.022395,0.089236,0.187477,0.340700,0.467789,0.603579,0.939121,1.357396,1.668631,3.168135
2003-08-13,0.636880,Test,-0.100622,0.039622,0.102880,0.201396,0.356163,0.484431,0.623855,0.952796,1.386042,1.705133,3.229087
2003-08-14,0.689953,Test,-0.078896,0.053159,0.113060,0.206209,0.363035,0.487853,0.628524,0.952066,1.380392,1.701096,3.219373
2003-08-15,0.743026,Test,-0.074976,0.057485,0.111983,0.205008,0.364441,0.486102,0.627627,0.948858,1.374539,1.694220,3.211687
2003-08-16,0.902246,Test,-0.074765,0.065366,0.112682,0.214426,0.382445,0.502376,0.648464,0.975662,1.412987,1.751144,3.324279
2003-08-17,0.743026,Test,-0.072678,0.056457,0.113190,0.206189,0.369333,0.493572,0.636222,0.962953,1.401224,1.732520,3.283139
2003-08-18,0.743026,Test,-0.076064,0.050003,0.108207,0.199692,0.361673,0.486789,0.628802,0.955500,1.396770,1.729530,3.279390
2003-08-19,0.636880,Test,-0.089868,0.040100,0.095842,0.190800,0.352179,0.478296,0.619499,0.948524,1.403999,1.750667,3.337512
2003-08-20,0.689953,Test,-0.087815,0.038519,0.088581,0.181111,0.341033,0.463670,0.601628,0.926633,1.381813,1.737194,3.332139
2003-08-21,0.743026,Test,-0.074896,0.042307,0.090053,0.161882,0.314011,0.422401,0.551411,0.844361,1.236444,1.548462,3.033995
2003-08-22,0.689953,Test,-0.094814,0.036664,0.074577,0.152339,0.304899,0.409087,0.537610,0.825568,1.218304,1.534570,3.044909
2003-08-23,0.636880,Test,-0.113810,0.026368,0.062013,0.144407,0.297361,0.401690,0.529648,0.818683,1.218150,1.541069,3.079768
2003-08-24,0.636880,Test,-0.080960,0.036395,0.077949,0.148998,0.301617,0.407503,0.534067,0.823508,1.225299,1.561030,3.104756
2003-08-25,0.689953,Test,-0.066078,0.046585,0.083554,0.149734,0.304554,0.404379,0.529719,0.811253,1.202765,1.542185,3.090207
2003-08-26,0.743026,Test,-0.044038,0.055648,0.097810,0.154525,0.310483,0.408005,0.532432,0.809442,1.186486,1.514172,3.029447
2003-08-27,0.955320,Test,-0.057986,0.059905,0.084680,0.153252,0.316837,0.406611,0.534206,0.809100,1.187271,1.532757,3.107434
2003-08-28,1.167613,Test,-0.016287,0.095056,0.180625,0.273155,0.498708,0.580600,0.758896,1.070485,1.525477,2.118351,4.251330
2003-08-29,1.114539,Test,-0.168995,0.058923,0.126959,0.252229,0.454702,0.579908,0.726484,1.055631,1.690824,2.330751,5.066600
2003-08-30,1.432979,Test,-0.147176,0.069430,0.153768,0.263003,0.457468,0.594852,0.744616,1.084925,1.720676,2.350988,4.948264
2003-08-31,3.078252,Test,-0.144344,0.047632,0.116914,0.232147,0.442241,0.556937,0.715347,1.037149,1.612424,2.280183,4.857718
2003-09-01,2.547519,Test,-0.120740,0.077888,0.160811,0.269755,0.467616,0.603341,0.758749,1.108434,1.772687,2.426467,5.045755
2003-09-02,2.016786,Test,-0.066383,0.092763,0.179901,0.270724,0.464853,0.602604,0.760684,1.108826,1.737363,2.353853,4.762688
2003-09-03,1.645273,Test,-0.095814,0.080046,0.144789,0.246148,0.441640,0.568492,0.727145,1.070631,1.700838,2.327996,4.742492
2003-09-04,1.539126,Test,-0.073237,0.066329,0.121632,0.199394,0.378739,0.492586,0.640250,0.954027,1.475019,1.976539,4.013255
2003-09-05,1.379906,Test,-0.064238,0.061259,0.105076,0.175892,0.350419,0.455153,0.600398,0.902901,1.379974,1.830611,3.706283
2003-09-06,1.326833,Test,-0.055814,0.055719,0.097077,0.161189,0.331901,0.433377,0.575473,0.871581,1.327262,1.754645,3.550827
2003-09-07,1.061466,Test,-0.057835,0.050971,0.085187,0.148671,0.318028,0.415677,0.557094,0.848819,1.291856,1.703205,3.452918
2003-09-08,1.114539,Test,-0.087816,0.043056,0.059188,0.139363,0.316602,0.409006,0.554048,0.849433,1.303211,1.734435,3.555041
2003-09-09,1.432979,Test,-0.077830,0.033049,0.061599,0.128291,0.296749,0.393790,0.532012,0.823832,1.275194,1.700472,3.475609
2003-09-10,1.220686,Test,-0.096770,0.015109,0.041893,0.106520,0.269188,0.364040,0.497808,0.782301,1.223307,1.636592,3.368913
2003-09-11,1.008393,Test,-0.130855,-0.011776,0.022171,0.086823,0.245970,0.342921,0.471491,0.753735,1.188633,1.578767,3.282503
2003-09-12,0.955320,Test,-0.157987,-0.038323,-0.002350,0.064065,0.224046,0.318863,0.444763,0.734068,1.161141,1.551004,3.244818
2003-09-13,0.902246,Test,-0.167516,-0.044911,-0.007435,0.066489,0.229524,0.331280,0.460621,0.761386,1.219108,1.623292,3.355430
2003-09-14,0.796100,Test,-0.183521,-0.055420,-0.017870,0.070299,0.237730,0.349405,0.484287,0.803392,1.315365,1.760865,3.569458
2003-09-15,0.477660,Test,-0.158594,-0.039506,-0.009097,0.070786,0.236213,0.341054,0.472088,0.776594,1.264070,1.697026,3.457531
2003-09-16,0.583806,Test,-0.139742,-0.029607,0.000113,0.072750,0.238704,0.342069,0.471778,0.770298,1.235598,1.636290,3.332783
2003-09-17,0.689953,Test,-0.117459,-0.016072,0.005754,0.057877,0.214994,0.302786,0.420660,0.684850,1.082045,1.438614,3.028300
2003-09-18,0.743026,Test,-0.110873,-0.011632,0.012052,0.064309,0.222964,0.311211,0.431192,0.697563,1.098203,1.456476,3.049945
2003-09-19,0.689953,Test,-0.080182,0.009426,0.031691,0.071231,0.227386,0.308800,0.425423,0.675710,1.038215,1.367294,2.893128
2003-09-20,0.743026,Test,-0.088929,0.017666,0.033628,0.083613,0.249574,0.331201,0.454851,0.712699,1.088225,1.423248,2.999709
2003-09-21,0.902246,Test,-0.070116,0.023553,0.040054,0.083195,0.246839,0.326642,0.446623,0.700269,1.071277,1.417108,2.995710
2003-09-22,0.955320,Test,-0.034832,0.049984,0.066117,0.107747,0.281190,0.358483,0.482179,0.740102,1.108103,1.463351,3.066036
2003-09-23,1.061466,Test,-0.018156,0.050033,0.078860,0.112775,0.284274,0.366448,0.488837,0.749655,1.121792,1.475317,3.064133
2003-09-24,0.902246,Test,-0.025658,0.043674,0.074753,0.110125,0.281536,0.366445,0.490823,0.755642,1.132197,1.480826,3.061399
2003-09-25,0.902246,Test,-0.037335,0.034296,0.065076,0.103391,0.274815,0.362215,0.487372,0.756566,1.142642,1.495893,3.088542
2003-09-26,0.955320,Test,-0.068472,0.012624,0.037565,0.081597,0.250040,0.338731,0.462270,0.733226,1.131088,1.493403,3.098276
2003-09-27,1.008393,Test,-0.064551,0.031840,0.043539,0.089802,0.264389,0.343114,0.467939,0.728001,1.095726,1.443103,3.042755
2003-09-28,1.114539,Test,-0.031938,0.040989,0.069972,0.103721,0.274300,0.358792,0.481274,0.744456,1.111144,1.453479,3.017152
2003-09-29,1.379906,Test,-0.042436,0.039982,0.057319,0.108912,0.304813,0.386841,0.522632,0.803458,1.191609,1.586561,3.310012
2003-09-30,14.117500,Test,0.049951,0.313836,0.482812,0.615909,1.114410,1.181284,1.462322,2.012424,3.054209,4.563884,10.524682
2003-10-01,12.259934,Training,-0.027536,0.563122,0.824408,1.092573,1.950056,2.403140,2.906495,4.551634,7.965568,10.099409,24.381437
2003-10-02,14.913600,Training,0.266732,1.356103,1.917486,2.656674,4.602351,5.546599,6.722734,10.742935,19.071356,23.590849,53.380962
2003-10-03,11.623055,Training,0.342203,1.344436,1.793883,2.618399,3.872398,4.621966,5.913579,8.541266,15.172312,18.826132,36.350811
2003-10-04,4.723524,Training,0.375841,1.034505,1.417162,1.928643,2.693413,3.215595,4.017505,5.601447,9.639466,12.357273,22.519485
2003-10-05,3.449765,Training,0.335649,0.794666,1.086887,1.406283,1.951278,2.326481,2.887885,3.927419,6.578296,8.642105,15.301388
2003-10-06,3.184398,Training,0.270997,0.594888,0.790710,1.055713,1.504912,1.807626,2.290745,3.076921,4.941838,6.437604,11.137770
2003-10-07,2.653665,Training,0.212105,0.452420,0.587409,0.805520,1.175527,1.434143,1.847329,2.499262,3.852016,4.904650,8.494730
2003-10-08,2.600592,Training,0.098322,0.291445,0.390316,0.571697,0.872234,1.095894,1.444131,2.009270,3.087763,3.922796,6.909239
2003-10-09,2.229079,Training,0.039158,0.205146,0.288868,0.449496,0.713757,0.920152,1.228644,1.742650,2.638412,3.310378,5.867526
2003-10-10,2.122932,Training,0.009249,0.163696,0.242491,0.411612,0.673280,0.876279,1.172264,1.686390,2.532465,3.158186,5.557113
2003-10-11,3.502838,Training,0.089821,0.231785,0.358520,0.575470,0.996612,1.179560,1.595477,2.313667,3.497315,4.695372,8.445536
2003-10-12,5.307331,Training,-0.027653,0.255845,0.404526,0.719940,1.120578,1.402853,1.816347,2.607801,4.248065,5.568141,10.200252
2003-10-13,3.290545,Training,0.072655,0.290409,0.450720,0.732725,1.122200,1.420805,1.806752,2.548666,3.959570,5.072301,8.800836
2003-10-14,3.396692,Training,-0.010890,0.206028,0.337524,0.632653,1.010987,1.283086,1.641302,2.356302,3.651255,4.678773,8.103171
2003-10-15,3.131325,Training,0.050954,0.268762,0.419273,0.813002,1.336831,1.628698,2.100667,3.007895,4.677098,6.212963,10.676388
2003-10-16,2.812885,Training,0.038974,0.322541,0.499641,0.919683,1.414122,1.765793,2.226038,3.110575,4.876668,6.291329,10.741102
2003-10-17,2.547519,Training,0.082351,0.375274,0.572044,1.064589,1.605061,1.992957,2.494050,3.439474,5.224194,6.626069,10.700681
2003-10-18,3.025179,Training,0.109152,0.392590,0.591131,1.114220,1.769826,2.155296,2.721878,3.824914,5.889579,7.741925,13.024686
2003-10-19,3.715132,Training,-0.061163,0.346925,0.621288,1.192809,2.012686,2.530024,3.256373,4.913178,8.444795,11.018542,20.319340
2003-10-20,3.980498,Training,0.031638,0.566290,0.778791,1.429204,2.210692,2.735465,3.491185,4.988367,8.450137,10.886087,19.933693
2003-10-21,3.502838,Training,0.179518,0.556762,0.802322,1.308915,1.942142,2.411454,3.026630,4.150499,6.546209,8.364957,13.995082
2003-10-22,3.078252,Training,0.234902,0.533454,0.748964,1.185448,1.751416,2.173755,2.698828,3.623200,5.411397,6.896046,11.023626
2003-10-23,2.812885,Training,0.253348,0.506234,0.674968,1.107389,1.605910,1.995730,2.483816,3.305554,4.737934,5.922720,9.124735
2003-10-24,2.812885,Training,0.286976,0.570704,0.687118,1.205758,1.739020,2.128960,2.644672,3.489322,4.903306,6.085287,9.330809
2003-10-25,5.997284,Training,0.347133,1.144774,1.454773,2.746409,4.335531,5.353857,6.687071,9.419218,14.798649,18.861094,30.626833
2003-10-26,14.223647,Training,0.535277,1.711820,2.243517,4.227871,6.488795,7.858589,9.762288,13.543965,21.444410,25.843721,42.364651
2003-10-27,15.338186,Training,0.722669,1.997488,2.616228,4.775265,7.239683,8.531315,10.555692,14.500463,22.366737,26.975941,43.190765
2003-10-28,11.569981,Training,1.263651,2.909944,3.774497,6.721770,9.942868,11.565466,14.014002,18.617455,27.330513,32.863384,49.877029
2003-10-29,7.589483,Training,1.717680,3.548198,4.533030,7.520853,10.382066,11.767128,14.094575,17.443792,24.609781,29.443369,43.012924
2003-10-30,8.226363,Training,1.287150,2.860752,3.877277,6.763305,9.916686,11.430266,13.762805,18.105921,26.058222,31.413427,47.023701
2003-10-31,,,1.020402,2.366815,3.286096,5.635003,8.091107,9.034548,10.754751,13.429407,18.943584,23.415398,34.176868
2003-11-01,,,1.352830,2.908921,3.978910,6.668611,9.361827,10.378816,12.186901,14.887516,20.505213,25.063776,36.120075
2003-11-02,27.173534,Training,6.240486,10.232005,12.708892,18.476200,22.317612,24.719126,27.076180,30.874771,38.945831,43.972992,60.524940
2003-11-03,18.947171,Training,4.055395,6.437770,8.217375,11.996746,14.657749,16.421133,18.070055,20.736265,26.322309,30.437506,41.324741
2003-11-04,14.223647,Training,3.636847,5.528180,7.141110,10.247283,12.451102,13.946506,15.301390,17.448929,21.899096,25.297367,33.902405
2003-11-05,10.986175,Training,3.102352,4.739681,6.137901,9.078732,11.259512,12.286630,13.679878,15.823376,20.170296,23.081524,31.455580
2003-11-06,8.863242,Training,2.054321,3.192196,4.303245,6.486393,8.099872,9.115991,10.240633,12.047345,15.635520,17.553411,23.001839
2003-11-07,7.960996,Training,1.651805,2.632541,3.453570,5.457934,7.044685,7.777846,8.891242,10.593635,13.819330,15.856208,21.372602
2003-11-08,7.324117,Training,1.705170,2.735102,3.488172,5.391685,6.929708,7.704070,8.711583,10.215380,13.174360,15.480639,21.162556
2003-11-09,8.597876,Training,1.457258,2.812920,3.745873,6.305154,8.900180,10.195541,12.055321,14.984032,20.708302,25.674540,39.056629
2003-11-10,10.455442,Training,2.279213,4.555898,5.675751,9.416601,12.619416,14.189780,16.405193,19.625109,26.690086,31.680086,47.897255
2003-11-11,8.226363,Training,2.456796,4.210834,5.484440,8.438297,10.901692,12.345860,14.042859,16.555664,21.898157,26.003466,36.289570
2003-11-12,7.642556,Training,2.061803,3.517492,4.636688,7.207844,9.354671,10.480044,11.928598,14.139471,18.862564,22.394583,31.286615
2003-11-13,6.846457,Training,1.677034,2.743729,3.691282,5.685464,7.373283,8.320227,9.470823,11.273849,14.976007,17.652485,24.045347
2003-11-14,6.634164,Training,1.291816,2.178805,2.845473,4.558753,6.042226,6.743444,7.757764,9.366028,12.430530,14.772561,20.460138
2003-11-15,,,1.499511,3.124628,4.147403,6.753676,9.356380,10.343508,12.030145,14.529009,19.626438,23.917292,34.616142
2003-11-16,,,1.368898,2.906269,3.843734,6.286918,8.756831,9.711597,11.329280,13.774286,18.687206,22.804741,33.182953
2003-11-17,20.910883,Training,1.187695,1.934513,2.522450,3.947142,5.106399,5.906882,6.730156,8.057654,10.515875,12.494431,16.958225
2003-11-18,15.232039,Training,,,,,,,,,,,
2003-11-19,11.463835,Training,,,,,,,,,,,
2003-11-20,9.393976,Training,0.908365,1.481164,1.927271,3.056958,4.025639,4.628743,5.286356,6.401313,8.286005,9.704078,13.045399
2003-11-21,9.181682,Training,1.080485,1.798645,2.387925,3.892402,5.418175,6.300986,7.424222,9.153920,12.427822,15.856238,22.969995
2003-11-22,,,1.199119,2.623110,3.470189,5.732048,8.073173,8.987699,10.550783,12.975557,17.784779,21.819250,32.020584
2003-11-23,25.952848,Training,1.751079,3.445276,4.147785,7.009760,9.406009,10.970266,12.761319,15.627711,21.600069,25.775839,38.618679
2003-11-24,18.416438,Training,1.382439,2.506395,3.246989,5.240065,7.029160,8.219293,9.648271,11.845861,16.285316,19.727736,27.831018
2003-11-25,14.807453,Training,2.530155,3.950058,5.148893,7.630654,9.435703,10.770041,11.995892,13.915817,17.746674,20.637709,27.934822
2003-11-26,17.991852,Training,2.324036,3.718699,4.743724,7.380747,9.544977,10.726409,12.197547,14.344053,18.552429,22.800079,31.949493
2003-11-27,24.254502,Training,2.343009,3.845484,5.025447,7.661497,9.694956,11.048017,12.463569,14.673342,19.125656,22.831593,31.412088
2003-11-28,17.726485,Training,2.081535,3.273038,4.248098,6.441525,8.125099,9.224645,10.336047,12.129313,15.538846,18.418642,24.822851
2003-11-29,14.754380,Training,1.645140,2.602632,3.479512,5.375553,6.975698,7.861865,8.855405,10.565722,13.795174,16.370544,22.165869
2003-11-30,18.416438,Training,1.690958,2.816378,3.734867,6.001575,8.146221,9.274841,10.798663,13.083694,17.499058,21.866707,31.446381
2003-12-01,23.617622,Training,3.663584,6.139369,7.709571,12.177017,15.476691,17.892435,20.006964,23.424004,31.324785,36.030891,54.494328
2003-12-02,20.486297,Training,4.669782,7.066524,9.167957,13.270326,16.375963,18.688000,20.211048,23.253651,30.110641,34.511292,50.894630
2003-12-03,23.458402,Training,,,,,,,,,,,
2003-12-04,18.151071,Training,,,,,,,,,,,
2003-12-05,17.195752,Training,4.849412,7.254081,9.168982,13.474571,16.619839,18.690271,20.572247,23.507673,30.354513,35.541977,51.496597
2003-12-06,,,2.018983,3.953935,5.481230,8.977795,12.300707,13.571441,15.585915,18.757252,25.295401,30.601225,43.696331
2003-12-07,,,1.827654,3.656591,5.081789,8.378819,11.583749,12.804685,14.768020,17.866980,24.251362,29.425455,42.067532
2003-12-08,35.983703,Training,10.717412,16.466038,19.735785,28.409370,33.445602,36.012352,38.686646,43.608128,53.338726,59.234425,82.465820
2003-12-09,,,3.161114,5.686622,7.903185,12.624763,16.653061,18.339079,20.677996,24.516193,32.324131,38.637680,55.179329
2003-12-10,,,,,,,,,,,,,
2003-12-11,27.120461,Training,11.537075,15.895436,19.611938,25.974409,29.686083,32.319160,33.370811,37.018887,44.412910,49.594662,69.367477
2003-12-12,21.070103,Training,9.462137,12.571248,15.562685,20.368345,22.881361,24.926950,26.001245,28.601601,33.931026,37.939632,51.961311
2003-12-13,17.938778,Training,8.854375,11.340823,13.860765,17.820862,19.813185,21.278139,22.344007,24.343012,28.378988,31.506567,42.288898
2003-12-14,15.815846,Training,7.786633,9.850577,11.974932,15.442561,17.183208,18.399363,19.374451,21.054443,24.340841,26.588861,35.428883
2003-12-15,14.170573,Training,6.376347,8.106825,9.941835,13.028502,14.792360,15.809916,16.748968,18.382652,21.256275,23.296320,30.673368
2003-12-16,12.737594,Training,5.810722,7.405865,9.056235,11.980431,13.649771,14.556557,15.456141,17.022362,19.752304,21.429407,28.254427
2003-12-17,10.826955,Training,3.057325,4.348952,5.823776,8.833693,11.190288,12.288498,14.055083,16.287928,20.780457,25.308769,34.999912
2003-12-18,14.435940,Training,2.839816,4.779994,6.249374,10.084685,13.024621,14.715408,16.719061,19.780956,26.360584,31.757778,47.029953
2003-12-19,12.737594,Training,3.274630,5.039946,6.738921,10.201392,12.687043,14.421875,15.988760,18.786312,24.286581,28.748447,40.340519
2003-12-20,11.198468,Training,4.030413,5.717784,7.526465,10.817987,12.954223,14.485505,15.715296,18.112057,22.493711,26.053308,35.665222
2003-12-21,9.765489,Training,4.563124,6.166492,7.924300,11.003931,12.952198,14.185686,15.230353,17.303408,20.916082,23.799873,32.114246
2003-12-22,9.022462,Training,4.333191,5.780129,7.301775,10.116838,11.779221,12.831974,13.710309,15.531792,18.506605,20.313709,27.138693
2003-12-23,8.279436,Training,5.126444,6.303996,7.958231,10.521453,12.198558,13.145229,13.810048,15.342331,18.121227,19.436090,26.826550
2003-12-24,7.854850,Training,,,,,,,,,,,
2003-12-25,7.430263,Training,,,,,,,,,,,
2003-12-26,7.217970,Training,2.453641,3.351745,4.381790,6.366624,7.725279,8.577164,9.237997,10.729691,13.140966,13.976485,18.681446
2003-12-27,6.687237,Training,,,,,,,,,,,
2003-12-28,8.279436,Training,,,,,,,,,,,
2003-12-29,6.899530,Training,0.857092,1.445060,1.954467,3.195939,4.278311,4.972893,5.617003,6.884716,9.149076,10.690567,14.815325
2003-12-30,6.740310,Training,0.838727,1.382379,1.910718,3.099170,4.212066,4.861392,5.507932,6.782637,8.975368,10.669766,14.570603
2003-12-31,7.058750,Training,0.913801,1.489662,2.057909,3.333568,4.539480,5.175031,5.846451,7.187608,9.503616,11.346423,15.661637
2004-01-01,8.279436,Training,0.983331,1.589916,2.182641,3.533401,4.799371,5.467576,6.173349,7.566207,9.994735,12.021862,16.711948
2004-01-02,8.757096,Training,1.108612,1.765966,2.397181,3.821001,4.975978,5.746231,6.408334,7.771852,10.147704,11.682130,15.898284
2004-01-03,8.916316,Training,1.199358,1.869605,2.510540,3.968112,5.123208,5.854415,6.509589,7.857277,10.116831,11.484423,15.396763
2004-01-04,7.483336,Training,1.415834,2.149346,2.844608,4.423446,5.601986,6.334314,6.988816,8.352250,10.612280,11.737976,15.690770
2004-01-05,6.952603,Training,1.127277,1.732517,2.298314,3.628938,4.702058,5.364172,5.945658,7.167457,9.222368,10.201791,13.766219
2004-01-06,6.474944,Training,0.735120,1.167547,1.556087,2.508750,3.365883,3.916214,4.407032,5.427185,7.070355,7.984101,11.069314
2004-01-07,6.262650,Training,0.684956,1.122885,1.482012,2.420667,3.245361,3.764968,4.269564,5.290627,6.878246,7.783139,10.656837
2004-01-08,7.324117,Training,0.638452,1.055733,1.409834,2.307507,3.200948,3.647492,4.167047,5.215403,6.780802,7.912486,10.883507
2004-01-09,7.271043,Training,0.557531,0.952531,1.308778,2.178658,3.050821,3.500125,4.006855,5.091098,6.710535,7.821133,10.887487
2004-01-10,6.899530,Training,0.578230,0.976012,1.342341,2.229434,3.117673,3.586517,4.097804,5.190801,6.838497,8.009954,11.105691
2004-01-11,6.634164,Training,0.639660,1.059820,1.462458,2.397184,3.311853,3.799816,4.316025,5.425223,7.120680,8.292866,11.390149
2004-01-12,6.474944,Training,0.772982,1.246213,1.673545,2.696019,3.638110,4.156885,4.694209,5.789153,7.471909,8.644546,11.653602
2004-01-13,6.156504,Training,0.830501,1.328655,1.772884,2.841926,3.810201,4.326890,4.872169,5.977760,7.681618,8.823409,11.822659
2004-01-14,6.421870,Training,1.013590,1.567430,2.071314,3.296953,4.427504,4.995356,5.626231,6.822165,8.738006,10.256250,13.941395
2004-01-15,6.634164,Training,1.291940,1.938323,2.608140,4.058018,5.400309,6.289632,6.983809,8.289060,10.950108,12.882226,19.001879
2004-01-16,6.421870,Training,0.980626,1.592702,2.182920,3.438253,4.572453,5.402322,6.016668,7.278311,9.701110,11.374926,16.249128
2004-01-17,6.209577,Training,1.042647,1.687802,2.248729,3.548548,4.694617,5.395167,6.052524,7.317215,9.473062,11.207931,15.430076
2004-01-18,5.997284,Training,1.206555,1.880504,2.508927,3.921370,5.071517,5.829411,6.457132,7.758582,10.005800,11.382368,15.640450
2004-01-19,5.678844,Training,1.132861,1.690367,2.272892,3.531236,4.621241,5.341723,5.877655,7.068765,9.124817,10.272624,14.433806
2004-01-20,5.360404,Training,0.810892,1.224935,1.652983,2.631829,3.527601,4.149599,4.621104,5.664680,7.380599,8.374042,12.161909
2004-01-21,5.095038,Training,0.778296,1.214227,1.629755,2.598293,3.489658,4.069079,4.551017,5.596594,7.278745,8.236981,11.529036
2004-01-22,5.041964,Training,0.742127,1.176246,1.577620,2.535853,3.411703,3.976176,4.461091,5.509041,7.173789,8.108474,11.270850
2004-01-23,5.041964,Training,0.690162,1.141968,1.519161,2.485552,3.356633,3.865888,4.395886,5.479959,7.088663,8.151538,10.996105
2004-01-24,5.041964,Training,0.650372,1.074301,1.459756,2.378963,3.287288,3.750198,4.273511,5.361254,6.983352,8.129874,11.080088
2004-01-25,5.148111,Training,0.723471,1.180840,1.594187,2.582018,3.548997,4.029952,4.573244,5.687895,7.388566,8.632377,11.769874
2004-01-26,8.173289,Training,0.836537,1.326523,1.876643,3.012271,4.232037,4.824947,5.550593,6.857306,9.132766,11.148227,15.683096
2004-01-27,,,1.212360,2.590855,3.397949,5.506683,7.776837,8.663238,10.124251,12.511872,17.107096,21.052492,31.065945
2004-01-28,,,1.166332,2.520665,3.341156,5.453624,7.742055,8.638160,10.115896,12.552839,17.262159,21.263815,31.351738
2004-01-29,27.014314,Training,2.456425,4.017610,5.315073,8.268521,11.249901,13.347127,14.999382,17.993202,24.514894,29.508448,47.845711
2004-01-30,21.017030,Training,3.148031,5.683775,7.125660,11.414739,15.080783,17.187208,19.363298,23.133671,30.091122,35.279224,51.379169
2004-01-31,,,1.885014,3.729781,5.091795,8.294069,11.439779,12.603371,14.521411,17.495373,23.581757,28.817759,41.460514
2004-02-01,,,2.208874,4.245221,5.861790,9.563904,13.039657,14.357258,16.450262,19.731815,26.464806,32.189690,46.171661
2004-02-02,37.469756,Training,3.519945,5.932734,7.919982,12.248081,15.863199,17.645786,19.601271,23.403265,30.050518,35.093464,49.138756
2004-02-03,26.005921,Training,3.711713,5.521641,7.463958,10.969861,13.776573,15.306033,16.702955,19.662016,24.618090,28.890938,39.606125
2004-02-04,21.600836,Training,3.815591,5.338788,7.125847,10.217655,12.587404,13.857489,15.022651,17.490591,21.445276,24.911289,33.870636
2004-02-05,17.673412,Training,2.950003,4.137663,5.465940,7.956053,9.829388,10.875154,11.837672,13.817168,16.830847,19.332861,25.851526
2004-02-06,14.489013,Training,2.872484,3.985210,5.185892,7.538284,9.214924,10.179931,11.049300,12.841380,15.437628,17.436119,23.082289
2004-02-07,12.843741,Training,2.862109,3.955759,5.090270,7.386254,8.936543,9.860536,10.682757,12.376438,14.748214,16.421839,21.631929
2004-02-08,11.251541,Training,2.741772,3.764406,4.871307,7.058117,8.595995,9.429993,10.220934,11.873389,14.208581,15.729082,20.709776
2004-02-09,10.773882,Training,2.670776,3.670967,4.747923,6.879968,8.366968,9.168417,9.937300,11.549783,13.810011,15.198929,20.005579
2004-02-10,9.871635,Training,2.559255,3.520556,4.573833,6.631891,8.100422,8.853480,9.602391,11.184926,13.416135,14.725393,19.404200
2004-02-11,8.863242,Training,2.464696,3.436731,4.436929,6.484035,7.855837,8.629423,9.361461,10.907911,13.072298,14.204068,18.762640
2004-02-12,8.438656,Training,2.358278,3.321832,4.279884,6.299909,7.610033,8.392235,9.099355,10.616527,12.788270,13.741589,18.270681
2004-02-13,8.067143,Training,2.270544,3.215866,4.159342,6.146335,7.447264,8.220923,8.915515,10.419417,12.606309,13.516274,18.034849
2004-02-14,7.536410,Training,,,,,,,,,,,
2004-02-15,7.217970,Training,,,,,,,,,,,
2004-02-16,7.111823,Training,1.498101,2.245937,2.986902,4.663814,5.853539,6.613515,7.224337,8.655303,10.862843,11.734711,15.795453
2004-02-17,6.952603,Training,1.108814,1.750491,2.328911,3.721707,4.796934,5.433606,6.013110,7.277945,9.248665,10.208903,13.618773
2004-02-18,6.740310,Training,,,,,,,,,,,
2004-02-19,6.474944,Training,,,,,,,,,,,
2004-02-20,6.209577,Training,0.478293,0.780721,1.058798,1.713912,2.352801,2.811913,3.176913,3.998277,5.213335,5.965876,8.765701
2004-02-21,5.997284,Training,0.466757,0.762257,1.031915,1.683297,2.332432,2.794941,3.152283,3.974465,5.195813,5.971202,8.918779
2004-02-22,5.997284,Training,0.493660,0.787821,1.113851,1.813830,2.572615,3.117826,3.551328,4.439020,5.941640,7.007731,10.551444
2004-02-23,5.731917,Training,0.616616,1.122609,1.599533,2.603831,3.743295,4.543859,5.252210,6.507989,9.255980,11.410851,17.748154
2004-02-24,5.731917,Training,0.693197,1.371302,1.898173,3.114334,4.427934,5.327241,6.164082,7.743864,10.998266,13.626517,20.876307
2004-02-25,16.505799,Training,1.170169,2.372834,3.222534,5.269133,7.852515,9.382659,11.051686,13.951647,20.303308,25.087515,39.160782
2004-02-26,19.477904,Training,1.453301,2.779811,3.832355,6.148907,8.682364,10.298935,11.889310,14.701287,20.674824,24.826368,37.250141
2004-02-27,12.525301,Training,1.599235,2.728776,3.681979,5.724341,8.029882,9.518357,10.776751,13.116523,18.212217,22.513422,34.606678
2004-02-28,10.030855,Training,1.800520,2.973302,4.044948,6.153789,8.542123,10.053050,11.226450,13.518640,18.465096,22.875792,35.386124
2004-02-29,9.287829,Training,1.556562,2.726697,3.656910,5.670147,7.886073,9.190248,10.470855,12.733219,17.468752,21.707266,32.094967
2004-03-01,8.067143,Training,1.638126,2.598403,3.710925,5.540305,7.485408,8.840372,9.820823,11.830854,15.864843,19.160463,28.159641
2004-03-02,7.536410,Training,1.774248,2.634248,3.698553,5.520533,7.190636,8.482526,9.239956,11.034554,14.303237,16.627989,24.556770
2004-03-03,6.899530,Training,1.847406,2.766907,3.798308,5.732903,7.287590,8.440765,9.223603,11.009937,13.946217,15.830874,21.979521
2004-03-04,6.581090,Training,1.574409,2.419613,3.296473,5.132454,6.533532,7.501832,8.310722,10.053782,12.677038,14.424023,19.346251
2004-03-05,6.634164,Training,1.265593,2.006095,2.776309,4.445034,5.920441,6.711442,7.588342,9.305050,12.007656,14.395679,19.653631
2004-03-06,6.793383,Training,1.018989,1.666924,2.410384,3.929307,5.349311,6.119960,6.942297,8.640317,11.482985,13.970706,19.297258
2004-03-07,6.156504,Training,1.231989,1.955544,2.719641,4.377768,5.675368,6.587124,7.337038,9.000676,11.641006,13.488380,18.395895
2004-03-08,5.891137,Training,1.226805,1.921461,2.692498,4.327083,5.613658,6.455946,7.169113,8.808488,11.320256,13.075644,17.747593
2004-03-09,5.413477,Training,1.221132,1.894180,2.645844,4.245324,5.512706,6.291651,6.974726,8.561216,10.947917,12.518926,16.849892
2004-03-10,5.678844,Training,1.180918,1.860536,2.568741,4.162600,5.470220,6.194638,6.908150,8.467122,10.863684,12.595692,17.209648
2004-03-11,5.838064,Training,1.050673,1.715683,2.442924,4.011721,5.391214,6.172991,6.983154,8.587895,11.354558,13.746898,19.428364
2004-03-12,12.313008,Training,0.835570,1.576707,2.349040,3.945577,5.619742,6.668283,7.911761,9.874516,14.107971,18.223360,27.342091
2004-03-13,8.332509,Training,1.026189,1.888542,2.713029,4.437833,6.080017,7.269496,8.331555,10.292536,14.408730,17.656343,26.504702
2004-03-14,6.952603,Training,1.040656,1.774807,2.530813,4.073411,5.466877,6.472121,7.351098,9.039200,12.207237,14.789313,21.138613
2004-03-15,6.368797,Training,0.999910,1.653146,2.383770,3.815255,5.174955,5.996530,6.781015,8.384685,11.087756,13.573294,18.764833
2004-03-16,5.997284,Training,0.961252,1.554570,2.297598,3.769705,5.112130,5.843294,6.580724,8.258934,10.980605,13.049853,17.800907
2004-03-17,5.519624,Training,0.864464,1.412076,2.025926,3.344314,4.549706,5.199307,5.863190,7.356636,9.707179,11.448770,15.540489
2004-03-18,5.254258,Training,0.855303,1.396954,1.917596,3.135888,4.205216,4.827377,5.432878,6.739341,8.712377,10.194328,13.712781
2004-03-19,5.201184,Training,0.636293,1.063294,1.431616,2.334992,3.182641,3.678682,4.189719,5.258805,6.781447,7.996090,11.000429
2004-03-20,4.988891,Training,0.652044,1.088023,1.457915,2.371751,3.219520,3.709958,4.218275,5.271142,6.777645,7.950919,10.906889
2004-03-21,4.988891,Training,0.696400,1.157718,1.539992,2.492691,3.354738,3.850523,4.362556,5.407914,6.921928,8.069216,11.012581
2004-03-22,4.829671,Training,0.786230,1.305322,1.705760,2.754199,3.626953,4.157100,4.679780,5.732085,7.308116,8.361242,11.370285
2004-03-23,4.405085,Training,0.892351,1.471106,1.917554,3.085802,4.010500,4.572850,5.114268,6.208388,7.900998,8.897550,12.026174
2004-03-24,4.564305,Training,0.725677,1.231199,1.594618,2.594691,3.441989,3.942274,4.450732,5.459415,6.980518,8.019662,11.023964
2004-03-25,4.405085,Training,0.623951,1.078804,1.428051,2.347000,3.138371,3.634946,4.115377,5.110050,6.592335,7.589188,10.472571
2004-03-26,4.245865,Training,0.642967,1.109682,1.463557,2.402733,3.201150,3.713959,4.189430,5.177726,6.708961,7.650579,10.647067
2004-03-27,4.086645,Training,0.686555,1.192778,1.560502,2.577273,3.450940,3.976342,4.490303,5.528300,7.160594,8.287559,11.596752
2004-03-28,4.086645,Training,0.729486,1.310287,1.790256,2.971307,4.022776,4.706934,5.365410,6.570246,8.792553,10.576604,15.208917
2004-03-29,3.927425,Training,0.670432,1.252364,1.773780,2.934589,3.979396,4.737563,5.369382,6.654917,9.047392,10.903510,15.802066
2004-03-30,4.086645,Training,0.604535,1.114207,1.531301,2.556489,3.531574,4.200658,4.824247,6.049121,8.216517,10.085703,14.811321
2004-03-31,4.139718,Training,0.760685,1.602699,2.247887,3.793992,5.469630,6.544028,7.678873,9.766711,13.980975,17.815187,26.929939
2004-04-01,8.969389,Validation,1.326470,2.856795,3.642002,6.289021,8.871375,10.607381,12.329425,15.410949,21.926428,26.415621,40.411430
2004-04-02,7.005677,Validation,1.542469,3.130605,3.937657,6.598014,9.158815,10.688820,12.288065,15.253634,20.882910,25.240858,37.500000
2004-04-03,6.209577,Validation,1.511593,2.758488,3.700829,5.831979,7.893666,9.153826,10.472850,12.866142,17.094139,20.912825,29.280409
2004-04-04,5.572697,Validation,1.363606,2.349800,3.285189,5.072065,6.861323,7.849361,8.931812,10.929667,14.381878,17.777872,24.579203
2004-04-05,5.360404,Validation,1.268876,2.141116,3.066373,4.843832,6.460171,7.328995,8.312052,10.241336,13.459152,16.217607,22.223316
2004-04-06,5.095038,Validation,1.418299,2.259206,3.082683,4.794378,6.254997,7.073220,7.937682,9.587365,12.220650,14.506866,19.620552
2004-04-07,4.670451,Validation,1.437047,2.264991,3.010161,4.690396,6.011262,6.804558,7.597139,9.106333,11.406158,13.313588,17.817059
2004-04-08,4.458158,Validation,1.214296,1.951509,2.615427,4.138673,5.382380,6.071522,6.809601,8.241466,10.451400,12.145321,16.304199
2004-04-09,4.139718,Validation,1.283445,2.052375,2.705152,4.275930,5.459701,6.187859,6.904827,8.302566,10.401279,11.937133,15.932817
2004-04-10,3.927425,Validation,1.287421,2.076468,2.706050,4.305030,5.425931,6.166144,6.852726,8.233307,10.307873,11.597384,15.541992
2004-04-11,3.821278,Validation,1.235871,2.006536,2.624882,4.191377,5.295082,6.007230,6.676809,8.039178,10.082524,11.301055,15.126940
2004-04-12,3.768205,Validation,1.135970,1.865429,2.464067,3.954170,5.048202,5.715869,6.367700,7.704002,9.703557,10.934923,14.620152
2004-04-13,3.715132,Validation,0.993605,1.657588,2.247167,3.637386,4.749082,5.353549,5.987909,7.315069,9.344127,10.632040,14.280164
2004-04-14,3.715132,Validation,0.966998,1.621717,2.233537,3.642416,4.777892,5.374284,6.008970,7.378223,9.494920,10.755256,14.505758
2004-04-15,3.821278,Validation,0.902050,1.535892,2.101641,3.439591,4.524610,5.108040,5.716267,7.013589,9.027122,10.261435,13.840965
2004-04-16,4.033571,Validation,0.827706,1.450072,1.935124,3.190863,4.205021,4.766351,5.348794,6.549843,8.410404,9.622915,13.055624
2004-04-17,3.927425,Validation,0.918547,1.603960,2.120189,3.501253,4.534833,5.158088,5.756729,7.013739,8.999905,10.133171,13.819962
2004-04-18,5.519624,Validation,0.773913,1.393612,1.867516,3.112576,4.151703,4.713966,5.313536,6.514800,8.444684,9.845901,13.581590
2004-04-19,4.458158,Validation,0.637838,1.202573,1.642166,2.772414,3.760195,4.331524,4.911722,6.086103,8.033803,9.571821,13.457695
2004-04-20,4.139718,Validation,0.468986,0.954110,1.362184,2.335342,3.266016,3.790449,4.337977,5.498316,7.438847,9.043713,13.139072
2004-04-21,5.891137,Validation,0.543678,1.091810,1.555951,2.604176,3.674616,4.364748,5.119606,6.471602,8.994867,11.439561,16.925940
2004-04-22,5.095038,Validation,0.557820,1.265311,1.749447,2.935955,4.137146,4.930649,5.730620,7.255581,10.213442,12.851404,19.639969
2004-04-23,4.139718,Validation,0.418901,0.949296,1.375449,2.270097,3.200880,3.834345,4.471807,5.813639,8.122386,10.101230,15.297011
2004-04-24,3.555912,Validation,0.454785,1.008609,1.460845,2.438627,3.371560,3.987060,4.627164,5.950991,8.156861,9.965600,14.636042
2004-04-25,3.449765,Validation,0.308827,0.832311,1.216578,2.124876,2.889020,3.456651,4.035087,5.251111,7.193819,8.618901,12.532248
2004-04-26,3.290545,Validation,0.287527,0.793358,1.137151,1.991926,2.689357,3.206966,3.747996,4.878159,6.594069,7.804776,11.272996
2004-04-27,3.980498,Validation,0.328101,0.812758,1.139461,1.964235,2.654071,3.134361,3.657262,4.744978,6.326652,7.450518,10.708898
2004-04-28,3.715132,Validation,0.487027,0.949113,1.275957,2.091716,2.833904,3.291908,3.809559,4.855415,6.343165,7.523057,10.736202
2004-04-29,3.502838,Validation,0.543465,1.001592,1.318764,2.129098,2.864766,3.324916,3.840708,4.839718,6.261640,7.465850,10.531840
2004-04-30,3.662058,Validation,0.612457,1.104977,1.408968,2.313709,3.098366,3.609133,4.198449,5.251245,6.829584,8.336389,11.825413
2004-05-01,6.156504,Validation,0.643332,1.290469,1.671122,2.778968,3.769702,4.447617,5.186533,6.519294,8.848651,11.153677,16.423683
2004-05-02,3.768205,Validation,0.636817,1.276101,1.714314,2.768515,3.706423,4.424467,5.139752,6.451918,8.736835,10.809825,15.664343
2004-05-03,3.502838,Validation,0.554616,1.123462,1.554638,2.501086,3.415964,4.027485,4.676476,5.917202,7.982100,9.887705,14.404898
2004-05-04,3.502838,Validation,0.615787,1.196033,1.606966,2.589972,3.509574,4.094243,4.733167,5.910855,7.840023,9.686780,13.941461
2004-05-05,4.245865,Validation,0.658509,1.259302,1.652529,2.715886,3.694378,4.305043,5.014189,6.271276,8.361061,10.535449,15.250659
2004-05-06,4.564305,Validation,0.645434,1.310469,1.772406,2.875210,3.884060,4.570657,5.303132,6.622028,8.942156,11.158596,16.149914
2004-05-07,3.662058,Validation,0.662853,1.282342,1.701882,2.739326,3.662174,4.302130,4.988303,6.195632,8.234368,10.149503,14.465014
2004-05-08,3.555912,Validation,0.620654,1.188602,1.597492,2.567337,3.429245,4.022520,4.646759,5.783701,7.634063,9.325110,13.236537
2004-05-09,4.192791,Validation,0.598358,1.149969,1.506814,2.500248,3.405218,3.991121,4.706401,5.916366,7.962908,10.055133,14.500870
2004-05-10,4.245865,Validation,0.556003,1.211358,1.625815,2.690863,3.670148,4.347072,5.090857,6.425069,8.833474,11.115429,16.379944
2004-05-11,4.192791,Validation,0.417567,0.937315,1.320770,2.169906,2.988228,3.562277,4.188503,5.408723,7.451310,9.258014,13.702371
2004-05-12,3.555912,Validation,0.306303,0.761059,1.100359,1.855660,2.562136,3.070091,3.628818,4.770206,6.589943,8.118179,12.134973
2004-05-13,3.449765,Validation,0.222994,0.632722,0.932066,1.621769,2.230402,2.696421,3.208654,4.282274,5.926090,7.236047,10.814358
2004-05-14,3.290545,Validation,0.187870,0.609344,0.904434,1.616709,2.205881,2.667967,3.177039,4.240051,5.837002,7.043222,10.377898
2004-05-15,2.865959,Validation,0.152418,0.608240,0.908839,1.672987,2.263839,2.735042,3.255734,4.326887,5.946111,7.105270,10.314732
2004-05-16,2.600592,Validation,0.196485,0.719524,1.065927,1.957541,2.631645,3.133859,3.701888,4.840297,6.600481,7.819198,11.102111
2004-05-17,2.547519,Validation,0.180620,0.700661,1.056826,1.968711,2.652506,3.157218,3.731572,4.895933,6.704071,7.930909,11.173552
2004-05-18,2.600592,Validation,0.166181,0.691648,1.084417,2.068050,2.791203,3.324439,3.930200,5.181219,7.187755,8.508589,11.830539
2004-05-19,1.857566,Validation,0.110328,0.583861,0.920245,1.775601,2.413480,2.897800,3.446168,4.599075,6.366689,7.544806,10.617275
2004-05-20,1.698346,Validation,0.050517,0.471257,0.718671,1.397263,1.905188,2.316177,2.773097,3.745852,5.119674,6.038266,8.785570
2004-05-21,2.812885,Validation,0.277525,0.678606,1.032474,1.793681,2.526644,2.967577,3.595160,4.813241,6.622429,8.328696,12.133670
2004-05-22,2.865959,Validation,0.130379,0.675849,1.015148,1.881434,2.642035,3.188040,3.830448,5.113703,7.422263,9.362371,14.489812
2004-05-23,2.547519,Validation,0.156271,0.694964,1.028979,1.919772,2.696845,3.235797,3.902807,5.239667,7.515076,9.596593,14.640414
2004-05-24,2.706739,Validation,0.127968,0.582613,0.868923,1.605705,2.268062,2.745689,3.301954,4.498795,6.441242,8.185876,12.732564
2004-05-25,2.388299,Validation,0.175339,0.657878,0.972841,1.714307,2.373915,2.895192,3.464920,4.639557,6.637751,8.273386,12.705304
2004-05-26,2.069859,Validation,0.235381,0.694790,1.020173,1.738960,2.382208,2.901062,3.457208,4.578650,6.432389,7.932167,11.951652
2004-05-27,1.486053,Validation,0.230522,0.693719,1.021710,1.761663,2.399899,2.908992,3.472028,4.586616,6.403960,7.847040,11.706744
2004-05-28,1.486053,Validation,0.124484,0.526093,0.778664,1.371824,1.847859,2.276182,2.738266,3.688071,5.101827,6.143417,9.245641
2004-05-29,1.379906,Validation,0.065133,0.428806,0.643547,1.149794,1.543068,1.921162,2.325989,3.165557,4.348514,5.179574,7.846646
2004-05-30,0.849173,Validation,0.065252,0.395626,0.594852,1.047567,1.410708,1.759070,2.133971,2.916607,3.983424,4.726807,7.189865
2004-05-31,0.902246,Validation,0.047199,0.348690,0.529880,0.931699,1.261014,1.580110,1.926105,2.652566,3.622856,4.292316,6.585258
2004-06-01,0.796100,Validation,-0.007518,0.279161,0.442707,0.806082,1.093859,1.388171,1.707811,2.383862,3.276611,3.876101,6.005654
2004-06-02,0.743026,Validation,-0.023272,0.252708,0.411208,0.757260,1.032180,1.316510,1.624108,2.281192,3.140301,3.711663,5.768528
2004-06-03,0.689953,Validation,-0.044728,0.228292,0.384759,0.725939,0.993329,1.273625,1.574178,2.226429,3.070210,3.625390,5.638124
2004-06-04,0.530733,Validation,-0.054630,0.216042,0.372214,0.710890,0.976144,1.254964,1.551572,2.202543,3.040394,3.588179,5.581248
2004-06-05,0.477660,Validation,0.000291,0.268115,0.427502,0.774601,1.066310,1.350335,1.657051,2.315893,3.177083,3.751683,5.814882
2004-06-06,0.477660,Validation,0.015580,0.279834,0.439419,0.788658,1.088824,1.372616,1.680175,2.340801,3.200110,3.771946,5.826329
2004-06-07,0.477660,Validation,-0.007481,0.257371,0.412006,0.757514,1.045920,1.324884,1.627034,2.276719,3.118858,3.663819,5.654946
2004-06-08,0.477660,Validation,-0.026877,0.244941,0.399709,0.755348,1.040627,1.322455,1.627998,2.284386,3.142769,3.692736,5.690559
2004-06-09,0.477660,Validation,-0.029056,0.253287,0.416105,0.783995,1.077828,1.366189,1.672816,2.340456,3.202236,3.750392,5.720389
2004-06-10,0.477660,Validation,-0.025255,0.261086,0.427591,0.810945,1.115753,1.410979,1.725112,2.411036,3.312559,3.890169,5.919592
2004-06-11,0.477660,Validation,-0.021372,0.251365,0.411500,0.769783,1.063708,1.347047,1.648521,2.306567,3.162147,3.710242,5.692208
2004-06-12,0.477660,Validation,-0.042547,0.196956,0.339367,0.631606,0.885487,1.133983,1.394292,1.971737,2.688980,3.137156,4.915529
2004-06-13,0.477660,Validation,-0.061187,0.163442,0.297059,0.562580,0.797875,1.030967,1.272965,1.819479,2.488639,2.904798,4.612539
2004-06-14,0.477660,Validation,-0.086205,0.114250,0.242339,0.468780,0.682300,0.896845,1.112265,1.634520,2.237571,2.621490,4.247450
2004-06-15,0.477660,Validation,-0.085374,0.108608,0.226705,0.434440,0.634991,0.835010,1.039240,1.525895,2.098866,2.479180,4.088116
2004-06-16,0.477660,Validation,-0.082880,0.110355,0.224725,0.428482,0.625420,0.821698,1.023440,1.497913,2.066688,2.449746,4.064707
2004-06-17,0.477660,Validation,-0.075369,0.116518,0.228038,0.430285,0.627396,0.821477,1.023736,1.490988,2.055263,2.431310,4.032416
2004-06-18,0.477660,Validation,-0.038675,0.146169,0.256294,0.456192,0.662928,0.855930,1.063430,1.528271,2.098464,2.481630,4.105642
2004-06-19,0.477660,Validation,-0.015733,0.165252,0.269705,0.469172,0.685245,0.873747,1.083197,1.547669,2.118017,2.511290,4.162921
2004-06-20,0.477660,Validation,-0.019737,0.156504,0.263091,0.457808,0.669375,0.858556,1.064760,1.526495,2.091466,2.473175,4.098308
2004-06-21,0.477660,Validation,-0.058643,0.144848,0.234264,0.448909,0.657638,0.837807,1.046344,1.502459,2.067397,2.471679,4.146509
2004-06-22,0.477660,Validation,-0.070459,0.128647,0.233649,0.440496,0.642720,0.835214,1.038699,1.501101,2.086270,2.486579,4.171364
2004-06-23,0.477660,Validation,-0.099336,0.120978,0.214957,0.434655,0.631492,0.817378,1.020999,1.476120,2.057775,2.477040,4.196251
2004-06-24,0.477660,Validation,-0.097442,0.123969,0.231581,0.456802,0.660326,0.860478,1.067264,1.542687,2.172276,2.625413,4.453925
2004-06-25,0.477660,Validation,-0.088448,0.116770,0.236415,0.448522,0.647235,0.853977,1.057765,1.538008,2.164776,2.606231,4.397264
2004-06-26,0.477660,Validation,-0.086575,0.117927,0.241498,0.457096,0.657868,0.870096,1.076920,1.566372,2.207725,2.655187,4.459289
2004-06-27,0.477660,Validation,-0.092673,0.113083,0.235800,0.452765,0.651944,0.864435,1.072025,1.565304,2.204377,2.644415,4.425696
2004-06-28,0.477660,Validation,-0.091410,0.113319,0.232748,0.446985,0.644489,0.853402,1.061561,1.552827,2.177859,2.603134,4.341537
2004-06-29,0.477660,Validation,-0.083599,0.121268,0.238789,0.452497,0.650968,0.858530,1.069811,1.559968,2.182334,2.603029,4.327470
2004-06-30,0.477660,Validation,-0.054678,0.146992,0.264504,0.481015,0.690192,0.899349,1.118856,1.615112,2.248860,2.677045,4.421743
2004-07-01,0.477660,Test,-0.035837,0.161304,0.279559,0.497265,0.714032,0.924244,1.148136,1.650781,2.288242,2.716047,4.458859
2004-07-02,0.477660,Test,-0.043922,0.155362,0.272750,0.493056,0.708133,0.918892,1.143574,1.647627,2.283939,2.700963,4.418579
2004-07-03,0.477660,Test,-0.046250,0.153809,0.270672,0.490181,0.703928,0.913882,1.138507,1.640840,2.274108,2.686662,4.392362
2004-07-04,0.477660,Test,-0.051692,0.149845,0.266147,0.485034,0.696459,0.905706,1.129461,1.629646,2.259512,2.667383,4.361512
2004-07-05,0.477660,Test,-0.040856,0.160364,0.276660,0.496611,0.712684,0.922040,1.148324,1.650502,2.284140,2.697385,4.405558
2004-07-06,0.477660,Test,-0.009471,0.187735,0.305117,0.526393,0.755172,0.965071,1.196604,1.704881,2.347976,2.778079,4.525128
2004-07-07,0.477660,Test,-0.004258,0.211004,0.315266,0.557060,0.802656,1.006891,1.248523,1.767909,2.432602,2.914295,4.778853
2004-07-08,0.477660,Test,0.000675,0.207284,0.329322,0.567567,0.813326,1.034262,1.273756,1.805699,2.506112,2.990806,4.881858
2004-07-09,0.477660,Test,-0.007953,0.199052,0.327042,0.565554,0.802966,1.030361,1.272443,1.814978,2.537900,3.037208,4.939403
2004-07-10,0.477660,Test,-0.049769,0.165269,0.271641,0.502183,0.726832,0.932251,1.157172,1.659808,2.324563,2.796601,4.669507
2004-07-11,0.477660,Test,-0.051198,0.155100,0.276602,0.500553,0.716321,0.934122,1.158408,1.673994,2.364675,2.837775,4.699259
2004-07-12,0.477660,Test,-0.060727,0.130834,0.240804,0.434304,0.631237,0.827204,1.032284,1.499171,2.101935,2.513851,4.231596
2004-07-13,0.477660,Test,-0.091515,0.096640,0.204016,0.389556,0.577164,0.767255,0.958806,1.409520,1.979261,2.356645,4.007938
2004-07-14,0.477660,Test,-0.100235,0.087413,0.194020,0.377431,0.562503,0.751084,0.940259,1.392514,1.953321,2.322634,3.954863
2004-07-15,0.477660,Test,-0.091041,0.098511,0.205049,0.391032,0.578835,0.769083,0.962930,1.416248,1.987266,2.362240,4.011303
2004-07-16,0.477660,Test,-0.063236,0.122143,0.229466,0.415704,0.611737,0.802841,1.003598,1.460100,2.039395,2.422584,4.090393
2004-07-17,0.477660,Test,-0.048461,0.133495,0.238692,0.422296,0.621931,0.810124,1.012995,1.467854,2.041059,2.420709,4.077158
2004-07-18,0.477660,Test,-0.050600,0.130424,0.233730,0.412748,0.608829,0.793742,0.994898,1.443221,2.005269,2.374759,4.003378
2004-07-19,0.477660,Test,-0.051272,0.131320,0.233254,0.413083,0.610221,0.794347,0.996308,1.444256,2.007344,2.376745,4.008795
2004-07-20,0.477660,Test,-0.056737,0.123431,0.226429,0.403126,0.597248,0.781183,0.980428,1.425902,1.985212,2.348389,3.965851
2004-07-21,0.477660,Test,-0.066299,0.115133,0.217307,0.393331,0.584751,0.768055,0.965392,1.408655,1.965492,2.323197,3.930499
2004-07-22,0.477660,Test,-0.060322,0.119545,0.222698,0.399254,0.593661,0.777823,0.976683,1.422254,1.983929,2.344659,3.962136
2004-07-23,0.477660,Test,-0.094379,0.090810,0.193469,0.370023,0.556304,0.740266,0.932527,1.378630,1.931586,2.277965,3.866952
2004-07-24,0.477660,Test,-0.110910,0.074606,0.183179,0.364318,0.553286,0.741875,0.933959,1.398913,1.961574,2.311855,3.917864
2004-07-25,0.477660,Test,-0.107931,0.090696,0.201912,0.399501,0.594348,0.793181,0.997201,1.477202,2.094479,2.480484,4.175734
2004-07-26,0.477660,Test,-0.089545,0.086166,0.183430,0.343988,0.525135,0.698283,0.879957,1.299104,1.828907,2.169668,3.752606
2004-07-27,0.477660,Test,-0.077370,0.088097,0.178548,0.327936,0.506032,0.670494,0.846049,1.248457,1.756946,2.086906,3.635594
2004-07-28,0.477660,Test,-0.053506,0.104012,0.189596,0.331408,0.510982,0.669289,0.845372,1.242303,1.746071,2.088407,3.653280
2004-07-29,0.477660,Test,-0.055436,0.090368,0.170078,0.294099,0.464971,0.611541,0.773998,1.143016,1.604017,1.919725,3.416573
2004-07-30,0.477660,Test,-0.069409,0.077704,0.154911,0.276336,0.442413,0.586593,0.744691,1.107647,1.560633,1.868834,3.348316
2004-07-31,0.477660,Test,-0.076638,0.070943,0.147847,0.268568,0.433509,0.577398,0.733733,1.095737,1.548255,1.854951,3.334192
2004-08-01,0.477660,Test,-0.076481,0.070120,0.146448,0.265511,0.430313,0.573280,0.728827,1.088778,1.540473,1.847642,3.329895
2004-08-02,0.477660,Test,-0.066027,0.076755,0.151131,0.266129,0.431747,0.571757,0.726961,1.081941,1.529594,1.839403,3.326233
2004-08-03,0.477660,Test,-0.084008,0.077310,0.136685,0.261319,0.428536,0.560981,0.716810,1.064462,1.511306,1.832819,3.361480
2004-08-04,0.477660,Test,-0.057656,0.082999,0.154201,0.264289,0.430963,0.566835,0.720314,1.068515,1.514115,1.834669,3.350896
2004-08-05,0.477660,Test,-0.064831,0.073594,0.144435,0.250412,0.412997,0.547084,0.697137,1.039471,1.477179,1.791755,3.288418
2004-08-06,0.477660,Test,-0.070754,0.067875,0.138502,0.243139,0.404747,0.538159,0.686299,1.026502,1.466330,1.784034,3.292247
2004-08-07,0.477660,Test,-0.077727,0.060781,0.128440,0.230382,0.388930,0.519695,0.664785,0.999471,1.430490,1.740828,3.231095
2004-08-08,0.902246,Test,-0.067304,0.094976,0.186502,0.330501,0.524609,0.635984,0.824112,1.173193,1.645872,2.153005,4.012659
2004-08-09,0.849173,Test,-0.138842,0.095289,0.179247,0.342992,0.544355,0.697506,0.862039,1.249537,1.912873,2.510868,5.033211
2004-08-10,0.477660,Test,-0.107273,0.107206,0.211934,0.358128,0.550524,0.723085,0.889283,1.293055,1.954982,2.532329,4.902016
2004-08-11,0.477660,Test,-0.144845,0.055427,0.121982,0.267392,0.444495,0.586933,0.738674,1.096426,1.653485,2.140664,4.196505
2004-08-12,0.477660,Test,-0.115414,0.066585,0.155107,0.284562,0.459602,0.615832,0.769596,1.141916,1.729114,2.211525,4.265071
2004-08-13,0.477660,Test,-0.092793,0.068094,0.155577,0.269499,0.438884,0.589342,0.742323,1.103397,1.649582,2.094910,4.000966
2004-08-14,0.477660,Test,-0.107775,0.054728,0.138254,0.251636,0.416130,0.564820,0.716027,1.073190,1.614388,2.046950,3.920809
2004-08-15,0.477660,Test,-0.101838,0.052414,0.122757,0.227879,0.387759,0.524382,0.673392,1.015188,1.514442,1.909349,3.659666
2004-08-16,0.477660,Test,-0.147081,0.049808,0.108206,0.254279,0.422876,0.538495,0.711026,1.028563,1.534243,2.026279,4.006173
2004-08-17,0.477660,Test,-0.172544,0.083842,0.155962,0.330175,0.521281,0.651782,0.827139,1.181010,1.820393,2.522317,5.268658
2004-08-18,,,0.468173,1.035136,1.247706,1.614873,2.276707,2.576013,3.067174,4.186606,6.534801,8.554776,15.535995
2004-08-19,,,0.434986,1.012066,1.231267,1.624607,2.302033,2.608031,3.111753,4.267660,6.753622,8.890635,16.125740
2004-08-20,,,,,,,,,,,,,
2004-08-21,,,,,,,,,,,,,
2004-08-22,0.477660,Test,0.060375,0.502575,0.686816,0.907438,1.195964,1.414489,1.729628,2.389533,3.845350,5.165218,9.952681
2004-08-23,0.477660,Test,0.074731,0.465362,0.647170,0.861777,1.120126,1.343637,1.645680,2.264408,3.671762,4.959086,9.248197
2004-08-24,0.477660,Test,0.054557,0.412625,0.579314,0.800043,1.047811,1.267839,1.567829,2.157262,3.548391,4.832638,8.832919
2004-08-25,0.477660,Test,0.031894,0.314992,0.417178,0.585890,0.793926,0.967121,1.227256,1.692827,2.715264,3.654133,6.809097
2004-08-26,0.477660,Test,0.011474,0.253730,0.323104,0.477786,0.672412,0.823727,1.064336,1.487212,2.371916,3.207738,6.033720
2004-08-27,0.477660,Test,-0.006339,0.191489,0.245836,0.378490,0.565392,0.704577,0.925117,1.318184,2.049651,2.719995,5.155144
2004-08-28,0.477660,Test,-0.019944,0.149583,0.187283,0.294576,0.468392,0.586456,0.780466,1.128555,1.731881,2.298649,4.459867
2004-08-29,0.477660,Test,-0.049068,0.111204,0.142873,0.246678,0.415935,0.527998,0.708111,1.046564,1.621237,2.168233,4.240184
2004-08-30,0.477660,Test,-0.033804,0.103053,0.124728,0.207259,0.371623,0.467871,0.630090,0.936432,1.426311,1.908771,3.812513
2004-08-31,0.477660,Test,-0.045633,0.082463,0.102424,0.180939,0.343552,0.437511,0.590282,0.890881,1.362514,1.825612,3.664113
2004-09-01,0.477660,Test,-0.062526,0.070850,0.083106,0.168123,0.335569,0.427844,0.577182,0.879394,1.356206,1.825543,3.677929
2004-09-02,1.486053,Test,-0.104257,0.048760,0.051605,0.164289,0.351496,0.441466,0.598601,0.917973,1.443161,1.998551,4.063502
2004-09-03,1.539126,Test,-0.149155,0.028037,0.051178,0.180618,0.366527,0.478150,0.631458,0.979539,1.604790,2.227447,4.476871
2004-09-04,4.988891,Test,-0.163135,0.019750,0.040951,0.170840,0.363290,0.465395,0.616735,0.946177,1.559756,2.225294,4.607881
2004-09-07,0.902246,Test,,,,,,,,,,,
2004-09-08,0.743026,Test,,,,,,,,,,,
2004-09-09,0.583806,Test,-0.076350,0.029646,0.070167,0.121390,0.283661,0.377347,0.500664,0.769300,1.177289,1.564258,3.265941
2004-09-10,0.583806,Test,-0.072657,0.028719,0.065089,0.113509,0.274526,0.364949,0.488641,0.753548,1.147783,1.516323,3.158285
2004-09-11,0.530733,Test,-0.067355,0.029562,0.065254,0.112941,0.275271,0.365786,0.489615,0.755965,1.151235,1.520306,3.161985
2004-09-12,0.477660,Test,-0.043255,0.042819,0.073929,0.117952,0.282980,0.369984,0.495170,0.760752,1.145645,1.506822,3.115182
2004-09-13,0.530733,Test,-0.034027,0.047655,0.076109,0.119761,0.286828,0.373095,0.499675,0.766609,1.150296,1.507795,3.104431
2004-09-14,0.477660,Test,-0.047108,0.049187,0.067116,0.121769,0.296246,0.381061,0.512238,0.785135,1.180928,1.551363,3.198981
2004-09-15,0.477660,Test,-0.042181,0.040641,0.069036,0.116006,0.284645,0.373981,0.502212,0.775289,1.169102,1.529065,3.136851
2004-09-16,0.477660,Test,-0.066390,0.022855,0.051680,0.101420,0.266767,0.358039,0.486079,0.759965,1.158016,1.512894,3.110170
2004-09-17,0.477660,Test,-0.076021,0.015235,0.046307,0.100351,0.268121,0.363166,0.493477,0.775105,1.189432,1.553650,3.180326
2004-09-18,0.477660,Test,-0.067546,0.019774,0.051228,0.109396,0.283289,0.381514,0.516000,0.807871,1.238039,1.614444,3.271314
2004-09-19,0.583806,Test,-0.083449,0.007193,0.038383,0.105081,0.282327,0.385590,0.523061,0.827159,1.284016,1.679932,3.377573
2004-09-20,0.636880,Test,-0.118465,-0.017233,0.018112,0.102942,0.286122,0.400581,0.545547,0.875732,1.387527,1.818449,3.589630
2004-09-21,0.583806,Test,-0.116813,-0.019120,0.009195,0.075857,0.246799,0.349267,0.481089,0.779750,1.237135,1.629191,3.306714
2004-09-22,0.530733,Test,-0.123008,-0.024043,0.002278,0.059568,0.223640,0.319207,0.443591,0.724835,1.150029,1.518146,3.140465
2004-09-23,0.477660,Test,-0.107649,-0.015305,0.010185,0.049314,0.207089,0.289487,0.404698,0.660115,1.017786,1.339835,2.860664
2004-09-24,0.477660,Test,-0.064642,0.016472,0.039737,0.076914,0.237928,0.321068,0.440434,0.696060,1.063726,1.398433,2.940745
2004-09-25,0.477660,Test,-0.064216,0.015618,0.040105,0.078673,0.241770,0.327190,0.448055,0.708870,1.084233,1.422817,2.975378
2004-09-26,0.477660,Test,-0.090870,-0.004780,0.016525,0.058072,0.219325,0.305616,0.423574,0.685400,1.069784,1.414733,2.975703
2004-09-27,0.477660,Test,-0.061198,0.017125,0.045005,0.076221,0.236647,0.319477,0.437459,0.690824,1.042492,1.354187,2.842706
2004-09-28,0.477660,Test,-0.050570,0.023708,0.051945,0.082634,0.244915,0.328265,0.447706,0.703289,1.057642,1.373856,2.870372
2004-09-29,0.477660,Test,-0.007407,0.051692,0.081307,0.110121,0.281603,0.364993,0.489303,0.752093,1.112122,1.443528,2.971944
2004-09-30,0.955320,Test,-0.001955,0.055532,0.086886,0.117543,0.292413,0.378633,0.506106,0.774781,1.143119,1.477218,3.017382
2004-10-01,1.167613,Validation,0.001604,0.057810,0.089419,0.122102,0.300142,0.388528,0.518463,0.791803,1.168715,1.508309,3.064918
2004-10-02,1.114539,Validation,-0.005767,0.050297,0.077256,0.109876,0.285518,0.372578,0.499928,0.770328,1.147903,1.495424,3.059652
2004-10-03,1.167613,Validation,0.003255,0.056994,0.089264,0.116984,0.291179,0.377766,0.504640,0.772683,1.134825,1.463262,2.982821
2004-10-04,1.379906,Validation,0.015946,0.064427,0.096648,0.122980,0.299926,0.386186,0.513342,0.782195,1.144567,1.477260,3.003773
2004-10-05,1.220686,Validation,0.007336,0.058611,0.092030,0.119917,0.295897,0.384530,0.512478,0.784326,1.149794,1.480119,3.002745
2004-10-06,1.061466,Validation,-0.002494,0.052291,0.087891,0.118065,0.293502,0.385457,0.515040,0.791156,1.162201,1.490340,3.010506
2004-10-07,1.167613,Validation,-0.016412,0.042524,0.079157,0.110408,0.283423,0.377468,0.506640,0.783810,1.156397,1.479958,2.989174
2004-10-08,1.167613,Validation,-0.009074,0.046389,0.072458,0.118551,0.324242,0.413444,0.560142,0.857399,1.247113,1.641598,3.340198
2004-10-09,1.910639,Validation,0.093079,0.144175,0.212260,0.293710,0.586126,0.701794,0.896211,1.264285,1.861381,2.531339,4.989092
2004-10-10,2.547519,Validation,0.018012,0.179782,0.260696,0.392193,0.717771,0.880585,1.088969,1.552329,2.435980,3.340618,6.910909
2004-10-11,3.555912,Validation,0.028097,0.216702,0.308437,0.448854,0.790007,0.967626,1.198308,1.709353,2.693795,3.671036,7.443974
2004-10-12,2.388299,Validation,0.080955,0.227282,0.360374,0.481207,0.803245,1.005744,1.248305,1.753865,2.738561,3.645770,6.963747
2004-10-13,2.016786,Validation,0.103601,0.242796,0.355085,0.488441,0.810103,1.012128,1.263279,1.767607,2.702085,3.556589,6.581575
2004-10-14,1.910639,Validation,0.095401,0.254676,0.329814,0.500730,0.844151,1.037525,1.303570,1.844709,2.785944,3.678103,6.821052
2004-10-15,1.910639,Validation,0.097884,0.247961,0.334383,0.506464,0.835126,1.042176,1.311673,1.843702,2.767578,3.591904,6.480969
2004-10-16,1.857566,Validation,0.093623,0.239737,0.319733,0.496322,0.820513,1.027715,1.299106,1.834635,2.731159,3.515986,6.300339
2004-10-17,1.804492,Validation,0.077104,0.222543,0.326740,0.511650,0.835603,1.065021,1.344308,1.910601,2.858556,3.650529,6.469012
2004-10-18,2.600592,Validation,0.126814,0.312925,0.477386,0.766180,1.290049,1.573689,2.023949,2.942031,4.572552,6.115588,11.016414
2004-10-19,5.307331,Validation,-0.138777,0.605787,1.056915,2.129309,3.508769,4.657157,5.891350,9.420058,17.492985,21.971302,41.252563
2004-10-20,6.687237,Validation,0.179430,1.125053,1.663088,3.161420,4.887468,6.069493,7.792966,11.457325,19.098799,22.602051,38.689499
2004-10-21,4.882744,Validation,0.503842,1.545925,2.024473,3.553202,5.248625,6.150743,7.785229,10.508905,16.447367,20.116362,32.749878
2004-10-22,3.980498,Validation,0.383792,1.038987,1.501503,2.506702,3.585576,4.292053,5.402975,7.242818,11.323658,14.111911,21.920523
2004-10-23,3.555912,Validation,0.310474,0.817526,1.231127,2.054393,2.926100,3.525012,4.427028,5.922683,9.138854,11.473636,17.334505
2004-10-24,9.234756,Validation,0.267098,0.853927,1.409651,2.597669,4.071490,4.732834,6.113577,8.534466,13.338869,17.228031,26.581402
2004-10-25,5.678844,Validation,0.837132,2.062821,2.720292,5.013870,7.333210,8.419635,10.302622,13.293573,19.771112,24.684679,38.133877
2004-10-26,4.829671,Validation,1.220130,2.717900,3.635907,6.575213,9.501065,10.928702,13.218417,16.907442,24.430523,29.812401,44.788231
2004-10-27,,,0.938798,2.243955,3.121898,5.414023,7.812873,8.720978,10.455511,13.118261,18.659071,23.208780,34.008045
2004-10-28,24.997528,Validation,2.296896,4.696841,6.105118,10.632692,14.841574,16.994251,20.014009,25.043671,34.560276,40.796288,59.628128
2004-10-29,23.458402,Validation,3.254244,6.282205,8.040999,13.596484,18.439760,21.005724,24.395428,29.950415,40.202938,46.881935,67.420731
2004-10-30,30.517152,Validation,4.087638,7.555661,9.520337,15.760201,20.824661,23.548210,27.121260,32.726421,43.207710,49.997490,71.172516
2004-10-31,26.377434,Validation,4.620133,8.457486,10.393328,16.923613,21.832445,24.329168,27.678785,32.839565,43.254482,49.755878,71.854897
2004-11-01,18.097998,Validation,3.659217,6.321161,7.936317,12.361567,15.651458,17.617271,19.955452,23.463116,31.094995,36.193512,49.755249
2004-11-02,13.215254,Validation,2.570212,4.540172,5.517129,9.025876,11.873039,13.187551,15.210530,18.203981,24.606600,30.074343,42.639763
2004-11-03,14.542086,Validation,2.066933,3.933173,5.030725,8.595931,11.581443,12.766730,14.999474,18.430351,25.871744,31.142855,45.508335
2004-11-04,11.835348,Validation,1.995227,3.422577,4.438185,7.034842,9.237063,10.427001,12.069852,14.418522,19.788992,23.823425,32.848888
2004-11-05,9.500122,Validation,1.941467,3.145783,4.247155,6.665224,8.613867,9.777520,11.182190,13.351844,18.119873,21.354952,28.902643
2004-11-06,9.022462,Validation,1.545416,2.492492,3.482373,5.548562,7.189798,8.230411,9.451492,11.422503,15.579722,18.153852,24.118202
2004-11-07,7.854850,Validation,1.372554,2.182537,2.909163,4.604728,5.977473,6.797143,7.766106,9.280427,12.264764,14.152861,18.760777
2004-11-08,6.952603,Validation,1.238593,1.967600,2.556589,4.037834,5.236995,5.959299,6.791595,8.079247,10.491483,12.069231,15.914202
2004-11-09,6.634164,Validation,0.841398,1.394187,1.804681,2.958196,3.939087,4.553518,5.271689,6.419630,8.431765,9.829176,13.096360
2004-11-10,6.050357,Validation,0.908148,1.488145,1.922788,3.143910,4.131476,4.760465,5.464520,6.618767,8.613319,9.913763,13.064408
2004-11-11,5.466551,Validation,2.186178,3.176415,4.053385,5.979398,7.229379,8.021682,8.841602,10.212444,12.519773,13.590033,17.665331
2004-11-12,5.148111,Validation,2.124937,3.095872,3.952964,5.840088,7.071471,7.825511,8.616179,9.976117,12.253983,13.230367,17.261332
2004-11-13,4.670451,Validation,1.867883,2.765949,3.553629,5.319531,6.509005,7.222632,7.978077,9.298795,11.528339,12.472606,16.285540
2004-11-14,4.935818,Validation,,,,,,,,,,,
2004-11-15,4.458158,Validation,1.412101,2.144579,2.793559,4.297317,5.398908,6.063544,6.723259,7.927475,10.075046,10.942181,14.551261
2004-11-16,4.245865,Validation,1.153670,1.809991,2.370620,3.729313,4.766059,5.389291,6.015670,7.170586,9.226011,10.118290,13.489888
2004-11-17,3.927425,Validation,0.921663,1.499594,1.976655,3.182325,4.143993,4.724943,5.317037,6.418653,8.352253,9.271901,12.424332
2004-11-18,3.821278,Validation,0.734118,1.235931,1.640478,2.694317,3.574556,4.116158,4.669631,5.714460,7.503020,8.428953,11.415074
2004-11-19,3.768205,Validation,0.572281,1.000150,1.334272,2.230443,3.012088,3.510527,4.018941,4.997396,6.597883,7.495745,10.313786
2004-11-20,3.715132,Validation,0.621938,1.079741,1.445773,2.423856,3.259567,3.784343,4.313652,5.340069,7.072162,7.987060,10.897779
2004-11-21,3.502838,Validation,0.428096,0.784095,1.056955,1.810340,2.490201,2.948131,3.413560,4.324655,5.760804,6.598755,9.273909
2004-11-22,3.874352,Validation,0.308435,0.582335,0.799051,1.378660,1.929400,2.333151,2.735932,3.551387,4.747921,5.471133,7.910286
2004-11-23,3.449765,Validation,0.222404,0.437699,0.619008,1.085518,1.553632,1.913649,2.277546,3.022386,4.085423,4.737084,6.987391
2004-11-24,3.290545,Validation,0.144606,0.293437,0.436820,0.778108,1.157122,1.466378,1.776860,2.424897,3.339942,3.884077,5.943248
2004-11-25,3.131325,Validation,0.317012,0.593443,0.819268,1.410528,1.977725,2.385397,2.792095,3.624561,4.842484,5.583313,8.032920
2004-11-26,3.396692,Validation,0.353538,0.655930,0.903614,1.545886,2.161756,2.582450,3.007438,3.878730,5.155454,5.954455,8.444488
2004-11-27,3.078252,Validation,0.400408,0.710099,0.965398,1.655330,2.375386,2.809327,3.280198,4.215131,5.631196,6.729681,9.653382
2004-11-28,3.343618,Validation,0.376557,0.730307,1.058963,1.839942,2.722975,3.255877,3.816284,4.962016,6.987756,8.692785,13.156864
2004-11-29,3.025179,Validation,0.356522,0.735960,1.108405,1.906823,2.775753,3.374367,3.948384,5.144363,7.326553,9.056490,13.525142
2004-11-30,3.396692,Validation,0.545840,1.405176,2.175425,3.827861,6.084363,7.293821,8.926707,11.910678,18.122646,23.035517,36.516514
2004-12-01,20.327077,Validation,2.612969,5.165775,7.042371,11.865289,16.372875,19.679045,22.608215,27.949890,38.182579,43.717155,65.922546
2004-12-02,13.852133,Validation,5.501318,9.020039,11.632471,17.308792,21.559322,24.550356,26.836924,31.090967,40.106205,44.648750,63.571377
2004-12-03,7.801776,Validation,4.599060,6.977485,9.168790,13.272042,16.218025,18.589006,19.994387,23.064409,29.368700,33.466072,46.707821
2004-12-04,5.997284,Validation,3.030070,4.565921,6.067358,8.790766,10.907025,12.577078,13.729551,15.889131,20.294464,23.415485,31.903448
2004-12-05,5.095038,Validation,1.903400,2.888335,3.797933,5.647367,7.175183,8.296583,9.258196,10.849689,13.945613,16.111666,21.480797
2004-12-06,4.988891,Validation,1.615591,2.405892,3.154230,4.743430,6.060523,7.030194,7.853388,9.225379,11.826126,13.504176,18.020065
2004-12-07,4.617378,Validation,1.420220,2.062066,2.723904,4.134638,5.332103,6.219294,6.922471,8.157266,10.475638,11.881415,16.156492
2004-12-08,4.245865,Validation,1.258975,1.818476,2.415330,3.721214,4.830482,5.650428,6.288477,7.456244,9.614707,10.841690,15.024793
2004-12-09,4.086645,Validation,1.135448,1.644745,2.191868,3.432966,4.473033,5.241207,5.841174,6.976737,9.038119,10.130758,14.364445
2004-12-10,4.086645,Validation,1.030492,1.548406,2.085185,3.282155,4.317880,5.016930,5.600010,6.739504,8.777404,9.833891,13.500918
2004-12-11,3.980498,Validation,0.896048,1.458064,1.939245,3.142994,4.128654,4.738883,5.367753,6.545110,8.528296,9.583632,12.638955
2004-12-12,3.768205,Validation,0.829820,1.362146,1.838493,2.995570,3.993045,4.558715,5.178077,6.354095,8.293760,9.442005,12.412398
2004-12-13,3.821278,Validation,0.879295,1.406971,1.912009,3.125101,4.296987,4.887561,5.606763,6.875066,9.105932,10.915280,14.931138
2004-12-14,3.662058,Validation,0.763674,1.314702,1.871716,3.084003,4.195131,4.902673,5.573040,6.885736,9.341536,11.129134,15.363818
2004-12-15,3.555912,Validation,0.930239,1.522014,2.103003,3.406852,4.521788,5.245811,5.913131,7.212501,9.572104,11.102441,14.986606
2004-12-16,3.396692,Validation,0.853610,1.411132,1.930208,3.150660,4.201224,4.848608,5.478848,6.714650,8.875907,10.274019,13.914701
2004-12-17,3.078252,Validation,0.663182,1.124205,1.538133,2.556223,3.479934,4.026761,4.598041,5.719459,7.569855,8.789161,11.872824
2004-12-18,3.396692,Validation,0.612330,1.046046,1.451999,2.427869,3.364480,3.871316,4.433353,5.553645,7.393709,8.627566,11.676636
2004-12-19,3.502838,Validation,0.496074,0.879193,1.216890,2.086764,2.955793,3.433284,3.969936,5.044816,6.752742,7.996592,11.033253
2004-12-20,3.715132,Validation,0.432021,0.776718,1.073281,1.845089,2.572198,3.057251,3.533342,4.529900,6.036223,7.015839,9.799936
2004-12-21,3.396692,Validation,0.441933,0.772658,1.067186,1.819461,2.529127,3.026547,3.478654,4.442436,5.927244,6.798732,9.634126
2004-12-22,3.131325,Validation,0.485142,0.800044,1.119638,1.875463,2.614809,3.138420,3.564359,4.515671,6.017768,6.881157,9.946955
2004-12-23,3.078252,Validation,0.495140,0.807441,1.127207,1.884023,2.622385,3.147608,3.568623,4.511833,6.000035,6.838401,9.914865
2004-12-24,3.025179,Validation,0.481711,0.805089,1.117831,1.877754,2.613142,3.125204,3.554718,4.503975,5.987973,6.815174,9.750135
2004-12-25,3.025179,Validation,0.627487,1.021029,1.365360,2.285235,3.177113,3.752739,4.314207,5.375977,7.188279,8.418101,11.963803
2004-12-26,3.874352,Validation,0.575151,0.975974,1.386018,2.291763,3.207703,3.873786,4.366540,5.446361,7.436345,8.730159,12.958548
2004-12-27,3.662058,Validation,0.592657,0.953517,1.363810,2.238294,3.114731,3.769516,4.239518,5.296539,7.154834,8.326469,12.291207
2004-12-28,3.608985,Validation,0.790525,1.330559,1.782358,2.929005,3.984637,4.624156,5.240912,6.453968,8.593259,10.046843,14.126020
2004-12-29,4.776598,Validation,0.779193,1.309692,1.793208,2.925963,3.930322,4.578075,5.172978,6.385729,8.483232,9.795918,13.455047
2004-12-30,4.192791,Validation,0.873258,1.405012,1.910331,3.075715,4.097773,4.753347,5.332170,6.528087,8.598845,9.769049,13.371573
2004-12-31,4.033571,Validation,0.990916,1.582751,2.130669,3.425589,4.493158,5.152538,5.761262,7.026528,9.159469,10.277600,13.843258
2005-01-01,3.874352,Training,0.639551,1.066715,1.439210,2.376886,3.225163,3.767257,4.282384,5.348424,7.049711,8.023540,11.054883
2005-01-02,3.715132,Training,0.606574,1.029617,1.384945,2.311725,3.140909,3.659757,4.178913,5.247924,6.897776,7.871039,10.734156
2005-01-03,3.874352,Training,0.645563,1.044842,1.426373,2.344736,3.196816,3.753855,4.231358,5.275688,6.959150,7.867660,10.987601
2005-01-04,3.502838,Training,0.652585,1.057556,1.440494,2.368964,3.223289,3.779179,4.255685,5.302183,6.986611,7.877994,10.967405
2005-01-05,3.343618,Training,0.702151,1.106666,1.512299,2.469739,3.348255,3.927658,4.393057,5.442918,7.160272,8.038054,11.314260
2005-01-06,3.184398,Training,0.739462,1.164733,1.593618,2.605584,3.517981,4.116008,4.588167,5.675520,7.464458,8.333011,11.651173
2005-01-07,3.131325,Training,0.543331,0.896770,1.253065,2.104354,2.914364,3.467761,3.905675,4.934865,6.562493,7.415406,10.523324
2005-01-08,2.972105,Training,0.526513,0.859002,1.209215,2.053857,2.848970,3.420432,3.845783,4.874691,6.501188,7.333803,10.673828
2005-01-09,3.025179,Training,0.525410,0.853902,1.195526,2.058061,2.839135,3.425333,3.852441,4.890364,6.525413,7.324883,10.899984
2005-01-10,2.972105,Training,0.544158,0.904549,1.275374,2.162004,2.997726,3.576204,4.010242,5.081038,6.779677,7.636124,10.865518
2005-01-11,2.919032,Training,0.585788,0.993860,1.387003,2.350082,3.229098,3.810972,4.278112,5.405409,7.195753,8.068117,11.139128
2005-01-12,3.078252,Training,0.676156,1.150891,1.557498,2.658471,3.672416,4.289402,4.903917,6.144414,8.224509,9.568159,13.255735
2005-01-13,3.237472,Training,0.450357,0.862956,1.231023,2.122133,3.054194,3.648192,4.241953,5.435398,7.529206,9.252432,13.506508
2005-01-14,3.078252,Training,0.473886,0.867726,1.280193,2.166815,3.071957,3.702225,4.276781,5.495908,7.561697,9.184974,13.051690
2005-01-15,3.078252,Training,0.658146,1.140280,1.618366,2.717083,3.744381,4.413532,5.024980,6.328974,8.533022,10.133541,14.071953
2005-01-16,3.078252,Training,0.500980,0.875306,1.222248,2.060263,2.860430,3.397416,3.902773,4.988647,6.650036,7.842237,11.009880
2005-01-17,3.131325,Training,0.499615,0.847460,1.173991,1.965951,2.728707,3.258866,3.712487,4.726213,6.285599,7.241448,10.312503
2005-01-18,2.812885,Training,0.504430,0.876380,1.180552,1.994376,2.756164,3.240477,3.723447,4.745601,6.237956,7.233430,10.058805
2005-01-19,2.759812,Training,0.495784,0.857907,1.163185,1.963383,2.703167,3.196188,3.662098,4.667878,6.148070,7.057252,9.842021
2005-01-20,2.600592,Training,0.494594,0.855834,1.159510,1.957337,2.697447,3.177337,3.646445,4.652507,6.103782,7.038537,9.751622
2005-01-21,2.600592,Training,0.477462,0.830421,1.129143,1.916348,2.643697,3.131765,3.586585,4.581793,6.038556,6.911015,9.653050
2005-01-22,2.759812,Training,0.485457,0.839620,1.141521,1.932694,2.664090,3.156250,3.606028,4.597097,6.058092,6.911260,9.665381
2005-01-23,2.812885,Training,0.498754,0.841154,1.156815,1.941966,2.687738,3.198414,3.626287,4.605106,6.082297,6.915002,9.789978
2005-01-24,2.706739,Training,0.510792,0.872200,1.189179,2.001510,2.755625,3.261066,3.704467,4.698902,6.192293,7.029093,9.834253
2005-01-25,2.547519,Training,0.549105,0.875505,1.214248,2.028797,2.794636,3.351080,3.757338,4.731473,6.250844,7.063183,10.410620
2005-01-26,2.494445,Training,0.553971,0.881522,1.198859,2.048477,2.784035,3.354970,3.770633,4.750051,6.270467,7.010325,10.762222
2005-01-27,2.335226,Training,0.564314,0.905083,1.209898,2.092905,2.818599,3.389948,3.812856,4.805166,6.330466,7.015246,11.013606
2005-01-28,2.388299,Training,0.606251,0.966477,1.303489,2.224735,2.994839,3.583363,4.012982,5.033346,6.632477,7.355451,11.334019
2005-01-29,2.812885,Training,0.690273,1.090232,1.504510,2.482795,3.363416,3.972724,4.406049,5.480766,7.217698,8.050243,11.690696
2005-01-30,2.812885,Training,0.931025,1.425771,1.954933,3.149424,4.171081,4.848712,5.316260,6.517378,8.494198,9.315883,13.172068
2005-01-31,2.653665,Training,0.585585,0.937504,1.292502,2.150383,2.946995,3.510584,3.920739,4.915502,6.490913,7.297303,10.724557
2005-02-01,2.229079,Training,0.365478,0.608131,0.865601,1.458416,2.062090,2.530485,2.873369,3.715896,4.931095,5.635256,8.548553
2005-02-02,2.759812,Training,0.352195,0.629646,0.873921,1.484503,2.085506,2.516963,2.895814,3.766167,4.981900,5.697542,8.221114
2005-02-03,2.441372,Training,0.325944,0.574257,0.816024,1.386438,1.970291,2.405193,2.760325,3.607131,4.796242,5.493043,8.085904
2005-02-04,2.600592,Training,0.304330,0.530782,0.769670,1.315747,1.887573,2.328239,2.665875,3.499594,4.675102,5.361322,8.042535
2005-02-05,2.388299,Training,0.342007,0.582167,0.819720,1.402834,2.017208,2.477026,2.821095,3.666306,4.890014,5.648322,8.640333
2005-02-06,2.441372,Training,0.292916,0.507872,0.728377,1.286271,1.843766,2.316735,2.647935,3.467123,4.663896,5.354182,8.620785
2005-02-07,2.600592,Training,0.281934,0.496458,0.700726,1.266787,1.807928,2.283997,2.618618,3.433718,4.623825,5.289981,8.761284
2005-02-08,2.229079,Training,0.272417,0.498352,0.741861,1.284601,1.867321,2.325556,2.658941,3.508725,4.744821,5.484709,8.390186
2005-02-09,2.282152,Training,0.264461,0.508246,0.738664,1.289135,1.860970,2.288656,2.647390,3.511181,4.731061,5.459933,8.061991
2005-02-10,2.547519,Training,0.256292,0.507467,0.726208,1.286146,1.846706,2.252883,2.633131,3.512183,4.714193,5.470282,7.932698
2005-02-11,2.069859,Training,0.254568,0.488511,0.709346,1.247746,1.801424,2.220681,2.577806,3.432393,4.621975,5.329348,7.874279
2005-02-12,2.282152,Training,0.239171,0.471999,0.680057,1.210947,1.745203,2.148156,2.509224,3.360196,4.517185,5.211857,7.640782
2005-02-13,2.441372,Training,0.243692,0.480769,0.688956,1.226412,1.767281,2.154776,2.527136,3.386711,4.521295,5.266507,7.604055
2005-02-14,2.600592,Training,0.247268,0.485818,0.693929,1.235857,1.773146,2.170429,2.537837,3.392778,4.538840,5.252535,7.633987
2005-02-15,2.759812,Training,0.248591,0.475819,0.691514,1.222471,1.764140,2.180598,2.526064,3.364854,4.522937,5.200002,7.705572
2005-02-16,2.282152,Training,0.254334,0.476383,0.699097,1.230236,1.780926,2.207908,2.542613,3.376668,4.540923,5.215088,7.794146
2005-02-17,2.441372,Training,0.256487,0.469303,0.696221,1.225186,1.778540,2.217613,2.540138,3.366227,4.531559,5.200364,7.900175
2005-02-18,2.282152,Training,0.255325,0.467304,0.694540,1.225538,1.779394,2.221520,2.541692,3.367545,4.535403,5.201421,7.937679
2005-02-19,2.122932,Training,0.260622,0.483822,0.714080,1.255736,1.819388,2.256961,2.584975,3.421762,4.602592,5.278441,7.938997
2005-02-20,2.494445,Training,0.274841,0.530673,0.757508,1.336375,1.909593,2.330912,2.693398,3.560697,4.764618,5.464201,7.951725
2005-02-21,2.547519,Training,0.264061,0.497794,0.731973,1.290846,1.868779,2.309673,2.646937,3.501613,4.715338,5.414308,8.083982
2005-02-22,3.290545,Training,0.325435,0.603434,0.909086,1.572848,2.340051,2.880033,3.390594,4.374969,6.104588,7.331146,10.973339
2005-02-23,4.670451,Training,0.647088,1.332676,1.923567,3.254987,4.868535,5.915765,7.094126,8.937140,13.479230,16.986649,26.849913
2005-02-24,4.458158,Training,0.600295,1.134895,1.721508,2.763501,4.084952,5.132715,5.902775,7.505816,11.104778,13.712916,22.304508
2005-02-25,3.184398,Training,0.549456,0.965143,1.467761,2.391509,3.470876,4.366292,4.973411,6.320804,9.035666,11.039174,18.069244
2005-02-26,3.502838,Training,0.720599,1.208891,1.741177,2.807936,3.958564,4.821225,5.408310,6.732857,9.243528,11.104596,17.354763
2005-02-27,3.237472,Training,0.592626,1.032144,1.488893,2.428065,3.424650,4.113917,4.642449,5.860047,7.951319,9.392250,13.562683
2005-02-28,3.078252,Training,0.537315,0.904434,1.296132,2.164249,3.029331,3.684702,4.150006,5.267495,7.107452,8.254764,12.409013
2005-03-01,2.653665,Training,0.430621,0.759941,1.051757,1.872259,2.583430,3.187362,3.631023,4.680015,6.325434,7.199811,11.541571
2005-03-02,2.547519,Training,0.445459,0.773489,1.100885,1.906309,2.666823,3.257294,3.683389,4.735155,6.379438,7.303189,11.052202
2005-03-03,2.706739,Training,0.436184,0.772941,1.105833,1.904249,2.684987,3.250837,3.671429,4.728123,6.362212,7.301159,10.678766
2005-03-04,2.335226,Training,0.393291,0.717179,1.037663,1.811278,2.566469,3.118697,3.529531,4.580282,6.188365,7.101201,10.338517
2005-03-05,2.494445,Training,0.354808,0.666556,0.972502,1.724241,2.458050,3.001249,3.401433,4.441688,6.027462,6.921711,10.120902
2005-03-06,2.653665,Training,0.314712,0.650533,0.933636,1.696415,2.406582,2.905064,3.343120,4.410747,5.982204,6.891852,9.691118
2005-03-07,2.600592,Training,0.300035,0.621237,0.905123,1.648506,2.353126,2.859296,3.276055,4.324609,5.888832,6.775413,9.637216
2005-03-08,2.282152,Training,0.288198,0.613207,0.889497,1.635728,2.329685,2.824259,3.249511,4.301675,5.858550,6.753576,9.546648
2005-03-09,2.176006,Training,0.289841,0.621625,0.897453,1.656724,2.352013,2.834197,3.272366,4.334622,5.885260,6.813323,9.525521
2005-03-10,2.176006,Training,0.303405,0.644126,0.928929,1.710461,2.422150,2.911320,3.354621,4.429611,6.011157,6.960454,9.703045
2005-03-11,2.069859,Training,0.313850,0.653765,0.969502,1.772633,2.537172,3.014609,3.477085,4.597001,6.237455,7.352224,10.097934
2005-03-12,2.282152,Training,0.387313,0.772495,1.124786,2.038658,2.880410,3.398310,3.891193,5.078884,6.879847,8.078857,11.045234
2005-03-13,2.229079,Training,0.267094,0.565507,0.831245,1.522884,2.215401,2.646408,3.079888,4.096477,5.554500,6.625858,9.349504
2005-03-14,2.176006,Training,0.229659,0.459344,0.675320,1.185612,1.730345,2.101068,2.459809,3.303276,4.416790,5.258360,7.686107
2005-03-15,2.122932,Training,0.215849,0.438596,0.660277,1.158141,1.698360,2.064466,2.415076,3.262881,4.378946,5.203336,7.644733
2005-03-16,2.069859,Training,0.205890,0.431918,0.655155,1.165252,1.716915,2.079224,2.434016,3.303120,4.450849,5.278591,7.747411
2005-03-17,1.910639,Training,0.093240,0.321690,0.527211,0.990569,1.451570,1.792546,2.114562,2.961137,4.026232,4.646284,6.949127
2005-03-18,1.963712,Training,0.068365,0.299416,0.495736,0.944236,1.379599,1.715261,2.027761,2.848751,3.872267,4.436921,6.628202
2005-03-19,1.963712,Training,0.143418,0.375203,0.575731,1.041717,1.518160,1.846473,2.168325,2.993835,3.996413,4.593414,6.837305
2005-03-20,2.069859,Training,0.194257,0.413837,0.616764,1.096160,1.615763,1.932135,2.266101,3.117970,4.109569,4.788892,7.156440
2005-03-21,2.600592,Training,0.233861,0.461956,0.686732,1.201912,1.769291,2.114965,2.475292,3.348866,4.456511,5.289092,7.899226
2005-03-22,2.388299,Training,0.239937,0.499469,0.731862,1.276005,1.847853,2.232663,2.590429,3.481479,4.685120,5.592753,8.421421
2005-03-23,2.122932,Training,0.329158,0.613779,0.900630,1.537515,2.224494,2.665837,3.093387,4.068529,5.485847,6.723798,10.011275
2005-03-24,1.910639,Training,0.313309,0.645477,0.969055,1.659768,2.364470,2.859204,3.287075,4.348423,5.961552,7.245530,10.975439
2005-03-25,2.972105,Training,0.439410,0.845882,1.273062,2.123425,3.067598,3.692016,4.319551,5.629461,7.816046,9.859696,14.714219
2005-03-26,6.793383,Training,0.698454,1.581786,2.188292,3.728411,5.430158,6.508207,7.588772,9.764611,13.945893,17.604044,27.103777
2005-03-27,4.988891,Training,0.977918,2.048444,2.619136,4.394630,6.189170,7.272562,8.378408,10.582833,14.484172,18.034496,27.200472
2005-03-28,6.474944,Training,0.928152,1.944748,2.588918,4.291225,6.093418,7.102908,8.218348,10.489491,14.356122,17.852562,26.762453
2005-03-29,8.916316,Training,1.155815,2.245551,2.921944,4.704391,6.504284,7.454066,8.538057,10.644980,14.168980,17.536404,25.761211
2005-03-30,7.005677,Training,1.310895,2.275137,3.020660,4.665075,6.228336,7.133966,8.097643,9.839470,12.806593,15.681103,22.076241
2005-03-31,4.988891,Training,0.865951,1.703274,2.376348,3.825175,5.035748,5.865263,6.737729,8.377358,11.197359,13.204862,18.313381
2005-04-01,3.927425,Test,0.905501,1.618637,2.219973,3.587682,4.857068,5.513889,6.349199,7.946954,10.278524,12.469878,17.664715
2005-04-02,6.368797,Test,1.122312,2.131919,2.821712,4.596463,6.310100,7.334680,8.458749,10.600191,14.120536,17.828775,25.807573
2005-04-03,10.508515,Test,1.058116,2.240601,2.838875,4.768691,6.647057,7.654541,8.871305,11.206022,15.227296,18.744761,28.424580
2005-04-04,7.271043,Test,1.057681,1.969506,2.586976,4.101311,5.552135,6.454092,7.444334,9.247264,12.334600,15.202286,21.927828
2005-04-05,5.201184,Test,1.125715,1.976526,2.638454,4.087869,5.457189,6.292416,7.192875,8.818518,11.546786,14.095067,19.937872
2005-04-06,4.192791,Test,0.970099,1.763838,2.412498,3.813041,5.021886,5.760052,6.586916,8.099717,10.589023,12.540466,17.486856
2005-04-07,3.608985,Test,1.142775,1.928202,2.545944,3.951756,5.142142,5.807418,6.571072,7.917189,10.062367,11.803668,16.233208
2005-04-08,2.919032,Test,1.216714,1.977523,2.555294,3.923089,5.047832,5.690419,6.399304,7.610928,9.500243,11.121177,15.059793
2005-04-09,2.282152,Test,1.134359,1.853627,2.341804,3.637434,4.615133,5.254431,5.915075,7.034743,8.756561,10.130341,13.677222
2005-04-10,2.335226,Test,1.058698,1.744047,2.216141,3.459985,4.424339,5.027419,5.670919,6.774519,8.455709,9.789877,13.202873
2005-04-11,2.600592,Test,0.933244,1.562738,2.011700,3.155889,4.098705,4.654270,5.262688,6.345240,7.975410,9.295666,12.610275
2005-04-12,2.865959,Test,0.915659,1.552904,2.025937,3.198395,4.180276,4.723935,5.334569,6.457027,8.177132,9.486636,12.913527
2005-04-13,2.865959,Test,0.840161,1.436531,1.874928,2.981938,3.905850,4.443790,5.024862,6.108008,7.746565,9.018436,12.276987
2005-04-14,2.494445,Test,0.751326,1.317037,1.700610,2.739081,3.622461,4.129213,4.686633,5.730515,7.289609,8.572555,11.839206
2005-04-15,2.335226,Test,0.669026,1.206820,1.540333,2.524727,3.332338,3.851893,4.384748,5.398312,6.945403,8.158265,11.492350
2005-04-16,2.282152,Test,0.593296,1.094657,1.438218,2.356049,3.136910,3.655013,4.163375,5.168105,6.698575,7.927226,11.168148
2005-04-17,2.335226,Test,0.495205,0.952864,1.286523,2.134579,2.938956,3.410272,3.907876,4.932612,6.474217,7.817736,11.322718
2005-04-18,3.131325,Test,0.410836,0.820146,1.132867,1.922471,2.687515,3.173260,3.670376,4.708979,6.303822,7.777670,11.465175
2005-04-19,2.653665,Test,0.609293,1.181188,1.616611,2.677874,3.649340,4.257285,4.852947,6.022268,8.005775,9.840285,14.270679
2005-04-20,2.282152,Test,0.683903,1.275384,1.745161,2.826791,3.800053,4.431389,5.028534,6.194153,8.171105,9.924671,14.159364
2005-04-21,2.176006,Test,0.628065,1.176110,1.619356,2.627996,3.565152,4.136530,4.699147,5.828578,7.699111,9.323129,13.383215
2005-04-22,2.069859,Test,0.497151,0.957338,1.302224,2.141832,2.946337,3.435550,3.934659,4.975613,6.575025,7.993109,11.676392
2005-04-23,2.282152,Test,0.524140,0.981181,1.323142,2.189424,3.020995,3.534676,4.072394,5.153220,6.819005,8.446023,12.347451
2005-04-24,2.600592,Test,0.389877,0.813491,1.132628,1.899690,2.648408,3.169009,3.680114,4.759594,6.476037,8.080529,12.094070
2005-04-25,2.069859,Test,0.589311,1.110913,1.528975,2.464166,3.344404,3.941361,4.516990,5.657343,7.519375,9.234005,13.298754
2005-04-26,1.910639,Test,0.615552,1.165559,1.608145,2.598201,3.523309,4.097818,4.677300,5.843414,7.743558,9.394874,13.523178
2005-04-27,2.122932,Test,0.608690,1.161925,1.594121,2.587028,3.496897,4.045793,4.625320,5.786688,7.643668,9.183158,13.144185
2005-04-28,1.539126,Test,0.577035,1.126710,1.535443,2.505635,3.375628,3.891546,4.461727,5.598518,7.367512,8.759867,12.483072
2005-04-29,1.432979,Test,0.468624,1.014514,1.394263,2.327739,3.124690,3.619387,4.176464,5.291373,6.992785,8.223389,11.693027
2005-04-30,1.114539,Test,0.470303,1.016907,1.387244,2.308840,3.092987,3.570244,4.120225,5.208998,6.850408,8.016879,11.349614
2005-05-01,0.955320,Test,0.404447,0.965449,1.310589,2.235569,3.006045,3.463033,4.017878,5.096312,6.730651,7.875599,11.194329
2005-05-02,0.743026,Test,0.492009,1.057440,1.423430,2.385799,3.224038,3.677800,4.252951,5.356109,7.035868,8.284863,11.746685
2005-05-03,0.849173,Test,0.541140,1.083968,1.470135,2.424644,3.268777,3.744175,4.307118,5.407788,7.103197,8.354125,11.747570
2005-05-04,1.326833,Test,0.455053,0.966807,1.309311,2.165648,2.915484,3.364284,3.886114,4.917592,6.452260,7.567951,10.762215
2005-05-05,1.220686,Test,0.338806,0.884333,1.229463,2.114069,2.829119,3.295914,3.830710,4.880364,6.490669,7.555544,10.696757
2005-05-06,0.743026,Test,0.238516,0.759694,1.091060,1.950341,2.621654,3.081273,3.605747,4.661461,6.251342,7.266175,10.254637
2005-05-07,0.583806,Test,0.243118,0.732006,1.028861,1.814993,2.447365,2.875004,3.362869,4.350875,5.801775,6.738578,9.610037
2005-05-08,0.477660,Test,0.269627,0.696633,0.959883,1.642939,2.228407,2.618897,3.058107,3.971321,5.226175,6.082412,8.800019
2005-05-09,0.477660,Test,0.275200,0.711970,0.961822,1.652769,2.253885,2.628964,3.078902,3.989600,5.240707,6.140005,8.936435
2005-05-10,0.477660,Test,0.217893,0.674893,0.929261,1.657129,2.275242,2.660889,3.141603,4.098445,5.456595,6.472718,9.486068
2005-05-11,0.743026,Test,0.416602,0.913089,1.338063,2.250973,3.183471,3.706044,4.411419,5.805225,8.013698,10.180049,15.070223
2005-05-12,0.743026,Test,0.343536,1.071895,1.479311,2.652046,3.807401,4.552491,5.457222,7.355650,10.812252,13.546090,21.373564
2005-05-13,0.796100,Test,0.379593,1.146779,1.477702,2.589998,3.682027,4.401732,5.206102,6.949859,10.005573,12.492439,19.904890
2005-05-14,0.477660,Test,0.438162,1.125191,1.483806,2.495383,3.458423,4.121024,4.862267,6.353258,8.945407,11.178087,17.165466
2005-05-15,0.477660,Test,0.451712,1.061267,1.432274,2.329515,3.166853,3.778019,4.455482,5.764844,7.981403,9.855506,14.809253
2005-05-16,0.955320,Test,0.793563,1.580949,2.022286,3.300823,4.517502,5.254253,6.211679,7.829516,10.675957,13.552638,19.604351
2005-05-17,1.220686,Test,0.623847,1.467456,1.930776,3.140036,4.265865,5.026730,5.949697,7.618473,10.607966,13.043947,19.618727
2005-05-18,0.636880,Test,0.591404,1.279384,1.693328,2.691427,3.594455,4.246177,5.001106,6.374781,8.668886,10.592280,15.680726
2005-05-19,0.477660,Test,0.497194,1.113576,1.507488,2.422010,3.215356,3.807092,4.490258,5.748659,7.757092,9.389287,13.860282
2005-05-20,0.477660,Test,0.428231,0.988502,1.331023,2.177773,2.881069,3.402562,4.020385,5.146273,6.856232,8.215636,12.034105
2005-05-21,0.477660,Test,0.419949,0.957304,1.265388,2.093007,2.780879,3.260141,3.845750,4.907771,6.480417,7.748077,11.339078
2005-05-22,0.477660,Test,0.413578,0.889683,1.169962,1.920620,2.564032,3.011695,3.548022,4.536138,5.971582,7.148067,10.450518
2005-05-23,0.477660,Test,0.333169,0.768474,1.030272,1.721065,2.304162,2.729987,3.230450,4.185386,5.539138,6.594012,9.675731
2005-05-24,0.477660,Test,0.205226,0.658871,0.916541,1.617786,2.154226,2.585189,3.078578,4.040176,5.398445,6.365278,9.316529
2005-05-25,0.477660,Test,0.198201,0.657985,0.918105,1.626912,2.168261,2.598231,3.085887,4.040508,5.388279,6.337709,9.242757
2005-05-26,0.477660,Test,0.173944,0.647261,0.909007,1.633685,2.175063,2.605242,3.089152,4.039959,5.384915,6.305997,9.150912
2005-05-27,0.477660,Test,0.205605,0.687083,0.930762,1.666814,2.251725,2.654783,3.149463,4.099097,5.450352,6.470447,9.512668
2005-05-28,0.477660,Test,0.222545,0.684577,0.957474,1.680505,2.261696,2.690992,3.174631,4.135544,5.526825,6.525720,9.513603
2005-05-29,0.477660,Test,0.266077,0.757602,1.048580,1.827709,2.451095,2.895968,3.398956,4.381366,5.820928,6.841338,9.868200
2005-05-30,0.477660,Test,0.183818,0.654755,0.935802,1.669063,2.244894,2.683297,3.165186,4.128713,5.541770,6.524212,9.464058
2005-05-31,0.477660,Test,0.101829,0.547054,0.809870,1.498067,2.022556,2.443979,2.906060,3.853153,5.216771,6.142348,8.909094
2005-06-01,0.477660,Test,0.052643,0.453675,0.687849,1.295903,1.757220,2.149091,2.569270,3.460599,4.691299,5.508516,8.065184
2005-06-02,0.477660,Test,0.053592,0.415890,0.628774,1.167534,1.589630,1.955058,2.342273,3.170175,4.289486,5.029925,7.462149
2005-06-03,0.477660,Test,0.086052,0.423064,0.628911,1.138294,1.559750,1.910555,2.290895,3.101523,4.183074,4.914371,7.322228
2005-06-04,0.477660,Test,0.046818,0.342833,0.522343,0.939304,1.292013,1.602292,1.929071,2.640788,3.552138,4.143454,6.253293
2005-06-05,0.477660,Test,-0.019509,0.263996,0.430196,0.808348,1.114581,1.407588,1.712108,2.382976,3.232205,3.760629,5.725001
2005-06-06,0.477660,Test,-0.054288,0.204667,0.360258,0.690787,0.962651,1.233626,1.511099,2.140942,2.916066,3.396574,5.244378
2005-06-07,0.477660,Test,-0.077983,0.157730,0.315452,0.616084,0.874071,1.138390,1.395712,2.030021,2.772050,3.232065,5.040210
2005-06-08,0.477660,Test,-0.079655,0.170447,0.329442,0.645871,0.908505,1.179463,1.446242,2.086810,2.865487,3.358364,5.239167
2005-06-09,0.477660,Test,-0.069107,0.190852,0.348984,0.678674,0.946476,1.221978,1.498130,2.134027,2.939229,3.450716,5.376474
2005-06-10,0.477660,Test,-0.047069,0.189290,0.331029,0.617292,0.866838,1.114620,1.371594,1.945432,2.668571,3.131088,4.946289
2005-06-11,0.477660,Test,-0.028357,0.178154,0.303336,0.542837,0.773065,0.991662,1.225392,1.743201,2.383157,2.802113,4.508127
2005-06-12,0.477660,Test,-0.026767,0.185800,0.302632,0.546909,0.781107,0.994379,1.230157,1.745193,2.384231,2.809320,4.533237
2005-06-13,0.477660,Test,-0.035185,0.194161,0.301811,0.570864,0.817746,1.026122,1.271692,1.799258,2.461795,2.945016,4.788649
2005-06-14,0.477660,Test,-0.032195,0.203628,0.339456,0.613372,0.863468,1.103689,1.356778,1.921841,2.672770,3.196098,5.159432
2005-06-15,0.477660,Test,-0.046380,0.159651,0.288208,0.518786,0.741323,0.960476,1.184837,1.692739,2.343996,2.791295,4.578118
2005-06-16,0.477660,Test,-0.077809,0.130584,0.258832,0.488898,0.701462,0.919647,1.136661,1.641799,2.287767,2.725582,4.492070
2005-06-17,0.477660,Test,-0.096924,0.100462,0.223453,0.436654,0.637130,0.844323,1.047487,1.544216,2.148191,2.559826,4.252842
2005-06-18,0.477660,Test,-0.076265,0.126495,0.246592,0.467550,0.673303,0.882934,1.095708,1.589133,2.212831,2.634628,4.357899
2005-06-19,0.477660,Test,-0.079408,0.123211,0.241910,0.461193,0.664451,0.872651,1.084655,1.577564,2.192722,2.606380,4.305950
2005-06-20,0.477660,Test,-0.062323,0.138124,0.254477,0.470883,0.676883,0.882217,1.097454,1.585454,2.192801,2.597994,4.274806
2005-06-21,0.477660,Test,-0.077452,0.124912,0.241238,0.456909,0.658535,0.863096,1.076000,1.565789,2.165342,2.561807,4.214200
2005-06-22,0.477660,Test,-0.096220,0.093848,0.210695,0.411521,0.606226,0.805088,1.004890,1.497174,2.069792,2.451964,4.069548
2005-06-23,0.477660,Test,-0.075297,0.124167,0.237608,0.449691,0.649861,0.852188,1.062649,1.546403,2.150215,2.553687,4.230012
2005-06-24,0.477660,Test,-0.053643,0.146776,0.259341,0.478455,0.689850,0.894931,1.113018,1.604905,2.225739,2.642818,4.359762
2005-06-25,0.477660,Test,-0.052976,0.149477,0.257687,0.479255,0.692630,0.895038,1.114452,1.605315,2.220679,2.628880,4.326953
2005-06-26,0.477660,Test,-0.053285,0.147681,0.257324,0.475457,0.686787,0.889043,1.107371,1.596199,2.208874,2.614433,4.303618
2005-06-27,0.477660,Test,-0.040754,0.153068,0.268078,0.481926,0.695515,0.900116,1.118392,1.609095,2.223231,2.629500,4.317068
2005-06-28,0.477660,Test,-0.055813,0.157883,0.259979,0.487911,0.704553,0.902862,1.125172,1.613595,2.233819,2.661857,4.402989
2005-06-29,0.477660,Test,-0.044265,0.170421,0.278789,0.511638,0.736592,0.942084,1.168702,1.670378,2.317125,2.768676,4.572856
2005-06-30,0.477660,Test,-0.043466,0.168941,0.286800,0.517888,0.739831,0.953718,1.181906,1.692391,2.357787,2.816417,4.631154
2005-07-01,0.477660,Training,-0.051351,0.165285,0.293981,0.535441,0.757372,0.984338,1.218989,1.753540,2.467398,2.956523,4.822567
2005-07-02,0.477660,Training,-0.076740,0.115201,0.226055,0.419430,0.611803,0.805045,1.003936,1.461723,2.039769,2.433357,4.094444
2005-07-03,0.477660,Training,-0.047043,0.136095,0.246446,0.438963,0.641371,0.834577,1.037534,1.498656,2.081655,2.478982,4.156201
2005-07-04,0.477660,Training,-0.037074,0.143476,0.253534,0.447087,0.653272,0.847253,1.052795,1.518706,2.103969,2.500159,4.176136
2005-07-05,0.477660,Training,-0.047195,0.136009,0.244372,0.438892,0.641507,0.835091,1.040595,1.505768,2.086622,2.471205,4.119915
2005-07-06,0.477660,Training,-0.049096,0.134170,0.240860,0.431498,0.630780,0.821506,1.025751,1.485445,2.057150,2.435873,4.066978
2005-07-07,0.477660,Training,-0.056138,0.129165,0.235321,0.426325,0.623501,0.814127,1.017875,1.477035,2.047246,2.421760,4.044025
2005-07-08,0.477660,Training,-0.085661,0.103077,0.207613,0.395357,0.582870,0.770960,0.967372,1.422706,1.977847,2.338460,3.926324
2005-07-09,0.477660,Training,-0.089745,0.100707,0.206703,0.396910,0.585453,0.775746,0.972977,1.432877,1.995746,2.360236,3.962807
2005-07-10,0.477660,Training,-0.099410,0.091394,0.199716,0.390779,0.579152,0.771407,0.966944,1.433641,1.999263,2.365379,3.976739
2005-07-11,0.477660,Training,-0.095754,0.095582,0.202565,0.390514,0.577410,0.767393,0.962648,1.422699,1.984697,2.351359,3.962674
2005-07-12,0.477660,Training,-0.087299,0.104649,0.210264,0.396282,0.583113,0.771406,0.968349,1.422377,1.984394,2.353742,3.969310
2005-07-13,0.477660,Training,-0.069281,0.118701,0.222493,0.405287,0.594938,0.780646,0.979949,1.428603,1.988899,2.358783,3.973788
2005-07-14,0.477660,Training,-0.057634,0.124824,0.226662,0.406117,0.598345,0.781197,0.979916,1.424346,1.978178,2.342468,3.946605
2005-07-15,0.477660,Training,-0.051819,0.127253,0.229507,0.409548,0.604671,0.788191,0.987088,1.433024,1.988862,2.349237,3.948160
2005-07-16,0.477660,Training,-0.053301,0.127744,0.227460,0.405709,0.597771,0.779067,0.978426,1.423312,1.981721,2.349611,3.957063
2005-07-17,0.477660,Training,-0.041343,0.128940,0.223880,0.388622,0.579055,0.750721,0.942364,1.368159,1.898612,2.255483,3.838926
2005-07-18,0.477660,Training,-0.043325,0.116511,0.207257,0.357797,0.541448,0.704321,0.884659,1.289267,1.788569,2.126091,3.664258
2005-07-19,0.477660,Training,-0.080764,0.082839,0.170990,0.318570,0.491034,0.651334,0.821485,1.217521,1.700408,2.018086,3.512105
2005-07-20,0.477660,Training,-0.091367,0.072396,0.160941,0.307519,0.478440,0.638382,0.805483,1.202337,1.683018,1.999589,3.494605
2005-07-21,0.477660,Training,-0.055321,0.103412,0.192380,0.338286,0.518185,0.678331,0.852716,1.249003,1.743587,2.078247,3.618957
2005-07-22,0.477660,Training,-0.049884,0.106651,0.193910,0.337700,0.518433,0.676857,0.850917,1.245031,1.736558,2.070702,3.611033
2005-07-23,0.477660,Training,-0.043771,0.107107,0.193285,0.331823,0.511751,0.667682,0.839806,1.229625,1.713462,2.042505,3.567744
2005-07-24,0.477660,Training,-0.076920,0.099818,0.167661,0.323200,0.504100,0.651691,0.825116,1.209580,1.695526,2.042767,3.625007
2005-07-25,0.477660,Training,-0.079794,0.094173,0.170593,0.320872,0.499576,0.653021,0.823468,1.210781,1.710079,2.061494,3.666308
2005-07-26,0.477660,Training,-0.097809,0.086101,0.160547,0.318468,0.497378,0.651945,0.823017,1.212983,1.723557,2.087621,3.731886
2005-07-27,0.477660,Training,-0.131840,0.074198,0.147348,0.329899,0.510518,0.664779,0.843059,1.234566,1.782324,2.213578,4.037578
2005-07-28,0.477660,Training,-0.101267,0.103388,0.201591,0.382718,0.580949,0.762309,0.944344,1.378210,2.014283,2.501256,4.544700
2005-07-29,0.477660,Training,-0.072634,0.113253,0.230155,0.400377,0.599707,0.794264,0.980321,1.426628,2.074970,2.563000,4.582546
2005-07-30,0.477660,Training,-0.068244,0.109369,0.226611,0.393678,0.591582,0.786948,0.972095,1.418242,2.059140,2.528654,4.492096
2005-07-31,0.477660,Training,-0.071265,0.104437,0.213479,0.375036,0.566024,0.753076,0.937945,1.372741,1.981945,2.419082,4.279435
2005-08-01,0.477660,Training,-0.072442,0.100470,0.200904,0.355324,0.540370,0.717721,0.901573,1.324024,1.899867,2.304782,4.066835
2005-08-02,0.477660,Training,-0.087971,0.086393,0.180331,0.330236,0.507596,0.678463,0.858804,1.271245,1.823580,2.202531,3.894317
2005-08-03,0.477660,Training,-0.108247,0.066750,0.157050,0.302338,0.473114,0.638837,0.813275,1.220664,1.752152,2.113600,3.760121
2005-08-04,0.477660,Training,-0.126678,0.041058,0.133539,0.271343,0.439384,0.598892,0.766336,1.179591,1.686172,2.042539,3.668919
2005-08-05,0.477660,Training,-0.132769,0.035142,0.128143,0.265969,0.433898,0.593203,0.759336,1.174002,1.685852,2.050501,3.703478
2005-08-06,0.477660,Training,-0.132389,0.039142,0.131120,0.272633,0.441320,0.604463,0.772156,1.185846,1.715052,2.086756,3.768366
2005-08-07,0.477660,Training,-0.106665,0.065620,0.152111,0.296040,0.468895,0.633603,0.809032,1.213562,1.757726,2.128073,3.810144
2005-08-08,0.477660,Training,-0.069067,0.089165,0.171706,0.307514,0.486422,0.645023,0.823458,1.221680,1.751473,2.117650,3.773741
2005-08-09,0.477660,Training,-0.040465,0.131837,0.237244,0.409247,0.631741,0.764565,0.990678,1.417784,1.998924,2.613847,4.701649
2005-08-10,0.477660,Training,-0.145995,0.112119,0.215372,0.417675,0.633375,0.824515,1.022847,1.490517,2.317202,3.004606,5.772174
2005-08-11,0.477660,Training,-0.112662,0.116609,0.243461,0.419983,0.615682,0.823106,1.018436,1.494894,2.305344,2.974289,5.537950
2005-08-12,0.477660,Training,-0.151372,0.031458,0.128212,0.266230,0.434101,0.602766,0.759274,1.154941,1.760898,2.229758,4.206465
2005-08-13,0.477660,Training,-0.158287,0.020020,0.108505,0.244334,0.408279,0.568961,0.722187,1.114020,1.705577,2.164997,4.089732
2005-08-14,0.477660,Training,-0.157825,0.010989,0.088657,0.212914,0.371355,0.515543,0.662252,1.038855,1.580602,2.014230,3.844139
2005-08-15,0.477660,Training,-0.131137,0.020997,0.085204,0.186634,0.338460,0.465555,0.602897,0.935534,1.395851,1.759455,3.416194
2005-08-16,0.477660,Training,-0.090921,0.046556,0.102912,0.190726,0.343113,0.461156,0.598195,0.909107,1.339912,1.680911,3.269125
2005-08-17,0.477660,Training,-0.074748,0.052728,0.102766,0.182428,0.334265,0.445667,0.580363,0.881679,1.292539,1.621244,3.163583
2005-08-18,0.477660,Training,-0.059914,0.058792,0.103093,0.175714,0.327325,0.432745,0.564848,0.857548,1.253148,1.576482,3.093321
2005-08-19,0.477660,Training,-0.079515,0.042196,0.082974,0.153228,0.298951,0.401202,0.527505,0.811313,1.194260,1.506147,2.992275
2005-08-20,0.477660,Training,-0.086868,0.034474,0.073409,0.141607,0.285742,0.385877,0.509071,0.788640,1.165313,1.474089,2.950934
2005-08-21,0.477660,Training,-0.080894,0.036983,0.075348,0.141818,0.287619,0.387160,0.510630,0.789494,1.168079,1.480393,2.964813
2005-08-22,0.477660,Training,-0.077118,0.037726,0.075439,0.140200,0.287166,0.385955,0.509377,0.787356,1.166140,1.479884,2.966632
2005-08-23,0.477660,Training,-0.069479,0.040891,0.076408,0.137949,0.285577,0.381827,0.504431,0.778743,1.153738,1.468918,2.955071
2005-08-24,0.477660,Training,-0.040514,0.057948,0.091240,0.147818,0.300744,0.393766,0.517276,0.790460,1.164024,1.489162,2.993604
2005-08-25,0.477660,Training,-0.046620,0.053518,0.081997,0.137445,0.288076,0.377670,0.498642,0.765153,1.133847,1.458986,2.961518
2005-08-26,0.477660,Training,-0.056060,0.045995,0.072793,0.129520,0.279313,0.368957,0.488957,0.754948,1.128880,1.458269,2.970343
2005-08-27,0.477660,Training,-0.048630,0.049370,0.069692,0.124760,0.273993,0.359129,0.476619,0.737322,1.110914,1.460550,3.002709
2005-08-28,0.477660,Training,-0.068986,0.034973,0.063491,0.121009,0.271067,0.363063,0.482369,0.750211,1.126993,1.457185,2.967688
2005-08-29,0.477660,Training,-0.053091,0.043524,0.072433,0.116923,0.263072,0.346308,0.460461,0.709502,1.045994,1.348881,2.788396
2005-08-30,0.477660,Training,-0.054029,0.040997,0.070955,0.114171,0.260919,0.344234,0.458001,0.707296,1.043375,1.346146,2.784765
2005-08-31,0.477660,Training,-0.041732,0.049730,0.078016,0.120167,0.270714,0.352586,0.467931,0.717968,1.055869,1.365507,2.821791
2005-09-01,0.477660,Training,-0.043305,0.046253,0.075104,0.115232,0.264691,0.346075,0.460370,0.708476,1.043886,1.351173,2.800113
2005-09-02,0.477660,Training,-0.041354,0.046815,0.073489,0.111768,0.260997,0.340095,0.453519,0.697898,1.029692,1.337124,2.785481
2005-09-03,0.477660,Training,-0.044498,0.043686,0.068530,0.105235,0.252874,0.329936,0.441796,0.681764,1.009642,1.315573,2.759700
2005-09-04,0.477660,Training,-0.035307,0.048802,0.072925,0.107885,0.257399,0.333322,0.445771,0.685422,1.013041,1.322286,2.773342
2005-09-05,0.477660,Training,-0.031688,0.053540,0.074607,0.110546,0.263285,0.337776,0.451533,0.691594,1.021598,1.336447,2.805967
2005-09-06,0.477660,Training,-0.054316,0.039489,0.057168,0.111557,0.287936,0.357294,0.487182,0.734553,1.079199,1.452351,3.083079
2005-09-07,0.477660,Training,-0.054605,0.050095,0.080948,0.129922,0.294060,0.378873,0.496330,0.752521,1.134862,1.507735,3.180943
2005-09-08,0.477660,Training,-0.036357,0.052622,0.090905,0.132573,0.296816,0.382959,0.501698,0.758006,1.136112,1.507751,3.148568
2005-09-09,0.477660,Training,-0.070730,0.041472,0.066774,0.132327,0.320645,0.401728,0.530823,0.802012,1.210501,1.647316,3.507704
2005-09-10,0.477660,Training,-0.044387,0.060421,0.098733,0.154768,0.333954,0.426130,0.551138,0.826190,1.254623,1.679664,3.518198
2005-09-11,0.477660,Training,-0.035666,0.068138,0.101805,0.159029,0.342674,0.432657,0.562860,0.839647,1.265513,1.690126,3.510673
2005-09-12,0.477660,Training,-0.059422,0.039828,0.085738,0.136586,0.308941,0.405051,0.529276,0.805169,1.231660,1.643694,3.434393
2005-09-13,0.477660,Training,-0.080725,0.020355,0.059943,0.106849,0.269146,0.360288,0.481390,0.745635,1.144123,1.516681,3.184422
2005-09-14,0.477660,Training,-0.101215,0.003598,0.040942,0.087347,0.246047,0.335635,0.454664,0.715877,1.102427,1.453730,3.068091
2005-09-15,0.477660,Training,-0.106446,-0.003467,0.030143,0.073881,0.230601,0.315933,0.432329,0.689382,1.058210,1.394919,2.964348
2005-09-16,0.477660,Training,-0.048870,0.036281,0.064513,0.104462,0.268031,0.351055,0.472977,0.731826,1.103080,1.452486,3.035093
2005-09-17,0.477660,Training,-0.055041,0.030314,0.057333,0.096909,0.258509,0.341592,0.462897,0.720699,1.088387,1.428534,2.986521
2005-09-18,0.477660,Training,-0.039692,0.037953,0.063636,0.100856,0.264200,0.346139,0.468269,0.726266,1.091000,1.430822,2.979522
2005-09-19,0.477660,Training,-0.024681,0.046740,0.073263,0.110248,0.278178,0.361102,0.485368,0.748096,1.117405,1.461073,3.020519
2005-09-20,0.477660,Training,-0.034794,0.039021,0.065465,0.103729,0.270380,0.354504,0.478803,0.742633,1.114292,1.455163,3.009524
2005-09-21,0.477660,Training,-0.019729,0.048407,0.075810,0.115203,0.287912,0.373854,0.501192,0.771444,1.152876,1.502411,3.080782
2005-09-22,0.477660,Training,-0.026308,0.044033,0.072343,0.115933,0.291059,0.380394,0.510337,0.787650,1.182074,1.537217,3.134966
2005-09-23,0.477660,Training,-0.053453,0.026719,0.054173,0.105612,0.280817,0.374438,0.506266,0.791735,1.205249,1.569902,3.194630
2005-09-24,0.477660,Training,-0.075698,0.013081,0.040718,0.102567,0.281067,0.380060,0.516162,0.814426,1.257752,1.645455,3.325345
2005-09-25,0.477660,Training,-0.034352,0.037112,0.066730,0.109758,0.283965,0.375043,0.504834,0.782679,1.177315,1.529947,3.121578
2005-09-26,0.477660,Training,-0.059406,0.020090,0.057324,0.109192,0.285738,0.386517,0.521513,0.816258,1.237269,1.590623,3.198391
2005-09-27,0.477660,Training,-0.076323,0.007722,0.046451,0.110452,0.292411,0.401051,0.542107,0.854902,1.314203,1.696340,3.369130
2005-09-28,0.477660,Training,-0.020471,0.045378,0.078808,0.119863,0.297501,0.390805,0.523877,0.805037,1.198702,1.546287,3.129448
2005-09-29,0.477660,Training,-0.040088,0.030679,0.062061,0.101057,0.271818,0.363518,0.492369,0.766793,1.150811,1.488358,3.040882
2005-09-30,0.477660,Training,-0.055426,0.019965,0.050419,0.082687,0.245926,0.333069,0.454574,0.715216,1.074570,1.387798,2.880060
2005-10-01,0.477660,Validation,-0.016775,0.044076,0.076018,0.105054,0.275029,0.361093,0.485329,0.750495,1.109777,1.435187,2.946240
2005-10-02,0.477660,Validation,-0.027380,0.036583,0.069542,0.099796,0.268646,0.356875,0.481164,0.748354,1.110518,1.432544,2.938047
2005-10-03,0.477660,Validation,-0.026433,0.036969,0.070397,0.100883,0.270400,0.359752,0.485117,0.754029,1.118660,1.440754,2.947143
2005-10-04,0.477660,Validation,-0.012369,0.046616,0.079212,0.108821,0.280604,0.369330,0.496202,0.765730,1.131304,1.458574,2.975027
2005-10-05,0.477660,Validation,-0.001856,0.053174,0.086968,0.116374,0.291158,0.380953,0.509382,0.782338,1.150907,1.481322,3.005469
2005-10-06,0.477660,Validation,-0.005228,0.051383,0.087450,0.118951,0.294833,0.387836,0.518585,0.796604,1.171884,1.501552,3.028394
2005-10-07,0.477660,Validation,-0.006419,0.050905,0.088919,0.122219,0.299479,0.395251,0.528164,0.810789,1.192074,1.522314,3.053258
2005-10-08,0.477660,Validation,-0.016570,0.044042,0.081844,0.115959,0.291458,0.388455,0.520952,0.803935,1.186340,1.513655,3.038246
2005-10-09,0.477660,Validation,0.042898,0.159713,0.290123,0.363763,0.725493,0.804929,1.043105,1.460984,2.115119,3.030271,6.228542
2005-10-10,1.804492,Validation,-0.142706,0.143058,0.235911,0.361955,0.719948,0.899992,1.140098,1.706378,2.881970,3.959483,9.260658
2005-10-11,1.857566,Validation,-0.041602,0.257867,0.358897,0.491551,0.834625,1.029365,1.281399,1.857381,3.027894,4.123301,8.808059
2005-10-12,5.678844,Validation,0.038851,0.354419,0.538789,0.671127,1.280811,1.514628,1.844269,2.785204,4.604175,6.351930,14.023291
2005-10-13,0.636880,Validation,0.129921,0.544420,0.736608,0.984574,1.535487,1.864684,2.322464,3.237323,5.531560,7.251423,14.605686
2005-10-14,0.636880,Validation,0.234190,0.533290,0.720078,0.912889,1.370418,1.657639,2.051656,2.818586,4.564279,6.013197,11.323995
2005-10-15,0.477660,Validation,0.164179,0.372834,0.533267,0.668226,1.028366,1.262802,1.581224,2.191910,3.464506,4.568510,8.466919
2005-10-16,0.477660,Validation,0.077121,0.267208,0.337757,0.497389,0.834727,1.015526,1.305759,1.875942,2.899497,3.868759,7.313700
2005-10-17,0.477660,Validation,0.050561,0.542953,0.797291,1.128626,1.993547,2.421465,3.034622,4.689113,8.143368,10.886113,22.848570
2005-10-18,0.636880,Validation,0.106839,0.818417,1.056513,1.769197,2.704274,3.331987,4.267530,6.188034,10.872722,13.702941,26.241917
2005-10-19,0.477660,Validation,0.174369,0.722669,0.975504,1.500480,2.194134,2.689630,3.431234,4.869358,8.190786,10.412607,18.858480
2005-10-20,0.636880,Validation,0.071846,0.508116,0.712348,1.188371,1.826485,2.233727,2.857877,4.160104,6.968885,9.145333,16.549026
2005-10-21,0.477660,Validation,0.012043,0.462546,0.758945,1.368430,2.211084,2.714291,3.529208,5.308761,9.121907,11.941188,21.345623
2005-10-22,0.743026,Validation,0.001585,0.593609,0.986149,1.836432,2.967534,3.667269,4.776232,7.297942,12.832488,16.309450,29.069920
2005-10-23,0.477660,Validation,0.332015,1.013560,1.441658,2.451104,3.528755,4.231487,5.454939,7.440634,12.079511,15.021499,24.402807
2005-10-24,0.477660,Validation,0.361868,0.891335,1.267847,2.090648,2.971059,3.560985,4.509705,6.053257,9.479831,11.932616,18.720419
2005-10-25,0.477660,Validation,0.292200,0.754260,1.114292,1.883661,2.677716,3.218673,4.073641,5.463802,8.447886,10.650500,16.242847
2005-10-26,0.477660,Validation,0.186199,0.552246,0.826812,1.475036,2.101226,2.565680,3.257476,4.418807,6.664421,8.263778,12.358500
2005-10-27,1.008393,Validation,0.281347,1.316748,2.169866,4.317311,6.956959,8.306732,10.822723,15.342156,25.602243,33.452824,52.731491
2005-10-28,1.326833,Validation,0.695091,2.111523,2.840286,5.365651,7.981934,9.284116,11.609437,15.595215,23.909790,28.586792,45.768192
2005-10-29,0.477660,Validation,0.546608,1.841618,2.807917,5.179373,8.065872,9.803478,12.239527,17.718761,28.245333,33.763138,52.768742
2005-10-30,15.338186,Validation,1.599766,3.990587,5.891143,10.533068,15.492806,18.792242,22.665148,30.185074,46.518852,55.921001,83.726250
2005-10-31,8.067143,Validation,3.842028,7.470996,10.029770,16.418854,22.641796,25.901672,29.994751,37.214462,49.782871,57.324234,82.982582
2005-11-01,4.988891,Validation,3.885858,7.447050,9.458065,14.983078,19.313480,21.867699,25.256281,30.331554,40.569271,45.972271,66.111687
2005-11-02,3.343618,Validation,1.801545,3.853537,5.130972,9.124013,12.406749,14.031975,16.747879,21.578300,31.188646,36.770233,54.429626
2005-11-03,15.975066,Validation,4.622178,8.964355,13.078395,21.257935,28.308899,32.979870,37.890701,46.020779,63.456383,74.392639,107.236954
2005-11-04,12.684521,Validation,7.429035,12.592138,15.250813,22.673864,27.494806,30.453636,33.581230,38.315548,48.671036,54.690914,76.618782
2005-11-05,6.740310,Validation,3.187005,5.575661,6.933106,10.983294,14.087920,15.874009,18.195747,21.586798,29.040392,34.153122,46.969673
2005-11-06,5.360404,Validation,1.802455,3.064845,3.837373,6.050566,7.884354,9.061707,10.512157,12.675044,17.338636,20.996340,28.689356
2005-11-07,4.458158,Validation,1.396817,2.292855,2.908092,4.559488,5.971362,6.869992,8.010203,9.633905,12.940112,15.642514,21.049196
2005-11-08,4.882744,Validation,1.343757,2.224176,2.693670,4.475171,6.022902,6.859477,8.168849,9.929040,13.481747,16.966427,23.777660
2005-11-09,5.360404,Validation,1.038655,1.846558,2.379498,3.924418,5.292021,6.141618,7.347211,9.023046,12.592278,15.545181,21.758244
2005-11-10,3.555912,Validation,0.835088,1.430047,1.837758,3.025978,4.068770,4.793090,5.699548,7.035774,9.593843,11.661932,16.101187
2005-11-11,2.972105,Validation,0.749335,1.291064,1.666223,2.792897,3.750759,4.415262,5.227697,6.478247,8.747454,10.522003,14.484179
2005-11-12,3.131325,Validation,0.651069,1.159245,1.431751,2.518138,3.501765,4.084517,4.910135,6.155629,8.430300,10.515974,14.917056
2005-11-13,4.033571,Validation,0.725863,1.336725,1.678975,2.918911,3.997943,4.715026,5.598158,6.932742,9.664968,11.867770,17.236872
2005-11-14,3.025179,Validation,1.465330,2.382720,3.122250,4.949834,6.302309,7.261299,8.251623,9.800198,12.918994,15.131198,20.782072
2005-11-15,3.502838,Validation,1.226565,2.044091,2.696350,4.356858,5.699549,6.513366,7.458958,8.963342,11.867150,14.271511,19.591118
2005-11-16,2.706739,Validation,1.101727,1.814424,2.448094,3.945398,5.151201,5.950674,6.796822,8.224421,10.909624,12.920341,17.406054
2005-11-17,2.600592,Validation,0.915378,1.522278,2.034495,3.310202,4.393337,5.057316,5.799549,7.065444,9.347819,11.037699,14.801291
2005-11-18,2.600592,Validation,0.657583,1.164074,1.550012,2.624993,3.647471,4.186406,4.872682,6.087059,8.228342,9.956597,13.908026
2005-11-19,7.589483,Validation,0.928272,1.827729,2.580079,4.408615,6.495784,7.608831,9.184767,11.697540,16.768507,21.624626,33.009239
2005-11-20,8.597876,Validation,2.720656,5.509119,7.876759,13.330827,18.458801,21.786396,25.450275,31.074482,42.789867,49.541943,74.699211
2005-11-21,18.522585,Validation,4.441898,7.993635,10.285240,16.447563,21.216778,23.848434,26.767702,31.533104,41.348618,46.696415,68.217972
2005-11-22,11.145395,Validation,3.395422,5.867803,7.735408,11.926985,15.344825,17.293032,19.353291,22.886663,30.136736,34.670219,48.297504
2005-11-23,7.748703,Validation,3.501071,5.431569,7.243885,10.677456,13.311107,15.045397,16.476698,19.195604,24.588947,28.687983,38.603687
2005-11-24,5.838064,Validation,4.435064,6.292010,8.085839,11.317906,13.261133,14.906452,15.985021,18.069925,22.091442,24.726675,33.300507
2005-11-25,5.572697,Validation,2.568897,3.872719,4.778694,7.175146,8.866998,10.012526,11.146873,12.818396,16.185934,18.835487,26.029249
2005-11-26,7.164897,Validation,2.679005,3.974967,4.987973,7.438947,9.424953,10.744744,11.889869,13.677256,17.757669,21.129288,31.314013
2005-11-27,6.740310,Validation,2.214724,3.458205,4.427307,6.636816,8.483574,9.709665,10.817016,12.564344,16.456919,19.533361,28.103889
2005-11-28,5.519624,Validation,2.895336,4.410463,5.589283,8.480185,10.919806,12.558410,14.076546,16.336451,21.749653,26.292809,39.739552
2005-11-29,5.095038,Validation,2.717656,4.304563,5.747026,8.517927,10.905026,12.557955,13.985262,16.337730,21.688822,25.601376,37.036579
2005-11-30,4.723524,Validation,2.837771,4.159186,5.558174,8.014975,9.984709,11.446903,12.547627,14.470369,18.572115,21.486895,30.256020
2005-12-01,5.838064,Validation,4.135512,7.348548,9.856270,15.391138,20.136328,22.879021,26.223328,30.980522,40.260098,46.898296,69.450317
2005-12-02,,,1.731711,3.487545,4.743084,7.740468,10.700201,11.801906,13.656126,16.458462,22.285021,27.103662,38.902092
2005-12-03,31.843985,Validation,13.172064,20.121187,24.017500,33.067001,38.701138,41.301613,43.652668,48.543232,58.308777,64.911461,89.680885
2005-12-04,18.310291,Validation,9.180473,13.989767,17.117397,24.333088,28.764923,31.065598,32.881748,37.061710,45.172745,51.342968,71.154305
2005-12-05,13.692914,Validation,7.018267,10.286009,12.964142,18.231915,21.369129,23.538660,24.943033,28.202776,34.315266,39.321365,53.284718
2005-12-06,10.826955,Validation,7.102569,9.638911,12.113594,16.265480,18.483957,20.421392,21.456446,23.779835,28.404802,31.620407,43.032295
2005-12-07,8.757096,Validation,6.386405,8.525350,10.641072,14.259103,16.115103,17.714584,18.719280,20.701906,24.356897,26.829420,35.902557
2005-12-08,7.483336,Validation,5.092017,6.806592,8.522408,11.617135,13.255354,14.605844,15.559851,17.318624,20.330303,22.191370,29.242178
2005-12-09,6.687237,Validation,4.124420,5.520621,6.992861,9.671595,11.299939,12.407337,13.315533,14.971447,17.689840,19.393927,25.242699
2005-12-10,6.846457,Validation,3.432680,4.676146,5.921454,8.398979,9.837080,10.893798,11.739185,13.322684,15.901878,17.139204,22.345610
2005-12-11,5.572697,Validation,3.629002,4.757115,6.058560,8.434323,9.869738,10.876794,11.612627,13.106539,15.682742,16.620537,22.151930
2005-12-12,5.307331,Validation,3.508858,4.523063,5.815191,8.059282,9.504103,10.451903,11.122558,12.583920,15.116665,15.972208,21.590248
2005-12-13,4.723524,Validation,3.654320,4.728407,6.041045,8.318690,9.774722,10.630793,11.329137,12.807918,15.351878,16.151201,21.669819
2005-12-14,4.458158,Validation,2.903316,3.852844,5.009674,7.101040,8.498261,9.356062,10.022052,11.493267,13.995087,14.755237,19.856714
2005-12-15,4.511231,Validation,2.183878,2.934697,3.880043,5.690400,6.973526,7.824275,8.427914,9.802783,12.195792,12.934665,18.019127
2005-12-16,4.139718,Validation,1.766654,2.435672,3.232612,4.884685,6.077907,6.893919,7.483461,8.800994,11.114407,11.845439,16.812622
2005-12-17,3.927425,Validation,1.253345,1.825874,2.445543,3.804696,4.886725,5.588664,6.137296,7.310061,9.421526,10.232432,14.318705
2005-12-18,3.874352,Validation,1.198065,1.811331,2.426448,3.788774,4.884390,5.550098,6.118506,7.310632,9.443256,10.277803,13.873386
2005-12-19,3.662058,Validation,1.304590,1.955238,2.611668,4.043872,5.169981,5.844645,6.430811,7.649977,9.834757,10.650759,14.320532
2005-12-20,3.980498,Validation,,,,,,,,,,,
2005-12-21,3.396692,Validation,0.602388,1.024118,1.382528,2.307932,3.134118,3.656615,4.148882,5.176467,6.843568,7.700535,10.554304
2005-12-22,3.290545,Validation,0.499500,0.868392,1.182864,1.998283,2.749940,3.244290,3.706481,4.683315,6.217803,7.043077,9.803490
2005-12-23,3.184398,Validation,0.355603,0.650952,0.897848,1.550955,2.183385,2.622675,3.042082,3.935331,5.259008,6.024491,8.632040
2005-12-24,3.555912,Validation,0.295907,0.563328,0.799712,1.399827,1.998100,2.407673,2.820848,3.706818,4.955925,5.748775,8.170746
2005-12-25,3.237472,Validation,0.356242,0.640911,0.884879,1.533271,2.217520,2.635167,3.086195,4.015903,5.358819,6.379964,9.136538
2005-12-26,4.935818,Validation,0.670823,1.162706,1.680932,2.790612,4.145592,4.926019,5.963842,7.524040,10.838215,13.886510,20.789944
2005-12-27,6.528017,Validation,1.008372,2.116581,2.773569,4.818421,6.925066,8.296559,9.758306,12.294183,17.930084,21.889944,34.241512
2005-12-28,6.528017,Validation,1.179726,2.125465,2.952911,4.760106,6.648387,7.925201,9.211049,11.392668,16.236626,19.692265,29.314468
2005-12-29,5.944211,Validation,1.212451,2.065997,2.816987,4.497167,6.104034,7.134945,8.213258,10.061936,13.717836,16.754618,23.677486
2005-12-30,5.784991,Validation,1.346636,2.213658,3.025330,4.800828,6.484923,7.411818,8.454302,10.310705,13.678869,16.930593,23.454874
2005-12-31,7.271043,Validation,1.426499,2.303450,3.073745,4.872063,6.474506,7.395443,8.394300,10.186088,13.344622,16.320616,22.511705
2006-01-01,10.826955,Training,1.550750,2.471399,3.242827,5.110886,6.633650,7.608014,8.565953,10.318811,13.395305,16.009632,22.038855
2006-01-02,9.022462,Training,1.564798,2.411154,3.204639,4.973458,6.349321,7.327474,8.168489,9.811136,12.618844,14.634480,19.735743
2006-01-03,7.695630,Training,1.626283,2.436096,3.201240,4.920339,6.215045,7.127949,7.884051,9.397476,11.931143,13.497915,18.075272
2006-01-04,7.271043,Training,1.706314,2.419270,3.196248,4.821860,6.088758,6.978205,7.616214,9.001535,11.351934,12.620626,17.273701
2006-01-05,6.209577,Training,1.725320,2.573610,3.279804,5.034425,6.320992,7.114625,7.846870,9.263659,11.589248,12.892846,17.306293
2006-01-06,8.173289,Training,1.886031,2.808057,3.616036,5.541337,7.007739,7.927739,8.767024,10.322404,13.097593,14.945312,20.736546
2006-01-07,7.111823,Training,1.777898,2.614835,3.525814,5.309747,6.725091,7.734904,8.429976,9.960828,12.780789,14.425594,20.092875
2006-01-08,6.687237,Training,1.823546,2.577409,3.464591,5.175703,6.527991,7.470495,8.105807,9.548608,12.106919,13.471893,18.854511
2006-01-09,6.156504,Training,1.892088,2.660220,3.553696,5.289608,6.618871,7.480523,8.107445,9.555920,11.991808,13.142312,18.086153
2006-01-10,5.838064,Training,1.840009,2.554901,3.394011,5.061263,6.326615,7.142738,7.739691,9.125029,11.421748,12.369067,17.177309
2006-01-11,5.148111,Training,1.812761,2.523265,3.349842,4.999220,6.249412,7.037421,7.624805,8.998877,11.252900,12.116700,16.712109
2006-01-12,5.041964,Training,1.884104,2.691068,3.544863,5.311257,6.579975,7.341115,7.981034,9.433739,11.727431,12.534096,16.706707
2006-01-13,4.882744,Training,1.554689,2.297992,3.044535,4.710257,6.079530,6.898569,7.656973,9.091681,11.686351,13.174184,18.359329
2006-01-14,5.254258,Training,1.205883,1.976110,2.698319,4.282683,5.696964,6.612254,7.360963,8.857941,11.868503,13.868420,20.158834
2006-01-15,7.430263,Training,1.556468,2.589606,3.627873,5.707840,8.106952,9.642219,11.271544,13.638456,19.347662,24.213699,38.567486
2006-01-16,11.729201,Training,1.963097,3.360587,4.655321,7.227273,9.946443,11.744039,13.197745,15.772713,22.132729,26.775200,43.271038
2006-01-17,9.128609,Training,1.732735,2.799139,3.966820,6.019073,8.080032,9.491030,10.675114,12.836420,17.441069,20.945642,30.543421
2006-01-18,8.332509,Training,1.591799,2.531703,3.550438,5.479385,7.163622,8.270543,9.314959,11.278719,14.811270,17.647429,24.299906
2006-01-19,6.952603,Training,1.414817,2.190453,3.013448,4.685652,6.079947,7.045958,7.828466,9.490571,12.331264,14.132199,19.292982
2006-01-20,6.209577,Training,1.091217,1.719094,2.350955,3.759203,4.951990,5.759698,6.428615,7.906568,10.316854,11.719306,15.856610
2006-01-21,5.678844,Training,1.085010,1.686698,2.294343,3.679094,4.828306,5.601830,6.221430,7.651400,9.928288,11.106924,14.979664
2006-01-22,5.307331,Training,1.133144,1.735727,2.356157,3.769747,4.921023,5.693259,6.287521,7.715291,9.967362,11.026350,14.890308
2006-01-23,5.148111,Training,1.402122,2.086644,2.811596,4.418641,5.639259,6.455787,7.072678,8.588052,10.924160,11.885377,15.931089
2006-01-24,4.988891,Training,1.213144,1.867244,2.529242,4.068152,5.239375,6.010211,6.640738,8.159570,10.442297,11.471343,15.214109
2006-01-25,4.723524,Training,0.634819,1.093538,1.501527,2.571419,3.492185,4.081503,4.630366,5.879213,7.763700,8.835543,11.845495
2006-01-26,4.776598,Training,0.671999,1.134233,1.561187,2.650371,3.585487,4.209673,4.730683,5.966310,7.898006,8.873480,12.055998
2006-01-27,4.882744,Training,0.716884,1.159809,1.614656,2.699822,3.656191,4.310412,4.788969,5.999305,7.939954,8.869294,12.289762
2006-01-28,4.511231,Training,0.824213,1.264113,1.678518,2.846453,3.793486,4.486182,4.979744,6.174242,8.111718,8.975802,13.742620
2006-01-29,6.315724,Training,0.874164,1.280287,1.743671,2.918435,3.989602,4.801422,5.499651,6.759142,9.041332,10.415467,17.368130
2006-01-30,4.723524,Training,0.821368,1.363145,1.898435,3.189172,4.267241,5.147626,5.716054,7.053586,9.596445,10.863106,17.704060
2006-01-31,4.298938,Training,1.026469,1.617355,2.312163,3.694625,4.954695,5.899693,6.461045,7.892686,10.611945,12.093126,18.246994
2006-02-01,4.458158,Training,0.736035,1.232239,1.783020,2.933738,4.052226,4.840286,5.365027,6.713040,9.127403,10.526161,15.284563
2006-02-02,4.458158,Training,0.693027,1.160455,1.669124,2.728614,3.975375,4.781407,5.527264,6.873553,9.687251,11.901958,18.054739
2006-02-03,5.201184,Training,0.653111,1.295743,1.835858,3.054133,4.452813,5.313789,6.259128,7.895243,11.504922,14.532087,22.277502
2006-02-04,5.095038,Training,0.579082,1.080117,1.591613,2.586747,3.714145,4.511154,5.273391,6.730415,9.611005,11.894988,17.536648
2006-02-05,5.095038,Training,0.599190,1.011642,1.514450,2.456514,3.513525,4.310486,4.881312,6.175720,8.614667,10.395226,15.788896
2006-02-06,4.670451,Training,0.608031,1.010298,1.467721,2.418422,3.400191,4.123020,4.633415,5.865621,8.001437,9.424516,13.950003
2006-02-07,4.298938,Training,0.536102,0.945220,1.332451,2.254297,3.150178,3.762544,4.275792,5.476213,7.395349,8.584085,12.063582
2006-02-08,4.139718,Training,0.497682,0.900451,1.257300,2.167633,3.019546,3.596681,4.110615,5.301981,7.143655,8.260250,11.473902
2006-02-09,4.033571,Training,0.482496,0.884042,1.230625,2.144771,2.985815,3.553264,4.066574,5.260118,7.088246,8.193599,11.351155
2006-02-10,4.139718,Training,0.487655,0.886842,1.244932,2.165964,3.076923,3.598084,4.156751,5.378704,7.236530,8.662006,11.935378
2006-02-11,4.245865,Training,0.490900,0.900866,1.283280,2.238156,3.133012,3.704183,4.249148,5.493643,7.422890,8.779627,12.075150
2006-02-12,4.192791,Training,0.507561,0.927714,1.315183,2.303731,3.192679,3.789730,4.321979,5.579486,7.531798,8.779935,12.067722
2006-02-13,4.139718,Training,0.540037,0.979119,1.386532,2.428046,3.341272,3.953557,4.484621,5.773951,7.773977,8.980364,12.308866
2006-02-14,4.033571,Training,0.562907,1.007503,1.435412,2.511627,3.453702,4.062359,4.600844,5.926472,7.943469,9.174863,12.420965
2006-02-15,3.927425,Training,0.683057,1.181277,1.673879,2.898353,3.925936,4.599478,5.159256,6.591895,8.780086,10.008953,13.536506
2006-02-16,4.988891,Training,0.635387,1.097854,1.579211,2.727631,3.837588,4.453919,5.095248,6.484768,8.781282,10.552063,14.658073
2006-02-17,4.352011,Training,0.564047,1.023407,1.472908,2.514359,3.590922,4.266125,4.945681,6.255168,8.644383,10.747482,15.706443
2006-02-18,9.447049,Training,0.762849,1.492937,2.160489,3.645924,5.345759,6.423768,7.631058,9.631618,14.003985,17.877954,27.400127
2006-02-19,23.511476,Training,1.739921,3.729693,5.033745,8.317974,12.413293,14.821797,17.201687,21.718754,30.815748,36.727554,60.312935
2006-02-20,39.061955,Training,3.890641,6.994769,9.043038,14.294796,19.255259,22.431519,25.079506,29.777721,39.760178,45.173916,70.248077
2006-02-21,27.545047,Training,4.723496,7.812179,10.073364,15.111589,19.470310,22.216722,24.083935,28.130268,35.978039,41.323193,60.697273
2006-02-22,17.354972,Training,4.061322,5.993430,7.951656,11.408996,14.369251,16.729807,17.687607,20.493870,25.831968,30.162725,46.205090
2006-02-23,12.313008,Training,4.526031,6.230676,8.202633,11.372377,13.821386,15.812423,16.577559,18.854780,23.014566,26.353420,40.295029
2006-02-24,9.871635,Training,2.818018,4.056911,5.287769,7.690603,9.802623,11.269305,12.156379,14.057908,17.670502,20.768661,31.746128
2006-02-25,12.366081,Training,2.873618,4.579991,6.071012,9.098266,12.275811,14.065701,15.896743,18.617319,24.811848,30.637861,46.268188
2006-02-26,13.002961,Training,3.241334,5.474733,7.069225,10.779495,14.290236,16.280596,18.017208,21.157892,27.931664,33.503754,50.498878
2006-02-27,10.986175,Training,2.887303,4.429484,6.074841,8.854283,11.476197,13.299498,14.490634,16.993933,22.035574,26.107939,38.521027
2006-02-28,8.916316,Training,2.946930,4.367342,5.977051,8.625808,10.830696,12.393937,13.483891,15.701040,19.818291,23.022377,32.817459
2006-03-01,7.907923,Training,3.025794,4.216559,5.720158,8.133410,10.014197,11.434283,12.235432,14.127669,17.455294,19.718615,28.347525
2006-03-02,6.793383,Training,2.511918,3.661463,4.873210,7.189837,8.800050,9.972837,10.856918,12.670962,15.606106,17.401201,23.845161
2006-03-03,6.474944,Training,1.817128,2.810591,3.781690,5.873570,7.541494,8.468971,9.513476,11.355502,14.378876,17.044926,23.491623
2006-03-04,18.151071,Training,1.251323,2.459767,3.513336,5.837073,8.563066,9.946908,11.955919,15.147734,21.546839,27.758877,41.987743
2006-03-05,20.486297,Training,1.907607,3.334568,4.620878,7.273565,9.939603,11.761853,13.316663,16.054888,22.279083,26.676283,41.122440
2006-03-06,14.489013,Training,1.844124,3.001174,4.206862,6.474187,8.508762,9.967801,11.217933,13.467125,18.013809,21.543287,31.329622
2006-03-07,10.720808,Training,1.974340,3.106451,4.356577,6.673810,8.683951,9.874680,11.129262,13.335268,17.202761,20.999609,29.056381
2006-03-08,9.022462,Training,1.558407,2.406258,3.426131,5.313729,6.962387,7.936350,8.922184,10.810661,13.978064,16.825766,22.905491
2006-03-09,8.438656,Training,1.219782,1.961584,2.712999,4.368211,5.815279,6.648351,7.530522,9.225941,12.014812,14.530578,19.962917
2006-03-10,7.217970,Training,0.996078,1.644799,2.284054,3.753452,4.955091,5.789516,6.514904,8.076548,10.593221,12.427622,16.948551
2006-03-11,6.581090,Training,0.736310,1.249360,1.755374,2.940978,4.037701,4.680956,5.333314,6.717189,8.882857,10.676226,14.565661
2006-03-12,6.528017,Training,0.643222,1.103853,1.620015,2.739821,3.798351,4.402740,5.006024,6.382016,8.553065,10.206437,13.961499
2006-03-13,6.156504,Training,0.669055,1.132837,1.648735,2.789557,3.845020,4.437586,5.027275,6.392067,8.510952,10.018577,13.582597
2006-03-14,6.050357,Training,0.754324,1.243167,1.835074,3.104875,4.237952,4.841577,5.441077,6.920865,9.196607,10.598614,14.269903
2006-03-15,5.466551,Training,0.720401,1.206786,1.719602,2.901893,3.959382,4.531679,5.104251,6.432775,8.470995,9.794026,13.175030
2006-03-16,5.307331,Training,0.547785,0.961798,1.334463,2.273112,3.154649,3.645532,4.151696,5.271745,6.917404,8.111423,11.092412
2006-03-17,8.757096,Training,0.516842,0.991162,1.445320,2.404545,3.465826,4.123971,4.839576,6.145572,8.429301,10.603103,15.529012
2006-03-18,33.807697,Training,0.911318,2.042521,2.786863,4.781777,6.994680,8.438343,9.856977,12.586884,18.077795,22.479435,34.910957
2006-03-19,40.123421,Training,1.549300,3.305279,4.251772,7.231426,10.314665,12.267115,14.190191,17.890436,24.862841,29.875010,45.090076
2006-03-20,27.067387,Training,2.764075,5.350474,6.696401,10.984570,14.920805,17.105511,19.486710,23.584518,30.894966,36.431690,52.337952
2006-03-21,22.450009,Training,3.558322,6.337453,7.839674,12.379779,16.038046,18.028595,20.020811,23.744057,29.910950,35.066704,49.275436
2006-03-22,16.983459,Training,3.252210,5.704544,7.070966,11.126473,14.381643,16.240934,18.133743,21.511009,27.288813,32.431355,45.311749
2006-03-23,,,1.852875,3.695478,5.022027,8.214907,11.321392,12.475503,14.339016,17.280333,23.272022,28.330856,40.725971
2006-03-24,,,1.977234,3.899458,5.238704,8.505012,11.618958,12.778336,14.617885,17.511940,23.400234,28.392134,40.826565
2006-03-25,27.014314,Training,2.948218,5.177227,6.707408,10.537112,13.606028,15.108848,16.810612,20.076248,25.620295,30.011038,42.261574
2006-03-26,19.530977,Training,2.530690,4.108654,5.567430,8.549013,10.889603,12.211642,13.519382,16.182657,20.610394,24.129173,33.189644
2006-03-27,15.603553,Training,2.509975,3.902237,5.190898,7.934110,10.084293,11.130286,12.330177,14.597204,18.234249,21.578871,29.897463
2006-03-28,12.949887,Training,2.480968,3.741482,4.831521,7.222215,8.861000,9.936146,10.930243,12.707798,15.429230,17.882906,24.033751
2006-03-29,10.880028,Training,2.016767,3.067899,3.975479,6.023520,7.513842,8.412794,9.313552,10.900107,13.344460,15.467443,20.670290
2006-03-30,10.030855,Training,1.687892,2.595963,3.473586,5.362833,6.818190,7.603225,8.456450,10.088702,12.651845,14.515265,19.500589
2006-03-31,9.447049,Training,1.618551,2.504371,3.295403,5.115960,6.535966,7.250647,8.074930,9.610911,11.983708,13.828820,18.682364
2006-04-01,7.271043,Test,1.613450,2.472761,3.292183,5.075671,6.431789,7.171660,7.947619,9.470100,11.818480,13.472015,18.057413
2006-04-02,6.634164,Test,1.628889,2.479528,3.294291,5.056102,6.384127,7.102355,7.856824,9.346606,11.609730,13.126429,17.523603
2006-04-03,6.581090,Test,1.230468,2.043176,2.857182,4.540864,5.770020,6.512799,7.227244,8.847484,11.398567,12.607697,16.756487
2006-04-04,6.209577,Test,1.270795,2.013659,2.776101,4.433497,5.771663,6.349985,7.125773,8.697480,11.003914,12.498739,16.889023
2006-04-05,6.156504,Test,0.912851,1.600726,2.244593,3.637648,4.929661,5.635137,6.489693,7.937670,10.469518,12.924714,18.267399
2006-04-06,10.933102,Test,0.813326,1.773243,2.412163,4.094110,5.789420,6.855048,7.958627,10.088850,14.142978,17.787655,27.185373
2006-04-07,6.687237,Test,0.975121,2.021471,2.664320,4.391764,6.094882,7.080020,8.140737,10.124709,13.777193,17.146749,25.731829
2006-04-08,5.944211,Test,1.059658,1.918701,2.586448,4.073410,5.484915,6.376353,7.271773,8.914726,11.786844,14.572178,20.787649
2006-04-09,5.731917,Test,1.072569,1.887008,2.492843,3.887746,5.201966,5.974786,6.795342,8.266781,10.742889,13.240399,18.755798
2006-04-10,5.360404,Test,,,,,,,,,,,
2006-04-11,5.466551,Test,,,,,,,,,,,
2006-04-12,4.935818,Test,0.767692,1.312192,1.698725,2.662743,3.536753,4.074378,4.656853,5.749797,7.354841,8.808110,12.390593
2006-04-13,4.776598,Test,0.560257,1.046937,1.383125,2.241603,3.005697,3.485621,4.020714,5.093953,6.603716,7.782280,11.135184
2006-04-14,4.829671,Test,0.730565,1.302143,1.688683,2.721136,3.661359,4.144913,4.746791,5.902423,7.539628,9.000957,12.833141
2006-04-15,4.988891,Test,0.725667,1.312740,1.718316,2.784239,3.773421,4.331864,4.956912,6.180232,8.032444,9.852674,14.256403
2006-04-16,4.511231,Test,0.768340,1.415035,1.847318,2.967221,3.965808,4.615043,5.267722,6.520557,8.523787,10.504505,15.104471
2006-04-17,4.617378,Test,0.759621,1.368074,1.813260,2.868078,3.817312,4.456420,5.084384,6.280747,8.180681,9.999885,14.225652
2006-04-18,4.564305,Test,0.777706,1.385355,1.839131,2.891352,3.838299,4.450642,5.063597,6.222767,8.053489,9.763321,13.806524
2006-04-19,4.033571,Test,0.738890,1.314957,1.734553,2.732818,3.632870,4.196512,4.782990,5.892739,7.604829,9.158993,12.932345
2006-04-20,4.139718,Test,0.645398,1.201282,1.575643,2.551088,3.459405,3.966318,4.554088,5.699402,7.407752,8.988712,12.994833
2006-04-21,4.670451,Test,0.611665,1.161524,1.567059,2.594656,3.574811,4.207939,4.944932,6.255261,8.482210,10.742333,15.604298
2006-04-22,13.215254,Test,0.928890,1.957334,2.539790,4.214455,5.781571,6.695142,7.699187,9.537907,12.926061,16.284168,24.500553
2006-04-23,5.360404,Test,0.830547,1.785565,2.421141,3.933474,5.359832,6.186283,7.165297,8.919358,12.103458,14.856985,21.897980
2006-04-24,5.095038,Test,0.652175,1.448108,2.014562,3.296923,4.440885,5.178584,6.021105,7.561902,10.238602,12.413872,17.965902
2006-04-25,5.201184,Test,0.541862,1.236776,1.730020,2.859949,3.833611,4.490613,5.214329,6.576820,8.864317,10.668600,15.368692
2006-04-26,4.458158,Test,0.484110,1.103032,1.517668,2.515575,3.352694,3.925430,4.558379,5.774295,7.685353,9.146104,13.134875
2006-04-27,4.192791,Test,0.584607,1.172863,1.569407,2.535634,3.380359,3.901134,4.510200,5.661737,7.399345,8.786417,12.539114
2006-04-28,3.715132,Test,0.395704,0.930197,1.265451,2.119627,2.823291,3.310280,3.865024,4.945750,6.528208,7.683581,11.030322
2006-04-29,3.608985,Test,0.394024,0.891631,1.208268,2.011775,2.689608,3.150358,3.681380,4.722942,6.207652,7.303313,10.494082
2006-04-30,3.237472,Test,0.413240,0.907229,1.222394,2.026008,2.711184,3.159494,3.682734,4.707648,6.159069,7.229320,10.352421
2006-05-01,3.184398,Test,0.445996,0.899527,1.198992,1.955793,2.632509,3.060511,3.561947,4.546124,5.919794,6.984802,10.019406
2006-05-02,3.237472,Test,0.546279,1.047965,1.381582,2.225645,2.980084,3.425895,3.955129,4.956499,6.416016,7.562562,10.708421
2006-05-03,3.555912,Test,0.483174,0.972314,1.296893,2.128055,2.861924,3.302080,3.826159,4.839321,6.313050,7.416295,10.525406
2006-05-04,3.237472,Test,0.448371,0.891549,1.174878,1.922895,2.606900,3.021285,3.511583,4.466143,5.817130,6.901024,9.887678
2006-05-05,2.706739,Test,0.398920,0.814016,1.089084,1.787935,2.423899,2.834586,3.295692,4.224129,5.517982,6.527881,9.406763
2006-05-06,2.494445,Test,0.384962,0.801765,1.077299,1.776783,2.409682,2.819056,3.279157,4.208294,5.505433,6.499527,9.380956
2006-05-07,2.653665,Test,0.426422,0.850361,1.132900,1.848161,2.502614,2.918576,3.383795,4.300608,5.603564,6.648440,9.528054
2006-05-08,2.865959,Test,0.453833,0.894223,1.188839,1.936717,2.616112,3.040850,3.517267,4.442379,5.782513,6.855777,9.757149
2006-05-09,2.759812,Test,0.321237,0.746355,1.027114,1.755518,2.392506,2.805036,3.272869,4.231436,5.602706,6.575395,9.485626
2006-05-10,2.335226,Test,0.188332,0.568968,0.809595,1.430205,1.954859,2.338212,2.760236,3.655278,4.885086,5.720113,8.386415
2006-05-11,2.176006,Test,0.115023,0.398899,0.583832,1.012415,1.402119,1.712091,2.032690,2.747472,3.648695,4.242719,6.419508
2006-05-12,2.176006,Test,0.093358,0.344859,0.512603,0.885308,1.238162,1.522914,1.818810,2.483439,3.309730,3.851616,5.895553
2006-05-13,2.176006,Test,0.088148,0.335262,0.499782,0.864143,1.209351,1.490243,1.782936,2.439924,3.254599,3.785867,5.800163
2006-05-14,1.857566,Test,0.082816,0.336975,0.502983,0.876459,1.223470,1.507886,1.804132,2.467900,3.291413,3.822257,5.837284
2006-05-15,2.069859,Test,0.055595,0.338185,0.508986,0.914837,1.266058,1.563359,1.871390,2.556741,3.413743,3.948555,5.987116
2006-05-16,1.698346,Test,-0.004739,0.263564,0.423050,0.793779,1.104352,1.386996,1.675989,2.328216,3.136012,3.623776,5.542339
2006-05-17,1.592199,Test,0.005657,0.287120,0.452018,0.844525,1.171048,1.462366,1.761617,2.432264,3.269865,3.780061,5.753613
2006-05-18,1.910639,Test,0.066442,0.352119,0.528661,0.944432,1.307453,1.609562,1.922574,2.620410,3.496414,4.052671,6.127536
2006-05-19,1.645273,Test,0.137795,0.451501,0.648103,1.125201,1.548015,1.871211,2.213532,2.963021,3.914893,4.544174,6.774695
2006-05-20,1.539126,Test,0.125807,0.446293,0.642857,1.127235,1.547702,1.874133,2.220390,2.976231,3.939095,4.566024,6.793778
2006-05-21,1.698346,Test,0.113444,0.432820,0.612802,1.087562,1.506286,1.816334,2.162028,2.903868,3.850823,4.501501,6.770807
2006-05-22,1.486053,Test,0.198569,0.526663,0.726160,1.234269,1.706746,2.036425,2.402489,3.174356,4.196479,4.953688,7.387115
2006-05-23,1.379906,Test,0.203981,0.509640,0.706830,1.187310,1.644140,1.975174,2.329219,3.073733,4.074627,4.834291,7.207180
2006-05-24,1.432979,Test,0.132709,0.430336,0.628196,1.081035,1.495827,1.824014,2.163643,2.907795,3.892998,4.582666,6.919210
2006-05-25,1.432979,Test,0.059362,0.367240,0.560168,1.009134,1.388995,1.719379,2.056914,2.800673,3.782124,4.433372,6.710175
2006-05-26,1.379906,Test,-0.037527,0.258493,0.441503,0.857541,1.185604,1.502679,1.817571,2.544369,3.467300,4.051865,6.166908
2006-05-27,1.857566,Test,-0.063617,0.191738,0.367289,0.715886,1.007367,1.299977,1.578190,2.271101,3.095196,3.612150,5.576655
2006-05-28,1.061466,Test,-0.086336,0.163896,0.321980,0.642340,0.909384,1.179603,1.442458,2.089971,2.874625,3.387717,5.341225
2006-05-29,1.220686,Test,-0.081681,0.178165,0.337505,0.667637,0.936010,1.211891,1.482711,2.128849,2.938862,3.474086,5.474955
2006-05-30,0.796100,Test,-0.049747,0.210960,0.369698,0.700814,0.973602,1.250799,1.528874,2.158701,2.969163,3.498700,5.482517
2006-05-31,0.743026,Test,-0.038150,0.216067,0.370828,0.692392,0.964098,1.234229,1.509555,2.125873,2.914522,3.426811,5.364247
2006-06-01,0.636880,Test,-0.058162,0.215299,0.343102,0.678543,0.949197,1.191773,1.473203,2.067374,2.836472,3.392588,5.401785
2006-06-02,0.796100,Test,-0.055473,0.196792,0.349886,0.656679,0.916643,1.183970,1.450369,2.057014,2.861520,3.402855,5.434161
2006-06-03,0.743026,Test,-0.074785,0.172565,0.327057,0.629563,0.879583,1.146267,1.409266,2.020200,2.808401,3.337975,5.307487
2006-06-04,0.689953,Test,-0.081628,0.168596,0.329395,0.640680,0.896574,1.170473,1.435238,2.059807,2.873086,3.417293,5.424694
2006-06-05,0.689953,Test,-0.079489,0.174119,0.335428,0.652780,0.911881,1.187295,1.457304,2.092263,2.905725,3.443877,5.425857
2006-06-06,0.477660,Test,-0.083334,0.168871,0.334176,0.655269,0.918660,1.197943,1.469690,2.126421,2.944096,3.477597,5.443919
2006-06-07,0.583806,Test,-0.064160,0.198994,0.358307,0.690161,0.957960,1.236740,1.518455,2.158566,2.989871,3.531417,5.516543
2006-06-08,0.477660,Test,-0.037997,0.233306,0.395641,0.742863,1.025285,1.310302,1.605907,2.259966,3.116979,3.676624,5.691229
2006-06-09,0.477660,Test,-0.027351,0.261629,0.415689,0.791758,1.096881,1.380965,1.689814,2.357770,3.234649,3.811472,5.881187
2006-06-10,0.477660,Test,-0.051222,0.226817,0.363579,0.710673,0.992933,1.254838,1.544965,2.173979,3.000437,3.555790,5.586157
2006-06-11,0.477660,Test,-0.055459,0.170888,0.306518,0.571909,0.808488,1.045581,1.290872,1.844436,2.552476,3.016241,4.839317
2006-06-12,0.477660,Test,-0.051683,0.161875,0.284994,0.526117,0.750645,0.969639,1.201139,1.719765,2.384083,2.834683,4.620341
2006-06-13,0.477660,Test,-0.113730,0.139651,0.244727,0.523223,0.729466,0.929500,1.164998,1.662278,2.336179,2.865755,4.768113
2006-06-14,1.061466,Test,0.016575,0.291641,0.478266,0.794615,1.101069,1.324322,1.620761,2.295254,3.288195,4.323944,7.274987
2006-06-15,0.583806,Test,-0.102812,0.330358,0.452980,0.833524,1.111210,1.365331,1.650385,2.353576,3.490937,4.521252,8.095733
2006-06-16,,,0.565612,1.251692,1.611801,2.308500,3.281299,3.834769,4.559313,6.179277,9.135291,11.383832,18.498888
2006-06-17,2.759812,Test,-0.043301,0.314298,0.471026,0.815196,1.110334,1.383874,1.685558,2.375755,3.514297,4.492905,7.683893
2006-06-18,0.530733,Test,-0.012972,0.313765,0.501880,0.836328,1.121381,1.423511,1.736259,2.440539,3.586447,4.493087,7.434620
2006-06-19,0.477660,Test,0.035201,0.346341,0.540619,0.878495,1.167442,1.478626,1.800598,2.515374,3.647180,4.528183,7.333828
2006-06-20,0.477660,Test,0.016320,0.294737,0.469882,0.774173,1.039888,1.326326,1.623204,2.275273,3.244833,3.975666,6.453259
2006-06-21,0.477660,Test,0.000959,0.266230,0.426009,0.719981,0.969830,1.240858,1.528226,2.152202,3.041683,3.693036,5.963764
2006-06-22,0.477660,Test,-0.029599,0.228310,0.374315,0.655470,0.885572,1.140580,1.414795,2.008695,2.828933,3.413895,5.514045
2006-06-23,0.477660,Test,-0.012998,0.235067,0.376974,0.654074,0.890606,1.141231,1.415121,2.003758,2.804468,3.371898,5.426075
2006-06-24,0.477660,Test,-0.003844,0.252131,0.380253,0.668485,0.918933,1.161635,1.439724,2.028378,2.829601,3.414753,5.509349
2006-06-25,0.477660,Test,0.004685,0.249942,0.381134,0.658913,0.909143,1.151452,1.424523,2.007520,2.799249,3.371940,5.438100
2006-06-26,0.477660,Test,0.032446,0.265725,0.402835,0.676397,0.936665,1.182583,1.456874,2.043051,2.839689,3.414268,5.474535
2006-06-27,0.477660,Test,0.016277,0.243564,0.379542,0.641154,0.887376,1.128968,1.393464,1.965381,2.738416,3.289623,5.290531
2006-06-28,0.477660,Test,0.010353,0.234653,0.365604,0.623249,0.865196,1.102139,1.362060,1.926266,2.688787,3.229814,5.201424
2006-06-29,0.477660,Test,-0.014141,0.207819,0.336155,0.586309,0.817421,1.049708,1.301715,1.851395,2.582537,3.084648,4.973560
2006-06-30,0.477660,Test,-0.033394,0.190378,0.314413,0.562792,0.784566,1.013381,1.260271,1.802194,2.522011,3.008262,4.854217
2006-07-01,0.477660,Training,-0.030585,0.193357,0.314058,0.567752,0.790196,1.019704,1.266786,1.815949,2.557647,3.062552,4.938268
2006-07-02,0.477660,Training,-0.026787,0.194132,0.309132,0.557082,0.780755,1.003416,1.247583,1.786749,2.511142,3.009494,4.878583
2006-07-03,0.477660,Training,-0.036836,0.214578,0.331377,0.621836,0.870306,1.105119,1.370107,1.946980,2.725156,3.266801,5.237127
2006-07-04,0.477660,Training,,,,,,,,,,,
2006-07-05,0.477660,Training,-0.028728,0.193349,0.313157,0.556960,0.790169,1.011083,1.252102,1.782835,2.480879,2.968560,4.848029
2006-07-06,0.477660,Training,-0.039295,0.156758,0.277695,0.485258,0.698323,0.905945,1.122547,1.609269,2.232435,2.659118,4.410816
2006-07-07,0.477660,Training,-0.060119,0.140066,0.259225,0.467995,0.674456,0.881572,1.095944,1.579004,2.195486,2.606065,4.321700
2006-07-08,0.477660,Training,-0.053443,0.145044,0.263721,0.471350,0.679593,0.885818,1.101530,1.584719,2.199831,2.608577,4.319622
2006-07-09,0.477660,Training,-0.060128,0.138258,0.253755,0.458300,0.662065,0.864982,1.078510,1.556646,2.160578,2.557427,4.239089
2006-07-10,0.477660,Training,-0.062781,0.135489,0.249510,0.453072,0.655497,0.857119,1.070269,1.547317,2.147370,2.537851,4.205125
2006-07-11,0.477660,Training,-0.090377,0.113847,0.225666,0.429742,0.625596,0.825631,1.034019,1.511703,2.102945,2.482410,4.127083
2006-07-12,0.477660,Training,-0.093054,0.111934,0.225507,0.426703,0.620338,0.820074,1.028447,1.508127,2.101426,2.487914,4.143143
2006-07-13,0.477660,Training,-0.131066,0.089306,0.188098,0.395606,0.584939,0.770872,0.971238,1.440439,2.015350,2.411785,4.106905
2006-07-14,0.477660,Training,-0.142560,0.076068,0.185622,0.392026,0.583850,0.776219,0.973038,1.457293,2.056427,2.476231,4.254498
2006-07-15,0.477660,Training,-0.130807,0.067529,0.191623,0.381233,0.569501,0.769814,0.959380,1.448703,2.052272,2.475102,4.261684
2006-07-16,0.477660,Training,-0.137371,0.059296,0.189081,0.378862,0.568141,0.771606,0.960171,1.458509,2.078068,2.519078,4.352523
2006-07-17,0.477660,Training,-0.137421,0.060236,0.188152,0.379836,0.568152,0.772865,0.961403,1.457163,2.085007,2.529017,4.373336
2006-07-18,0.477660,Training,-0.161436,0.093104,0.179891,0.415350,0.595389,0.779245,0.981451,1.429615,2.067660,2.555656,4.503435
2006-07-19,0.477660,Training,-0.143949,0.121022,0.218332,0.461903,0.664995,0.863504,1.076151,1.561782,2.287457,2.863051,5.101367
2006-07-20,0.477660,Training,-0.106286,0.128745,0.265190,0.484004,0.688140,0.916994,1.133021,1.649049,2.408229,2.960903,5.140125
2006-07-21,0.477660,Training,-0.080865,0.144064,0.284354,0.501166,0.712614,0.944625,1.166697,1.690053,2.458509,3.020218,5.186206
2006-07-22,0.477660,Training,-0.087990,0.125769,0.258473,0.465010,0.668817,0.891420,1.102997,1.604548,2.326433,2.841122,4.889226
2006-07-23,0.477660,Training,-0.087187,0.117253,0.237189,0.432903,0.628969,0.836704,1.043119,1.524299,2.189572,2.651554,4.545077
2006-07-24,0.477660,Training,-0.076347,0.118401,0.229731,0.419154,0.615614,0.814157,1.018151,1.488483,2.124870,2.558949,4.375599
2006-07-25,0.477660,Training,-0.075751,0.115238,0.223206,0.408091,0.602005,0.796354,0.999455,1.465034,2.086989,2.505217,4.275260
2006-07-26,0.477660,Training,-0.066716,0.120820,0.226833,0.409488,0.605316,0.797333,1.002431,1.467245,2.083826,2.496156,4.246779
2006-07-27,0.477660,Training,-0.060383,0.124870,0.229066,0.411323,0.609659,0.800311,1.007009,1.472572,2.088201,2.498302,4.242071
2006-07-28,0.477660,Training,-0.068030,0.117018,0.219575,0.401028,0.596690,0.786298,0.991584,1.455181,2.066920,2.468127,4.189918
2006-07-29,0.477660,Training,-0.077063,0.109784,0.211353,0.395637,0.590655,0.781184,0.986533,1.452761,2.069400,2.467718,4.184463
2006-07-30,0.477660,Training,-0.087812,0.101811,0.203165,0.394197,0.590075,0.783888,0.989811,1.463508,2.094742,2.495122,4.219140
2006-07-31,0.477660,Training,-0.087321,0.103963,0.203204,0.399786,0.597054,0.792876,1.002309,1.487586,2.149609,2.581848,4.363138
2006-08-01,0.477660,Training,-0.093257,0.091388,0.174569,0.347269,0.532265,0.706449,0.897671,1.336788,1.927346,2.321263,4.025595
2006-08-02,0.477660,Training,-0.081783,0.081407,0.167154,0.314373,0.492467,0.656353,0.832353,1.239460,1.768640,2.115248,3.710783
2006-08-03,0.477660,Training,-0.086562,0.081376,0.163582,0.314544,0.494292,0.657482,0.834590,1.242272,1.779076,2.131945,3.748627
2006-08-04,0.477660,Training,-0.118785,0.048521,0.134691,0.284204,0.457205,0.621962,0.790615,1.205064,1.739212,2.087400,3.687873
2006-08-05,0.477660,Training,-0.132234,0.039963,0.123729,0.276855,0.446727,0.610686,0.778903,1.203434,1.763078,2.149327,3.820674
2006-08-06,0.477660,Training,-0.130561,0.028158,0.106608,0.238648,0.401000,0.550187,0.702817,1.094660,1.595644,1.954535,3.562664
2006-08-07,0.477660,Training,-0.108602,0.034971,0.104843,0.207988,0.361775,0.491877,0.630638,0.968983,1.389026,1.695342,3.181390
2006-08-08,0.477660,Training,-0.104846,0.037060,0.104364,0.204404,0.357290,0.485057,0.622916,0.955269,1.370813,1.674697,3.153729
2006-08-09,0.477660,Training,-0.109825,0.027231,0.093427,0.188414,0.339663,0.463125,0.596994,0.926586,1.326510,1.624243,3.082389
2006-08-10,0.477660,Training,-0.110047,0.026051,0.090557,0.183197,0.333635,0.455200,0.587566,0.912813,1.310152,1.608401,3.068355
2006-08-11,0.477660,Training,-0.110985,0.024054,0.087009,0.177246,0.326722,0.446097,0.576697,0.897678,1.291328,1.590912,3.054174
2006-08-12,0.477660,Training,-0.079199,0.051963,0.110370,0.197729,0.350225,0.469302,0.604935,0.916582,1.323132,1.630441,3.112138
2006-08-13,0.477660,Training,-0.076595,0.051029,0.106552,0.189612,0.340711,0.456468,0.590103,0.895855,1.292418,1.593729,3.055382
2006-08-14,0.477660,Training,-0.044340,0.070278,0.123627,0.199782,0.355736,0.467633,0.603001,0.905937,1.297240,1.603625,3.068090
2006-08-15,0.477660,Training,-0.028092,0.080348,0.130985,0.203970,0.363734,0.472808,0.608245,0.909376,1.298839,1.611721,3.090681
2006-08-16,0.530733,Training,-0.027633,0.084617,0.128159,0.222643,0.404868,0.505678,0.657958,0.965318,1.368024,1.753977,3.399230
2006-08-17,0.530733,Training,-0.069182,0.081879,0.138204,0.254956,0.449699,0.564596,0.718459,1.046925,1.540836,2.031306,4.052045
2006-08-18,0.743026,Training,-0.074833,0.111246,0.185398,0.322834,0.540748,0.673825,0.836274,1.203652,1.807339,2.448383,4.965023
2006-08-19,0.477660,Training,-0.071271,0.110156,0.211194,0.328749,0.528685,0.682124,0.837598,1.214154,1.861768,2.465394,4.931100
2006-08-20,0.477660,Training,-0.086904,0.085904,0.190011,0.297446,0.481349,0.636523,0.790877,1.159885,1.777913,2.330377,4.603409
2006-08-21,0.477660,Training,-0.129845,0.051403,0.145448,0.251647,0.420771,0.569658,0.717776,1.073248,1.657204,2.163997,4.286651
2006-08-22,0.477660,Training,-0.122208,0.039004,0.116946,0.215002,0.378136,0.514331,0.660125,1.000824,1.519133,1.953581,3.835867
2006-08-23,0.477660,Training,-0.067853,0.070014,0.135151,0.223679,0.392919,0.518042,0.669020,1.002061,1.488946,1.904584,3.702343
2006-08-24,0.477660,Training,-0.063995,0.064422,0.120734,0.200929,0.364527,0.480939,0.627619,0.946415,1.398733,1.783756,3.483955
2006-08-25,0.477660,Training,-0.061827,0.060484,0.109217,0.183004,0.342835,0.451995,0.594887,0.901385,1.329352,1.695124,3.333801
2006-08-26,0.477660,Training,-0.051418,0.063471,0.108081,0.177208,0.337412,0.442185,0.583351,0.883937,1.299934,1.660027,3.276419
2006-08-27,0.477660,Training,-0.063885,0.051501,0.093253,0.160102,0.316442,0.418529,0.556014,0.849415,1.255007,1.603612,3.188897
2006-08-28,0.477660,Training,-0.062635,0.049257,0.088486,0.152315,0.308149,0.407360,0.542721,0.831067,1.229588,1.574527,3.147022
2006-08-29,0.477660,Training,-0.079738,0.035038,0.072137,0.134791,0.287103,0.384166,0.515410,0.797297,1.188804,1.525355,3.078267
2006-08-30,0.477660,Training,-0.082860,0.030457,0.064990,0.125535,0.276762,0.371079,0.499587,0.776116,1.162909,1.498146,3.045732
2006-08-31,0.477660,Training,-0.076649,0.032437,0.066666,0.126629,0.280320,0.374551,0.503510,0.781202,1.172297,1.512195,3.069615
2006-09-01,0.477660,Training,-0.061753,0.043504,0.076185,0.139475,0.301293,0.396646,0.529926,0.815716,1.222479,1.578200,3.178627
2006-09-02,0.477660,Training,-0.074454,0.030482,0.067583,0.134857,0.297534,0.398454,0.532692,0.827416,1.251960,1.612863,3.223918
2006-09-03,0.477660,Training,-0.123813,-0.004424,0.036318,0.118226,0.280323,0.390961,0.527181,0.838822,1.304955,1.684549,3.338863
2006-09-04,0.477660,Training,-0.136365,-0.018177,0.020668,0.091895,0.248493,0.351004,0.476774,0.770539,1.199721,1.554188,3.150886
2006-09-05,0.477660,Training,-0.118975,-0.007947,0.026116,0.083794,0.236105,0.328159,0.446595,0.717587,1.104732,1.436918,2.976741
2006-09-06,0.477660,Training,-0.080004,0.019293,0.047805,0.089769,0.238390,0.319760,0.433308,0.679220,1.022883,1.330903,2.803175
2006-09-07,0.477660,Training,-0.055305,0.034019,0.058515,0.093754,0.242514,0.318393,0.429609,0.667528,0.997253,1.304947,2.761908
2006-09-08,0.477660,Training,-0.064055,0.026450,0.049957,0.083969,0.231284,0.305944,0.414965,0.649897,0.973835,1.275795,2.717608
2006-09-09,0.477660,Training,-0.052501,0.033251,0.055984,0.088199,0.237248,0.310985,0.421089,0.655932,0.980324,1.285714,2.733272
2006-09-10,0.477660,Training,-0.032511,0.045781,0.067320,0.097334,0.249627,0.321886,0.433689,0.669136,0.994358,1.306926,2.768706
2006-09-11,0.477660,Training,-0.026553,0.055232,0.071188,0.104404,0.262848,0.333078,0.447444,0.685124,1.014903,1.337201,2.832018
2006-09-12,0.477660,Training,-0.021501,0.052667,0.073286,0.102171,0.258530,0.330136,0.443123,0.680374,1.007869,1.326389,2.804867
2006-09-13,0.477660,Training,0.007044,0.077032,0.147586,0.201957,0.439634,0.497358,0.668687,0.946865,1.345059,1.893289,3.931772
2006-09-14,0.477660,Training,-0.069965,0.083310,0.146551,0.229795,0.449786,0.559989,0.701587,1.012566,1.598473,2.203793,4.761502
2006-09-15,0.477660,Training,-0.029652,0.107319,0.171023,0.246181,0.469349,0.582688,0.730080,1.048500,1.615400,2.222428,4.649219
2006-09-16,0.477660,Training,-0.024294,0.067771,0.131185,0.182323,0.378634,0.484811,0.616493,0.912456,1.397147,1.883115,3.893511
2006-09-17,0.477660,Training,-0.046816,0.045680,0.096518,0.143993,0.324533,0.422729,0.551494,0.834560,1.275142,1.704200,3.536488
2006-09-18,0.477660,Training,-0.041412,0.045493,0.089266,0.134258,0.311860,0.405655,0.535094,0.813982,1.234949,1.638599,3.389454
2006-09-19,0.477660,Training,-0.036605,0.045137,0.081122,0.122875,0.295929,0.384605,0.513263,0.785442,1.183264,1.560457,3.225928
2006-09-20,0.477660,Training,-0.035421,0.043680,0.077076,0.117041,0.288107,0.375183,0.503345,0.773425,1.159243,1.519223,3.136410
2006-09-21,2.653665,Training,0.111441,0.372743,0.521459,0.690746,1.145485,1.167313,1.441443,1.906489,2.775862,4.221681,9.522293
2006-09-22,0.477660,Training,-0.116781,0.310857,0.411150,0.595409,1.028461,1.222065,1.519376,2.185697,3.734361,5.112782,12.024551
2006-09-23,1.432979,Training,-0.060925,0.374034,0.552409,0.728238,1.315783,1.561142,1.935404,2.963856,5.017066,6.752470,15.538783
2006-09-24,0.743026,Training,-0.138411,0.291959,0.444414,0.634708,1.167586,1.394495,1.758295,2.691006,4.701495,6.429120,14.890890
2006-09-25,1.061466,Training,-0.066296,0.430015,0.567059,0.798375,1.250028,1.479943,1.874440,2.693257,4.633320,6.314225,13.435975
2006-09-26,0.477660,Training,0.049987,0.395664,0.595736,0.755064,1.114163,1.348772,1.702918,2.379179,3.975286,5.358446,10.429850
2006-09-27,0.477660,Training,0.049994,0.344521,0.525861,0.685753,1.021805,1.249139,1.590183,2.214541,3.679173,4.963109,9.328677
2006-09-28,0.477660,Training,-0.041993,0.278022,0.380961,0.618970,0.974032,1.169722,1.534791,2.175552,3.674087,5.098952,9.615641
2006-09-29,0.477660,Training,-0.048517,0.246677,0.320523,0.542013,0.876120,1.043780,1.386837,1.979477,3.320315,4.625443,8.860407
2006-09-30,0.477660,Training,-0.088138,0.201928,0.282499,0.505627,0.863975,1.016381,1.377012,2.013118,3.442971,4.943063,9.831220
2006-10-01,0.477660,Training,-0.035518,0.270689,0.432969,0.691510,1.042680,1.273425,1.674412,2.388530,4.121903,5.714034,10.625852
2006-10-02,0.902246,Training,-0.141802,0.212678,0.443082,0.675717,1.278197,1.476696,1.990811,3.129557,5.575511,8.095979,16.926348
2006-10-03,1.751419,Training,-0.114685,0.444638,0.661205,1.178534,1.903587,2.245230,2.960262,4.402809,8.222728,11.434698,22.668283
2006-10-04,0.849173,Training,0.064310,0.515792,0.707266,1.073294,1.602766,1.892008,2.449070,3.459816,6.061141,8.343683,15.793001
2006-10-05,0.849173,Training,0.091559,0.394566,0.590576,0.852754,1.272898,1.534087,1.973988,2.749519,4.662127,6.410240,11.625587
2006-10-06,0.477660,Training,0.032222,0.294027,0.457091,0.712401,1.085281,1.334863,1.736504,2.451844,4.100106,5.597486,9.946825
2006-10-07,0.477660,Training,-0.062466,0.169598,0.302966,0.545758,0.863474,1.105011,1.465320,2.124380,3.533783,4.760816,8.332250
2006-10-08,0.477660,Training,-0.069727,0.133793,0.254390,0.506382,0.818842,1.061757,1.412845,2.066003,3.329684,4.373403,7.462762
2006-10-09,0.477660,Training,-0.100100,0.114304,0.243647,0.563429,0.900244,1.170485,1.553510,2.275867,3.606719,4.651115,7.575562
2006-10-10,0.530733,Training,-0.094890,0.083859,0.170831,0.449656,0.808901,1.021203,1.378251,2.067142,3.281799,4.418212,7.657226
2006-10-11,1.379906,Training,-0.107788,0.111504,0.199250,0.488253,0.846362,1.070776,1.407639,2.095065,3.428001,4.663084,8.421069
2006-10-12,0.477660,Training,-0.055472,0.112633,0.228739,0.446814,0.757010,0.995561,1.284022,1.891703,3.041912,4.016454,7.192791
2006-10-13,0.477660,Training,-0.085241,0.060147,0.171018,0.350960,0.631566,0.852173,1.101796,1.659617,2.660104,3.500227,6.353221
2006-10-14,0.477660,Training,-0.058328,0.067355,0.169710,0.313229,0.574343,0.776057,1.003394,1.508642,2.352400,3.044351,5.581453
2006-10-15,0.477660,Training,-0.062373,0.066485,0.154269,0.354140,0.677785,0.875763,1.156773,1.756488,2.722545,3.627165,6.579175
2006-10-16,1.698346,Training,-0.224600,0.247980,0.553793,1.077111,1.979246,2.520473,3.247646,5.198175,9.763243,13.628131,28.086746
2006-10-17,3.343618,Training,-0.154726,0.494053,0.802627,1.593985,2.593804,3.280564,4.275451,6.506271,12.117377,15.531089,30.027498
2006-10-18,18.628731,Training,0.024916,0.848727,1.360071,2.335420,3.957363,5.105143,6.290884,10.231979,18.654215,22.918137,43.369305
2006-10-19,9.924709,Training,0.143707,1.050121,1.611718,2.897212,4.694872,5.841611,7.412533,11.481531,20.527386,24.868149,44.532906
2006-10-20,13.639840,Training,0.184323,1.120019,1.860309,3.312190,5.297579,6.498886,8.375622,13.045681,23.152296,28.386490,48.219612
2006-10-21,9.075536,Training,0.491275,1.616904,2.210098,3.907262,5.694719,6.634470,8.512959,11.751470,19.175133,23.648836,38.288380
2006-10-22,,,0.234042,0.997864,1.492700,2.587123,3.925992,4.482940,5.626413,7.744069,12.632767,16.657772,26.914026
2006-10-23,,,0.216973,0.976314,1.489675,2.588791,3.945502,4.491031,5.644473,7.793405,12.856711,17.135305,27.641056
2006-10-24,34.763017,Training,0.116202,0.762350,1.333508,2.246248,3.656504,4.380938,5.750081,8.884714,16.014233,21.122389,36.258312
2006-10-25,,,0.293708,1.122607,1.695658,3.001336,4.572416,5.160586,6.493330,8.821165,14.189617,18.778315,29.521473
2006-10-26,,,0.331150,1.192177,1.796760,3.194945,4.861856,5.474286,6.876946,9.279872,14.769231,19.469969,30.295551
2006-10-27,,,,,,,,,,,,,
2006-10-28,38.743515,Training,3.072568,5.913873,7.954797,13.188452,16.610086,19.557537,22.598839,28.105286,39.513966,44.720131,63.292645
2006-10-29,25.422115,Training,1.438774,2.978948,4.241964,7.366183,9.548680,11.380288,13.528229,17.383730,26.533678,31.344252,43.520733
2006-10-30,19.796344,Training,0.887383,1.933315,2.727142,4.767418,6.399126,7.452346,9.069542,11.745091,18.369375,22.641171,31.819500
2006-10-31,16.399652,Training,0.541628,1.129833,1.584894,2.664226,3.647230,4.284938,5.316998,7.002797,10.849317,13.617558,19.539362
2006-11-01,11.835348,Training,0.387703,0.840230,1.181002,2.035072,2.802647,3.346910,4.180388,5.557975,8.408882,10.445417,14.993766
2006-11-02,10.296222,Training,0.461928,0.954126,1.396268,2.610798,3.736879,4.274049,5.364526,7.084477,10.591111,13.495859,18.909851
2006-11-03,10.190075,Training,0.322773,1.316862,2.518443,4.890191,7.948606,9.326864,12.203062,17.645107,29.661184,38.494892,58.456894
2006-11-04,,,0.369262,1.241553,1.853069,3.273113,4.979557,5.591403,7.029339,9.430140,14.978191,19.839188,30.753841
2006-11-05,,,0.348564,1.204602,1.805406,3.186272,4.852132,5.452269,6.863959,9.237626,14.769871,19.628660,30.547024
2006-11-06,27.651194,Training,2.607879,5.401297,7.558621,13.379776,18.684914,21.233873,25.331301,33.293110,47.493786,54.686333,79.940933
2006-11-07,21.866203,Training,1.532106,3.430565,4.523907,8.021775,11.132106,12.534843,15.393056,20.202648,30.670923,36.879082,55.694126
2006-11-08,19.106391,Training,0.935740,1.940905,2.591449,4.279601,5.835728,6.730140,8.331862,11.018077,17.503027,21.765440,32.931564
2006-11-09,13.480620,Training,,,,,,,,,,,
2006-11-10,9.553195,Training,,,,,,,,,,,
2006-11-11,8.014070,Training,0.499727,0.904273,1.165415,1.898548,2.619729,3.113511,3.867797,5.069129,7.453249,9.245546,13.653192
2006-11-13,6.209577,Training,,,,,,,,,,,
2006-11-14,5.360404,Training,,,,,,,,,,,
2006-11-15,8.120216,Training,0.287996,0.680600,0.990062,1.687981,2.681383,3.220100,4.155691,5.952487,9.454493,12.403464,20.945864
2006-11-16,,,0.503406,1.430799,1.972136,3.389516,5.031219,5.704381,7.025331,9.274433,13.942118,17.702267,27.451214
2006-11-17,19.477904,Training,1.274268,2.907578,3.797745,6.993951,10.236247,12.097985,14.594216,19.202705,28.273655,33.910179,50.835880
2006-11-18,,,0.631497,1.681854,2.331416,4.044342,5.973047,6.721141,8.207670,10.630437,15.645669,19.764688,29.927845
2006-11-19,14.276720,Training,2.059774,4.144211,5.228228,8.779123,11.907955,13.437144,15.771475,19.473387,27.012672,32.034985,46.981686
2006-11-20,11.463835,Training,2.120249,3.712688,4.719359,7.454115,9.784116,11.040756,12.686779,15.145626,20.472092,24.647844,34.426228
2006-11-21,10.508515,Training,1.559550,2.771864,3.572030,5.786573,7.741592,8.677164,10.095490,12.265805,16.875147,20.485849,28.905447
2006-11-22,9.128609,Training,,,,,,,,,,,
2006-11-23,12.631447,Training,,,,,,,,,,,
2006-11-24,,,1.016365,2.341745,3.149752,5.334788,7.614349,8.509512,10.095807,12.580248,17.551437,21.624203,31.822334
2006-11-25,,,1.043060,2.383220,3.185442,5.376834,7.645710,8.542908,10.105138,12.567435,17.451225,21.441422,31.530657
2006-11-27,,,,,,,,,,,,,
2006-11-28,,,,,,,,,,,,,
2006-11-29,47.076024,Training,3.285135,5.241614,6.652130,9.889318,12.131763,13.727036,15.311817,17.684801,22.476562,26.074348,35.428478
2006-11-30,33.223891,Training,3.444601,5.161585,6.631598,9.515104,11.514208,12.905155,14.214085,16.196671,20.108641,23.262573,31.126104
2006-12-01,23.511476,Training,3.468125,5.127213,6.484182,9.280321,11.217193,12.386410,13.637605,15.432707,18.958412,21.922937,29.496895
2006-12-02,27.810414,Training,4.208342,6.209864,7.877542,11.723836,14.405526,15.765601,17.858364,20.304071,25.500475,30.426956,42.351456
2006-12-03,21.494690,Training,5.316481,8.437878,10.529420,15.772500,19.412123,21.094694,23.393620,26.719673,34.342072,39.922146,57.696205
2006-12-04,25.422115,Training,,,,,,,,,,,
2006-12-05,,,3.184353,5.701652,7.713809,12.008883,15.716347,17.138279,19.338339,22.607916,29.544157,35.162781,50.091457
2006-12-09,,,,,,,,,,,,,
2006-12-10,,,,,,,,,,,,,
2006-12-11,38.743515,Training,6.267574,8.342688,10.614073,14.274444,16.705839,18.519268,19.637960,21.789934,26.771336,30.277176,43.807026
2006-12-15,16.346579,Training,,,,,,,,,,,
2006-12-16,12.896814,Training,,,,,,,,,,,
2006-12-17,9.977782,Training,1.850556,2.649723,3.426096,5.066168,6.251264,7.029387,7.728918,8.939670,11.134109,12.144540,16.176945
2006-12-18,9.128609,Training,1.730818,2.552603,3.281434,4.926672,6.073829,6.796325,7.516029,8.761203,10.921709,11.871379,15.587800
2006-12-19,9.022462,Training,1.798963,2.598543,3.371680,5.034734,6.214346,6.947697,7.634219,8.902946,11.110241,11.992772,15.926356
2006-12-20,8.226363,Training,1.874004,2.574866,3.346489,5.006393,6.164659,6.954703,7.586043,8.846353,11.052154,11.824593,16.898884
2006-12-21,8.120216,Training,1.383698,1.978867,2.595937,4.008673,5.064852,5.782732,6.363670,7.525875,9.583460,10.396918,14.922437
2006-12-22,7.324117,Training,1.138576,1.666495,2.189281,3.474062,4.448071,5.129687,5.684845,6.799402,8.753442,9.545850,14.015741
2006-12-27,6.528017,Training,,,,,,,,,,,
2006-12-28,5.997284,Training,,,,,,,,,,,
2006-12-29,5.997284,Training,0.253806,0.501353,0.712400,1.271670,1.843307,2.235158,2.638156,3.508767,4.716072,5.498388,7.918639
2006-12-30,5.784991,Training,0.243353,0.484559,0.712777,1.252506,1.857471,2.228453,2.626001,3.522205,4.758121,5.615971,8.200912
2006-12-31,5.360404,Training,0.262312,0.504439,0.746646,1.298262,1.907397,2.293374,2.694207,3.593280,4.839160,5.703791,8.253050
2007-01-01,5.095038,Training,0.292637,0.549258,0.792873,1.374194,2.001842,2.396099,2.806165,3.709553,4.963968,5.862106,8.433443
2007-01-02,5.572697,Training,0.309128,0.576824,0.815511,1.426694,2.024063,2.446471,2.855502,3.749972,5.003054,5.801420,8.288976
2007-01-03,4.988891,Training,0.313032,0.577255,0.810300,1.416606,2.000867,2.431309,2.827873,3.704643,4.947318,5.670789,8.174361
2007-01-04,4.723524,Training,0.334308,0.612101,0.847887,1.475835,2.074177,2.496962,2.906769,3.794705,5.028931,5.786297,8.226835
2007-01-05,4.723524,Training,0.353786,0.637876,0.880686,1.518848,2.135065,2.552545,2.969089,3.862527,5.088359,5.885511,8.302383
2007-01-06,5.254258,Training,0.344987,0.625779,0.861223,1.494720,2.092890,2.522078,2.927861,3.811009,5.045374,5.779115,8.246379
2007-01-07,4.458158,Training,0.356675,0.648958,0.872715,1.524030,2.142141,2.569690,2.984992,3.876846,5.124398,5.915749,8.490465
2007-01-08,4.564305,Training,0.351051,0.637523,0.885075,1.527194,2.154149,2.578795,2.996464,3.904120,5.147900,5.999948,8.487292
2007-01-09,4.511231,Training,0.371566,0.666617,0.914671,1.576651,2.198891,2.638982,3.056962,3.963096,5.227728,6.028907,8.548439
2007-01-10,4.192791,Training,0.397749,0.707890,0.967691,1.658213,2.307121,2.747868,3.175699,4.100698,5.387956,6.226357,8.764852
2007-01-11,4.298938,Training,0.421590,0.741908,1.005574,1.713888,2.369333,2.817471,3.247027,4.170812,5.470713,6.282865,8.831807
2007-01-12,4.086645,Training,0.446395,0.776257,1.046285,1.771183,2.436400,2.892389,3.322365,4.245315,5.562470,6.356647,8.936853
2007-01-13,4.139718,Training,0.482344,0.823075,1.105726,1.850550,2.533934,3.001173,3.430390,4.351100,5.695181,6.478132,9.119422
2007-01-14,3.980498,Training,0.523174,0.887180,1.179539,1.958539,2.664097,3.127106,3.572278,4.504699,5.858831,6.677779,9.288440
2007-01-15,4.458158,Training,0.563905,0.946721,1.251663,2.057186,2.790007,3.248369,3.705237,4.645463,6.003961,6.873250,9.477886
2007-01-16,4.033571,Training,0.611231,1.020735,1.340457,2.198436,2.964099,3.439763,3.908751,4.868423,6.299204,7.171682,9.872769
2007-01-17,3.874352,Training,0.594078,0.984562,1.306366,2.112896,2.888144,3.327538,3.789992,4.733180,6.089058,7.050833,9.696157
2007-01-18,3.715132,Training,0.540596,0.907247,1.205939,1.976905,2.694073,3.142745,3.589542,4.515213,5.830462,6.719229,9.305249
2007-01-19,3.555912,Training,0.539917,0.909693,1.207624,1.989556,2.704213,3.162041,3.607054,4.538781,5.877792,6.733392,9.344783
2007-01-20,3.874352,Training,0.481047,0.822488,1.104880,1.840233,2.528402,2.972623,3.406661,4.329919,5.624042,6.474885,9.016932
2007-01-21,3.502838,Training,0.473295,0.812604,1.091181,1.824725,2.505586,2.953626,3.384529,4.306187,5.605178,6.431572,8.982367
2007-01-22,5.201184,Training,0.549666,0.902570,1.194921,1.982970,2.739614,3.236172,3.685309,4.630722,6.072347,7.018998,10.067581
2007-01-23,4.564305,Training,0.566545,0.906702,1.243493,2.044055,2.856079,3.443263,3.856644,4.807542,6.406167,7.476432,11.427138
2007-01-24,4.192791,Training,0.546070,0.883100,1.210854,2.036456,2.800631,3.416134,3.833539,4.791971,6.401352,7.362508,11.658975
2007-01-25,5.466551,Training,0.720240,1.149315,1.582406,2.561461,3.575509,4.241067,4.733469,5.826205,7.806939,9.163544,13.733060
2007-01-26,4.352011,Training,0.568972,0.939457,1.301156,2.194860,3.008595,3.670290,4.130324,5.166885,6.963456,8.010724,12.951464
2007-01-27,3.874352,Training,0.549712,0.893475,1.243202,2.087556,2.877970,3.504681,3.946761,4.960485,6.647427,7.638575,12.026164
2007-01-28,4.033571,Training,0.678452,1.055684,1.436756,2.389794,3.331447,4.010832,4.516676,5.609542,7.522519,8.779573,14.026901
2007-01-29,4.245865,Training,0.611507,1.065285,1.490410,2.436877,3.438642,4.097053,4.613564,5.761193,7.830220,9.254080,13.654074
2007-01-30,3.608985,Training,0.602298,1.024397,1.449689,2.368459,3.339064,4.007169,4.505595,5.643419,7.660765,9.033604,13.372317
2007-01-31,3.608985,Training,0.611961,1.031147,1.479634,2.428272,3.398871,4.074785,4.575657,5.760878,7.806106,9.131741,13.303486
2007-02-01,3.608985,Training,0.622245,1.033666,1.467204,2.417450,3.359302,4.005155,4.493696,5.662957,7.604573,8.793871,12.622968
2007-02-02,3.608985,Training,0.606608,1.027193,1.435581,2.392448,3.304288,3.910107,4.407247,5.575318,7.443332,8.534106,11.959533
2007-02-03,3.608985,Training,0.577763,1.021749,1.395205,2.376205,3.268600,3.829650,4.367077,5.558122,7.385331,8.508969,11.674151
2007-02-04,3.555912,Training,0.585180,1.007480,1.398013,2.362401,3.254031,3.845044,4.342212,5.511648,7.348613,8.386151,11.661656
2007-02-05,3.555912,Training,0.569079,0.970814,1.363618,2.311414,3.197988,3.800417,4.270564,5.433682,7.262317,8.263364,11.593443
2007-02-06,3.608985,Training,0.574213,0.995770,1.386054,2.367154,3.266564,3.863919,4.345224,5.527997,7.379787,8.372906,11.659941
2007-02-07,3.396692,Training,0.613247,1.081717,1.509007,2.593607,3.645472,4.290473,4.965777,6.277219,8.539059,10.238931,14.445187
2007-02-08,24.519868,Training,0.767175,1.660280,2.496844,4.199328,6.612097,7.808074,9.602842,12.506546,18.760904,24.433834,38.986595
2007-02-09,13.639840,Training,1.122849,2.497693,3.424857,5.989267,8.865599,10.383044,12.222825,15.619321,22.311331,27.405714,41.762665
2007-02-10,9.287829,Training,0.751328,1.706905,2.544388,4.399119,6.614714,7.608077,9.026229,11.904018,17.273735,21.577715,32.304508
2007-02-11,13.056034,Training,0.920839,1.882461,2.842165,4.787215,7.110933,8.117930,9.550153,12.564787,17.760851,22.185278,32.467499
2007-02-12,,,1.378391,2.937116,4.186929,7.073424,10.100404,11.211396,13.140559,16.265354,22.666264,28.079996,40.426903
2007-02-13,16.771165,Training,1.545491,2.758462,3.702186,6.012294,8.303801,9.373863,10.681185,13.219195,17.579630,21.687462,31.443649
2007-02-14,13.533694,Training,1.816244,3.103360,4.123283,6.553577,8.836981,9.953809,11.254135,13.693902,17.827900,21.895123,31.522081
2007-02-15,11.092321,Training,2.312288,3.854990,4.997625,7.811945,10.205698,11.548923,13.020616,15.523801,19.845745,24.255938,34.523754
2007-02-16,14.860526,Training,2.715903,4.687691,6.017113,9.455523,12.347388,14.034105,15.935192,18.916967,24.318672,29.333158,42.112297
2007-02-17,24.732162,Training,3.391299,5.625425,7.044373,10.717088,13.430972,15.163813,16.818235,19.657827,24.929132,29.148106,41.917637
2007-02-18,14.170573,Training,2.994546,4.632570,6.033742,8.898259,10.984134,12.447183,13.744316,16.023983,19.958635,23.271463,32.176937
2007-02-19,12.896814,Training,3.079519,5.045970,6.558982,10.025525,12.841155,14.520230,16.585251,19.459425,24.907999,30.111006,43.046795
2007-02-20,15.921992,Training,4.269993,7.125853,8.864253,13.561017,16.928520,18.921991,21.008104,24.404009,30.985777,36.120178,52.699299
2007-02-21,13.109107,Training,3.908154,6.326808,7.932105,11.989108,14.926286,16.733616,18.595091,21.589289,27.335489,32.144062,46.550915
2007-02-22,15.019746,Training,3.713103,6.284326,8.190984,12.611274,16.332508,18.129673,20.353256,23.890549,30.179916,36.084183,51.773899
2007-02-23,18.151071,Training,4.323740,7.043123,9.048629,13.729639,17.441628,19.159389,21.259983,24.817205,30.951963,36.808857,52.457802
2007-02-24,12.419154,Training,4.685783,7.004650,9.122287,13.220976,16.339834,17.937769,19.649328,22.741602,27.999716,33.241364,46.179523
2007-02-25,10.933102,Training,4.615143,6.669294,8.642848,12.478358,15.401879,16.668510,18.369799,21.164570,25.947128,31.203377,43.602535
2007-02-26,9.287829,Training,4.721584,6.576469,8.482847,11.899746,14.150904,15.516816,16.844603,19.276445,23.178717,27.048944,37.008553
2007-02-27,8.438656,Training,3.780586,5.251475,6.773442,9.615890,11.470158,12.603175,13.677598,15.724188,18.743790,21.549421,29.059263
2007-02-28,8.650949,Training,3.026528,4.356797,5.633236,8.303699,10.198097,11.148601,12.301468,14.314834,17.318600,20.457987,28.080572
2007-03-01,7.748703,Training,2.955601,4.242301,5.524412,8.073608,9.736172,10.813579,11.805315,13.735567,16.631330,19.061075,25.915154
2007-03-02,7.217970,Training,,,,,,,,,,,
2007-03-03,7.005677,Training,2.295009,3.235315,4.371730,6.476676,8.132177,8.924587,9.749834,11.576822,14.303517,16.313168,22.042591
2007-03-04,7.271043,Training,2.246521,3.286771,4.285577,6.485079,8.029344,8.882722,9.782440,11.527841,14.055196,16.186869,22.116589
2007-03-05,6.952603,Training,2.209418,3.240891,4.277039,6.437023,7.857470,8.823201,9.610162,11.340158,13.922005,15.653783,21.301910
2007-03-06,9.022462,Training,1.721213,2.612398,3.496706,5.423949,6.919792,7.772931,8.634618,10.298485,12.883032,15.182471,20.932085
2007-03-07,14.382867,Training,1.331983,2.143620,3.019101,4.831314,6.440526,7.270240,8.141315,9.927930,12.977859,15.856651,22.697634
2007-03-08,11.729201,Training,1.524193,2.353803,3.244930,5.041834,6.466853,7.403054,8.196695,9.853259,12.537315,14.811335,20.359947
2007-03-09,9.075536,Training,1.716991,2.555457,3.535638,5.428094,6.913778,7.813148,8.592841,10.309103,12.991646,15.172428,20.801247
2007-03-10,7.695630,Training,1.377367,2.078806,2.946895,4.631634,6.028143,6.779129,7.484621,9.154347,11.760986,13.551179,18.445866
2007-03-11,6.899530,Training,1.375367,2.077142,2.840468,4.411111,5.704391,6.389734,7.056046,8.514664,10.741844,12.284734,16.497660
2007-03-12,6.899530,Training,1.264684,1.961592,2.590649,4.024178,5.156239,5.792651,6.414154,7.678456,9.578095,10.878199,14.510431
2007-03-13,6.528017,Training,1.016753,1.611679,2.152827,3.384632,4.456697,4.997406,5.573307,6.752209,8.556620,9.788139,13.155335
2007-03-14,6.103430,Training,0.793641,1.298251,1.732511,2.750718,3.693239,4.163410,4.683580,5.750496,7.352570,8.463042,11.569207
2007-03-15,5.784991,Training,0.879569,1.421215,1.902686,3.020532,4.023146,4.522709,5.064446,6.178564,7.878329,9.015136,12.173841
2007-03-16,5.678844,Training,0.656865,1.104134,1.476653,2.376884,3.239426,3.673248,4.155685,5.170636,6.645186,7.684189,10.662448
2007-03-17,5.201184,Training,0.679777,1.142924,1.539478,2.480339,3.363101,3.807461,4.297833,5.337016,6.868488,7.886878,10.861056
2007-03-18,5.041964,Training,0.852362,1.390552,1.850670,2.954818,3.919565,4.432866,4.963430,6.045350,7.686319,8.797658,11.834478
2007-03-19,5.095038,Training,0.710424,1.193990,1.549093,2.496120,3.317620,3.800486,4.284436,5.252518,6.694522,7.698641,10.610008
2007-03-20,5.041964,Training,0.749409,1.236056,1.618800,2.582186,3.405797,3.932901,4.396146,5.349576,6.876392,7.768417,10.851037
2007-03-21,4.723524,Training,0.760961,1.248408,1.645752,2.625837,3.468663,4.006930,4.465651,5.426424,6.993373,7.869506,11.009650
2007-03-22,4.776598,Training,0.837773,1.396324,1.837362,2.972633,3.884027,4.444516,4.954101,6.019998,7.732021,8.621927,11.755019
2007-03-23,4.617378,Training,0.643468,1.103572,1.455286,2.366436,3.164479,3.636891,4.109950,5.075901,6.510759,7.473968,10.250120
2007-03-24,4.352011,Training,0.757614,1.289280,1.703744,2.774100,3.662020,4.184579,4.694535,5.744040,7.373120,8.361679,11.349902
2007-03-25,4.139718,Training,0.629913,1.094349,1.425438,2.338135,3.148114,3.624451,4.104868,5.070629,6.526884,7.597534,10.616913
2007-03-26,4.405085,Training,0.446448,0.817216,1.086850,1.813552,2.471334,2.925497,3.343488,4.238896,5.541612,6.496842,9.352590
2007-03-27,4.139718,Training,0.453910,0.826279,1.099855,1.835958,2.512164,2.971940,3.402294,4.314735,5.645545,6.687207,9.640038
2007-03-28,3.980498,Training,0.436943,0.812317,1.095452,1.841860,2.536398,3.014844,3.460666,4.406528,5.834839,6.989422,10.207743
2007-03-29,4.033571,Training,0.469170,0.860657,1.187360,1.969677,2.697306,3.203106,3.658687,4.640984,6.129101,7.327785,10.516970
2007-03-30,3.874352,Training,0.537606,0.966708,1.310759,2.190505,3.016378,3.561690,4.083722,5.141701,6.825454,8.278832,11.973735
2007-03-31,4.776598,Training,0.536548,1.011399,1.399356,2.327808,3.217728,3.811118,4.359699,5.496804,7.394009,9.092963,13.338948
2007-04-01,3.821278,Validation,0.537933,0.979759,1.350739,2.229067,3.022981,3.625088,4.130125,5.192801,6.955877,8.278549,12.002084
2007-04-02,5.997284,Validation,0.710257,1.284297,1.804371,2.955435,4.107693,4.932752,5.752170,7.109947,9.908242,12.296262,18.429106
2007-04-03,5.838064,Validation,0.928809,1.928830,2.559608,4.331996,6.059365,7.244316,8.394528,10.437177,14.906402,18.532671,28.766882
2007-04-04,4.033571,Validation,0.845159,1.664834,2.296053,3.749010,5.190142,6.189981,7.174568,8.984999,12.521915,15.551693,22.935465
2007-04-05,3.874352,Validation,0.974123,1.770296,2.445179,3.939147,5.332490,6.271156,7.197738,8.885240,12.042063,14.857128,21.338699
2007-04-06,3.980498,Validation,1.006281,1.737693,2.431793,3.884345,5.187484,6.042612,6.872931,8.461448,11.181181,13.668276,19.031767
2007-04-07,3.502838,Validation,0.933218,1.599174,2.192954,3.534382,4.728950,5.463203,6.214824,7.665667,10.034598,12.179410,16.817158
2007-04-08,3.449765,Validation,1.019935,1.745712,2.329039,3.787582,5.033485,5.779832,6.576384,8.069798,10.503974,12.795819,17.908308
2007-04-09,3.768205,Validation,1.143030,2.037866,2.746556,4.536376,6.036496,7.029213,8.125960,9.949176,13.405658,16.778114,24.365870
2007-04-10,3.608985,Validation,1.144513,2.345221,3.198188,5.462700,7.618278,8.900846,10.374821,12.956862,18.010584,22.886450,34.200153
2007-04-11,3.555912,Validation,1.326050,2.828702,3.802223,6.549077,9.240482,10.684747,12.450394,15.568326,21.496815,26.799871,40.055996
2007-04-12,3.502838,Validation,1.565990,3.061167,4.169742,6.890323,9.450773,10.731187,12.321327,15.139922,20.331337,25.008368,36.289585
2007-04-13,2.972105,Validation,1.626024,2.823372,3.928804,6.186759,8.218003,9.371144,10.626707,12.910028,16.932049,20.795376,29.193731
2007-04-14,2.812885,Validation,1.728333,2.821862,3.897517,6.015111,7.792956,8.842132,9.933685,11.919633,15.246204,18.473103,25.530407
2007-04-15,2.706739,Validation,1.228993,2.081912,2.889226,4.597322,6.040854,6.832040,7.734421,9.446438,12.258889,14.614956,20.093409
2007-04-16,2.919032,Validation,0.673625,1.387097,1.992532,3.376660,4.452113,5.159546,5.935684,7.466457,10.010527,11.695645,15.947306
2007-04-17,2.441372,Validation,0.614668,1.315303,1.923568,3.331284,4.374991,5.081249,5.834708,7.379382,9.915591,11.441327,15.427814
2007-04-18,2.282152,Validation,0.505442,1.135870,1.631145,2.846421,3.769011,4.372683,5.040709,6.405584,8.582749,9.870148,13.410736
2007-04-19,2.706739,Validation,0.580519,1.146431,1.594908,2.734493,3.736010,4.235334,4.911386,6.238270,8.203756,9.754629,13.641835
2007-04-20,3.449765,Validation,0.575171,1.140679,1.664429,2.850905,3.965026,4.573949,5.413172,6.968444,9.510843,11.908356,17.070210
2007-04-21,2.865959,Validation,0.376488,1.026194,1.518665,2.679039,3.700096,4.393654,5.185286,6.732388,9.537148,11.751759,17.433056
2007-04-22,2.388299,Validation,0.338009,0.932407,1.371423,2.374913,3.224000,3.871116,4.546403,5.894984,8.185912,9.896648,14.451519
2007-04-23,2.335226,Validation,0.301186,0.891065,1.321749,2.323005,3.133211,3.764364,4.408167,5.696253,7.873980,9.426119,13.644700
2007-04-24,2.122932,Validation,0.324986,0.902922,1.282296,2.241070,3.021077,3.576806,4.183388,5.375633,7.294344,8.676462,12.549049
2007-04-25,2.653665,Validation,0.566200,1.088692,1.462972,2.409775,3.309471,3.823552,4.436281,5.634071,7.417457,9.120142,13.253576
2007-04-26,2.335226,Validation,0.570764,1.122334,1.532999,2.500205,3.389623,3.977915,4.596472,5.796257,7.736959,9.483212,13.646650
2007-04-27,2.282152,Validation,0.573198,1.097904,1.472182,2.386698,3.227321,3.789132,4.396014,5.540083,7.340513,8.988711,12.871493
2007-04-28,2.176006,Validation,0.538183,1.031536,1.390893,2.245968,3.028704,3.567279,4.133604,5.221026,6.892100,8.401873,12.063385
2007-04-29,2.176006,Validation,0.460996,0.924826,1.225573,2.024939,2.779709,3.255828,3.805679,4.895950,6.493261,7.997438,11.799821
2007-04-30,2.972105,Validation,0.493297,0.973477,1.272705,2.109267,2.876325,3.417231,4.009255,5.135298,6.894875,8.653544,12.701006
2007-05-01,5.784991,Validation,0.789643,1.750636,2.185008,3.756541,5.217919,6.141948,7.227873,9.293269,13.054088,16.538141,24.296780
2007-05-02,11.039248,Validation,0.903871,2.207528,2.722695,4.756456,6.752079,7.976469,9.438764,12.371819,17.621851,21.557886,32.513428
2007-05-03,3.980498,Validation,0.855979,2.007278,2.502639,4.146965,5.781734,6.744371,7.972665,10.273093,14.346262,17.605202,26.653282
2007-05-04,3.025179,Validation,0.698744,1.542206,2.029476,3.230686,4.403260,5.168446,6.099846,7.922329,11.055742,13.574480,20.307268
2007-05-05,2.653665,Validation,0.580425,1.241913,1.701769,2.683960,3.615484,4.265544,5.032620,6.492023,8.909501,10.909510,16.042912
2007-05-06,2.335226,Validation,0.590520,1.196655,1.610581,2.547537,3.401335,3.983024,4.677734,5.948070,7.944182,9.621466,13.954950
2007-05-07,2.600592,Validation,0.531608,1.110150,1.486152,2.399018,3.183694,3.718686,4.370598,5.541917,7.321929,8.756256,12.621630
2007-05-08,2.229079,Validation,0.295350,0.795884,1.092126,1.874099,2.477603,2.957458,3.525980,4.591923,6.141498,7.263794,10.551913
2007-05-09,1.804492,Validation,0.225656,0.725727,1.012588,1.795274,2.377007,2.843296,3.392189,4.437351,5.942160,6.998639,10.106422
2007-05-10,1.910639,Validation,0.384559,0.841894,1.128213,1.879513,2.519142,2.955821,3.480577,4.488576,5.896839,6.983943,10.102579
2007-05-11,2.122932,Validation,0.427555,0.878024,1.162886,1.914092,2.571841,3.002349,3.517097,4.501695,5.885987,6.987104,10.065941
2007-05-12,1.751419,Validation,0.363764,0.838539,1.123370,1.897418,2.546519,2.976561,3.496469,4.495216,5.911066,6.968649,10.045005
2007-05-13,1.804492,Validation,0.563701,1.133365,1.475194,2.431984,3.293231,3.743670,4.352104,5.440424,7.076525,8.551271,12.313732
2007-05-14,1.910639,Validation,0.554735,1.143988,1.493152,2.448373,3.314138,3.829698,4.432121,5.539759,7.308036,8.997694,13.074027
2007-05-15,2.016786,Validation,0.508281,1.079823,1.464470,2.391452,3.218190,3.767479,4.362675,5.494446,7.325787,8.888222,12.868709
2007-05-16,1.645273,Validation,0.346356,0.913656,1.288233,2.202835,2.959863,3.501215,4.094056,5.239216,7.072632,8.475835,12.302025
2007-05-17,1.379906,Validation,0.192923,0.760291,1.132516,2.069866,2.776236,3.331973,3.935513,5.114249,7.027325,8.405434,12.089481
2007-05-18,1.379906,Validation,0.215421,0.772842,1.130447,2.056289,2.753410,3.282831,3.868291,5.005139,6.830515,8.103662,11.586433
2007-05-19,1.486053,Validation,0.300805,0.817180,1.144233,1.987711,2.671543,3.149449,3.689338,4.744719,6.346863,7.502567,10.785241
2007-05-20,1.751419,Validation,0.346965,0.798042,1.082862,1.808106,2.446567,2.872239,3.360101,4.320899,5.704116,6.780306,9.838835
2007-05-21,1.592199,Validation,0.348176,0.758530,1.001217,1.656139,2.260787,2.652822,3.113619,4.004005,5.268935,6.365878,9.294495
2007-05-22,2.600592,Validation,0.356839,0.782583,1.097071,1.828249,2.560902,3.020640,3.628454,4.760288,6.597940,8.338386,12.443586
2007-05-23,2.122932,Validation,0.136401,0.695140,0.970918,1.738904,2.433907,2.953756,3.553632,4.819922,7.014142,8.790137,14.103050
2007-05-24,2.069859,Validation,0.193094,0.730468,1.025622,1.829618,2.549180,3.079791,3.729000,5.109343,7.367437,9.315294,14.526325
2007-05-25,1.273759,Validation,0.502296,1.344556,1.740237,3.020314,4.298450,5.100095,6.053071,8.148358,11.852995,14.861715,22.726545
2007-05-26,1.379906,Validation,0.500184,1.444266,1.837684,3.143119,4.387149,5.179916,6.202861,8.124613,11.705673,14.498191,22.532478
2007-05-27,1.432979,Validation,0.562706,1.383282,1.766721,2.921868,3.999451,4.705102,5.567719,7.165840,10.002272,12.505675,18.953777
2007-05-28,1.273759,Validation,0.662826,1.396990,1.848036,2.914312,3.896332,4.587396,5.379800,6.755317,9.167570,11.322659,16.533260
2007-05-29,1.114539,Validation,0.545112,1.197233,1.599791,2.560309,3.394747,3.988618,4.696279,5.938202,7.964752,9.666069,14.102770
2007-05-30,1.061466,Validation,0.469685,1.108370,1.446824,2.392429,3.189212,3.717836,4.398510,5.585199,7.459764,9.091438,13.407038
2007-05-31,1.114539,Validation,0.526317,1.172037,1.520113,2.504096,3.339149,3.863978,4.543170,5.706905,7.574393,9.218031,13.502652
2007-06-01,0.902246,Validation,0.413742,0.964840,1.292265,2.149824,2.854845,3.359988,3.965321,5.065338,6.756059,8.117793,11.847080
2007-06-02,0.743026,Validation,0.219168,0.719155,1.001511,1.755628,2.318345,2.793332,3.334869,4.367473,5.888188,7.009612,10.299877
2007-06-03,0.955320,Validation,0.203603,0.654227,0.915495,1.596813,2.120745,2.563690,3.063091,4.039370,5.441581,6.479655,9.582151
2007-06-04,0.902246,Validation,0.104741,0.547991,0.792412,1.457076,1.932296,2.362290,2.838787,3.788647,5.133685,6.073599,8.947474
2007-06-05,0.689953,Validation,0.087293,0.522203,0.761569,1.412505,1.878759,2.299124,2.762791,3.696304,5.005553,5.907586,8.689174
2007-06-06,0.583806,Validation,0.094348,0.531543,0.771955,1.426257,1.900705,2.317901,2.777246,3.702813,4.999014,5.887694,8.637884
2007-06-07,0.530733,Validation,0.146234,0.593365,0.842255,1.517568,2.026655,2.444483,2.910216,3.837552,5.142630,6.047468,8.831951
2007-06-08,0.530733,Validation,0.134129,0.575111,0.819507,1.491850,1.999589,2.410970,2.873092,3.795818,5.098952,5.988405,8.728290
2007-06-09,0.477660,Validation,0.086674,0.491782,0.708268,1.315196,1.775447,2.157834,2.588504,3.461124,4.672190,5.491358,8.097470
2007-06-10,0.477660,Validation,0.072670,0.472830,0.672546,1.258425,1.716123,2.077389,2.499792,3.354271,4.545399,5.399808,8.060814
2007-06-11,0.477660,Validation,0.096227,0.480971,0.698482,1.277788,1.744599,2.122177,2.541042,3.408834,4.634630,5.498857,8.192536
2007-06-12,0.477660,Validation,0.108321,0.495648,0.723931,1.311561,1.783683,2.171355,2.592965,3.470547,4.701721,5.560107,8.228233
2007-06-13,0.477660,Validation,0.066016,0.443582,0.648043,1.198656,1.646170,2.007661,2.411922,3.255689,4.448006,5.319180,8.006712
2007-06-14,4.670451,Validation,0.164334,0.536275,0.826602,1.448317,2.025350,2.423761,2.958836,4.067485,5.736593,7.324998,11.027844
2007-06-15,0.902246,Validation,-0.015998,0.406821,0.639706,1.158796,1.591814,2.003203,2.438257,3.385523,5.001829,6.206155,10.055151
2007-06-16,1.751419,Validation,0.115853,0.539909,0.786324,1.346194,1.833877,2.240056,2.725007,3.855592,5.607771,7.173532,11.345718
2007-06-17,1.379906,Validation,-0.031427,0.476576,0.656212,1.222154,1.655702,2.045415,2.493822,3.528907,5.302021,6.723178,11.249563
2007-06-18,0.796100,Validation,0.036823,0.542957,0.727746,1.280464,1.715783,2.111150,2.568300,3.592630,5.326165,6.708422,11.102583
2007-06-19,1.220686,Validation,0.093886,0.540046,0.715376,1.215412,1.638883,1.997968,2.414942,3.372005,4.972984,6.350016,10.571423
2007-06-20,0.743026,Validation,0.134118,0.590732,0.787467,1.287748,1.727908,2.109494,2.547254,3.489831,5.150663,6.481694,10.650588
2007-06-21,0.477660,Validation,0.170511,0.598602,0.813213,1.297840,1.716532,2.106514,2.547331,3.461475,5.019023,6.230361,9.991939
2007-06-22,0.477660,Validation,0.141003,0.516297,0.740858,1.182966,1.548809,1.929086,2.339864,3.193394,4.574845,5.597312,8.852139
2007-06-23,0.477660,Validation,0.113631,0.469132,0.675569,1.106889,1.445632,1.807253,2.203213,3.012560,4.256917,5.157125,8.086803
2007-06-24,0.477660,Validation,0.080860,0.417458,0.602940,1.015733,1.330243,1.667676,2.043373,2.805240,3.930259,4.730436,7.409064
2007-06-25,0.530733,Validation,0.090519,0.417841,0.580896,0.989510,1.314388,1.628832,1.996952,2.732781,3.796556,4.577978,7.197171
2007-06-26,0.636880,Validation,0.095946,0.392556,0.560750,0.942312,1.258821,1.568073,1.919625,2.633202,3.645606,4.371737,6.846334
2007-06-27,0.477660,Test,0.062596,0.346897,0.506083,0.866932,1.161940,1.457687,1.791833,2.477303,3.433391,4.104900,6.446503
2007-06-28,0.477660,Test,0.062442,0.335788,0.491703,0.843259,1.139420,1.428340,1.754633,2.428756,3.367156,4.027668,6.329239
2007-06-29,0.477660,Test,0.031610,0.296488,0.445622,0.780032,1.059407,1.337495,1.649016,2.298591,3.186255,3.795773,5.985274
2007-06-30,0.477660,Test,0.002239,0.262558,0.406496,0.731286,0.997724,1.269002,1.569996,2.204975,3.068357,3.648505,5.766290
2007-07-01,0.477660,Training,-0.022761,0.246299,0.373483,0.701584,0.965370,1.223946,1.520003,2.144238,3.003148,3.594253,5.734864
2007-07-02,0.477660,Training,-0.022277,0.223440,0.356383,0.659218,0.911216,1.167228,1.449090,2.060061,2.901939,3.474749,5.565810
2007-07-03,0.477660,Training,-0.033628,0.231785,0.372926,0.696682,0.961392,1.229299,1.520528,2.147323,2.998569,3.561222,5.623452
2007-07-04,0.477660,Training,-0.046395,0.217080,0.363836,0.696462,0.962046,1.238007,1.530884,2.175405,3.071064,3.660695,5.767792
2007-07-05,0.477660,Training,-0.058438,0.217887,0.374828,0.723786,0.996052,1.283247,1.581064,2.242589,3.144670,3.718580,5.771695
2007-07-06,0.477660,Training,-0.066763,0.206416,0.362842,0.706291,0.976359,1.260832,1.553298,2.208259,3.091535,3.645452,5.664242
2007-07-07,0.477660,Training,-0.036974,0.233775,0.392340,0.737681,1.021458,1.306072,1.604269,2.258867,3.138577,3.695973,5.739006
2007-07-08,0.477660,Training,-0.016911,0.234507,0.386508,0.699358,0.975048,1.241980,1.523332,2.140208,2.942198,3.449713,5.388718
2007-07-09,0.477660,Training,-0.011689,0.203721,0.338129,0.588575,0.833922,1.065384,1.313896,1.857703,2.543676,2.983369,4.767953
2007-07-10,0.477660,Training,-0.040161,0.157426,0.275271,0.487550,0.702282,0.908540,1.129865,1.618878,2.227165,2.614864,4.279062
2007-07-11,0.477660,Training,-0.051423,0.142791,0.255887,0.458302,0.664174,0.863478,1.077303,1.551550,2.140212,2.515301,4.148487
2007-07-12,0.477660,Training,-0.054774,0.138518,0.250341,0.450128,0.653949,0.851308,1.062860,1.533208,2.117299,2.489203,4.116220
2007-07-13,0.477660,Training,-0.037534,0.155233,0.270373,0.473280,0.684882,0.885118,1.102788,1.581897,2.179364,2.564533,4.222296
2007-07-14,0.477660,Training,-0.044898,0.142072,0.253247,0.448231,0.654643,0.849230,1.058623,1.524246,2.102558,2.470578,4.095700
2007-07-15,0.477660,Training,-0.064520,0.139778,0.226336,0.438009,0.648872,0.823568,1.037989,1.490497,2.061334,2.483742,4.222506
2007-07-16,0.477660,Training,-0.053196,0.164405,0.268847,0.498981,0.735329,0.925269,1.150827,1.641141,2.313223,2.870416,4.975671
2007-07-17,0.477660,Training,-0.048231,0.164116,0.304339,0.515234,0.740514,0.967050,1.182364,1.693195,2.433777,2.986261,5.166881
2007-07-18,0.477660,Training,-0.034659,0.167439,0.308400,0.517636,0.745588,0.973364,1.190538,1.702294,2.434187,2.976489,5.097068
2007-07-19,0.477660,Training,-0.020850,0.179857,0.319056,0.528642,0.760830,0.987370,1.209315,1.724656,2.458702,3.000346,5.103924
2007-07-20,0.477660,Training,-0.012812,0.172288,0.297109,0.493650,0.717697,0.927151,1.141928,1.631877,2.297765,2.773383,4.693820
2007-07-21,0.477660,Training,-0.012425,0.168783,0.285565,0.472109,0.687633,0.886733,1.099610,1.576036,2.209250,2.657709,4.497760
2007-07-22,0.477660,Training,-0.031766,0.152629,0.261215,0.445322,0.652256,0.844481,1.053891,1.519555,2.130556,2.553847,4.334270
2007-07-23,0.477660,Training,-0.062589,0.147285,0.236856,0.441733,0.652524,0.836261,1.050421,1.518195,2.136274,2.584221,4.434170
2007-07-24,0.477660,Training,-0.042017,0.146599,0.260848,0.448068,0.655490,0.854179,1.065138,1.540649,2.173043,2.610101,4.436270
2007-07-25,0.477660,Training,-0.049185,0.140371,0.253362,0.437652,0.639979,0.836852,1.047822,1.517682,2.140450,2.567282,4.360229
2007-07-26,0.477660,Training,-0.054771,0.137637,0.255706,0.445097,0.651495,0.854633,1.067830,1.546793,2.191072,2.630036,4.464018
2007-07-27,0.477660,Training,-0.064172,0.128021,0.240796,0.426344,0.626709,0.824322,1.035322,1.505563,2.130352,2.546111,4.318333
2007-07-28,0.477660,Training,-0.097522,0.096101,0.202302,0.380310,0.567166,0.757109,0.957188,1.413498,2.009142,2.396126,4.098139
2007-07-29,0.477660,Training,-0.119626,0.068048,0.175348,0.346098,0.528525,0.713604,0.904838,1.365673,1.939040,2.315762,3.990426
2007-07-30,0.477660,Training,-0.124321,0.064776,0.173267,0.346054,0.529186,0.715984,0.907285,1.371673,1.955938,2.341233,4.043966
2007-07-31,0.477660,Training,-0.077825,0.113574,0.222105,0.406536,0.604416,0.799526,1.007291,1.474899,2.104547,2.518194,4.296852
2007-08-01,0.477660,Training,-0.074476,0.117147,0.222025,0.412888,0.615849,0.811076,1.022051,1.495821,2.131958,2.541160,4.307143
2007-08-02,0.477660,Training,-0.093671,0.103343,0.208246,0.410402,0.611816,0.812252,1.027184,1.517679,2.187242,2.606891,4.380677
2007-08-03,0.477660,Training,-0.121891,0.060045,0.157517,0.327661,0.510173,0.689681,0.877994,1.329641,1.910667,2.279535,3.936230
2007-08-04,0.477660,Training,-0.110077,0.049017,0.135703,0.267603,0.436647,0.590885,0.752541,1.140449,1.618810,1.932183,3.457814
2007-08-05,0.477660,Training,-0.070771,0.084069,0.169750,0.302904,0.480799,0.636790,0.807188,1.192530,1.693588,2.027966,3.607284
2007-08-06,0.477660,Training,-0.038333,0.105372,0.189547,0.318299,0.504611,0.657705,0.830701,1.216726,1.715170,2.056395,3.647099
2007-08-07,0.477660,Training,-0.040893,0.097559,0.178081,0.298834,0.479440,0.627326,0.795239,1.170128,1.651376,1.979232,3.530490
2007-08-08,0.477660,Training,-0.074189,0.069835,0.144375,0.260285,0.428398,0.570978,0.729945,1.089607,1.554182,1.866513,3.378847
2007-08-09,0.477660,Training,-0.078772,0.063868,0.134956,0.248118,0.413752,0.553490,0.708948,1.063533,1.525626,1.840885,3.356966
2007-08-10,0.477660,Training,-0.071561,0.068075,0.135289,0.248568,0.415424,0.553898,0.709515,1.066646,1.540230,1.875068,3.429840
2007-08-11,0.477660,Training,-0.036076,0.085388,0.145537,0.234891,0.400118,0.521298,0.667000,0.990663,1.406863,1.721489,3.217787
2007-08-12,0.477660,Training,-0.034027,0.091196,0.142790,0.233692,0.402165,0.518103,0.663417,0.983011,1.397018,1.721846,3.246812
2007-08-13,0.477660,Training,-0.021862,0.089226,0.147128,0.227673,0.392795,0.509554,0.651045,0.966741,1.374631,1.694564,3.197679
2007-08-14,0.477660,Training,-0.040946,0.073837,0.129221,0.207912,0.366744,0.481146,0.618855,0.927010,1.326739,1.639095,3.121671
2007-08-15,0.477660,Training,-0.064685,0.067045,0.112467,0.216842,0.393636,0.500820,0.653573,0.967277,1.385151,1.762289,3.409523
2007-08-16,0.477660,Training,-0.038640,0.084666,0.153878,0.244313,0.418981,0.547621,0.690389,1.021114,1.487095,1.869332,3.582759
2007-08-17,0.477660,Training,-0.049802,0.072838,0.139863,0.225975,0.393654,0.519034,0.660196,0.982036,1.431100,1.801653,3.462505
2007-08-18,0.477660,Training,-0.040790,0.075450,0.140950,0.223122,0.393272,0.515592,0.654361,0.974206,1.423790,1.799120,3.478794
2007-08-19,0.477660,Training,-0.033815,0.077184,0.133833,0.209804,0.376231,0.490551,0.628246,0.937716,1.362249,1.715971,3.323161
2007-08-20,0.477660,Training,-0.032998,0.074889,0.127404,0.199544,0.363529,0.474006,0.610524,0.914494,1.325753,1.666304,3.233105
2007-08-21,0.477660,Training,-0.031390,0.074068,0.125273,0.195925,0.360242,0.469768,0.606728,0.910142,1.317665,1.652400,3.202878
2007-08-22,0.477660,Training,-0.037191,0.068204,0.116198,0.184068,0.344895,0.451400,0.586166,0.883078,1.281419,1.608587,3.137695
2007-08-23,0.477660,Training,-0.067550,0.046519,0.089854,0.156498,0.308130,0.411049,0.540374,0.825428,1.211435,1.524208,3.018726
2007-08-24,0.477660,Training,-0.086415,0.032435,0.075539,0.142689,0.292007,0.394614,0.521901,0.805039,1.188681,1.495340,2.980608
2007-08-25,0.477660,Training,-0.151528,0.012040,0.045762,0.145465,0.307537,0.401575,0.547216,0.813721,1.226499,1.591213,3.280581
2007-08-26,0.477660,Training,-0.111868,0.033724,0.084502,0.167867,0.327935,0.440881,0.569802,0.864135,1.320425,1.715462,3.509945
2007-08-27,0.477660,Training,-0.106707,0.026660,0.083745,0.159220,0.316313,0.430523,0.558295,0.851306,1.294679,1.680870,3.412482
2007-08-28,0.477660,Training,-0.072445,0.044439,0.101015,0.172699,0.339298,0.452011,0.583080,0.883605,1.335027,1.731206,3.483197
2007-08-29,0.477660,Training,-0.086241,0.048730,0.083094,0.168441,0.342949,0.445581,0.582983,0.883317,1.332091,1.736426,3.514080
2007-08-30,0.477660,Training,-0.081651,0.034424,0.079308,0.146727,0.306647,0.410993,0.540486,0.829755,1.258824,1.631938,3.301821
2007-08-31,0.477660,Training,-0.101572,0.017751,0.060755,0.125060,0.279565,0.380394,0.506075,0.786520,1.197130,1.544842,3.146724
2007-09-01,0.477660,Training,-0.115641,0.005531,0.048856,0.115675,0.270324,0.372887,0.496859,0.780588,1.203816,1.561702,3.192062
2007-09-02,0.477660,Training,-0.103893,0.012304,0.048972,0.116116,0.272262,0.371679,0.497370,0.781282,1.210452,1.583137,3.227701
2007-09-03,0.477660,Training,-0.073036,0.030466,0.066124,0.117289,0.271485,0.362445,0.485084,0.750127,1.126686,1.453924,2.986647
2007-09-04,0.477660,Training,-0.104344,0.004880,0.037645,0.086854,0.235321,0.321557,0.436608,0.693446,1.049237,1.360825,2.853733
2007-09-05,0.477660,Training,-0.122165,-0.014914,0.022111,0.071274,0.220889,0.304726,0.417585,0.680433,1.024110,1.333833,2.821898
2007-09-06,0.477660,Training,-0.103034,0.005230,0.036575,0.085162,0.234822,0.320607,0.435254,0.690212,1.052022,1.371612,2.889232
2007-09-07,0.477660,Training,-0.076672,0.022309,0.049951,0.094753,0.246202,0.329809,0.445604,0.697125,1.058253,1.383798,2.903759
2007-09-08,0.477660,Training,-0.040322,0.043579,0.067514,0.106404,0.262531,0.341978,0.458849,0.708970,1.062334,1.391918,2.906161
2007-09-09,0.477660,Training,-0.035444,0.047029,0.066488,0.104455,0.262039,0.338569,0.454664,0.701956,1.051966,1.383883,2.901152
2007-09-10,0.477660,Training,-0.071659,0.035091,0.039605,0.093564,0.259427,0.331869,0.450772,0.700768,1.061972,1.417812,3.016806
2007-09-11,0.477660,Training,-0.094032,0.014259,0.031730,0.082255,0.239592,0.320776,0.435520,0.688117,1.065828,1.416803,3.006061
2007-09-12,0.477660,Training,-0.124324,0.005439,0.008020,0.076290,0.245141,0.321261,0.441722,0.696098,1.098983,1.502993,3.241075
2007-09-13,0.477660,Training,-0.097012,0.024474,0.044459,0.103296,0.273814,0.355801,0.475213,0.734288,1.136387,1.535815,3.294028
2007-09-14,0.477660,Training,-0.063699,0.029858,0.069979,0.115215,0.282447,0.373101,0.493750,0.759642,1.161328,1.545528,3.236655
2007-09-15,0.477660,Training,-0.140064,-0.001522,0.022451,0.098515,0.281361,0.373767,0.505065,0.784500,1.239469,1.679194,3.592371
2007-09-16,,,0.442477,0.988152,1.162861,1.463274,2.082635,2.306452,2.743800,3.735975,5.942874,7.992535,15.128258
2007-09-17,0.796100,Training,-0.091701,0.040194,0.078335,0.157214,0.367877,0.462774,0.606658,0.907357,1.401761,1.947286,4.171719
2007-09-18,0.689953,Training,-0.088221,0.041971,0.111650,0.181479,0.377849,0.498177,0.637007,0.953657,1.506455,2.052677,4.315185
2007-09-19,0.583806,Training,-0.103706,0.027266,0.098399,0.164865,0.356383,0.478643,0.619832,0.936098,1.485550,2.018216,4.214232
2007-09-20,0.477660,Training,-0.101425,0.021295,0.091143,0.154779,0.345024,0.467302,0.608627,0.927252,1.466375,1.981540,4.094544
2007-09-21,0.477660,Training,-0.077137,0.035794,0.080955,0.146300,0.337274,0.445762,0.587992,0.898714,1.388295,1.853603,3.793126
2007-09-22,0.477660,Training,-0.035921,0.049005,0.095947,0.151207,0.341164,0.447508,0.589489,0.898260,1.361227,1.791705,3.603369
2007-09-23,0.477660,Training,-0.049404,0.036032,0.077379,0.131834,0.314683,0.418169,0.558809,0.862098,1.307496,1.710413,3.442916
2007-09-24,0.477660,Training,-0.043633,0.037803,0.076014,0.130694,0.314479,0.416966,0.558116,0.861086,1.305574,1.705622,3.428199
2007-09-25,0.477660,Training,-0.035632,0.042800,0.078898,0.137264,0.325294,0.429465,0.574310,0.883128,1.336461,1.738056,3.465641
2007-09-26,0.477660,Training,-0.064416,0.021923,0.058527,0.123467,0.308018,0.416864,0.563683,0.879644,1.345450,1.744226,3.466762
2007-09-27,0.477660,Training,-0.068911,0.018260,0.056001,0.130880,0.322889,0.438133,0.590916,0.923233,1.419387,1.838346,3.608590
2007-09-28,0.477660,Training,-0.090483,0.003794,0.042856,0.137566,0.340495,0.466225,0.628622,0.989314,1.545396,2.011094,3.877917
2007-09-29,0.530733,Training,-0.043323,0.030713,0.063165,0.155180,0.394138,0.500600,0.678648,1.037560,1.574400,2.127776,4.220561
2007-09-30,0.583806,Training,-0.125254,0.178784,0.382510,0.577927,1.124022,1.264322,1.595039,2.395998,4.009527,6.205058,14.435188
2007-10-01,0.477660,Training,-0.184677,0.257100,0.404802,0.665633,1.123028,1.389365,1.760904,2.598842,4.710908,6.554921,14.566730
2007-10-02,0.477660,Training,-0.150664,0.234374,0.387072,0.630696,1.143901,1.418657,1.794012,2.792880,4.980417,6.841267,14.891749
2007-10-03,0.477660,Training,-0.117266,0.228314,0.399370,0.694480,1.139073,1.392335,1.780674,2.597232,4.620778,6.554984,12.623524
2007-10-04,0.477660,Training,,,,,,,,,,,
2007-10-05,0.477660,Training,0.039721,0.253118,0.396782,0.555620,0.884342,1.098606,1.400934,1.983767,3.231789,4.347605,8.101966
2007-10-06,0.530733,Training,0.062552,0.217808,0.316836,0.431601,0.713628,0.890366,1.147775,1.626885,2.528942,3.326715,6.235059
2007-10-07,0.477660,Training,0.032097,0.161646,0.238803,0.336462,0.584782,0.743777,0.976806,1.411174,2.159595,2.810165,5.285305
2007-10-08,0.477660,Training,0.030980,0.143707,0.209737,0.308615,0.550449,0.704891,0.932482,1.354980,2.043187,2.628238,4.900835
2007-10-09,0.477660,Training,-0.030379,0.082556,0.141090,0.235249,0.452808,0.602224,0.813203,1.216883,1.853416,2.383621,4.479669
2007-10-10,0.477660,Training,-0.036639,0.072135,0.134539,0.234687,0.452783,0.606937,0.817747,1.229400,1.851374,2.346497,4.353200
2007-10-11,0.477660,Training,-0.025702,0.072327,0.130996,0.231522,0.452193,0.603117,0.808723,1.217976,1.822743,2.307551,4.272586
2007-10-12,0.477660,Training,-0.023449,0.071457,0.130159,0.239563,0.466208,0.620487,0.827352,1.245545,1.858618,2.341990,4.297871
2007-10-13,0.477660,Training,-0.052750,0.046521,0.107091,0.223198,0.445236,0.603719,0.807731,1.231894,1.849932,2.323405,4.242690
2007-10-14,0.636880,Training,-0.082137,0.021470,0.083144,0.204015,0.421073,0.582693,0.782482,1.209501,1.833705,2.302259,4.190553
2007-10-15,0.902246,Training,-0.089050,0.024871,0.078920,0.245046,0.513547,0.684156,0.919821,1.418479,2.148447,2.758873,4.982737
2007-10-16,0.955320,Training,-0.094495,0.049182,0.138136,0.344500,0.620103,0.834414,1.079361,1.625903,2.496252,3.147092,5.498714
2007-10-17,0.636880,Training,-0.089303,0.072320,0.181325,0.454533,0.769860,1.018407,1.306834,1.937912,2.953437,3.689569,6.127887
2007-10-18,0.636880,Training,-0.128822,0.011803,0.111312,0.324402,0.594944,0.817170,1.060706,1.622206,2.520982,3.179836,5.480281
2007-10-19,0.796100,Training,-0.126108,0.002334,0.091601,0.277074,0.528857,0.735362,0.960993,1.481467,2.270777,2.815059,4.888914
2007-10-20,0.955320,Training,-0.066049,0.043173,0.127025,0.284562,0.532569,0.722877,0.939274,1.420951,2.119768,2.604947,4.565692
2007-10-21,0.689953,Training,-0.018263,0.070839,0.145688,0.274973,0.518398,0.691358,0.893151,1.333200,1.958655,2.403180,4.274023
2007-10-22,0.955320,Training,0.050273,0.113346,0.181626,0.279859,0.519269,0.673795,0.861905,1.252998,1.806221,2.227673,3.997712
2007-10-23,1.114539,Training,0.053494,0.118059,0.190135,0.288090,0.527568,0.683477,0.871969,1.267783,1.814068,2.218878,3.968204
2007-10-24,1.061466,Training,0.053194,0.123055,0.189064,0.291151,0.533938,0.688329,0.878155,1.275727,1.823740,2.234617,4.009803
2007-10-25,1.008393,Training,0.058382,0.113174,0.180845,0.266006,0.497006,0.645723,0.825083,1.205281,1.727120,2.124393,3.848619
2007-10-26,0.902246,Training,0.082454,0.135417,0.206115,0.303292,0.546705,0.704425,0.893919,1.279703,1.824335,2.248292,3.982137
2007-10-27,0.743026,Training,0.077913,0.124269,0.188320,0.272071,0.505423,0.652959,0.831462,1.203378,1.721891,2.129758,3.845441
2007-10-28,0.849173,Training,0.061605,0.112723,0.179022,0.265871,0.496801,0.647267,0.826751,1.209455,1.731745,2.128411,3.848311
2007-10-29,1.061466,Training,0.046824,0.106379,0.178689,0.277098,0.511672,0.671104,0.857193,1.259888,1.803131,2.200718,3.941518
2007-10-30,1.114539,Training,0.048397,0.113200,0.190604,0.302581,0.546422,0.715121,0.909650,1.330056,1.899651,2.308581,4.078671
2007-10-31,1.008393,Training,0.062646,0.125841,0.202602,0.322044,0.574065,0.747024,0.946327,1.369414,1.954796,2.382433,4.165502
2007-11-01,0.902246,Training,0.064613,0.136949,0.217539,0.363041,0.630151,0.819144,1.034015,1.481124,2.112864,2.573460,4.388302
2007-11-02,1.061466,Training,0.037896,0.137818,0.227732,0.419742,0.707483,0.919943,1.159508,1.669760,2.389613,2.877053,4.811587
2007-11-03,0.902246,Training,0.058332,0.134754,0.223278,0.361731,0.619682,0.807498,1.018318,1.473203,2.077351,2.490011,4.280179
2007-11-04,1.061466,Training,0.062899,0.143379,0.238276,0.386475,0.652784,0.847797,1.064031,1.533753,2.155402,2.575025,4.384176
2007-11-05,1.008393,Training,0.055933,0.129887,0.220711,0.357533,0.615197,0.803530,1.011722,1.470870,2.073631,2.484751,4.272497
2007-11-06,0.902246,Training,0.049973,0.131868,0.227335,0.378627,0.642673,0.840095,1.055779,1.534990,2.161166,2.577513,4.384876
2007-11-07,0.955320,Training,0.050582,0.156732,0.265796,0.461002,0.748936,0.971552,1.210961,1.742740,2.436037,2.873944,4.748558
2007-11-08,0.902246,Training,0.123393,0.275294,0.411169,0.708487,1.075117,1.348565,1.641062,2.258407,3.096579,3.638490,5.682477
2007-11-09,1.114539,Training,0.173042,0.415289,0.591956,1.043610,1.504967,1.835064,2.188721,2.948701,3.963524,4.562314,6.862989
2007-11-10,1.008393,Training,0.157536,0.376414,0.545660,0.961363,1.397913,1.717704,2.058239,2.790829,3.767318,4.348529,6.582183
2007-11-11,1.008393,Training,0.206977,0.440268,0.616290,1.071415,1.547243,1.880100,2.237928,2.983591,4.011669,4.658473,6.968859
2007-11-12,1.220686,Training,0.196875,0.405143,0.573678,0.982352,1.429221,1.749232,2.087619,2.794348,3.764130,4.389679,6.610585
2007-11-13,1.220686,Training,0.284681,0.549693,0.750557,1.266537,1.795269,2.153477,2.532500,3.303930,4.389968,5.097644,7.479715
2007-11-14,1.061466,Training,0.280791,0.528236,0.720018,1.217464,1.719461,2.079567,2.455741,3.196770,4.242677,4.958897,7.228986
2007-11-15,1.167613,Training,0.216660,0.420624,0.587954,1.000131,1.444222,1.771139,2.114125,2.805172,3.763661,4.414966,6.579655
2007-11-16,1.167613,Training,0.197542,0.379848,0.534415,0.914576,1.327839,1.643920,1.975544,2.636587,3.550863,4.175683,6.252427
2007-11-17,1.220686,Training,0.235978,0.446053,0.612784,1.055231,1.497673,1.842277,2.196768,2.897374,3.881246,4.523309,6.685598
2007-11-18,1.432979,Training,0.330814,0.586500,0.792637,1.338458,1.857777,2.262209,2.642684,3.401010,4.529445,5.203613,7.671227
2007-11-19,3.131325,Training,0.682213,1.288218,1.758971,2.967092,4.430473,5.265890,6.434214,8.172773,11.797001,15.277076,23.799562
2007-11-20,7.164897,Training,0.670097,1.803333,2.382132,4.369217,6.563482,8.211197,9.798264,13.255559,20.121679,24.007233,38.569756
2007-11-21,1.804492,Training,1.134967,2.490908,3.043003,5.416637,7.790459,9.400321,11.184999,14.662128,21.228624,25.385948,38.575417
2007-11-22,4.352011,Training,1.574460,3.133881,3.805557,6.357419,8.786417,10.191428,12.048982,15.188295,21.183775,25.553333,37.254250
2007-11-23,2.176006,Training,1.262811,2.195280,2.800310,4.394750,5.904533,6.985272,8.219054,10.234035,14.248260,17.239771,24.421225
2007-11-24,1.698346,Training,1.053867,1.714353,2.211972,3.421112,4.580141,5.459741,6.403745,7.904868,10.822833,13.032953,18.288841
2007-11-25,1.592199,Training,1.107037,1.753996,2.257904,3.530963,4.663320,5.516846,6.378953,7.751797,10.324532,12.197915,16.696281
2007-11-26,1.804492,Training,1.400689,2.179561,2.793334,4.339288,5.550089,6.407415,7.264621,8.617882,11.045676,12.746267,16.685001
2007-11-27,1.963712,Training,0.784995,1.285413,1.643143,2.711873,3.610615,4.269380,4.981410,6.140304,8.094543,9.445003,12.677424
2007-11-28,1.486053,Training,1.010330,1.586248,2.050020,3.308968,4.313086,5.040581,5.734095,6.916763,9.003338,10.208213,13.605276
2007-11-29,1.539126,Training,1.768557,2.610465,3.360174,5.105214,6.296444,7.115731,7.861992,9.188074,11.508855,12.533865,16.326696
2007-11-30,1.539126,Training,1.805041,2.638745,3.416870,5.162343,6.357058,7.149748,7.869335,9.201466,11.517791,12.439685,16.269358
2007-12-01,1.645273,Training,1.683735,2.523326,3.260117,4.985026,6.185490,6.911197,7.639697,8.989491,11.277320,12.262290,16.008291
2007-12-02,1.857566,Training,1.602756,2.402801,3.145671,4.818224,5.997709,6.716028,7.414833,8.767377,11.039477,11.981082,15.612984
2007-12-03,2.016786,Training,1.428083,2.177081,2.883404,4.458655,5.698575,6.330498,7.029673,8.364889,10.623873,11.780535,15.388852
2007-12-04,2.069859,Training,1.362514,2.086103,2.784074,4.321959,5.509515,6.165161,6.835166,8.159580,10.388044,11.470154,14.965444
2007-12-05,2.122932,Training,1.299421,2.013289,2.671582,4.183869,5.337306,5.989668,6.644686,7.944501,10.141289,11.162096,14.631161
2007-12-06,2.122932,Training,1.224298,1.884927,2.557740,4.005263,5.197036,5.804239,6.448676,7.757521,9.981921,11.068936,14.476475
2007-12-07,2.122932,Training,1.352292,2.040312,2.769643,4.287866,5.546518,6.137242,6.799573,8.147257,10.458662,11.519185,15.091217
2007-12-08,1.963712,Training,0.971239,1.548162,2.118222,3.395961,4.506543,5.062051,5.665067,6.900070,9.001148,10.073193,13.257347
2007-12-09,1.857566,Training,0.784156,1.303114,1.786180,2.948057,4.015161,4.521283,5.105634,6.306730,8.332313,9.449445,12.632479
2007-12-10,1.432979,Training,0.607641,1.050884,1.423044,2.396902,3.254541,3.780010,4.296448,5.361557,7.078726,8.043857,10.874454
2007-12-11,1.273759,Training,0.403846,0.702154,0.974351,1.652031,2.304999,2.772969,3.184406,4.071539,5.424660,6.191010,8.901611
2007-12-12,1.273759,Training,0.409725,0.697475,0.975802,1.647194,2.306393,2.783358,3.184366,4.065794,5.420798,6.187161,8.977854
2007-12-13,1.432979,Training,0.422107,0.701090,0.985488,1.655953,2.321456,2.809521,3.201818,4.077163,5.433579,6.198325,9.091229
2007-12-14,1.592199,Training,0.445348,0.727248,1.018648,1.699465,2.373991,2.868737,3.260726,4.134637,5.497816,6.267508,9.235946
2007-12-15,1.486053,Training,0.432215,0.700329,0.986686,1.659732,2.323468,2.825677,3.211519,4.082315,5.439997,6.198663,9.298223
2007-12-16,1.220686,Training,0.408761,0.663612,0.937202,1.603712,2.247367,2.754943,3.138255,4.007299,5.355849,6.091123,9.345113
2007-12-17,1.273759,Training,0.414499,0.672215,0.946055,1.619957,2.264918,2.775609,3.161687,4.033854,5.389476,6.124230,9.441031
2007-12-18,1.379906,Training,0.550148,0.886424,1.213594,2.014856,2.856326,3.424542,3.955968,4.949278,6.714684,7.934639,11.570628
2007-12-19,1.804492,Training,1.300739,2.715339,3.788479,6.436141,9.487937,11.211394,13.535773,16.886473,24.338806,30.075867,47.819069
2007-12-20,1.910639,Training,1.879624,3.644225,4.891209,8.061896,11.090978,12.920618,15.082806,18.312317,25.321215,29.933441,43.536388
2007-12-21,1.645273,Training,1.832590,3.168783,4.324644,6.831827,9.187591,10.636685,12.220895,14.838528,20.105299,24.174355,33.765701
2007-12-22,1.592199,Training,1.737535,2.791024,3.809485,5.821977,7.637833,8.867188,10.057796,12.092171,16.077023,19.203590,26.085880
2007-12-23,1.539126,Training,1.224645,1.937435,2.599311,4.020147,5.306354,6.173447,7.046159,8.524173,11.228471,13.274427,17.857334
2007-12-24,1.326833,Training,1.130502,1.745816,2.311118,3.595478,4.727075,5.501124,6.242220,7.531889,9.813828,11.343670,15.267316
2007-12-25,1.592199,Training,1.300839,1.949795,2.521846,3.948642,5.291454,6.146589,6.995158,8.383241,11.058721,13.181824,18.675528
2007-12-26,2.176006,Training,0.966410,1.601821,2.174108,3.467838,4.651326,5.463049,6.251876,7.646941,10.295271,12.228760,16.958456
2007-12-27,1.432979,Training,0.990685,1.546196,2.104484,3.323373,4.438415,5.218749,5.895950,7.174730,9.511935,11.064175,15.248249
2007-12-28,1.273759,Training,0.947221,1.485411,2.028296,3.241229,4.322142,5.046777,5.680777,6.950400,9.169067,10.526055,14.451559
2007-12-29,1.486053,Training,0.852549,1.376751,1.853678,3.017635,4.015463,4.661749,5.281572,6.506282,8.540742,9.717848,13.075133
2007-12-30,1.486053,Training,0.814629,1.320894,1.776197,2.908382,3.871898,4.490639,5.085719,6.277249,8.232053,9.304553,12.493394
2007-12-31,1.486053,Training,0.817122,1.286333,1.751211,2.845114,3.807198,4.435713,4.979341,6.130523,8.054852,9.048829,12.366814
2008-01-01,1.698346,Test,1.236991,1.973812,2.741215,4.306269,6.109308,7.165045,8.483506,10.231052,14.181842,17.703014,26.700581
2008-01-02,3.874352,Test,1.397887,2.836940,3.758654,6.484757,9.230366,10.902718,12.846311,15.943165,22.576450,27.371265,41.882282
2008-01-03,15.125893,Test,3.225681,6.065029,8.501935,13.461637,18.782423,21.935690,26.095343,31.775864,42.660046,49.691135,74.892174
2008-01-04,10.773882,Test,10.602529,16.888685,20.504877,29.940140,35.835278,39.053402,42.014439,47.455944,57.736145,63.383278,89.320107
2008-01-05,5.944211,Test,6.723184,10.770490,13.654559,20.218287,24.969790,27.479155,29.741903,34.193298,42.253155,48.322990,67.005524
2008-01-06,5.731917,Test,4.179717,6.557507,8.745219,13.156373,16.575439,18.466715,20.123850,23.668594,30.100340,35.049335,47.928257
2008-01-07,4.617378,Test,5.136207,7.191045,9.477692,13.354881,16.095913,17.773066,19.021734,21.823740,26.620529,30.809734,41.576260
2008-01-08,4.935818,Test,3.644876,5.198923,6.774817,9.844940,12.120403,13.285749,14.462912,16.731720,20.578468,23.854345,32.178692
2008-01-09,5.095038,Test,2.995198,4.401327,5.698015,8.653605,10.927323,12.080873,13.580177,15.851246,19.870588,23.922401,32.892403
2008-01-10,3.502838,Test,2.869552,4.497334,5.748991,8.826445,11.047479,12.372658,13.796468,16.193573,20.535629,24.516857,34.285770
2008-01-11,4.298938,Test,2.937918,4.538695,5.746969,8.896611,11.159857,12.577343,14.181686,16.637300,21.200270,25.453354,35.917568
2008-01-12,3.927425,Test,3.404575,5.100098,6.668872,9.814414,11.998074,13.606910,14.939523,17.356026,22.032492,25.444990,36.015934
2008-01-13,5.041964,Test,3.300801,5.114777,6.518041,9.940242,12.513618,14.202898,16.114534,18.780279,24.284006,28.958666,41.771526
2008-01-14,5.944211,Test,3.773293,6.309185,7.870936,12.133934,15.225814,17.006201,18.997755,22.180344,28.340946,33.367275,48.058041
2008-01-15,5.307331,Test,3.338993,5.380806,6.816509,10.404368,13.180349,14.659321,16.395931,19.200064,24.271265,29.213924,41.278839
2008-01-16,6.740310,Test,3.467970,5.339956,6.972261,10.359448,12.951368,14.386822,15.965849,18.644426,23.390215,27.996187,38.742619
2008-01-17,5.148111,Test,3.876146,5.601499,7.209271,10.410814,12.586608,13.916236,15.238421,17.580154,21.511166,25.208801,34.374111
2008-01-18,4.245865,Test,4.021481,5.546701,7.137808,10.065713,12.000957,13.176893,14.285183,16.409746,19.710592,22.684696,30.477127
2008-01-19,3.715132,Test,4.340942,5.799561,7.322893,10.127449,11.866973,12.888910,13.868194,15.770431,18.603802,20.847797,27.706234
2008-01-20,3.290545,Test,3.498279,4.679079,6.023334,8.431250,10.148649,10.995171,11.876712,13.660601,16.270664,18.216768,23.983688
2008-01-21,3.025179,Test,3.221812,4.381083,5.564910,7.913231,9.377702,10.252309,11.077924,12.744998,15.105909,16.496960,21.628384
2008-01-22,3.662058,Test,2.448021,3.400651,4.405160,6.431295,7.868911,8.638052,9.407727,10.994754,13.235626,14.626106,19.048191
2008-01-23,2.759812,Test,1.991256,2.849595,3.688749,5.494777,6.784389,7.509557,8.233799,9.682178,11.771407,12.991262,16.875801
2008-01-24,2.388299,Test,1.924796,2.778452,3.581223,5.374779,6.602777,7.332278,8.031410,9.457623,11.538770,12.574198,16.437317
2008-01-25,2.388299,Test,1.768990,2.548612,3.350051,5.032952,6.314693,6.972278,7.654808,9.068027,11.136194,12.284752,15.990037
2008-01-26,2.335226,Test,1.824418,2.634805,3.445353,5.178804,6.440197,7.121356,7.798842,9.218859,11.286206,12.336477,16.102592
2008-01-27,2.335226,Test,1.883960,2.726076,3.552093,5.349689,6.594094,7.312271,7.975864,9.417725,11.546569,12.446395,16.390493
2008-01-28,2.335226,Test,1.630563,2.408903,3.151249,4.828183,6.015399,6.720979,7.352536,8.737919,10.846270,11.692921,15.459085
2008-01-29,3.025179,Test,1.516148,2.265281,2.980107,4.609629,5.781209,6.486648,7.103893,8.477898,10.594743,11.432564,15.157454
2008-01-30,2.335226,Test,1.166364,1.813904,2.394758,3.799260,4.875416,5.520519,6.096842,7.360791,9.350235,10.224014,13.600057
2008-01-31,2.335226,Test,1.445912,2.160270,2.860658,4.435709,5.599437,6.315089,6.895580,8.233853,10.381427,11.154648,14.972662
2008-02-01,2.335226,Test,0.986046,1.587854,2.079618,3.352522,4.385336,4.973934,5.533000,6.714815,8.601974,9.559282,12.856016
2008-02-02,3.290545,Test,0.821761,1.356977,1.779522,2.897710,3.875936,4.418654,4.962144,6.070359,7.825147,8.944714,12.182874
2008-02-03,3.608985,Test,0.670064,1.136458,1.586940,2.591964,3.652601,4.325650,5.034618,6.230484,8.484451,10.395180,15.083597
2008-02-04,3.715132,Test,0.660275,1.243053,1.770033,2.909352,4.089510,4.897057,5.646906,7.087584,9.866652,12.208376,18.202259
2008-02-05,2.600592,Test,0.656823,1.142795,1.610799,2.609778,3.635904,4.332441,4.979458,6.260357,8.473902,10.392147,14.932746
2008-02-06,2.441372,Test,0.705199,1.188879,1.666878,2.700580,3.710938,4.366341,4.968848,6.212373,8.245689,9.967754,13.991541
2008-02-07,2.335226,Test,0.649524,1.076225,1.495645,2.416446,3.340458,3.884199,4.413279,5.540489,7.260983,8.696627,12.107366
2008-02-08,2.229079,Test,0.638769,1.052748,1.443279,2.338618,3.222378,3.729526,4.239143,5.318591,6.914169,8.182448,11.288759
2008-02-09,2.229079,Test,0.645123,1.060140,1.434256,2.321420,3.180518,3.669100,4.167197,5.212427,6.731626,7.901567,10.851698
2008-02-10,2.282152,Test,0.635819,1.048868,1.410401,2.292450,3.130960,3.613958,4.105153,5.133490,6.615512,7.720538,10.573808
2008-02-11,2.176006,Test,0.629496,1.044161,1.397542,2.282604,3.106566,3.590543,4.077508,5.097428,6.566955,7.621500,10.426340
2008-02-12,2.972105,Test,0.634060,1.049093,1.403666,2.283448,3.109624,3.584350,4.068226,5.076773,6.530148,7.578867,10.359312
2008-02-13,2.122932,Test,0.633095,1.055406,1.406188,2.303467,3.119198,3.607126,4.089824,5.101258,6.573915,7.573290,10.356368
2008-02-14,2.122932,Test,0.605884,1.012740,1.363012,2.234911,3.053508,3.526367,4.004042,5.012693,6.466239,7.491982,10.236027
2008-02-15,2.122932,Test,0.559950,0.941476,1.287931,2.112659,2.930701,3.371223,3.834753,4.841176,6.283264,7.293817,10.058959
2008-02-16,2.122932,Test,0.560699,0.943191,1.292835,2.120673,2.942880,3.379580,3.841419,4.850572,6.298512,7.294848,10.063893
2008-02-17,2.176006,Test,0.629440,1.062755,1.509725,2.465489,3.497672,4.078696,4.727458,5.879090,7.834879,9.563952,13.512130
2008-02-18,3.025179,Test,0.726129,1.426049,2.065137,3.448139,5.014002,5.949931,6.922272,8.686214,12.297662,15.624599,24.043116
2008-02-19,3.078252,Test,0.880754,1.778269,2.455170,4.112953,5.948420,7.012706,8.069839,10.231340,14.251788,17.891237,27.391251
2008-02-20,3.131325,Test,1.163379,2.139751,2.932552,4.760017,6.641629,7.679948,8.767720,10.876181,14.667319,18.289478,26.606901
2008-02-21,2.812885,Test,1.239102,2.172018,2.927797,4.680198,6.488112,7.425617,8.435463,10.416133,13.794467,17.261877,24.907911
2008-02-22,2.653665,Test,1.294052,2.152812,2.997939,4.684226,6.336257,7.251637,8.183762,10.023929,13.195691,16.163431,22.585850
2008-02-23,2.706739,Test,1.339676,2.181755,2.942569,4.627013,6.277828,7.127370,8.069945,9.849005,12.779810,15.857170,22.411623
2008-02-24,3.715132,Test,1.405336,2.420928,3.255976,5.208029,7.095682,8.032367,9.091334,11.141949,14.616504,18.145546,26.318338
2008-02-25,5.891137,Test,1.520047,2.459088,3.308904,5.113324,6.743646,7.704467,8.655283,10.447227,13.484221,16.446741,22.831524
2008-02-26,4.988891,Test,1.613779,2.501239,3.342334,5.085618,6.574650,7.485574,8.348176,9.976001,12.585596,15.116719,20.576954
2008-02-27,3.874352,Test,1.643406,2.544118,3.329643,5.079675,6.529758,7.351786,8.180743,9.723838,12.114080,14.491469,19.764688
2008-02-28,3.502838,Test,1.483268,2.293434,3.023375,4.628405,5.996109,6.726885,7.487627,8.942323,11.214122,13.292214,18.033863
2008-02-29,3.025179,Test,1.479891,2.254318,2.963801,4.507256,5.768836,6.494261,7.209423,8.571794,10.659141,12.430913,16.586647
2008-03-01,2.812885,Test,1.455613,2.209889,2.900351,4.409284,5.625912,6.316612,7.002545,8.319451,10.310208,11.916891,15.846114
2008-03-02,2.812885,Test,1.376875,2.093950,2.755672,4.198380,5.388662,6.019021,6.675290,7.948273,9.879147,11.335011,15.069476
2008-03-03,2.600592,Test,1.296414,1.980281,2.613060,3.997190,5.156049,5.737586,6.367570,7.607031,9.492891,10.794663,14.357541
2008-03-04,2.388299,Test,1.336266,2.041619,2.662408,4.066159,5.184278,5.783987,6.409347,7.606721,9.400675,10.632950,14.053566
2008-03-05,2.282152,Test,1.408538,2.154613,2.770500,4.244304,5.306855,5.952247,6.563101,7.748319,9.596162,10.550282,14.089261
2008-03-06,2.335226,Test,1.529183,2.313725,2.985350,4.555237,5.653448,6.318641,6.945694,8.185042,10.102008,10.986431,14.620190
2008-03-07,2.335226,Test,1.284942,1.997324,2.588063,4.008396,5.060639,5.670791,6.271080,7.449212,9.267630,10.220078,13.578161
2008-03-08,2.335226,Test,1.073988,1.712495,2.231157,3.498120,4.529165,5.076828,5.652580,6.770277,8.485730,9.583225,12.804408
2008-03-09,2.388299,Test,0.915517,1.499507,1.942855,3.084153,4.044142,4.569916,5.112599,6.166866,7.793895,8.914341,12.107954
2008-03-10,2.653665,Test,0.876887,1.446198,1.942891,3.110176,4.181873,4.759505,5.352929,6.495695,8.343850,9.893740,13.717756
2008-03-11,2.600592,Test,0.707659,1.230048,1.713564,2.779364,3.805058,4.395400,4.941899,6.112735,8.068549,9.692940,13.834720
2008-03-12,2.282152,Test,0.835889,1.389137,1.954389,3.144709,4.243154,4.855668,5.433121,6.677842,8.757894,10.311007,14.293226
2008-03-13,2.176006,Test,0.755732,1.266559,1.770796,2.853695,3.871117,4.438715,4.976110,6.148973,8.039181,9.491956,13.231832
2008-03-14,2.335226,Test,0.494835,0.882875,1.223313,2.010087,2.780234,3.219821,3.662021,4.673564,6.110460,7.144155,10.220183
2008-03-15,2.388299,Test,0.603833,1.021309,1.365716,2.202821,3.031498,3.468599,3.932966,4.914145,6.328235,7.453887,10.479375
2008-03-16,2.335226,Test,0.685173,1.147788,1.526531,2.455003,3.318325,3.790574,4.276155,5.278098,6.762398,7.885324,10.844264
2008-03-17,2.494445,Test,0.656574,1.107366,1.436561,2.336106,3.150949,3.630837,4.114852,5.087798,6.515216,7.658629,10.729148
2008-03-18,2.547519,Test,0.631693,1.094827,1.451324,2.386794,3.241332,3.802948,4.323853,5.363358,7.035039,8.415767,12.111428
2008-03-19,4.245865,Test,0.747666,1.372892,1.908152,3.135570,4.341976,5.219000,6.056854,7.458226,10.391150,12.905584,19.411592
2008-03-20,5.944211,Test,0.821295,1.614688,2.194385,3.612353,5.020252,5.951993,6.830773,8.504872,11.720401,14.657248,22.092733
2008-03-21,4.033571,Test,0.859237,1.523525,2.107959,3.366362,4.564003,5.410226,6.184611,7.640716,10.289118,12.618313,18.177473
2008-03-22,3.874352,Test,1.051325,1.824845,2.440922,3.926990,5.297330,6.169338,7.033471,8.612332,11.412426,14.180247,20.394911
2008-03-23,3.343618,Test,1.117050,1.844748,2.513580,3.919003,5.154060,6.079822,6.777424,8.184889,10.801376,12.798327,18.392355
2008-03-24,2.919032,Test,1.060757,1.762096,2.325056,3.677912,4.804626,5.565350,6.269718,7.601094,9.809576,11.609003,16.029716
2008-03-25,2.812885,Test,1.106174,1.816721,2.405119,3.792763,4.938523,5.661250,6.360561,7.700750,9.825953,11.605415,15.857656
2008-03-26,2.706739,Test,1.071609,1.752802,2.322110,3.670252,4.808280,5.479696,6.165911,7.474466,9.518288,11.258628,15.307658
2008-03-27,3.290545,Test,0.974745,1.616155,2.190465,3.523057,4.754661,5.375905,6.088352,7.474977,9.669984,11.714730,16.314377
2008-03-28,2.706739,Test,0.923165,1.550570,2.160839,3.477351,4.653616,5.332713,6.010543,7.402936,9.701165,11.598230,16.052210
2008-03-29,2.388299,Test,0.849379,1.412384,1.923251,3.077238,4.112370,4.725201,5.333985,6.553497,8.479006,10.089829,13.842227
2008-03-30,2.600592,Test,0.855156,1.441328,1.935349,3.125947,4.187459,4.784442,5.397269,6.622459,8.537322,10.228306,14.213663
2008-03-31,2.282152,Test,0.854324,1.443586,1.940890,3.137711,4.151199,4.764155,5.358541,6.565807,8.459299,9.953342,13.662290
2008-04-01,2.229079,Validation,0.648461,1.144785,1.594874,2.636258,3.583848,4.105703,4.655573,5.836792,7.676778,8.998273,12.495915
2008-04-02,2.229079,Validation,0.536533,1.075833,1.555313,2.670319,3.582871,4.126691,4.680693,5.942353,7.949232,9.051498,12.399008
2008-04-03,2.176006,Validation,0.413150,0.939133,1.395266,2.473651,3.328633,3.860001,4.394861,5.648445,7.637846,8.615725,11.708089
2008-04-04,2.122932,Validation,0.465850,1.011441,1.514213,2.675462,3.583721,4.124789,4.670205,5.994748,8.072641,8.992649,12.036543
2008-04-05,2.176006,Validation,0.432005,0.943181,1.408807,2.510270,3.389823,3.900176,4.427053,5.706939,7.696947,8.591228,11.533265
2008-04-06,2.335226,Validation,0.362291,0.829324,1.208712,2.181750,3.001118,3.444831,3.949970,5.112779,6.888700,7.794079,10.672311
2008-04-07,4.139718,Validation,0.457395,0.876306,1.260864,2.120769,3.009757,3.515309,4.077857,5.222773,6.996822,8.583275,12.300173
2008-04-08,6.103430,Validation,0.376800,0.948459,1.433633,2.512896,3.699404,4.446211,5.254689,6.905882,10.144740,12.944746,20.433748
2008-04-09,8.067143,Validation,0.673429,1.698658,2.385601,4.211364,6.120322,7.290328,8.565938,11.555405,17.076509,21.475359,33.321949
2008-04-10,15.072820,Validation,1.270387,2.823027,3.508900,6.091925,8.684582,10.276902,11.981484,15.391398,21.553667,26.173582,38.516773
2008-04-11,10.826955,Validation,1.580653,3.069703,3.875053,6.268265,8.449519,9.821535,11.288002,13.913801,18.623211,22.371546,31.964096
2008-04-12,7.164897,Validation,1.639206,2.918054,3.676240,5.711517,7.473472,8.605315,9.737272,11.760892,15.251155,18.580723,25.888897
2008-04-13,5.891137,Validation,1.459594,2.541837,3.198448,4.948557,6.532484,7.432354,8.447972,10.182034,13.091916,16.204790,22.560497
2008-04-14,4.829671,Validation,1.226485,2.065275,2.626325,3.994724,5.224170,5.997330,6.872947,8.300976,10.679221,13.000360,17.883989
2008-04-15,4.723524,Validation,0.949357,1.629082,2.099749,3.245173,4.306510,4.936355,5.694112,6.990061,9.046774,10.881100,15.255971
2008-04-16,4.298938,Validation,0.841341,1.471207,1.900691,3.076495,4.176101,4.773708,5.583538,6.990391,9.180965,11.360729,16.299196
2008-04-17,10.826955,Validation,1.219847,2.503581,3.168943,5.432728,7.523430,8.639922,10.137203,12.921235,17.675552,22.338842,32.467934
2008-04-18,37.045169,Validation,1.593750,3.384398,4.067735,7.020192,9.716546,11.309278,13.249830,16.879330,23.117506,27.989080,40.586941
2008-04-19,35.346823,Validation,2.110129,4.349732,5.197222,8.761891,12.036348,13.807417,15.979540,20.273357,27.096382,32.614941,46.602535
2008-04-20,28.288073,Validation,2.818818,5.583250,6.595812,10.982107,14.731018,16.764763,19.359385,24.254284,31.956377,37.979202,53.785641
2008-04-21,25.952848,Validation,2.877699,5.581161,6.558162,10.669619,14.153609,15.798119,18.068491,21.969112,28.610939,34.206135,48.975166
2008-04-22,18.894098,Validation,2.150741,3.972771,4.947455,7.758012,10.195921,11.479133,13.052129,15.790066,20.670837,24.971661,35.036079
2008-04-23,13.799060,Validation,1.568921,3.009980,3.837648,6.151522,8.174488,9.110537,10.422034,12.743474,16.786543,20.474360,29.217922
2008-04-24,10.030855,Validation,1.876886,3.341292,4.480565,6.997973,8.861460,9.977490,11.233994,13.384631,17.218304,20.192516,27.550230
2008-04-25,8.120216,Validation,1.561618,2.959041,4.122663,6.579774,8.211373,9.390771,10.631006,12.746883,16.396872,18.898939,25.346699
2008-04-26,6.687237,Validation,1.250470,2.401776,3.313294,5.348446,6.722067,7.671761,8.730623,10.496218,13.515680,15.454600,20.760197
2008-04-27,6.050357,Validation,1.203850,2.150659,2.879751,4.606331,5.857308,6.602319,7.492766,8.992167,11.445412,13.055642,17.582521
2008-04-28,5.944211,Validation,1.210462,2.053496,2.647966,4.160875,5.353402,6.003992,6.788141,8.071133,10.148448,11.786324,15.992341
2008-04-29,5.784991,Validation,1.052716,1.825444,2.306250,3.658687,4.758415,5.356189,6.093611,7.279671,9.173151,10.869303,14.905456
2008-04-30,5.466551,Validation,0.970392,1.706334,2.195398,3.483154,4.531256,5.146909,5.857250,7.040223,8.961230,10.603084,14.516310
2008-05-01,4.617378,Validation,0.945391,1.660643,2.151488,3.409286,4.428936,5.045326,5.733802,6.902001,8.790428,10.365352,14.149811
2008-05-02,4.139718,Validation,0.657914,1.339996,1.831342,3.061022,4.041756,4.613136,5.298110,6.572793,8.643050,10.055971,13.940145
2008-05-03,4.139718,Validation,0.505700,1.187453,1.671813,2.901372,3.818367,4.405036,5.087739,6.383123,8.516867,9.814804,13.482009
2008-05-04,4.511231,Validation,0.538237,1.217242,1.675133,2.902222,3.874048,4.398338,5.084612,6.352623,8.412304,9.801544,13.648583
2008-05-05,3.980498,Validation,0.557852,1.194785,1.668130,2.852573,3.791621,4.334840,4.977904,6.230396,8.263606,9.537725,13.122441
2008-05-06,3.715132,Validation,0.410244,0.988507,1.399561,2.461165,3.300618,3.815460,4.419850,5.615047,7.530044,8.722444,12.084213
2008-05-07,3.715132,Validation,0.339081,0.868743,1.223910,2.165578,2.945118,3.413233,3.978004,5.093316,6.844911,8.017606,11.319353
2008-05-08,3.927425,Validation,0.362656,0.825559,1.125340,1.930708,2.666981,3.085415,3.603163,4.626394,6.151700,7.352599,10.615727
2008-05-09,4.298938,Validation,0.410074,0.830910,1.122859,1.874096,2.602324,3.054100,3.585010,4.590558,6.139852,7.632529,11.143684
2008-05-10,4.723524,Validation,0.296297,0.732154,1.020252,1.721161,2.399325,2.879651,3.368299,4.389179,6.035157,7.531686,11.476852
2008-05-11,3.715132,Validation,0.264238,0.703256,1.003395,1.683748,2.331695,2.813419,3.316524,4.369952,6.038192,7.451989,11.345743
2008-05-12,3.502838,Validation,0.152838,0.507167,0.744660,1.293306,1.809387,2.211768,2.622125,3.542700,4.918801,6.062098,9.465569
2008-05-13,3.608985,Validation,0.188663,0.554143,0.794160,1.369149,1.909511,2.320091,2.750241,3.695997,5.117579,6.325667,9.799703
2008-05-14,4.086645,Validation,0.279530,0.682442,0.943861,1.584903,2.189942,2.633655,3.107167,4.094439,5.599788,6.929988,10.507563
2008-05-15,3.555912,Validation,0.390749,0.887280,1.220163,2.065521,2.870283,3.396433,4.038460,5.280259,7.298106,9.229172,13.895938
2008-05-16,3.237472,Validation,0.502388,1.185070,1.616501,2.649508,3.619107,4.274846,5.014210,6.381760,8.818927,10.991163,16.454742
2008-05-17,2.865959,Validation,0.556585,1.210412,1.632635,2.632481,3.553866,4.178142,4.890524,6.177703,8.379686,10.355177,15.228663
2008-05-18,3.025179,Validation,0.624364,1.300233,1.699939,2.802069,3.830464,4.458387,5.232462,6.596597,8.926936,11.313516,16.783823
2008-05-19,3.608985,Validation,0.517888,1.287941,1.668789,2.809947,3.862104,4.504034,5.298369,6.767712,9.325830,11.743673,17.915281
2008-05-20,3.662058,Validation,0.444515,1.158566,1.520879,2.621602,3.619944,4.254276,5.075385,6.650574,9.259769,11.660012,17.759619
2008-05-21,2.919032,Validation,0.374112,1.138963,1.517325,2.626293,3.606085,4.248932,5.079694,6.613228,9.273984,11.585697,17.734331
2008-05-22,3.025179,Validation,0.605739,1.449108,1.941173,3.301918,4.591730,5.328464,6.387829,8.343940,11.604237,14.650797,21.733471
2008-05-23,4.458158,Validation,0.802206,2.042576,2.598982,4.530932,6.373344,7.359494,8.760957,11.227930,15.761304,19.601479,29.647099
2008-05-24,4.988891,Validation,1.506540,3.276875,3.935858,6.573275,9.047924,10.305608,12.019070,14.820956,20.094496,24.980762,36.541740
2008-05-25,5.095038,Validation,1.594605,3.531972,4.193983,6.951811,9.374393,10.636035,12.299658,14.948234,19.879387,24.491730,36.316265
2008-05-26,4.829671,Validation,1.608322,3.435961,4.155276,6.853174,9.143032,10.327052,11.900660,14.362237,18.890575,23.308994,34.228138
2008-05-27,9.128609,Validation,1.671054,3.611130,4.363531,7.234598,9.623351,10.799281,12.434667,15.008976,19.698717,24.177128,35.618374
2008-05-28,6.687237,Validation,1.501320,3.251438,3.970590,6.449743,8.497686,9.489454,10.942949,13.147874,17.178936,21.003775,30.841225
2008-05-29,5.784991,Validation,1.275098,2.776148,3.454080,5.703844,7.539649,8.431557,9.784468,11.862708,15.520600,19.082710,27.988914
2008-05-30,5.731917,Validation,1.381780,2.830092,3.507199,5.611022,7.324231,8.188060,9.405014,11.196976,14.508821,17.768028,25.761257
2008-05-31,5.148111,Validation,1.240735,2.453596,3.152146,4.946528,6.392874,7.221070,8.299276,9.879242,12.790265,15.375227,21.776112
2008-06-01,4.245865,Validation,1.035857,2.115483,2.721785,4.344387,5.623559,6.355306,7.339860,8.772880,11.348401,13.595095,19.295420
2008-06-02,3.715132,Validation,0.959867,1.935030,2.497711,3.999521,5.174304,5.857852,6.762448,8.095341,10.457623,12.447285,17.600996
2008-06-03,3.555912,Validation,0.797404,1.642978,2.145319,3.478096,4.503335,5.134200,5.946231,7.194192,9.321124,11.003679,15.471250
2008-06-04,3.768205,Validation,0.706464,1.498042,1.951594,3.207491,4.170097,4.757069,5.522434,6.719041,8.724591,10.288126,14.524026
2008-06-05,3.184398,Validation,0.638167,1.393481,1.815752,3.024457,3.951059,4.507298,5.241652,6.409842,8.351597,9.852596,13.961826
2008-06-06,2.812885,Validation,0.450506,1.130518,1.520374,2.619712,3.425524,3.971894,4.650587,5.801056,7.663190,8.993674,12.708758
2008-06-07,2.494445,Validation,0.327508,0.947720,1.302132,2.310957,3.034908,3.560937,4.192300,5.309672,7.084149,8.307096,11.769405
2008-06-08,2.441372,Validation,0.290677,0.880103,1.220438,2.180362,2.876784,3.385956,3.986156,5.079975,6.795289,7.968945,11.307579
2008-06-09,2.547519,Validation,0.299661,0.890465,1.239511,2.216468,2.928449,3.437830,4.036597,5.135823,6.868248,8.027527,11.326465
2008-06-10,2.812885,Validation,0.252800,0.819926,1.154370,2.084906,2.765789,3.260676,3.836236,4.914895,6.599301,7.717758,10.907769
2008-06-11,1.910639,Validation,0.174280,0.703844,1.019778,1.891712,2.524349,3.006233,3.555698,4.619919,6.264371,7.343407,10.406494
2008-06-12,1.804492,Validation,0.103278,0.578539,0.860725,1.625508,2.185583,2.635767,3.137594,4.150195,5.657273,6.661937,9.554480
2008-06-13,1.751419,Validation,0.091994,0.543056,0.804461,1.513435,2.038681,2.466998,2.941078,3.902574,5.310843,6.249505,9.044284
2008-06-14,1.804492,Validation,0.094687,0.508873,0.748739,1.383856,1.871148,2.269937,2.711295,3.614943,4.901753,5.771474,8.432574
2008-06-15,2.176006,Validation,0.092855,0.482021,0.685996,1.259497,1.722858,2.079082,2.494398,3.340178,4.518952,5.361834,7.975307
2008-06-16,2.441372,Validation,0.076192,0.431212,0.640597,1.199690,1.668545,2.018159,2.458460,3.340477,4.611619,5.655436,8.561573
2008-06-17,2.282152,Validation,0.052773,0.416856,0.654712,1.184392,1.625256,2.028815,2.435486,3.328091,4.689323,5.686205,8.732365
2008-06-18,1.698346,Validation,0.037264,0.330494,0.531661,0.922377,1.269693,1.608530,1.940863,2.679945,3.731823,4.491155,7.005773
2008-06-19,1.698346,Validation,-0.002402,0.270734,0.455855,0.806805,1.114924,1.426228,1.728379,2.409710,3.357858,4.021164,6.328030
2008-06-20,1.539126,Validation,-0.056290,0.205589,0.368265,0.684929,0.947510,1.228007,1.505357,2.130181,2.965342,3.517441,5.556827
2008-06-21,1.592199,Validation,-0.051201,0.190762,0.338683,0.622442,0.868362,1.124295,1.384003,1.965036,2.723187,3.222716,5.136880
2008-06-22,1.486053,Validation,-0.043823,0.191744,0.334419,0.606383,0.847076,1.093933,1.349720,1.916635,2.647774,3.130523,4.999320
2008-06-23,1.379906,Validation,-0.030098,0.196018,0.331777,0.588854,0.825886,1.061537,1.312377,1.862191,2.565111,3.034950,4.869240
2008-06-24,1.220686,Validation,-0.028580,0.177487,0.299650,0.525733,0.746697,0.961212,1.192824,1.702497,2.344910,2.780543,4.532883
2008-06-25,0.902246,Validation,-0.050262,0.155370,0.274000,0.493407,0.702727,0.912391,1.137164,1.635360,2.258826,2.674546,4.376482
2008-06-26,1.008393,Validation,-0.053759,0.151885,0.269936,0.488249,0.696251,0.905004,1.129021,1.625632,2.246334,2.658268,4.350849
2008-06-27,0.743026,Validation,-0.073587,0.133602,0.250368,0.466399,0.667799,0.874547,1.093502,1.587107,2.197982,2.599837,4.267560
2008-06-28,0.583806,Validation,-0.081102,0.124899,0.240998,0.454621,0.653551,0.859006,1.074861,1.567387,2.174179,2.572866,4.234612
2008-06-29,0.583806,Validation,-0.057773,0.146786,0.264657,0.482801,0.691224,0.900357,1.123197,1.621026,2.246755,2.659291,4.360832
2008-06-30,0.583806,Validation,-0.048792,0.154095,0.272567,0.492540,0.705388,0.915777,1.140979,1.642519,2.272170,2.684548,4.387657
2008-07-01,0.530733,Training,-0.036871,0.163469,0.281435,0.500836,0.717637,0.927037,1.153879,1.655491,2.283219,2.692973,4.389166
2008-07-02,0.689953,Training,-0.018029,0.185661,0.302829,0.531583,0.761418,0.973077,1.206866,1.718879,2.365067,2.792983,4.536167
2008-07-03,0.636880,Training,0.000259,0.201201,0.324867,0.557757,0.795117,1.013244,1.252514,1.778093,2.448236,2.894003,4.668296
2008-07-04,0.530733,Training,-0.044730,0.161626,0.278352,0.504342,0.719432,0.930926,1.160936,1.670352,2.325612,2.754189,4.485169
2008-07-05,0.477660,Training,-0.041301,0.140430,0.247744,0.438073,0.641129,0.829967,1.034020,1.488863,2.050010,2.416083,4.019507
2008-07-06,0.530733,Training,0.006525,0.174216,0.284096,0.471105,0.690439,0.879342,1.087261,1.548057,2.118560,2.504259,4.153565
2008-07-07,0.583806,Training,-0.000474,0.162028,0.265926,0.441939,0.651616,0.832945,1.032972,1.478223,2.026839,2.399706,4.017781
2008-07-08,0.477660,Training,-0.027230,0.138107,0.237959,0.409460,0.606875,0.784382,0.978083,1.412585,1.946347,2.303260,3.884022
2008-07-09,0.477660,Training,-0.031149,0.135383,0.234997,0.406022,0.602067,0.779103,0.972380,1.405394,1.937039,2.291438,3.866554
2008-07-10,0.477660,Training,-0.047663,0.123799,0.221568,0.392827,0.583634,0.759580,0.950464,1.379411,1.906267,2.253845,3.814883
2008-07-11,0.530733,Training,-0.055705,0.133873,0.218144,0.403688,0.601535,0.771222,0.966957,1.396470,1.931259,2.305071,3.936727
2008-07-12,0.583806,Training,-0.011858,0.153623,0.256757,0.429539,0.636422,0.816762,1.013161,1.454880,2.008060,2.391342,4.047793
2008-07-13,0.477660,Training,-0.025384,0.140324,0.242887,0.413660,0.614077,0.793846,0.987902,1.425667,1.972441,2.345858,3.977006
2008-07-14,0.477660,Training,-0.072262,0.105581,0.207661,0.381616,0.569415,0.750532,0.938985,1.372739,1.919240,2.280121,3.888273
2008-07-15,0.477660,Training,-0.096174,0.083885,0.185154,0.357930,0.539943,0.719902,0.903138,1.338420,1.873182,2.220805,3.798893
2008-07-16,0.477660,Training,-0.096258,0.084907,0.186343,0.359452,0.541681,0.722048,0.905901,1.341753,1.878979,2.228291,3.814189
2008-07-17,0.477660,Training,-0.081242,0.099248,0.199790,0.371451,0.555651,0.735205,0.922254,1.353598,1.894386,2.249387,3.848840
2008-07-18,0.477660,Training,-0.089442,0.090349,0.189358,0.357640,0.538599,0.715663,0.899536,1.328113,1.857422,2.201745,3.774849
2008-07-19,0.477660,Training,-0.094867,0.083702,0.182368,0.348025,0.527540,0.702981,0.884711,1.312732,1.834882,2.172675,3.731013
2008-07-20,0.477660,Training,-0.079668,0.099699,0.198256,0.364919,0.547979,0.724020,0.910816,1.336849,1.869770,2.216819,3.799055
2008-07-21,0.477660,Training,-0.079562,0.096269,0.193602,0.357149,0.539588,0.713740,0.897957,1.319782,1.846400,2.186264,3.754102
2008-07-22,0.477660,Training,-0.077368,0.092259,0.184918,0.339756,0.518337,0.685960,0.864697,1.274431,1.784010,2.114972,3.656816
2008-07-23,0.477660,Training,-0.043646,0.117740,0.212328,0.366309,0.555469,0.723772,0.908441,1.323172,1.842674,2.187100,3.761955
2008-07-24,0.477660,Training,-0.047439,0.117006,0.212914,0.370647,0.561582,0.732291,0.919295,1.338171,1.863919,2.205786,3.781391
2008-07-25,0.477660,Training,-0.091026,0.099327,0.171389,0.341624,0.527329,0.683919,0.867303,1.268991,1.783540,2.137020,3.753148
2008-07-26,0.477660,Training,-0.069165,0.097795,0.186999,0.335954,0.517462,0.680857,0.856515,1.257433,1.774418,2.124273,3.728946
2008-07-27,0.477660,Training,-0.073559,0.094999,0.182495,0.332116,0.513406,0.675879,0.851649,1.251072,1.769437,2.122725,3.734136
2008-07-28,0.477660,Training,-0.066716,0.101466,0.193666,0.349935,0.539564,0.708469,0.888061,1.301350,1.849416,2.225562,3.905576
2008-07-29,0.477660,Training,-0.043618,0.115148,0.209400,0.360855,0.552648,0.722066,0.904656,1.323467,1.876593,2.262875,3.949395
2008-07-30,0.477660,Training,-0.058759,0.093628,0.180503,0.314628,0.493133,0.649270,0.818777,1.204907,1.702673,2.043089,3.619084
2008-07-31,0.477660,Training,-0.072412,0.085824,0.162480,0.294973,0.469021,0.617736,0.782960,1.157133,1.642338,1.978369,3.547121
2008-08-01,0.477660,Training,-0.050058,0.093013,0.173036,0.296022,0.471506,0.619264,0.782629,1.155481,1.634065,1.970263,3.529524
2008-08-02,0.477660,Training,-0.075877,0.072737,0.150718,0.273659,0.441822,0.588879,0.748118,1.115997,1.587732,1.910368,3.439735
2008-08-03,0.477660,Training,-0.078135,0.069588,0.146124,0.266367,0.433098,0.578244,0.735874,1.099725,1.567378,1.887794,3.412211
2008-08-04,0.477660,Training,-0.080009,0.066499,0.140541,0.257099,0.421504,0.563597,0.718713,1.076628,1.536107,1.852881,3.367340
2008-08-05,0.477660,Training,-0.065018,0.077280,0.150106,0.265207,0.433867,0.574877,0.732351,1.090808,1.553145,1.876095,3.406415
2008-08-06,0.477660,Training,-0.053981,0.082588,0.155249,0.266762,0.437194,0.576889,0.734410,1.091653,1.551722,1.876052,3.407397
2008-08-07,0.477660,Training,-0.047153,0.086768,0.155760,0.263757,0.434705,0.570620,0.727188,1.079146,1.533254,1.858661,3.391467
2008-08-08,0.477660,Training,-0.048384,0.082658,0.151608,0.256181,0.425139,0.559937,0.714596,1.063062,1.513180,1.835489,3.358962
2008-08-09,0.477660,Training,-0.058420,0.074346,0.141514,0.244825,0.410665,0.544061,0.696695,1.040868,1.487709,1.805902,3.320774
2008-08-10,0.477660,Training,-0.058695,0.073840,0.139614,0.242412,0.408556,0.541067,0.693740,1.036776,1.485467,1.806181,3.329437
2008-08-11,0.477660,Training,-0.101012,0.062392,0.109522,0.235549,0.406486,0.534387,0.690957,1.036214,1.504448,1.851912,3.467858
2008-08-12,0.477660,Training,-0.077531,0.072520,0.128925,0.248027,0.421000,0.556054,0.711605,1.068867,1.567821,1.947236,3.631968
2008-08-13,0.477660,Training,-0.026784,0.088952,0.149737,0.233887,0.402039,0.522059,0.665863,0.986405,1.412278,1.752937,3.316816
2008-08-14,0.477660,Training,-0.032363,0.083428,0.145387,0.229846,0.398688,0.519699,0.662522,0.984316,1.419479,1.768601,3.362295
2008-08-15,0.477660,Training,-0.035064,0.079639,0.137889,0.219124,0.384750,0.502376,0.643801,0.959174,1.384044,1.723965,3.291357
2008-08-16,0.477660,Training,-0.063234,0.073156,0.115957,0.209193,0.377111,0.488176,0.631522,0.943530,1.366686,1.711411,3.306654
2008-08-17,0.477660,Training,-0.049128,0.068534,0.120681,0.198347,0.358859,0.471598,0.608539,0.913796,1.325966,1.658509,3.208033
2008-08-18,0.477660,Training,-0.044928,0.068121,0.116707,0.189555,0.348073,0.456644,0.591168,0.889018,1.290938,1.622451,3.159282
2008-08-19,0.477660,Training,-0.035867,0.072634,0.123742,0.195504,0.358566,0.468098,0.603809,0.905050,1.313807,1.651109,3.208762
2008-08-20,0.477660,Training,-0.032933,0.071548,0.119384,0.187137,0.348323,0.454731,0.588413,0.884143,1.282717,1.613606,3.148488
2008-08-21,0.477660,Training,-0.045938,0.061137,0.106200,0.172567,0.329437,0.433820,0.565345,0.855541,1.246777,1.568978,3.080688
2008-08-22,0.477660,Training,-0.037933,0.065104,0.108763,0.173127,0.331887,0.434872,0.566720,0.856055,1.246047,1.569879,3.084293
2008-08-23,0.477660,Training,-0.038313,0.063561,0.105420,0.168336,0.326567,0.428097,0.559281,0.846064,1.233865,1.557010,3.069306
2008-08-24,0.477660,Training,-0.042598,0.059684,0.100862,0.163545,0.321582,0.422823,0.553920,0.839999,1.228548,1.550705,3.062649
2008-08-25,0.477660,Training,-0.047515,0.057043,0.095453,0.158753,0.317278,0.417173,0.548167,0.832729,1.222344,1.546837,3.067745
2008-08-26,0.477660,Training,-0.043189,0.056591,0.096229,0.157155,0.316385,0.416313,0.546711,0.831425,1.221448,1.547164,3.068802
2008-08-27,0.477660,Training,-0.065324,0.040935,0.079147,0.141918,0.297790,0.397940,0.526623,0.809386,1.201634,1.524511,3.042560
2008-08-28,0.477660,Training,-0.087868,0.024499,0.063547,0.131534,0.286981,0.390938,0.520027,0.808633,1.216990,1.545178,3.082059
2008-08-29,0.477660,Training,-0.116295,0.021056,0.041223,0.132648,0.299613,0.401506,0.536713,0.837031,1.286449,1.670199,3.358966
2008-08-30,0.477660,Training,-0.066899,0.046828,0.073604,0.134954,0.294440,0.384802,0.510583,0.780308,1.165253,1.508084,3.085938
2008-08-31,0.477660,Training,-0.052845,0.047862,0.086309,0.140718,0.300760,0.395017,0.521950,0.795322,1.179370,1.512833,3.061395
2008-09-01,0.477660,Training,-0.056600,0.042367,0.083228,0.137371,0.298404,0.393777,0.520268,0.795515,1.188029,1.529671,3.103140
2008-09-02,0.477660,Training,-0.041157,0.050874,0.088598,0.141275,0.305883,0.399821,0.527282,0.803122,1.197688,1.546350,3.132736
2008-09-03,0.477660,Training,-0.061596,0.046659,0.065477,0.127177,0.293876,0.380337,0.506758,0.777439,1.174920,1.544167,3.181894
2008-09-04,0.477660,Training,-0.057286,0.050953,0.070270,0.124051,0.287222,0.367951,0.491131,0.748562,1.116084,1.461255,3.043162
2008-09-05,1.167613,Training,-0.021890,0.078310,0.160514,0.236472,0.473546,0.543682,0.723177,1.021762,1.467611,2.064569,4.244186
2008-09-06,1.857566,Training,-0.080136,0.091774,0.175969,0.272090,0.493355,0.622022,0.775784,1.112698,1.768778,2.415191,5.127963
2008-09-07,0.743026,Training,-0.019460,0.113041,0.206686,0.282989,0.500580,0.636072,0.792856,1.131873,1.750739,2.368954,4.829050
2008-09-08,0.636880,Training,-0.061511,0.053890,0.123828,0.187598,0.375883,0.493347,0.630458,0.937958,1.453051,1.948832,4.003668
2008-09-09,1.114539,Training,-0.089370,0.037892,0.078349,0.148415,0.328378,0.430324,0.565988,0.858346,1.324619,1.763416,3.646410
2008-09-10,0.530733,Training,-0.065564,0.036489,0.080767,0.136253,0.307669,0.407071,0.539394,0.824831,1.256760,1.651596,3.381038
2008-09-11,0.477660,Training,-0.029378,0.062681,0.097369,0.152396,0.333089,0.427109,0.563757,0.849963,1.276030,1.671830,3.397563
2008-09-12,0.477660,Training,-0.014014,0.066526,0.101877,0.152945,0.333825,0.427608,0.563241,0.847668,1.270711,1.662432,3.368498
2008-09-13,0.477660,Training,-0.027311,0.054708,0.087535,0.137793,0.313538,0.406094,0.540517,0.822638,1.235164,1.609931,3.271670
2008-09-14,0.477660,Training,-0.047931,0.037850,0.068762,0.119441,0.290104,0.382249,0.514418,0.794068,1.202130,1.568246,3.204562
2008-09-15,0.477660,Training,-0.048348,0.036183,0.068053,0.124593,0.301222,0.398217,0.534418,0.825992,1.254595,1.631605,3.298520
2008-09-16,0.477660,Training,-0.072828,0.018424,0.046960,0.115624,0.296119,0.398353,0.537654,0.843618,1.310320,1.720381,3.456233
2008-09-17,0.477660,Training,-0.041909,0.041750,0.062596,0.112025,0.284329,0.371077,0.501764,0.775110,1.173705,1.540370,3.173630
2008-09-18,0.477660,Training,-0.046081,0.040344,0.066303,0.117137,0.291159,0.381164,0.514497,0.793363,1.194484,1.551539,3.174757
2008-09-19,0.477660,Training,-0.074654,0.015736,0.049080,0.101238,0.269699,0.365619,0.498167,0.780862,1.189332,1.536250,3.135800
2008-09-20,0.955320,Training,-0.149282,-0.021303,-0.000944,0.079536,0.272888,0.368249,0.521989,0.813436,1.276623,1.688511,3.533756
2008-09-21,0.530733,Training,-0.107858,0.024781,0.111401,0.212648,0.483980,0.575178,0.775054,1.133117,1.767599,2.566881,5.455447
2008-09-22,0.477660,Training,-0.128547,0.064888,0.163614,0.285368,0.530026,0.688116,0.869538,1.276752,2.134135,2.962202,6.231227
2008-09-23,0.477660,Training,-0.079050,0.085235,0.190459,0.297245,0.543383,0.703760,0.893558,1.309173,2.118484,2.886511,5.851648
2008-09-24,0.530733,Training,-0.090667,0.046349,0.142466,0.235298,0.464392,0.620375,0.797119,1.189935,1.893051,2.517190,5.003853
2008-09-25,0.477660,Training,-0.084418,0.028442,0.103817,0.178917,0.382037,0.517169,0.677952,1.030743,1.596055,2.077878,4.108536
2008-09-26,0.477660,Training,-0.065405,0.030739,0.083742,0.143216,0.332678,0.445686,0.593950,0.911314,1.398402,1.827956,3.668825
2008-09-27,0.477660,Training,-0.078987,0.014806,0.051749,0.104836,0.282074,0.383415,0.521557,0.817009,1.267693,1.675282,3.423339
2008-09-28,0.477660,Training,-0.059662,0.028161,0.068289,0.118304,0.296997,0.398514,0.539473,0.836033,1.266980,1.640712,3.313782
2008-09-29,0.477660,Training,-0.073614,0.033186,0.058263,0.125256,0.315927,0.416691,0.565352,0.873454,1.323726,1.719247,3.474048
2008-09-30,0.477660,Training,-0.038426,0.041244,0.085470,0.138198,0.324401,0.430949,0.576563,0.885341,1.326929,1.705772,3.394156
2008-10-01,0.477660,Test,0.006157,0.068997,0.106826,0.153385,0.346275,0.445984,0.590717,0.890705,1.322569,1.709525,3.403503
2008-10-02,0.477660,Test,0.018957,0.076414,0.112560,0.159316,0.356773,0.455697,0.600109,0.898790,1.337906,1.735538,3.454120
2008-10-03,0.477660,Test,0.042642,0.095002,0.130055,0.183594,0.390856,0.494428,0.646315,0.949256,1.405300,1.814237,3.539137
2008-10-04,0.477660,Test,0.031884,0.084759,0.117832,0.169257,0.371165,0.473480,0.622596,0.925014,1.371938,1.768017,3.473137
2008-10-05,0.477660,Test,0.034736,0.084901,0.116031,0.168220,0.370949,0.473658,0.622690,0.924658,1.373563,1.774351,3.479327
2008-10-06,0.477660,Test,0.007988,0.062473,0.095613,0.147634,0.343807,0.448155,0.593756,0.901430,1.346985,1.739175,3.431075
2008-10-07,0.689953,Test,0.047034,0.084121,0.144299,0.228458,0.505850,0.616219,0.818408,1.199541,1.767196,2.391732,4.631520
2008-10-08,0.955320,Test,-0.040880,0.083955,0.174680,0.331519,0.609753,0.806363,1.014188,1.480906,2.346925,3.087966,5.846328
2008-10-09,0.530733,Test,0.000065,0.086279,0.166858,0.264556,0.504707,0.668630,0.850504,1.250227,1.913465,2.495245,4.768710
2008-10-10,0.530733,Test,-0.083322,0.014807,0.095986,0.179005,0.386806,0.544811,0.707826,1.091016,1.681399,2.162908,4.191127
2008-10-11,0.477660,Test,-0.081674,0.010434,0.100682,0.188402,0.459088,0.597316,0.810934,1.227677,1.853153,2.496659,4.907709
2008-10-12,0.583806,Test,-0.063456,0.096561,0.183071,0.334443,0.627563,0.815638,1.032006,1.533443,2.400937,3.193740,6.319764
2008-10-13,0.743026,Test,-0.003105,0.125997,0.248611,0.382498,0.662585,0.878984,1.099566,1.604070,2.475932,3.210393,6.026466
2008-10-14,1.751419,Test,-0.014747,0.095948,0.211314,0.333524,0.601186,0.803847,1.014180,1.496763,2.291888,2.947132,5.475805
2008-10-15,0.743026,Test,-0.015369,0.095248,0.204237,0.335025,0.603939,0.806755,1.023009,1.513801,2.301766,2.938006,5.376586
2008-10-16,0.583806,Test,-0.041178,0.068761,0.157578,0.291450,0.543652,0.733249,0.945497,1.421400,2.141387,2.695496,4.880182
2008-10-17,0.636880,Test,-0.071334,0.050377,0.128484,0.291814,0.552037,0.746887,0.972521,1.476137,2.245226,2.825937,5.024876
2008-10-18,0.636880,Test,0.028830,0.122455,0.209638,0.349958,0.616459,0.803670,1.025858,1.494408,2.167882,2.666794,4.669738
2008-10-19,0.636880,Test,0.001518,0.120590,0.213679,0.389594,0.666993,0.872118,1.112919,1.626146,2.344696,2.840007,4.872462
2008-10-20,0.796100,Test,-0.031863,0.105352,0.213561,0.419099,0.699461,0.926748,1.181557,1.734524,2.497069,2.982660,4.994602
2008-10-21,0.743026,Test,0.056421,0.238433,0.351838,0.690806,1.102419,1.371261,1.704952,2.403817,3.385259,4.089108,6.620652
2008-10-22,0.743026,Test,0.057577,0.221294,0.350953,0.644711,1.011108,1.288703,1.593480,2.224394,3.167936,3.834956,6.178466
2008-10-23,0.796100,Test,0.048312,0.200941,0.324865,0.599949,0.948712,1.214642,1.511205,2.129337,3.037485,3.656152,5.937514
2008-10-24,0.583806,Test,0.031794,0.165691,0.281607,0.522094,0.851019,1.098909,1.373533,1.958946,2.829438,3.445708,5.720560
2008-10-25,0.530733,Test,0.011684,0.170560,0.295718,0.582998,0.925776,1.191276,1.492429,2.136466,3.064529,3.673798,5.959281
2008-10-26,0.583806,Test,0.006670,0.157085,0.278046,0.544280,0.871015,1.127120,1.411313,2.028348,2.891168,3.437176,5.589137
2008-10-27,0.743026,Test,0.029997,0.159779,0.240400,0.465011,0.785325,1.002078,1.260620,1.812004,2.597371,3.167350,5.354310
2008-10-28,0.955320,Test,0.065171,0.180191,0.259070,0.490120,0.800404,1.030033,1.296799,1.819228,2.597003,3.188651,5.225233
2008-10-29,0.955320,Test,0.081403,0.252666,0.362353,0.724109,1.098932,1.399842,1.737927,2.392206,3.377173,4.050797,6.261971
2008-10-30,1.910639,Test,0.237813,0.432935,0.630503,1.104832,1.744083,2.138867,2.668623,3.584455,5.217227,6.788711,10.749077
2008-10-31,4.670451,Test,0.319807,0.862438,1.076433,2.005600,3.005493,3.828626,4.699934,6.376307,10.034469,12.569323,21.045216
2008-11-01,1.857566,Test,0.401240,0.998774,1.232641,2.156482,3.109397,3.908088,4.776160,6.353086,9.799844,12.075467,19.917587
2008-11-02,1.379906,Test,0.405582,0.810414,1.077720,1.754136,2.481780,3.092482,3.792318,4.999041,7.385586,9.171446,14.134627
2008-11-03,1.273759,Test,0.387333,0.765335,0.951727,1.594861,2.275791,2.789016,3.422362,4.481367,6.467135,8.119566,12.382858
2008-11-04,1.273759,Test,0.458950,0.915053,1.117800,1.923841,2.772779,3.333896,4.082662,5.342890,7.684127,9.885385,14.881402
2008-11-05,1.379906,Test,0.486271,1.002108,1.316263,2.210404,3.146890,3.776080,4.575839,5.928651,8.495098,10.796205,16.007914
2008-11-06,2.282152,Test,0.426772,0.823956,1.076057,1.809410,2.560321,3.109318,3.798699,4.958614,7.047714,8.843848,12.979564
2008-11-07,2.069859,Test,0.406238,0.828799,1.066174,1.869753,2.762303,3.295308,4.035320,5.375518,7.821400,10.155048,15.530409
2008-11-08,1.592199,Test,1.138949,1.957573,2.653565,4.273514,5.670282,6.611841,7.622015,9.302617,12.565693,15.318438,21.073334
2008-11-09,1.220686,Test,0.959349,1.611438,2.181898,3.516031,4.717888,5.491124,6.328027,7.763857,10.417189,12.575997,17.059765
2008-11-10,1.220686,Test,0.896171,1.499769,2.033595,3.296030,4.424589,5.141627,5.917003,7.278527,9.708620,11.650468,15.754984
2008-11-11,1.539126,Test,0.822271,1.404394,1.817586,3.019618,4.107997,4.730075,5.479087,6.753939,8.963449,10.860789,14.930187
2008-11-12,1.698346,Test,0.539975,0.974049,1.314004,2.252304,3.100800,3.688442,4.329163,5.495914,7.445967,8.942895,12.317563
2008-11-13,1.379906,Test,0.635295,1.102738,1.474286,2.503956,3.391334,3.998295,4.640753,5.815871,7.775274,9.148154,12.375126
2008-11-14,1.432979,Test,1.746896,2.620227,3.431427,5.234168,6.486300,7.297410,8.067306,9.529742,11.990346,13.292508,17.469412
2008-11-15,1.379906,Test,1.595099,2.409482,3.166701,4.865715,6.086905,6.836199,7.572035,8.983606,11.326479,12.519269,16.334797
2008-11-16,1.273759,Test,1.542448,2.334742,3.069332,4.734107,5.929620,6.659042,7.374261,8.762239,11.059927,12.145736,15.849560
2008-11-17,1.273759,Test,1.663952,2.478249,3.272454,4.991595,6.233158,6.954450,7.672320,9.090282,11.412585,12.482527,16.247992
2008-11-18,1.273759,Test,1.424490,2.173402,2.877114,4.484363,5.655124,6.360023,7.042878,8.412121,10.679872,11.672189,15.253244
2008-11-19,1.273759,Test,1.025305,1.640226,2.212371,3.553375,4.650306,5.256832,5.889464,7.156352,9.271519,10.357533,13.539413
2008-11-20,1.273759,Test,0.853502,1.404225,1.882301,3.056595,4.044936,4.606076,5.195988,6.349331,8.263187,9.310986,12.306845
2008-11-21,1.220686,Test,1.103180,1.751220,2.335951,3.730552,4.819201,5.441051,6.069432,7.331100,9.441447,10.427915,13.658603
2008-11-22,1.273759,Test,0.989853,1.591120,2.137842,3.424131,4.491035,5.064415,5.674616,6.879451,8.909949,9.948403,13.056042
2008-11-23,1.273759,Test,0.726677,1.219763,1.630764,2.666100,3.570403,4.083032,4.629994,5.687472,7.425321,8.423649,11.261493
2008-11-24,1.379906,Test,0.701286,1.194394,1.572156,2.599868,3.525345,4.023230,4.578257,5.633622,7.369374,8.482672,11.531339
2008-11-25,1.751419,Test,0.761590,1.278435,1.708112,2.804561,3.730262,4.298896,4.850537,5.942712,7.817900,8.806136,11.937068
2008-11-26,1.379906,Test,0.539059,0.872810,1.210343,1.992040,2.748665,3.283909,3.711263,4.640065,6.169469,7.045720,10.248118
2008-11-27,1.379906,Test,0.596554,0.945973,1.307296,2.142326,2.937210,3.494237,3.931920,4.883157,6.482416,7.378192,10.804343
2008-11-28,1.751419,Test,1.008123,1.619753,2.241315,3.573198,5.082045,6.032941,7.081895,8.580198,11.993997,14.903687,22.563702
2008-11-29,6.474944,Test,2.288329,4.154833,5.615755,9.216822,12.613908,15.349798,17.237646,20.912142,29.190033,34.171658,57.109421
2008-11-30,5.307331,Test,4.250433,6.922742,8.823708,13.737000,17.749083,20.800896,22.823187,26.676016,35.976055,41.270908,66.996017
2008-12-01,8.014070,Test,6.510151,9.827126,12.299922,18.073902,22.528723,25.518057,27.226580,31.285976,40.311737,46.319733,73.273735
2008-12-02,4.723524,Test,5.055035,7.496275,10.031528,14.309157,18.017988,20.690651,22.054459,25.429737,32.606911,38.070286,56.537090
2008-12-03,8.438656,Test,5.305208,8.686258,10.972391,16.881882,21.285341,23.837275,26.538649,30.808731,39.581264,45.600750,64.260742
2008-12-04,7.801776,Test,5.847195,9.910247,12.484943,19.091946,24.050146,26.619564,29.366739,34.050957,42.930927,49.737461,69.836586
2008-12-05,7.111823,Test,3.927449,6.562894,8.558271,13.262869,17.063398,18.920599,21.061428,24.806601,32.202332,38.118942,53.541595
2008-12-06,8.544803,Test,4.144576,6.695412,8.741802,13.685387,17.483440,19.357124,21.686449,25.496077,32.962799,38.853664,54.989231
2008-12-07,12.684521,Test,5.356479,8.667705,11.179417,17.403992,21.822714,24.281866,27.107622,31.491600,40.210480,46.154858,65.507446
2008-12-08,8.969389,Test,7.721461,11.511643,14.386536,20.501905,23.989456,26.636587,28.374199,32.270805,39.504089,44.602039,61.684776
2008-12-09,6.634164,Test,7.366917,10.252826,12.827886,17.617125,20.074631,22.285244,23.536886,26.328068,31.733988,35.645847,49.067333
2008-12-10,5.625771,Test,7.774263,9.887495,12.378001,16.112324,18.171051,19.926287,20.764292,22.686819,26.820810,29.574589,41.088234
2008-12-11,5.997284,Test,6.549084,8.645788,10.507379,14.294535,16.314405,17.611431,18.704399,20.545479,24.487705,27.386204,37.917694
2008-12-12,7.748703,Test,5.191057,7.340572,9.012568,12.924074,15.133928,16.492027,17.921635,20.098337,24.778149,28.588331,39.918133
2008-12-13,18.841024,Test,4.750870,7.811035,10.110821,15.691092,19.758768,22.352442,25.422512,29.680611,38.323151,43.840271,65.005745
2008-12-14,23.989135,Test,12.233652,17.441801,21.455656,30.210073,35.609768,38.785278,41.484173,46.054832,57.646713,63.341522,93.344574
2008-12-15,13.002961,Test,12.505025,17.150984,21.114458,27.863815,32.203102,34.976555,36.194225,40.006104,48.529171,54.193768,77.168205
2008-12-16,10.083929,Test,10.868361,14.222556,17.591118,22.639921,25.546000,27.654964,28.786860,31.431290,37.645569,42.369640,58.653873
2008-12-17,8.173289,Test,8.522784,11.192513,13.742339,17.889635,20.151495,21.617786,22.893814,25.020159,29.758726,33.602882,45.576942
2008-12-18,6.421870,Test,6.916747,8.755913,10.991603,14.257822,16.220619,17.557739,18.434160,20.204588,23.824272,26.211210,35.685127
2008-12-19,5.678844,Test,5.644847,7.100791,8.994497,11.856831,13.638143,14.852263,15.606790,17.239864,20.290556,22.003450,29.891279
2008-12-20,5.148111,Test,4.289978,5.652725,7.156556,9.816601,11.394164,12.453813,13.279290,14.926811,17.670612,19.011381,25.131851
2008-12-21,4.511231,Test,4.190686,5.521731,6.946640,9.531442,11.079004,11.991174,12.828213,14.446926,17.051674,18.304729,24.059864
2008-12-22,4.086645,Test,3.122425,4.239357,5.434185,7.736322,9.173262,10.066329,10.847805,12.444254,14.965063,16.001177,21.049328
2008-12-23,4.723524,Test,2.501886,3.449971,4.493945,6.548497,7.910667,8.779201,9.492917,11.014623,13.481884,14.384965,19.059309
2008-12-24,4.511231,Test,2.121657,2.918687,3.871677,5.712194,7.034461,7.889907,8.520028,9.963681,12.375257,13.232174,17.853456
2008-12-25,3.343618,Test,1.557759,2.229387,2.998111,4.583973,5.799791,6.593072,7.185109,8.543678,10.849380,11.714696,15.844706
2008-12-26,3.078252,Test,1.162438,1.723174,2.349075,3.714147,4.831490,5.568572,6.115018,7.394414,9.578964,10.472114,14.348825
2008-12-27,3.343618,Test,1.308327,2.144304,3.029747,4.761258,6.911066,8.120833,9.672954,11.637808,16.315182,20.598501,32.220154
2008-12-28,4.033571,Test,1.186286,2.283127,3.263997,5.388109,7.533134,8.923596,10.454515,12.805944,18.486935,22.502447,33.905113
2008-12-29,6.103430,Test,1.313376,2.380492,3.262387,5.390787,7.579655,8.793436,10.254854,12.677412,17.718204,22.321068,32.715881
2008-12-30,6.103430,Test,0.988906,2.121549,3.119129,5.421361,8.072371,9.273767,11.008129,14.124563,20.434704,25.436228,38.314308
2008-12-31,8.120216,Test,1.547373,3.147393,4.395039,7.449030,10.916844,12.815483,15.196986,19.366289,27.200335,32.803497,48.228249
2009-01-01,12.259934,Test,2.979437,5.536867,7.220543,11.794936,15.983200,18.113962,20.628729,24.936367,32.899822,38.658077,55.564896
2009-01-02,11.676128,Test,3.092561,5.544858,7.455862,11.889425,16.268644,18.620485,21.498594,26.243113,34.496094,40.475956,57.853840
2009-01-03,26.908167,Test,7.913156,12.725834,15.608405,23.207558,28.224255,30.944809,33.580414,38.549892,47.344658,53.088726,74.274780
2009-01-04,21.282397,Test,7.159075,10.651854,13.376406,18.991768,22.361004,24.849268,26.392832,30.118711,36.640259,41.266956,56.802052
2009-01-05,13.692914,Test,5.987522,8.419451,10.674892,14.759414,17.207664,19.184763,20.266867,22.835939,27.568253,30.993896,42.940533
2009-01-06,10.137002,Test,5.616028,7.175146,9.173606,12.244917,14.231753,15.869824,16.582537,18.452930,21.847301,24.142254,34.641289
2009-01-07,8.226363,Test,4.672370,5.907601,7.430751,10.105950,11.707373,13.067253,13.803614,15.393873,18.130524,19.589056,28.643663
2009-01-08,7.271043,Test,3.778300,4.844722,5.896855,8.297736,9.625944,10.716310,11.496710,12.962132,15.284163,16.115656,25.037971
2009-01-09,,,2.411514,4.558463,6.252005,10.131540,13.649302,15.013170,17.064041,20.360104,27.117706,32.661659,46.676689
2009-01-10,6.262650,Test,2.971978,3.937559,4.807374,6.958152,8.258849,9.132676,9.887311,11.323139,13.598496,14.325028,22.360867
2009-01-11,5.519624,Test,2.720579,3.604182,4.542236,6.568504,7.841629,8.736952,9.436011,10.887900,13.211251,13.915636,20.979300
2009-01-12,4.245865,Test,2.647021,3.527449,4.543212,6.519896,7.883612,8.750161,9.408614,10.862204,13.258828,14.106049,20.367886
2009-01-13,5.254258,Test,2.014607,3.074820,4.109032,6.265030,8.052208,9.076813,10.296796,12.082384,15.725410,18.540842,26.315269
2009-01-14,4.298938,Test,2.038094,3.052009,4.260209,6.310960,8.141381,9.416562,10.299335,12.076169,15.995793,18.533237,28.340109
2009-01-15,6.368797,Test,2.109854,3.786783,5.131973,8.147818,11.401281,13.372651,15.579405,19.028616,26.368628,32.192398,50.777752
2009-01-16,8.279436,Test,3.302523,5.652220,7.589864,11.675526,15.306536,17.581024,19.675953,23.193855,31.030628,35.987457,53.624371
2009-01-17,7.695630,Test,2.758052,4.218567,5.830621,8.552931,11.060050,12.819946,14.102313,16.570639,21.802118,25.714527,37.550915
2009-01-18,6.899530,Test,2.064088,3.292786,4.544166,6.959297,9.180218,10.305135,11.666782,13.979607,18.199959,22.459959,31.115705
2009-01-19,13.480620,Test,1.487938,2.670700,3.708549,6.037329,8.638620,9.940977,11.817990,14.723691,20.414883,25.959513,37.794033
2009-01-20,25.952848,Test,3.068679,4.955564,6.444778,10.052715,13.579991,16.116127,18.171679,21.913265,29.609255,35.275040,58.544922
2009-01-21,20.061711,Test,3.786448,6.271008,8.093613,12.266702,16.310968,18.790352,20.675833,24.461596,32.467941,38.227539,58.550922
2009-01-22,29.986419,Test,2.146692,4.119637,5.530870,8.998201,12.943996,14.805483,17.281715,21.758020,29.464487,35.742199,51.349930
2009-01-23,42.246353,Test,2.616283,5.000587,6.605556,10.814211,15.181705,17.076180,19.613827,24.452427,32.668175,38.638500,56.070511
2009-01-24,32.321645,Test,4.222776,6.931495,8.825263,13.547346,17.229076,19.307890,21.354719,25.210962,31.852936,37.459377,52.180683
2009-01-25,28.606513,Test,5.554929,8.878559,11.198590,16.938641,21.245653,23.881500,26.639919,31.064436,39.490253,45.382290,65.305901
2009-01-26,26.802021,Test,8.043159,12.827697,15.560079,23.178082,28.032093,30.906347,33.405441,38.263245,47.434357,53.104523,76.456459
2009-01-27,21.017030,Test,,,,,,,,,,,
2009-01-28,30.357932,Test,5.373307,8.239978,10.641771,15.934339,19.829571,21.677031,23.974346,27.822104,34.580486,40.934536,57.744896
2009-01-29,41.715620,Test,4.922689,7.619015,9.893046,14.883873,18.555107,20.295475,22.316010,26.036928,32.638416,38.515274,54.676613
2009-01-30,,,3.372069,5.989962,8.218659,13.040679,17.106504,18.788759,21.106216,24.894745,32.651211,39.090729,56.065670
2009-01-31,,,3.968090,6.853491,9.323640,14.547548,18.804260,20.611469,22.972425,26.910873,34.921650,41.589691,59.726559
2009-02-01,,,,,,,,,,,,,
2009-02-02,,,,,,,,,,,,,
2009-02-03,33.489258,Test,3.813171,5.526419,7.046689,10.496593,12.770997,14.237535,15.863589,18.256529,23.014460,27.169317,39.099762
2009-02-04,36.939023,Test,4.389714,6.948426,8.814458,13.434267,16.732155,18.755381,21.140446,24.423409,31.645109,37.449486,55.589382
2009-02-05,37.575902,Test,6.366303,9.569285,12.033503,17.478331,21.664709,24.066139,26.282866,29.898720,38.248821,44.622051,68.115036
2009-02-06,45.271532,Test,8.480086,11.989882,14.999958,21.000210,25.854656,28.332907,30.445501,34.259003,43.102928,50.466259,78.398994
2009-02-07,33.966917,Test,8.214339,11.428405,14.399764,19.373983,23.445908,25.650675,26.921041,30.090227,37.002750,43.253078,64.749550
2009-02-08,26.430508,Test,6.247807,9.071097,11.367091,15.827245,18.869186,20.456902,22.222185,25.105129,30.572844,36.000443,49.950584
2009-02-09,24.148355,Test,5.151742,7.883353,10.326978,15.217983,19.232351,20.900244,23.751034,27.374283,34.459587,42.212486,59.460453
2009-02-10,28.553440,Test,6.159735,9.058594,11.551456,16.393818,19.636934,21.600893,23.529385,26.889587,33.114445,38.802509,54.309410
2009-02-11,23.299182,Test,6.229208,8.390358,10.670868,14.511178,16.852575,18.544596,19.778925,22.202326,26.762257,30.476101,42.599838
2009-02-12,20.061711,Test,6.109416,7.964690,10.004273,13.405643,15.379066,16.654016,17.722769,19.780983,23.366219,26.133440,35.966370
2009-02-13,17.779558,Test,5.024776,6.576819,8.243838,11.239984,12.979813,14.035131,14.967356,16.837484,19.740564,21.688988,29.435955
2009-02-14,16.028139,Test,4.165822,5.505603,6.953047,9.663181,11.274521,12.264429,13.101315,14.880612,17.523495,19.005642,25.717688
2009-02-15,14.754380,Test,3.750066,5.007843,6.341678,8.911899,10.461054,11.371393,12.188158,13.932374,16.438766,17.767012,23.907066
2009-02-16,13.639840,Test,3.073406,4.190622,5.388178,7.759142,9.260705,10.135105,10.919423,12.658731,15.084176,16.367620,21.937582
2009-02-19,11.941494,Test,,,,,,,,,,,
2009-02-20,10.933102,Test,,,,,,,,,,,
2009-02-21,10.137002,Test,1.590575,2.356439,3.190391,4.975954,6.260611,7.058411,7.703045,9.292801,11.623499,12.696965,17.042095
2009-02-22,9.659342,Test,1.147849,1.780596,2.471582,3.993527,5.190219,5.914336,6.525514,8.022668,10.265107,11.442866,15.270625
2009-02-23,9.181682,Test,0.842037,1.397381,1.945986,3.270606,4.332087,5.018288,5.579782,6.974143,9.110797,10.212780,13.726542
2009-02-24,8.916316,Test,0.578837,1.024960,1.448576,2.507195,3.440740,4.008918,4.527217,5.761620,7.635157,8.774382,11.812205
2009-02-25,8.810169,Test,0.460612,0.822537,1.135941,1.938709,2.694039,3.157634,3.608634,4.611467,6.047228,7.016428,9.673413
2009-02-26,8.969389,Test,0.513235,0.894767,1.257153,2.110980,2.955651,3.400883,3.868206,4.921883,6.474383,7.503506,10.297831
2009-02-27,8.650949,Test,0.501191,0.867343,1.213251,2.022769,2.831749,3.273105,3.730449,4.737599,6.206471,7.229035,9.958284
2009-02-28,8.173289,Test,0.411982,0.718490,0.978397,1.660135,2.340172,2.771497,3.194391,4.107664,5.377172,6.356725,9.090581
2009-03-01,8.067143,Test,0.456804,0.839710,1.209800,2.044915,2.926960,3.543286,4.143627,5.242616,7.282103,8.914709,13.259592
2009-03-02,8.120216,Test,0.699584,1.362669,1.894999,3.162445,4.536369,5.538379,6.432675,8.071969,11.674426,14.501380,22.747719
2009-03-03,7.642556,Test,0.718969,1.351925,1.942766,3.145792,4.432308,5.374717,6.201902,7.802613,11.025529,13.532984,20.386776
2009-03-04,10.030855,Test,0.944874,1.735138,2.391196,3.914615,5.539981,6.572084,7.646907,9.539010,13.327412,16.820372,24.883842
2009-03-05,11.410761,Test,1.197479,2.292473,3.095675,5.091859,7.140450,8.355125,9.610962,11.950630,16.454197,20.634699,30.600410
2009-03-06,10.773882,Test,1.158176,2.181349,2.962538,4.835485,6.844322,7.956736,9.170131,11.478065,15.657666,19.842981,28.946289
2009-03-07,10.137002,Test,1.115139,2.009768,2.883259,4.606997,6.453927,7.450299,8.561501,10.709385,14.549485,18.233957,25.954733
2009-03-08,9.606269,Test,1.454996,2.333767,3.241065,5.022163,6.663319,7.672834,8.663377,10.536513,13.676309,16.737597,23.001078
2009-03-09,9.181682,Test,1.365078,2.137591,2.983054,4.642917,6.155349,7.001019,7.857766,9.586018,12.369308,14.924427,20.359842
2009-03-10,8.916316,Test,1.343012,2.063461,2.821654,4.391572,5.764343,6.519494,7.287007,8.846804,11.266886,13.309447,17.887104
2009-03-11,8.173289,Test,1.219889,1.881797,2.574181,4.053726,5.334152,6.005836,6.714413,8.199514,10.472549,12.157721,16.272045
2009-03-12,7.164897,Test,1.095122,1.711566,2.358946,3.764331,4.965896,5.584216,6.253091,7.696483,9.874880,11.293964,15.045063
2009-03-13,6.793383,Test,1.089081,1.697343,2.330845,3.719355,4.895576,5.492347,6.136123,7.539105,9.637291,10.929215,14.516118
2009-03-14,6.474944,Test,1.198725,1.840765,2.483714,3.907924,5.087187,5.699634,6.333470,7.681149,9.685220,10.961395,14.507587
2009-03-15,6.474944,Test,0.965794,1.543731,2.137107,3.460243,4.565012,5.117516,5.720201,7.076061,9.088233,10.161970,13.475384
2009-03-16,6.156504,Test,0.753317,1.311507,1.870032,3.126146,4.124267,4.684788,5.254310,6.613837,8.653978,9.558208,12.559205
2009-03-17,5.891137,Test,0.779629,1.334538,1.906978,3.174077,4.192962,4.742800,5.308506,6.671161,8.699458,9.583023,12.580836
2009-03-18,5.572697,Test,0.863487,1.428435,2.052226,3.391241,4.468006,5.031222,5.602222,7.022559,9.116855,9.988240,13.081345
2009-03-19,6.103430,Test,0.804476,1.329190,1.885296,3.133682,4.190429,4.714432,5.274925,6.599433,8.580787,9.540481,12.650704
2009-03-20,6.156504,Test,0.658846,1.133163,1.591301,2.679170,3.641728,4.129239,4.652580,5.849871,7.654437,8.649307,11.616786
2009-03-21,5.572697,Test,0.608689,1.047750,1.420643,2.349940,3.198461,3.669126,4.153714,5.180231,6.698476,7.728779,10.509728
2009-03-22,5.360404,Test,0.636708,1.096440,1.516175,2.551220,3.529002,3.997464,4.535320,5.678659,7.420091,8.666286,11.967743
2009-03-23,5.254258,Test,0.473675,0.916273,1.324258,2.298794,3.167451,3.654535,4.150491,5.309165,7.113112,8.194779,11.394049
2009-03-24,4.935818,Test,0.410401,0.807423,1.149069,1.978303,2.742951,3.183922,3.644437,4.689602,6.232240,7.203002,10.143126
2009-03-25,4.776598,Test,0.272943,0.591168,0.838202,1.427407,1.993315,2.371903,2.739198,3.616440,4.768316,5.529552,8.171581
2009-03-26,4.617378,Test,0.283859,0.584287,0.817854,1.381411,1.934716,2.294866,2.656379,3.505729,4.594597,5.324058,7.851553
2009-03-27,4.723524,Test,0.322343,0.611938,0.838736,1.388926,1.943517,2.294841,2.653686,3.472522,4.519708,5.262142,7.735030
2009-03-28,4.670451,Test,0.368559,0.655213,0.875238,1.444583,1.984645,2.360121,2.730852,3.516762,4.544504,5.332891,7.665071
2009-03-29,4.617378,Test,0.347358,0.623687,0.826333,1.378182,1.873092,2.258069,2.615505,3.375139,4.402624,5.088362,7.418597
2009-03-30,4.988891,Test,0.320525,0.579674,0.773164,1.292187,1.767526,2.133750,2.485947,3.230459,4.214267,4.907190,7.141869
2009-03-31,5.466551,Test,0.313210,0.572930,0.767189,1.285489,1.762383,2.127099,2.479460,3.226072,4.213275,4.912158,7.150101
2009-04-01,4.564305,Training,0.299467,0.555306,0.748473,1.259242,1.733697,2.094696,2.445575,3.193249,4.178765,4.885320,7.120071
2009-04-02,5.519624,Training,0.244558,0.455695,0.631030,1.055882,1.483916,1.807382,2.129961,2.826002,3.720701,4.397031,6.492880
2009-04-03,4.405085,Training,0.196603,0.365544,0.519961,0.864245,1.243315,1.530913,1.821475,2.460103,3.272827,3.897988,5.879656
2009-04-04,3.927425,Training,0.176197,0.357194,0.518948,0.866847,1.261046,1.545460,1.833189,2.497995,3.340419,3.961748,6.067475
2009-04-05,4.245865,Training,0.217129,0.420966,0.597095,1.000183,1.431427,1.741910,2.055269,2.752258,3.646809,4.335476,6.472399
2009-04-06,4.405085,Training,0.337401,0.632319,0.844374,1.421402,1.971407,2.341262,2.718011,3.518151,4.581848,5.437167,7.900976
2009-04-07,4.298938,Training,0.377622,0.718420,0.956220,1.608721,2.202539,2.614043,3.013818,3.859779,5.045705,5.966702,8.644380
2009-04-08,4.086645,Training,0.386730,0.733093,0.997940,1.667839,2.285760,2.713122,3.121048,3.992676,5.226125,6.191185,8.888527
2009-04-09,4.298938,Training,0.372053,0.706448,0.975394,1.664259,2.333293,2.774829,3.230743,4.156331,5.539519,6.772447,9.898999
2009-04-10,4.829671,Training,0.293027,0.614678,0.853830,1.474785,2.063059,2.529093,2.955157,3.859517,5.312538,6.503533,9.944078
2009-04-11,4.511231,Training,0.296290,0.615546,0.864392,1.470675,2.060844,2.532408,2.964963,3.890389,5.346673,6.603115,9.987227
2009-04-12,4.192791,Training,0.282137,0.583036,0.839454,1.423833,2.003000,2.458364,2.879393,3.799374,5.200644,6.418539,9.625221
2009-04-13,4.352011,Training,0.398194,0.769917,1.054986,1.790911,2.500316,2.999587,3.490829,4.517242,6.091790,7.553236,11.154784
2009-04-14,5.572697,Training,0.760866,1.473286,2.001190,3.349304,4.631903,5.542152,6.518960,8.111393,11.452470,14.390708,21.558126
2009-04-15,,,1.185336,2.521802,3.340779,5.347046,7.643965,8.507866,9.971069,12.392238,17.088369,21.279829,31.689951
2009-04-16,,,1.244157,2.634304,3.507090,5.630707,8.029965,8.921560,10.434838,12.907515,17.755011,22.085712,32.743973
