Event date,Group,tp,t2m,pet
1982-10-01,26F/02H,0.0,17.997942,3.124038866340971
1982-10-02,26F/02H,0.0,18.309244,2.836359522089872
1982-10-03,26F/02H,0.0018195978,18.352713,2.34951480194472
1982-10-04,26F/02H,0.0026982408000000005,18.083319,2.6247940183783625
1982-10-05,26F/02H,0.9830274,18.735327,1.916543713260819
1982-10-06,26F/02H,0.029411373,16.657612,1.6962908016871172
1982-10-07,26F/02H,0.18001775,15.532054,1.872976688045251
1982-10-08,26F/02H,0.0,15.518536,2.125462699369095
1982-10-09,26F/02H,1.5311858999999999,17.019156,1.8799428567526368
1982-10-10,26F/02H,0.028880829,16.651289,2.094089409789213
1982-10-11,26F/02H,0.0,16.194422,2.4008011676509806
1982-10-12,26F/02H,0.004199121,16.610987,2.482220057807261
1982-10-13,26F/02H,4.526917,17.777876,1.875234338025997
1982-10-14,26F/02H,0.008248009,16.332056,1.633877684959701
1982-10-15,26F/02H,0.0008553265,14.976405,2.0114701959054444
1982-10-16,26F/02H,0.8038362,16.210773,2.3356020181677977
1982-10-17,26F/02H,0.4015766,16.466646,1.6569436350257964
1982-10-18,26F/02H,0.9001337,15.192177,1.5369683620197383
1982-10-19,26F/02H,0.0024493093,14.788901,1.86231347281012
1982-10-20,26F/02H,0.0008523463,15.287087,2.079579001775796
1982-10-21,26F/02H,0.0052016797,16.554117,1.895949015026969
1982-10-22,26F/02H,0.61972876,15.606103,1.4384105383365788
1982-10-23,26F/02H,0.07259560000000001,14.23746,1.4870856751393091
1982-10-24,26F/02H,0.00043511376000000005,13.831262,1.9986242477541467
1982-10-25,26F/02H,0.0,14.945981,2.2050156538874064
1982-10-26,26F/02H,0.00053101903,15.492375,2.3445341194135056
1982-10-27,26F/02H,0.0012755389,16.830976,2.4537923170930958
1982-10-28,26F/02H,0.0004351138,17.595425,2.365469696035408
1982-10-29,26F/02H,0.0012874597000000002,17.576086,2.311084103170072
1982-10-30,26F/02H,0.0012934204000000001,16.785099,2.2930228201029696
1982-10-31,26F/02H,0.00043511376000000005,17.540335,2.377072384886692
1982-11-01,26F/02H,0.0008688263,17.77049,2.2811780133577693
1982-11-02,26F/02H,0.08864567,18.846367,2.253900463429897
1982-11-03,26F/02H,0.24933803000000002,18.336012,1.9716825641003104
1982-11-04,26F/02H,0.20412247,16.753298,1.7037185716271186
1982-11-05,26F/02H,3.6545023999999997,16.001919,1.4196666020775195
1982-11-06,26F/02H,24.203568,14.8529005,0.940491052130212
1982-11-07,26F/02H,23.60586,14.160724,1.1058341076292864
1982-11-08,26F/02H,7.8703887,14.147793,1.192603051724098
1982-11-09,26F/02H,0.28201483000000005,13.342557,1.339215493637898
1982-11-10,26F/02H,0.0034150193,13.454911,1.6098416799414823
1982-11-11,26F/02H,0.014020151,13.544179,1.3842908891765606
1982-11-12,26F/02H,0.0006156363999999999,14.18714,1.4366857402335118
1982-11-13,26F/02H,1.8464962,15.190091,1.2796348779523912
1982-11-14,26F/02H,0.0033998225,12.281426,0.962091102213196
1982-11-15,26F/02H,0.36203625,12.748871,1.0218261763326066
1982-11-16,26F/02H,0.0025778997,11.182499,1.2264138958648112
1982-11-17,26F/02H,0.0017143357,12.033437,1.395995807795313
1982-11-18,26F/02H,0.0004351138,11.822827,1.4765240609526435
1982-11-19,26F/02H,0.0011995952000000002,10.795654,1.1658900570257245
1982-11-20,26F/02H,0.0015961151,10.740425,1.30523887928859
1982-11-21,26F/02H,0.0284206,11.252868,1.3182453900526525
1982-11-22,26F/02H,0.027481494999999998,12.113472,1.3611608462867724
1982-11-23,26F/02H,0.43350558,14.250308,1.2406988373345438
1982-11-24,26F/02H,0.21359746999999998,13.234685,1.2259168972137535
1982-11-25,26F/02H,4.9324375,12.97007,1.0190637439089605
1982-11-26,26F/02H,1.570683,9.787797,0.8129679735875466
1982-11-27,26F/02H,10.260048000000001,12.5242815,1.0588863685771936
1982-11-28,26F/02H,0.11370446,13.3528595,0.996957318311716
1982-11-29,26F/02H,0.0027084450000000003,10.4588785,1.0958659280133816
1982-11-30,26F/02H,0.0008625114000000001,8.5798855,1.0123407585686508
1982-12-01,26F/02H,0.0017166129,7.74295,1.1336699200544984
1982-12-02,26F/02H,0.18812979000000002,8.612899,1.149548065380816
1982-12-03,26F/02H,0.08956824000000001,9.330319,1.044554364696732
1982-12-04,26F/02H,0.0018389542000000001,12.025909,1.0622735956611635
1982-12-05,26F/02H,0.0012874597000000002,10.838801,1.2456516590255144
1982-12-06,26F/02H,0.0017195934,11.17902,1.2671424691532982
1982-12-07,26F/02H,0.013235446,12.05592,1.2850363148747153
1982-12-08,26F/02H,8.159173,14.175443,0.7700227142635596
1982-12-09,26F/02H,0.6445481,14.358376,0.9154005388302616
1982-12-10,26F/02H,1.5380288,14.277,0.8759336204277505
1982-12-11,26F/02H,0.011339917,12.353747,0.845681857820475
1982-12-12,26F/02H,2.763745,13.768295,0.8861161320846996
1982-12-13,26F/02H,2.7913208,11.611983,0.78371621196026
1982-12-14,26F/02H,0.0038992374,9.824291,0.8164777321371561
1982-12-15,26F/02H,0.00534692,10.061726,1.0823680024576516
1982-12-16,26F/02H,0.01770497,11.554339,0.7877067845178618
1982-12-17,26F/02H,2.246608,12.081497,0.9514053221783796
1982-12-18,26F/02H,0.16547371000000002,10.001398,0.8089421202914787
1982-12-19,26F/02H,0.0052505145,9.530128,1.051290240422412
1982-12-20,26F/02H,3.9315115,12.309387,1.0251266991666843
1982-12-21,26F/02H,13.075538,9.719426,0.9356979071400122
1982-12-22,26F/02H,0.6534053300000001,8.288003,0.8220496632506309
1982-12-23,26F/02H,0.004013295,9.273524,0.8832463313617311
1982-12-24,26F/02H,0.0039749174,9.867776,0.892534252361322
1982-12-25,26F/02H,0.0012844793000000001,8.953254,1.015455963982114
1982-12-26,26F/02H,0.020524374,7.857119,0.9519162884366774
1982-12-27,26F/02H,0.020911123,7.6683846,0.9268596571345304
1982-12-28,26F/02H,0.0017046922000000001,8.654946,1.2277602801372416
1982-12-29,26F/02H,0.0008702277,8.63,1.2270916933514249
1982-12-30,26F/02H,0.0008523462000000001,8.353309,1.19319114407537
1982-12-31,26F/02H,0.0008523462000000001,8.675384,1.136066495161164
1983-01-01,26F/02H,0.0012818836000000001,7.6744657,1.0525214370822216
1983-01-02,26F/02H,0.001710653,6.976478,1.092601248401858
1983-01-03,26F/02H,0.0012837262,7.254776,1.200710099983901
1983-01-04,26F/02H,0.0004351138,7.777796,1.245758441285293
1983-01-05,26F/02H,0.0031992807000000003,8.114209,1.3259177727815146
1983-01-06,26F/02H,0.025516619,10.481366,1.1757849605985309
1983-01-07,26F/02H,0.04029026,9.414562,1.1986066820196568
1983-01-08,26F/02H,0.012765224,10.497161,1.1877093786320352
1983-01-09,26F/02H,0.0021338456,9.963636,1.2381642017851278
1983-01-10,26F/02H,0.002162168,9.623719,1.2356872959784984
1983-01-11,26F/02H,0.0,9.742059,1.2837150189460782
1983-01-12,26F/02H,0.001281136,9.327039,1.2859495598423618
1983-01-13,26F/02H,0.2979661,9.306916,1.295254824778218
1983-01-14,26F/02H,0.028509542,9.430779,1.142518505034373
1983-01-15,26F/02H,0.0008583068,9.350774,1.235591617571448
1983-01-16,26F/02H,0.0,10.607921,1.4652620965511212
1983-01-17,26F/02H,0.004830468,10.684306,1.4083814065281703
1983-01-18,26F/02H,0.0066423182,11.098493,1.241287342437902
1983-01-19,26F/02H,0.011974954000000001,10.569928,1.1592750928524385
1983-01-20,26F/02H,0.0,10.177873,1.2798341648445748
1983-01-21,26F/02H,1.0772737,11.164646,1.2002954614712225
1983-01-22,26F/02H,1.3264669,11.1085205,1.189174188486464
1983-01-23,26F/02H,0.0017107220999999998,12.361894,1.4497566986527062
1983-01-24,26F/02H,0.0017046920999999999,13.117507,1.540500170067926
1983-01-25,26F/02H,0.001730751,12.593666,1.5363533237069658
1983-01-26,26F/02H,0.0012730733,12.885464,1.6977735708129942
1983-01-27,26F/02H,0.00043511376000000005,11.026719,1.7890735107863889
1983-01-28,26F/02H,0.0025968610000000002,11.126855,1.6610466057586577
1983-01-29,26F/02H,0.00043511381999999997,12.036988,1.8349173345533183
1983-01-30,26F/02H,2.8227616e-05,11.241214,1.5690656692252372
1983-01-31,26F/02H,0.00083993423,11.52064,1.8183548524211348
1983-02-01,26F/02H,0.0,11.065007,1.481256527826422
1983-02-02,26F/02H,0.0,11.162114,1.5014239763419834
1983-02-03,26F/02H,0.00042782167,11.670253,1.767445368072205
1983-02-04,26F/02H,0.0,11.654007,1.7479290518213708
1983-02-05,26F/02H,0.001704692,11.280342,1.650789896051991
1983-02-06,26F/02H,0.50133646,11.012736,1.096242000946935
1983-02-07,26F/02H,0.085117805,9.229212,1.151382457241419
1983-02-08,26F/02H,0.45057373,7.87777,1.1121179484531167
1983-02-09,26F/02H,0.0029762392000000004,5.9850707,1.244664919758125
1983-02-10,26F/02H,0.016162832000000002,5.801155,1.319241238587415
1983-02-11,26F/02H,3.6613457,6.0493703,1.12452509338269
1983-02-12,26F/02H,0.47627878,4.4363265,1.1898298876172395
1983-02-13,26F/02H,0.09703326400000001,4.986691,1.2114110136598588
1983-02-14,26F/02H,0.435373,5.0151467,1.3018409278203629
1983-02-15,26F/02H,1.8630550000000001,5.4998775,1.4575948418666085
1983-02-16,26F/02H,0.06913277,7.3285356,1.725386530329048
1983-02-17,26F/02H,11.196931000000001,8.863255,1.3174150935190196
1983-02-18,26F/02H,1.1983267000000002,12.537734,1.523734472711775
1983-02-19,26F/02H,1.2617832000000002,12.858352,1.5180262383342813
1983-02-20,26F/02H,2.9472698,12.569039,1.5409125367616352
1983-02-21,26F/02H,5.5489,13.801421,1.5914820969902517
1983-02-22,26F/02H,1.7847051,14.221866,1.3271769222716852
1983-02-23,26F/02H,0.0006571939999999999,13.849187,1.91212081846356
1983-02-24,26F/02H,0.0030279029999999998,14.718682,1.9752852731580457
1983-02-25,26F/02H,3.3207073,14.536946,1.7912562366185842
1983-02-26,26F/02H,0.41711206,13.483134,1.54443629242966
1983-02-27,26F/02H,0.0023224247000000003,11.796928,1.748881728277937
1983-02-28,26F/02H,0.0,12.007526,2.12175500274558
1983-03-01,26F/02H,0.0017185147,13.06321,2.4292857641163628
1983-03-02,26F/02H,0.0012883537000000001,14.502013,2.8736781708059485
1983-03-03,26F/02H,0.2917876,14.463538,2.693672654232804
1983-03-04,26F/02H,0.08132879,15.957755,2.4501188446455724
1983-03-05,26F/02H,0.002145766,16.072819,2.865081698849269
1983-03-06,26F/02H,0.0021494286,15.7569685,2.6176946340809266
1983-03-07,26F/02H,0.5811744,14.581795,2.329763062928269
1983-03-08,26F/02H,0.022478924,15.077126,2.2139996981195305
1983-03-09,26F/02H,0.0015948113,13.231774,2.51866053973491
1983-03-10,26F/02H,0.009370813,14.084573,2.5645901130996607
1983-03-11,26F/02H,0.0,14.636417,2.791064814750964
1983-03-12,26F/02H,0.0029448667,13.905937,2.594685153344884
1983-03-13,26F/02H,0.023165556,14.4633255,2.356742474267708
1983-03-14,26F/02H,0.0021439028000000003,14.068508,2.236845519890785
1983-03-15,26F/02H,0.003107438,13.230404,2.0158490290911018
1983-03-16,26F/02H,0.0008523463,13.164107,2.691975902790582
1983-03-17,26F/02H,0.0017280207,15.654705,3.219150918895224
1983-03-18,26F/02H,0.0,18.241278,3.54288598700223
1983-03-19,26F/02H,0.18961916,18.243704,3.5440616338858844
1983-03-20,26F/02H,0.0077913850000000005,16.321466,2.657983708008574
1983-03-21,26F/02H,0.0059080396000000006,15.953422,2.7888462014456272
1983-03-22,26F/02H,0.17988681,16.539248,2.985519386528606
1983-03-23,26F/02H,0.21881715000000002,15.2725935,2.85574809325426
1983-03-24,26F/02H,0.59304236,12.835319,1.8367067143862048
1983-03-25,26F/02H,0.001704692,11.760796,2.384213352990769
1983-03-26,26F/02H,0.0008523463,12.181333,2.78844827093008
1983-03-27,26F/02H,0.41732806,12.170056,2.203850578811403
1983-03-28,26F/02H,1.0374622,11.5106735,2.019298569829778
1983-03-29,26F/02H,0.0012883391,12.413197,2.820147988108919
1983-03-30,26F/02H,0.0008478671,13.249339,3.0844786822456016
1983-03-31,26F/02H,0.005868153000000001,13.195485,2.591827362629528
1983-04-01,26F/02H,0.23983357000000002,12.9869795,2.1958192705216706
1983-04-02,26F/02H,0.18684688,11.272548,2.180257675609869
1983-04-03,26F/02H,0.00085234624,11.409512,2.90617240447473
1983-04-04,26F/02H,0.12953067,11.979329,2.7280278950914973
1983-04-05,26F/02H,0.16335663,13.092338,2.4669675734731564
1983-04-06,26F/02H,0.33839142,13.279266,2.393436904332712
1983-04-07,26F/02H,0.028734125,13.341542,2.53125131964136
1983-04-08,26F/02H,0.0008583069,14.647907,3.521912413316345
1983-04-09,26F/02H,0.007169737,14.528129,3.590618450377961
1983-04-10,26F/02H,0.0043815780000000006,14.514538,4.033974810826334
1983-04-11,26F/02H,0.0026235378,15.183106,3.398992304943466
1983-04-12,26F/02H,0.00043511376000000005,16.668287,3.974529876842063
1983-04-13,26F/02H,0.12249966000000001,18.515394,4.296161452609997
1983-04-14,26F/02H,0.0041146894,18.750988,4.111644127536643
1983-04-15,26F/02H,0.0017727578,19.963827,4.116947637999077
1983-04-16,26F/02H,0.11972185,17.978357,3.1828948266577006
1983-04-17,26F/02H,12.588922,15.155574,2.4660027159151934
1983-04-18,26F/02H,4.2895503,12.055799,2.136216669803358
1983-04-19,26F/02H,8.1790933,11.939986,2.445747480115371
1983-04-20,26F/02H,2.48484,11.546487,2.080987989197404
1983-04-21,26F/02H,3.1130579,11.906451,2.6456846992970857
1983-04-22,26F/02H,12.886043,11.916874,1.8394248111006173
1983-04-23,26F/02H,3.1783031999999998,11.793304,2.454083691004516
1983-04-24,26F/02H,13.205973,12.530906,1.8821868290453485
1983-04-25,26F/02H,2.6127905,12.32534,2.344287406050712
1983-04-26,26F/02H,1.3489481,12.124554,2.45783273189792
1983-04-27,26F/02H,0.46642307,12.312505,2.884061471824224
1983-04-28,26F/02H,1.4700209,12.177174,2.669469421131979
1983-04-29,26F/02H,10.928339,12.891328,2.56225666353771
1983-04-30,26F/02H,10.810701,12.446931,1.9686760774982903
1983-05-01,26F/02H,1.4315634,12.839726,2.706671182652664
1983-05-02,26F/02H,0.5332574,13.576602,2.7645525437842875
1983-05-03,26F/02H,0.006072814,13.979203,3.4301398885621173
1983-05-04,26F/02H,0.0031428878,14.214782,3.728062167278329
1983-05-05,26F/02H,0.08560827,15.350826,2.9995110733908272
1983-05-06,26F/02H,0.17427997,16.49938,3.1440583917186857
1983-05-07,26F/02H,0.0004410743,16.512291,4.012292670096635
1983-05-08,26F/02H,0.0004410743,14.887273,3.0933537277002143
1983-05-09,26F/02H,0.06995105,15.663632,2.9641160380259217
1983-05-10,26F/02H,0.03494965,14.273355,2.436107593432372
1983-05-11,26F/02H,0.5162649,14.786125,2.6672020781905186
1983-05-12,26F/02H,3.4886724,15.562222,2.978193797655792
1983-05-13,26F/02H,0.5692265599999999,14.127467,2.906312201963822
1983-05-14,26F/02H,6.854699,13.176093,2.4308882429137317
1983-05-15,26F/02H,0.9534712500000001,13.405696,2.910206777944317
1983-05-16,26F/02H,5.0711997,13.836089,2.2109691072905773
1983-05-17,26F/02H,0.7211273,13.880378,2.565297313807964
1983-05-18,26F/02H,0.0066841736,13.58291,3.2193210433139536
1983-05-19,26F/02H,0.0008573576000000001,13.162972,3.335043185698645
1983-05-20,26F/02H,1.2648577,12.4577265,2.764539383839109
1983-05-21,26F/02H,1.4075601999999998,12.436444,2.670068216987013
1983-05-22,26F/02H,0.0009478073,13.205116,3.347955841927786
1983-05-23,26F/02H,0.16747913,14.278751,3.609139814508724
1983-05-24,26F/02H,0.0,16.053701,4.6449480412361295
1983-05-25,26F/02H,0.0,20.026762,5.004713791580429
1983-05-26,26F/02H,0.0019180322000000001,18.84534,4.689647028702326
1983-05-27,26F/02H,0.00014630134000000002,17.282415,4.072429993678436
1983-05-28,26F/02H,0.0060925193,15.453465,3.5559365148629496
1983-05-29,26F/02H,0.001675639,15.599427,4.095463533824205
1983-05-30,26F/02H,0.06883853000000001,16.639256,3.782402215053127
1983-05-31,26F/02H,3.7981367,16.536024,3.0477034816635675
1983-06-01,26F/02H,0.07861612,16.031073,3.185309681543528
1983-06-02,26F/02H,0.002157687,16.888838,4.84961109430356
1983-06-03,26F/02H,0.0012874597000000002,19.328913,5.86057635961969
1983-06-04,26F/02H,0.0008583069,21.05384,5.473007726461498
1983-06-05,26F/02H,8.319369,19.038286,3.8190639606125223
1983-06-06,26F/02H,0.045071194,18.103199,3.6179396542893096
1983-06-07,26F/02H,0.14513632,17.599874,3.513039861161423
1983-06-08,26F/02H,0.010926341000000001,17.67531,4.185566283941452
1983-06-09,26F/02H,0.0017106531000000002,19.826057,5.14614924079553
1983-06-10,26F/02H,0.0012848576000000001,22.04687,5.668375578160815
1983-06-11,26F/02H,0.0021480746,21.992722,5.065127392596313
1983-06-12,26F/02H,0.0029928849,22.154524,6.076483565524838
1983-06-13,26F/02H,0.0,22.038908,5.733466155964681
1983-06-14,26F/02H,0.0012874596000000001,27.404732,7.30387080284568
1983-06-15,26F/02H,0.0004410743,27.364717,6.101542721652735
1983-06-16,26F/02H,0.000856112,27.548653,6.23660624234992
1983-06-17,26F/02H,0.0012993804,23.209974,5.100618919091498
1983-06-18,26F/02H,0.0012844793000000001,22.215782,5.747592238116223
1983-06-19,26F/02H,0.00086996776,20.564234,4.702488793530585
1983-06-20,26F/02H,0.028621386999999998,19.493235,4.0684687038474925
1983-06-21,26F/02H,0.020131872000000002,18.65058,3.708713008762871
1983-06-22,26F/02H,0.061868122,18.502497,3.902686416651112
1983-06-23,26F/02H,0.0037306173,19.132887,4.325383957284199
1983-06-24,26F/02H,0.020394970000000002,18.719255,4.082541856876405
1983-06-25,26F/02H,0.10790967000000001,18.740015,4.25781204207473
1983-06-26,26F/02H,0.0033117957,19.585669,4.539768482630415
1983-06-27,26F/02H,0.00085532653,20.23748,4.917348905697508
1983-06-28,26F/02H,0.0,20.78604,5.21116539395786
1983-06-29,26F/02H,0.0013428725,21.025114,5.126421043662677
1983-06-30,26F/02H,0.0013586934,19.793251,4.512442370564818
1983-07-01,26F/02H,0.002946322,18.756584,4.479484102549443
1983-07-02,26F/02H,0.012979119,18.51591,3.890357722610952
1983-07-03,26F/02H,0.6377889400000001,18.875134,3.503797133992693
1983-07-04,26F/02H,0.029937115,19.177395,4.157351891572649
1983-07-05,26F/02H,0.00027278438,19.172447,4.420282683978996
1983-07-06,26F/02H,0.038745472,19.14165,4.30516616887491
1983-07-07,26F/02H,0.24352805000000002,18.445704,3.368845238882135
1983-07-08,26F/02H,0.0034883094,19.318985,4.576415774462882
1983-07-09,26F/02H,0.020757978000000003,20.295,4.776992743555354
1983-07-10,26F/02H,0.34708487000000005,20.784216,3.7961605430700742
1983-07-11,26F/02H,0.011441336,20.394922,3.8501303442143913
1983-07-12,26F/02H,0.0012882019,20.248259,4.779824540432401
1983-07-13,26F/02H,0.0008642672300000001,20.646357,4.8389021710768345
1983-07-14,26F/02H,0.0015305473,20.077822,4.679894690720127
1983-07-15,26F/02H,0.0008523462000000001,19.505526,4.295003859931458
1983-07-16,26F/02H,0.18489925,20.355757,4.012966998709836
1983-07-17,26F/02H,0.7480545,20.268242,3.911812190570075
1983-07-18,26F/02H,0.91625964,19.66361,3.7242669743129526
1983-07-19,26F/02H,0.06177045,19.891596,4.200774454297395
1983-07-20,26F/02H,0.0017037235,20.112879,4.330235049678819
1983-07-21,26F/02H,0.040282352,20.316137,4.213433429527521
1983-07-22,26F/02H,0.021659601,20.39189,4.363862271945688
1983-07-23,26F/02H,0.0012814989000000001,20.14481,4.316147290421957
1983-07-24,26F/02H,0.06585061,20.246489,3.7105165953663057
1983-07-25,26F/02H,0.3650216,19.794432,3.2622629082405528
1983-07-26,26F/02H,0.07627831,19.949347,3.789447308255128
1983-07-27,26F/02H,0.063467903,20.91747,4.143669312098527
1983-07-28,26F/02H,0.0017132825000000002,21.316969,4.724988680245487
1983-07-29,26F/02H,0.018632812000000002,21.710085,5.063249917645492
1983-07-30,26F/02H,0.47212897,20.66241,3.864156950959415
1983-07-31,26F/02H,0.32508743,21.133747,3.750230711462879
1983-08-01,26F/02H,0.0,21.677614,4.832835178741796
1983-08-02,26F/02H,0.002147749,21.706083,4.8621338220672845
1983-08-03,26F/02H,0.0012934206,21.853937,4.987757775978392
1983-08-04,26F/02H,0.0008553264,21.062569,4.721336855710548
1983-08-05,26F/02H,0.0063882570000000005,20.46654,4.6351796770264055
1983-08-06,26F/02H,2.6864456,22.33016,5.035730507522715
1983-08-07,26F/02H,0.09468114500000001,20.8379,3.853748136313935
1983-08-08,26F/02H,1.1727621,20.238733,3.1548281521308863
1983-08-09,26F/02H,0.97332556,19.994585,3.6539534505336833
1983-08-10,26F/02H,0.17916719,19.271471,3.399153875884499
1983-08-11,26F/02H,0.053324738,19.320942,3.6126282683431663
1983-08-12,26F/02H,0.1594486,19.50813,3.522277030523919
1983-08-13,26F/02H,0.47147412000000005,19.525904,3.6728276721630655
1983-08-14,26F/02H,0.01489739,19.69605,3.8569611192048106
1983-08-15,26F/02H,0.041628597,19.609976,3.733013269049743
1983-08-16,26F/02H,0.12807481,19.55314,3.4848851156466214
1983-08-17,26F/02H,0.0024285078,20.448545,4.332714468847548
1983-08-18,26F/02H,0.4015812,20.609833,3.2346781833593328
1983-08-19,26F/02H,0.02883041,20.468153,3.60725265732867
1983-08-20,26F/02H,0.0013778348000000001,20.46059,4.081173382098978
1983-08-21,26F/02H,0.0057722845,21.071566,3.7563033620021367
1983-08-22,26F/02H,0.0018997487,20.748497,4.09633996180833
1983-08-23,26F/02H,0.0008455484,23.500021,4.758430835906236
1983-08-24,26F/02H,0.0004410743,23.835169,4.7466133460185
1983-08-25,26F/02H,0.012636495999999999,20.972063,3.780669199910334
1983-08-26,26F/02H,0.019517792,21.501287,4.259997597060866
1983-08-27,26F/02H,0.0,23.227106,4.793484766454354
1983-08-28,26F/02H,0.0,23.463743,4.575169902809146
1983-08-29,26F/02H,0.0039935713,22.80522,4.372172795487697
1983-08-30,26F/02H,0.5415627,20.753035,4.023953644719823
1983-08-31,26F/02H,4.0394878,19.19375,2.423529339356028
1983-09-01,26F/02H,0.5770136,19.176996,2.7093541768396654
1983-09-02,26F/02H,0.6254473,20.594816,3.152214158301372
1983-09-03,26F/02H,0.0008583069,21.351126,4.692377611311301
1983-09-04,26F/02H,0.0004351138,23.384117,4.903099018598525
1983-09-05,26F/02H,0.001710856,23.495302,4.536088307254911
1983-09-06,26F/02H,0.0012976916000000001,23.903738,4.745208812800054
1983-09-07,26F/02H,0.0008745542,24.417711,4.630263544241159
1983-09-08,26F/02H,0.0017073562,22.973236,4.092451474084909
1983-09-09,26F/02H,0.0028742583000000003,20.44866,3.733456855050379
1983-09-10,26F/02H,0.20173285999999999,19.623884,3.2651885077476828
1983-09-11,26F/02H,0.0012984592,18.72051,3.5904155438347134
1983-09-12,26F/02H,0.0012865002000000002,19.200258,3.768970741622087
1983-09-13,26F/02H,0.0004351138,19.93934,4.131515384535357
1983-09-14,26F/02H,0.0025988338,21.075481,4.048729569723283
1983-09-15,26F/02H,0.011418233000000002,20.183264,3.3827294900296905
1983-09-16,26F/02H,0.0022764504,19.713804,3.15718101772825
1983-09-17,26F/02H,0.055585854,20.397476,3.202079929322564
1983-09-18,26F/02H,0.031252619,20.97664,3.1780861442194994
1983-09-19,26F/02H,0.0008538192,20.640501,3.4188521183804066
1983-09-20,26F/02H,0.0029721336,22.052591,4.011731863130676
1983-09-21,26F/02H,0.001309535,23.338251,4.141392969157998
1983-09-22,26F/02H,0.0019254822000000001,24.323372,4.417683681578786
1983-09-23,26F/02H,0.28808206000000003,23.455847,3.2334185835414493
1983-09-24,26F/02H,0.0012993804,23.816244,3.587217465938012
1983-09-25,26F/02H,0.00043511376000000005,23.35803,4.161079809529898
1983-09-26,26F/02H,0.0,25.523886,4.4633510020417
1983-09-27,26F/02H,0.0025689595,25.271406,4.248027536555066
1983-09-28,26F/02H,0.0004410743,22.236832,3.3688016168192725
1983-09-29,26F/02H,0.9926662,20.552418,2.7837921542740625
1983-09-30,26F/02H,0.14282698,19.508268,2.748566202536145
1983-10-01,26F/02H,0.001704692,20.125208,3.2295744554588244
1983-10-02,26F/02H,0.0017106531000000002,22.819979,3.930032584318745
1983-10-03,26F/02H,0.00085234624,23.21952,3.7393766332091487
1983-10-04,26F/02H,0.024120463999999998,21.975264,2.9076584043302955
1983-10-05,26F/02H,0.078058556,21.732332,3.007880328718989
1983-10-06,26F/02H,0.003427266,21.483467,3.0358484201127163
1983-10-07,26F/02H,0.0013071102999999999,21.134722,3.157963518872505
1983-10-08,26F/02H,0.0049919560000000005,19.215929,2.793561119051558
1983-10-09,26F/02H,0.0030005426000000003,18.344778,2.679572278053876
1983-10-10,26F/02H,0.0017225737999999999,18.329702,2.422656182815483
1983-10-11,26F/02H,0.0,18.336832,2.8336710207667006
1983-10-12,26F/02H,0.0,19.098444,3.0559413111563978
1983-10-13,26F/02H,0.10377743,18.22439,2.5814812678422543
1983-10-14,26F/02H,0.0005842287499999999,17.504389,2.1238210127986674
1983-10-15,26F/02H,0.0,16.847158,2.316387840148021
1983-10-16,26F/02H,0.74591907,17.3774,2.059851332668692
1983-10-17,26F/02H,0.01162086,18.250095,2.039475457709799
1983-10-18,26F/02H,0.002141438,18.209421,2.812578897155002
1983-10-19,26F/02H,0.0008574318,19.573298,2.9784274643493136
1983-10-20,26F/02H,0.0008642672300000001,19.982468,3.0362368582423493
1983-10-21,26F/02H,0.0012874596000000001,20.30408,2.6720460202308285
1983-10-22,26F/02H,0.0,18.566826,2.189678228011252
1983-10-23,26F/02H,0.0004410743,16.339617,1.9692423156807184
1983-10-24,26F/02H,0.048979343,15.1891985,2.0384497887202686
1983-10-25,26F/02H,6.4838667,16.452204,2.064740371295739
1983-10-26,26F/02H,3.5335952,18.044962,1.888814787300018
1983-10-27,26F/02H,11.138957000000001,17.379555,1.3899593776254888
1983-10-28,26F/02H,17.315568,16.181887,0.9791033279951112
1983-10-29,26F/02H,9.307486,17.064497,1.340283437424407
1983-10-30,26F/02H,4.2459033,17.120214,1.70150946661638
1983-10-31,26F/02H,0.0073353353,16.1597,1.7889406300747226
1983-11-01,26F/02H,0.0008642672300000001,16.624865,2.056427802493585
1983-11-02,26F/02H,2.7038625,17.773605,1.822117560793832
1983-11-03,26F/02H,7.380725000000001,16.59871,1.3227533319807605
1983-11-04,26F/02H,11.751151,16.344364,1.465928347662838
1983-11-05,26F/02H,5.767375,16.501583,1.4396534669109178
1983-11-06,26F/02H,0.35491974,16.52397,1.474139835401225
1983-11-07,26F/02H,6.0813853,15.847711,1.4544167674476534
1983-11-08,26F/02H,11.694815,16.58574,1.3670951357093275
1983-11-09,26F/02H,21.6161,15.505012,1.2750563427448212
1983-11-10,26F/02H,4.835669,15.0065775,1.0446348428918206
1983-11-11,26F/02H,6.197298300000001,16.488798,1.1261096837159674
1983-11-12,26F/02H,0.711668,17.351625,1.245179425139243
1983-11-13,26F/02H,12.194074,16.534292,0.9840851781497242
1983-11-14,26F/02H,11.879797,15.318897,0.927844954041676
1983-11-15,26F/02H,16.180056,14.412675,0.8576459283440393
1983-11-16,26F/02H,3.7026724,14.355704,1.0831941457510466
1983-11-17,26F/02H,1.8618453,14.606723,0.988699777529526
1983-11-18,26F/02H,3.1692637,14.992721,1.434246665571098
1983-11-19,26F/02H,20.397002,17.293947,1.0291102349942862
1983-11-20,26F/02H,22.055168000000002,17.675577,0.8793863646767456
1983-11-21,26F/02H,14.676498,16.720528,0.7761789124645485
1983-11-22,26F/02H,1.637062,16.31975,0.9192997389410904
1983-11-23,26F/02H,0.048022440000000007,15.405313,1.00186423772401
1983-11-24,26F/02H,0.15150497,15.930066,1.3259811215404993
1983-11-25,26F/02H,0.002047682,15.749477,1.4751292835220264
1983-11-26,26F/02H,0.0018481755,14.932477,1.4321153458631195
1983-11-27,26F/02H,0.13668529000000001,16.268187,1.3685833391502895
1983-11-28,26F/02H,0.007934454,16.18123,1.0900192783221756
1983-11-29,26F/02H,0.0017166128,15.036541,1.506501317955721
1983-11-30,26F/02H,0.0008523462000000001,16.27255,1.651542244862018
1983-12-01,26F/02H,0.005152820000000001,15.788737,1.5662992208732736
1983-12-02,26F/02H,0.0031989937,14.733291,1.2855030781981684
1983-12-03,26F/02H,0.0008553265,13.469613,1.362343420812237
1983-12-04,26F/02H,0.0008702276300000001,13.144122,1.2939902566361334
1983-12-05,26F/02H,0.0,12.590885,1.1857616721787323
1983-12-06,26F/02H,0.0008612635,11.3038,1.2220817806158923
1983-12-07,26F/02H,0.0008642672300000001,10.599864,1.1794753595592933
1983-12-08,26F/02H,0.0017325872000000001,9.74862,1.2067128887914922
1983-12-09,26F/02H,2.3287678,12.184573,1.038276900356358
1983-12-10,26F/02H,0.0480078,11.776882,0.9313573831953254
1983-12-11,26F/02H,0.080581,10.616684,0.9943336365910852
1983-12-12,26F/02H,0.021507462,11.278638,0.9309892296116018
1983-12-13,26F/02H,0.002143928,8.565072,1.0331248335624688
1983-12-14,26F/02H,12.019461,10.335178,1.065737312610879
1983-12-15,26F/02H,13.777949000000001,11.043706,0.894775336645408
1983-12-16,26F/02H,10.596594,10.035532,0.6503175949524292
1983-12-17,26F/02H,8.293192,10.687203,0.7142380027874641
1983-12-18,26F/02H,12.726613,14.203584,0.9696814995415188
1983-12-19,26F/02H,4.2419595,13.0527,0.6861531776813777
1983-12-20,26F/02H,23.741676,14.518124,1.0698153667045565
1983-12-21,26F/02H,5.9689473,12.232601,0.95312966913984
1983-12-22,26F/02H,0.21297255,14.092614,0.934642740680566
1983-12-23,26F/02H,0.0023307612,13.293789,1.1895741540968354
1983-12-24,26F/02H,0.00042617315,14.010076,1.331785298419629
1983-12-25,26F/02H,0.08161476999999999,14.499572,1.2864420445489566
1983-12-26,26F/02H,0.0008523462000000001,12.681678,1.3105109567742246
1983-12-27,26F/02H,0.0008523462000000001,12.876264,1.3434652122936668
1983-12-28,26F/02H,0.0012874596000000001,12.571019,1.2646846824370843
1983-12-29,26F/02H,0.0021412516,12.165211,1.182541387747461
1983-12-30,26F/02H,0.23339343,11.954139,1.1582935109497696
1983-12-31,26F/02H,0.10782944500000001,12.684562,0.8635969763723693
1984-01-01,26F/02H,0.15324577,10.923623,1.0163067246137678
1984-01-02,26F/02H,0.0012840647000000001,9.030095,1.0311607777931335
1984-01-03,26F/02H,0.30269354,10.362921,1.1328234295288753
1984-01-04,26F/02H,0.0049838758,9.961663,0.873998483119758
1984-01-05,26F/02H,0.0,8.053375,0.9748531339598692
1984-01-06,26F/02H,0.45009402,11.285423,1.1990434041724087
1984-01-07,26F/02H,0.70068604,12.918967,0.857867851646276
1984-01-08,26F/02H,7.348281200000001,12.507771,0.5673489806106746
1984-01-09,26F/02H,0.09208535999999999,9.547639,0.8991878278348869
1984-01-10,26F/02H,0.0021517270000000004,6.682964,0.923467669807878
1984-01-11,26F/02H,0.0009547264,6.379974,1.0889754718842832
1984-01-12,26F/02H,0.08310397,11.003299,1.08818835344256
1984-01-13,26F/02H,0.00043511381999999997,10.424544,1.1001126278375346
1984-01-14,26F/02H,0.038050730000000005,11.108956,1.0385882627031964
1984-01-15,26F/02H,0.19750113,12.236352,1.110320033534852
1984-01-16,26F/02H,0.0012691816,9.496802,1.2514983024039648
1984-01-17,26F/02H,0.00091292745,9.31474,1.321007778837077
1984-01-18,26F/02H,0.19366582,12.062585,1.22575016871389
1984-01-19,26F/02H,1.7462474000000001,13.604938,0.8419283208878569
1984-01-20,26F/02H,10.208847,12.52317,0.8850167102472324
1984-01-21,26F/02H,1.2935059000000002,12.012679,0.9293690391650165
1984-01-22,26F/02H,1.7329308,14.276683,1.008324119562656
1984-01-23,26F/02H,1.625121,14.049174,0.8535517953712375
1984-01-24,26F/02H,0.16772063,13.114319,1.2104169636168292
1984-01-25,26F/02H,0.00043511376000000005,9.750787,1.366807763312894
1984-01-26,26F/02H,3.5580205,10.93542,0.9295195687311462
1984-01-27,26F/02H,1.0270898,8.702142,0.8869791399638931
1984-01-28,26F/02H,0.00087991625,7.4724617,1.1470545691048102
1984-01-29,26F/02H,1.4306914,8.405547,1.3501863063840334
1984-01-30,26F/02H,0.102916084,10.004063,1.262996852480986
1984-01-31,26F/02H,1.1819378999999999,13.213078,1.071811520154946
1984-02-01,26F/02H,0.91192944,12.687576,0.9576567124234654
1984-02-02,26F/02H,0.027048124000000003,11.11161,0.9775262660073496
1984-02-03,26F/02H,0.013678718999999999,11.720588,1.3188022357159763
1984-02-04,26F/02H,0.018129175,11.291454,1.0861549628322476
1984-02-05,26F/02H,0.0032377570000000004,11.383536,1.371446970735177
1984-02-06,26F/02H,0.0012986188000000001,11.451131,1.65254517814184
1984-02-07,26F/02H,0.0004351138,10.627623,1.5131096368955426
1984-02-08,26F/02H,0.0031320395,12.746442,1.6153868994883225
1984-02-09,26F/02H,0.0,13.218308,1.5777260333940744
1984-02-10,26F/02H,0.0008642672300000001,11.73116,1.5780788406283597
1984-02-11,26F/02H,0.0,11.016568,1.8285329806952677
1984-02-12,26F/02H,0.001704692,10.303277,1.9747705600339067
1984-02-13,26F/02H,0.0008571402400000001,10.482526,1.6863807769445465
1984-02-14,26F/02H,0.0,10.047332,1.8358591149062369
1984-02-15,26F/02H,0.00085789067,9.280901,1.6993999800997055
1984-02-16,26F/02H,0.0012900699000000001,9.495709,1.7742091808579985
1984-02-17,26F/02H,0.002145766,9.602634,1.9229587969805093
1984-02-18,26F/02H,0.03228484,10.361438,1.80491582955019
1984-02-19,26F/02H,2.116535,12.645615,1.6235094609261784
1984-02-20,26F/02H,0.026280056,9.794008,1.6422520042941238
1984-02-21,26F/02H,0.5158408,10.7233,1.4207920749489376
1984-02-22,26F/02H,0.187091,9.878812,1.5471729254025914
1984-02-23,26F/02H,0.529153,11.043725,1.4300009804018374
1984-02-24,26F/02H,0.0031063516,8.86915,1.5883814934894456
1984-02-25,26F/02H,0.001710653,7.5509715,1.5358176929655745
1984-02-26,26F/02H,1.1075735,8.324157,1.74268011784128
1984-02-27,26F/02H,8.0494736,8.018058,1.4417907602308098
1984-02-28,26F/02H,0.11919676,8.3539915,1.71707483430995
1984-02-29,26F/02H,5.3883633,8.0496025,1.4262909902356782
1984-03-01,26F/02H,0.00085096425,7.8326373,1.9050545169115447
1984-03-02,26F/02H,0.0017106531000000002,9.828798,2.269390427033642
1984-03-03,26F/02H,0.0012844793000000001,12.703591,2.374999351917246
1984-03-04,26F/02H,0.00085532653,11.972603,2.3941067220719434
1984-03-05,26F/02H,0.000919198,12.174861,2.133546481105302
1984-03-06,26F/02H,0.0012904404,12.168472,2.4657650422623454
1984-03-07,26F/02H,0.0012814989000000001,12.410424,2.52262624880282
1984-03-08,26F/02H,0.0004410743,11.91304,2.8212328881307696
1984-03-09,26F/02H,0.0008642672,13.055606,2.768594902644665
1984-03-10,26F/02H,0.003004229,10.857827,2.2975370805291044
1984-03-11,26F/02H,0.00044478527,10.29412,2.363170511343517
1984-03-12,26F/02H,0.0041060752999999995,9.636044,2.311400473080839
1984-03-13,26F/02H,1.9131359000000001,8.479541,1.5187066256338275
1984-03-14,26F/02H,8.271349,8.384398,1.4789419768673828
1984-03-15,26F/02H,6.99288,9.164581,1.4692033544779086
1984-03-16,26F/02H,6.503780300000001,9.65212,1.4475642451674924
1984-03-17,26F/02H,1.6279828,10.357786,1.9694745178721609
1984-03-18,26F/02H,2.5612323999999997,12.097375,2.241112888464897
1984-03-19,26F/02H,14.482266,11.747945,1.8177193782328105
1984-03-20,26F/02H,8.957724,11.860251,1.9487204414030137
1984-03-21,26F/02H,5.393231,11.078518,2.260207551700211
1984-03-22,26F/02H,0.09336754600000001,11.088593,1.7017945613881964
1984-03-23,26F/02H,0.4361905,11.303422,1.95005850794204
1984-03-24,26F/02H,17.611703000000002,13.505203,1.67214622172019
1984-03-25,26F/02H,1.6915472,12.420547,1.6696731571885128
1984-03-26,26F/02H,0.7148459,11.767753,2.101967500146399
1984-03-27,26F/02H,0.5614134000000001,12.359024,2.306671613341891
1984-03-28,26F/02H,4.8368164,13.707974,1.9020586581794297
1984-03-29,26F/02H,0.30328,13.029563,2.3169492596225263
1984-03-30,26F/02H,0.33455917,14.352481,2.018703429222015
1984-03-31,26F/02H,8.982341,12.9123125,1.8924626681805203
1984-04-01,26F/02H,1.0384200000000001,13.043738,1.909609787461914
1984-04-02,26F/02H,0.18952135,14.084038,2.089127691269454
1984-04-03,26F/02H,0.23760614000000002,14.634997,1.584143509019544
1984-04-04,26F/02H,0.18964854,14.134263,2.259287675463713
1984-04-05,26F/02H,0.00033476087,13.225921,2.5235018169292336
1984-04-06,26F/02H,0.0008523462000000001,14.596073,3.5302053138512623
1984-04-07,26F/02H,0.0012814988000000001,17.883873,4.169646822771343
1984-04-08,26F/02H,0.00092303133,17.371542,3.2309638666765337
1984-04-09,26F/02H,0.007145117,15.807182,3.31343535785088
1984-04-10,26F/02H,0.2788737,15.413533,3.147129135036268
1984-04-11,26F/02H,11.343323,15.81899,2.762030751012757
1984-04-12,26F/02H,4.5503623,15.837293,2.739069085212507
1984-04-13,26F/02H,5.502897,14.820293,2.81248141372903
1984-04-14,26F/02H,2.6291023,14.253914,2.928734235033161
1984-04-15,26F/02H,0.68832263,14.115691,2.455328113313184
1984-04-16,26F/02H,0.0017578003,14.496263,3.169236135863996
1984-04-17,26F/02H,0.0017184074,15.898181,3.92277495187216
1984-04-18,26F/02H,0.005264119,17.171228,4.100053798463361
1984-04-19,26F/02H,0.001710653,17.590742,4.253058531418451
1984-04-20,26F/02H,0.0012874597000000002,19.391848,4.503840177411735
1984-04-21,26F/02H,1.3865302,17.652372,3.268278662216172
1984-04-22,26F/02H,2.3046113,16.74135,3.4119509382613726
1984-04-23,26F/02H,8.379033999999999,15.949963,3.136719996476912
1984-04-24,26F/02H,7.0852227,15.682979,3.0104904706761992
1984-04-25,26F/02H,1.6409216,15.830948,3.053876837072675
1984-04-26,26F/02H,0.3918378,17.653769,3.968543441335229
1984-04-27,26F/02H,13.545073,16.05671,2.7063888374773644
1984-04-28,26F/02H,1.1469194,16.065006,3.5048723143620584
1984-04-29,26F/02H,2.2327358,15.804794,2.9455378263671728
1984-04-30,26F/02H,0.6308579999999999,15.372311,2.3329524232205463
1984-05-01,26F/02H,4.324434,13.93163,2.300910344402456
1984-05-02,26F/02H,4.446871,13.753857,2.456797157386082
1984-05-03,26F/02H,0.4242745,14.330928,2.6063637959623214
1984-05-04,26F/02H,0.13546036,13.670022,2.772156140128762
1984-05-05,26F/02H,0.11940286,14.189205,2.72500436797528
1984-05-06,26F/02H,0.9428727,14.352158,2.8645234499520407
1984-05-07,26F/02H,0.0008523462000000001,14.439139,3.102425065466715
1984-05-08,26F/02H,8.117691,13.929485,2.730036959473537
1984-05-09,26F/02H,0.2075007,15.149475,3.7091987355355274
1984-05-10,26F/02H,0.0037178626000000004,15.823894,3.994032715629237
1984-05-11,26F/02H,0.0013048756,15.726874,3.93579582667898
1984-05-12,26F/02H,0.0012904401000000002,16.175213,4.18784758027362
1984-05-13,26F/02H,0.0004410743,15.138642,3.1281313666170005
1984-05-14,26F/02H,0.7639427,13.539659,2.5549066762294683
1984-05-15,26F/02H,1.2123114000000002,13.111565,2.598077879932833
1984-05-16,26F/02H,1.3826592,12.82642,2.4925965223593787
1984-05-17,26F/02H,19.431113,12.831868,2.535784014306976
1984-05-18,26F/02H,7.6791357,11.571435,2.3708503976404662
1984-05-19,26F/02H,4.0400647,11.788838,3.08681059681645
1984-05-20,26F/02H,6.166069,12.506581,1.9758723066661024
1984-05-21,26F/02H,6.3687485,11.9710245,2.4290645612863413
1984-05-22,26F/02H,3.0648345,11.999345,2.719607033072968
1984-05-23,26F/02H,0.46793826000000005,12.927241,2.640794104287452
1984-05-24,26F/02H,1.0624026,14.114779,2.5468856974789187
1984-05-25,26F/02H,0.022149218000000002,14.330049,3.1521914867418066
1984-05-26,26F/02H,0.35972745,14.053204,3.1241775668401703
1984-05-27,26F/02H,0.0017195934,14.6726465,3.713156574776745
1984-05-28,26F/02H,0.0036807685000000002,13.997326,3.2693081633836982
1984-05-29,26F/02H,7.7921973,14.294013,2.6864369216564485
1984-05-30,26F/02H,0.23226372,15.647433,3.979091972716523
1984-05-31,26F/02H,0.0023427397999999998,14.464626,2.8223829507530938
1984-06-01,26F/02H,0.54675525,14.700423,2.757434752054608
1984-06-02,26F/02H,4.8329023,13.4161005,2.464897770151366
1984-06-03,26F/02H,2.9269258000000002,13.794815,2.882704771331436
1984-06-04,26F/02H,5.325182,16.18702,2.34613928445361
1984-06-05,26F/02H,0.017185444,14.90832,3.044735380096064
1984-06-06,26F/02H,0.47204523000000004,14.625924,3.2336769117920694
1984-06-07,26F/02H,1.2078625,15.618579,3.4037940903150554
1984-06-08,26F/02H,0.0014044323999999999,16.514318,4.393636276375641
1984-06-09,26F/02H,0.0018987249,17.193525,4.381115658196307
1984-06-10,26F/02H,0.0018148834000000001,18.514532,4.830227403557646
1984-06-11,26F/02H,0.00043511376000000005,21.734274,5.662256880312878
1984-06-12,26F/02H,0.0004351138,22.351334,4.89535924674114
1984-06-13,26F/02H,0.0004351138,22.828049,6.123424375427895
1984-06-14,26F/02H,0.0021594641000000003,23.595018,6.1275123530237385
1984-06-15,26F/02H,0.0012826521,22.83903,5.7997164332007936
1984-06-16,26F/02H,0.0008417947999999999,20.758379,4.893747631812605
1984-06-17,26F/02H,1.1513551,19.793682,4.814711562307925
1984-06-18,26F/02H,1.5738213,19.815031,4.358460970304156
1984-06-19,26F/02H,0.12647843,19.801847,4.336873894825526
1984-06-20,26F/02H,0.10687716,18.99802,4.107962761863222
1984-06-21,26F/02H,0.12938895,18.483603,3.6053994436587535
1984-06-22,26F/02H,0.0071763234,19.727411,4.5790536874667325
1984-06-23,26F/02H,0.0026620278000000002,22.044455,5.285665990301554
1984-06-24,26F/02H,0.0017225736,22.300043,5.080655542753403
1984-06-25,26F/02H,0.0,22.804052,5.480235633873402
1984-06-26,26F/02H,0.21795079,20.56859,4.163688467709564
1984-06-27,26F/02H,0.0008583068,19.469397,4.446896763609277
1984-06-28,26F/02H,0.021571634,19.311554,4.086562167801192
1984-06-29,26F/02H,0.0068780127,19.077478,4.156616627858414
1984-06-30,26F/02H,0.3435859,18.475779,3.6257233060866825
1984-07-01,26F/02H,0.16977194,18.598616,3.917694303010484
1984-07-02,26F/02H,0.0008702276300000001,19.821012,5.012028876744697
1984-07-03,26F/02H,0.0015725617000000001,21.020971,5.7532820567219485
1984-07-04,26F/02H,0.0047669315,20.547197,5.189866156955541
1984-07-05,26F/02H,0.0039519808,19.943472,4.867431365023562
1984-07-06,26F/02H,0.002496859,19.669127,4.683585211127412
1984-07-07,26F/02H,0.002214039,19.553812,4.820340503072529
1984-07-08,26F/02H,0.0025794804,19.516483,4.70666271517806
1984-07-09,26F/02H,0.0020257187,19.57099,4.977101188999979
1984-07-10,26F/02H,0.06416394,20.154623,4.256579126858901
1984-07-11,26F/02H,0.107961815,19.42048,3.8969843897718106
1984-07-12,26F/02H,0.0012814989000000001,19.666271,4.68418504590141
1984-07-13,26F/02H,0.0021792684000000004,22.09594,5.727435318469809
1984-07-14,26F/02H,0.0008642672,22.541838,5.510968150248786
1984-07-15,26F/02H,0.0001877711,22.451624,5.473088235647248
1984-07-16,26F/02H,0.0029500850000000003,20.844522,4.78513405765295
1984-07-17,26F/02H,0.011440052,19.900393,4.789642171566077
1984-07-18,26F/02H,0.020435532,19.776726,4.58271997812372
1984-07-19,26F/02H,0.0023093052,19.357138,4.893454812881843
1984-07-20,26F/02H,0.002698311,20.084257,4.6548981213137015
1984-07-21,26F/02H,0.001710653,22.091972,5.949500963323327
1984-07-22,26F/02H,0.053233800000000005,24.104784,6.609854616855028
1984-07-23,26F/02H,0.001289034,22.90374,5.138383212167703
1984-07-24,26F/02H,0.0008630665,22.177744,5.400153652725193
1984-07-25,26F/02H,0.00044236752,21.553831,5.199132480646423
1984-07-26,26F/02H,0.0001877711,21.130354,5.0492807271663125
1984-07-27,26F/02H,0.0017252709,21.898191,5.36822921092976
1984-07-28,26F/02H,0.0004410743,26.18872,7.113319948129385
1984-07-29,26F/02H,0.0017345854,24.755373,5.838003018324019
1984-07-30,26F/02H,0.0015210702,20.529848,3.859992260890062
1984-07-31,26F/02H,0.1788326,21.681475,4.255408082281897
1984-08-01,26F/02H,0.0021524265,23.153498,5.81691783906782
1984-08-02,26F/02H,0.0017166129,23.644789,5.4607425779175935
1984-08-03,26F/02H,0.0012865475,20.735537,4.557511102960013
1984-08-04,26F/02H,0.002572172,20.534796,4.888729585359871
1984-08-05,26F/02H,0.0008555896,22.878204,5.809000699338446
1984-08-06,26F/02H,0.00043511376000000005,24.23091,5.629305194494145
1984-08-07,26F/02H,0.0,22.327333,4.916357700318411
1984-08-08,26F/02H,0.0,21.086336,5.074497345637514
1984-08-09,26F/02H,0.0008583069,25.698229,6.136302850599734
1984-08-10,26F/02H,0.0,24.806282,5.163495413950899
1984-08-11,26F/02H,0.0029866114000000003,23.138512,5.0290416762969965
1984-08-12,26F/02H,0.0,22.853537,5.123292868146887
1984-08-13,26F/02H,0.0,20.887846,4.4650463074910025
1984-08-14,26F/02H,0.004898185,20.335974,4.352493767447482
1984-08-15,26F/02H,0.0012280252,19.736946,4.223168411311818
1984-08-16,26F/02H,0.00042617315,19.47058,4.006816317065867
1984-08-17,26F/02H,0.0008523462000000001,20.576727,4.489845840400283
1984-08-18,26F/02H,0.0008642672,21.179516,4.868557173123
1984-08-19,26F/02H,0.0004410743,21.366152,4.713220508044812
1984-08-20,26F/02H,0.0034257111999999998,20.440897,3.927169604193197
1984-08-21,26F/02H,0.21444258,19.788948,3.2420648753289525
1984-08-22,26F/02H,1.5982559,19.126905,3.043851596814772
1984-08-23,26F/02H,0.49657209999999996,19.216848,3.0083749574655494
1984-08-24,26F/02H,0.47039640000000005,20.28443,3.687192492787467
1984-08-25,26F/02H,0.0078246145,22.689491,4.371924224631636
1984-08-26,26F/02H,0.0,23.156418,4.50598904262174
1984-08-27,26F/02H,0.0068588243,20.907122,4.0239106608674255
1984-08-28,26F/02H,0.0008583068,23.362188,4.9709489416414
1984-08-29,26F/02H,0.0,23.385176,4.65897925892509
1984-08-30,26F/02H,0.00042617315,25.059092,5.353351166314835
1984-08-31,26F/02H,0.0013747413,25.208475,5.507445968470705
1984-09-01,26F/02H,0.13475089,22.278524,3.629757462917196
1984-09-02,26F/02H,0.09195026,20.965937,3.5419382320364714
1984-09-03,26F/02H,0.0008583069,21.050524,3.89211778458456
1984-09-04,26F/02H,0.0019863257,21.044352,3.903256792461982
1984-09-05,26F/02H,0.0,20.659868,3.4061605491363887
1984-09-06,26F/02H,0.00043511376000000005,21.431387,4.302235826207412
1984-09-07,26F/02H,1.1884721999999999,21.848152,3.564263500083301
1984-09-08,26F/02H,0.11210297,22.905996,3.894780798584859
1984-09-09,26F/02H,0.00042617315,22.770859,4.127650723631569
1984-09-10,26F/02H,0.0012879163,20.816362,3.828247219578423
1984-09-11,26F/02H,0.0004410743,21.700203,4.070652701006929
1984-09-12,26F/02H,0.0017144284000000002,20.428316,3.5713181258728266
1984-09-13,26F/02H,0.0012993804,20.162363,3.834189937755332
1984-09-14,26F/02H,0.002145766,21.021843,4.136903217155133
1984-09-15,26F/02H,0.0012639976,20.861443,3.8094514868586944
1984-09-16,26F/02H,0.0017166129,21.91303,4.202429401248562
1984-09-17,26F/02H,0.00043511376000000005,22.829565,4.216946215512119
1984-09-18,26F/02H,0.00043511376000000005,20.0287,3.598608798673049
1984-09-19,26F/02H,0.0004410743,21.4394,3.764336727042932
1984-09-20,26F/02H,0.00042764738,20.241945,3.718193875541049
1984-09-21,26F/02H,0.0016816967000000001,19.22149,3.194976565508653
1984-09-22,26F/02H,0.00043511376000000005,19.087637,3.6569367361000937
1984-09-23,26F/02H,0.0032974398,18.525045,2.9771531482112503
1984-09-24,26F/02H,0.036715702,18.87169,2.6635607754592674
1984-09-25,26F/02H,0.0008583068,17.778507,3.2660577864136924
1984-09-26,26F/02H,0.00085949945,18.765123,3.5016431816530176
1984-09-27,26F/02H,0.0010326261999999999,18.2666,2.816071588681453
1984-09-28,26F/02H,1.569126,17.15458,2.376503249835397
1984-09-29,26F/02H,0.0851653,17.605661,2.371443035441165
1984-09-30,26F/02H,0.0012934204000000001,17.811415,2.775977300978304
1984-10-01,26F/02H,0.68140283,17.949661,2.138565438573031
1984-10-02,26F/02H,4.9508887,16.67435,2.1861872977292487
1984-10-03,26F/02H,0.12935006999999998,15.853448,2.0725764988308697
1984-10-04,26F/02H,3.6955590000000003,17.386389,1.8635678053972384
1984-10-05,26F/02H,0.45361398,15.635597,1.9103571005439808
1984-10-06,26F/02H,0.00042617315,14.921833,2.2446103726308566
1984-10-07,26F/02H,0.0012807348999999998,15.881164,2.696208174550235
1984-10-08,26F/02H,0.00043511381999999997,17.403303,3.1096344280613097
1984-10-09,26F/02H,0.00042617315,17.534355,3.1412093096855243
1984-10-10,26F/02H,0.0017285336,16.858086,2.751066899825152
1984-10-11,26F/02H,0.0036510672999999997,16.621359,2.7112090429488798
1984-10-12,26F/02H,0.0022449892000000003,16.590494,2.793802307159592
1984-10-13,26F/02H,0.0033186360000000002,17.82733,2.99371972122795
1984-10-14,26F/02H,0.0012975878999999999,19.548979,3.20388234571426
1984-10-15,26F/02H,0.0012944891,19.259954,2.926265497060513
1984-10-16,26F/02H,0.002571939,18.876904,2.7373396042892684
1984-10-17,26F/02H,0.0004351138,17.59675,2.423534835701433
1984-10-18,26F/02H,0.15367330999999998,15.853011,2.050039483236817
1984-10-19,26F/02H,16.144972,17.03836,1.2751332762419492
1984-10-20,26F/02H,0.018364378,15.354278,1.6041115707804627
1984-10-21,26F/02H,0.0017195933,15.083859,1.9457321806582688
1984-10-22,26F/02H,0.00042617315,16.59494,2.462546066264734
1984-10-23,26F/02H,0.00043511376000000005,18.073738,2.469692009192879
1984-10-24,26F/02H,0.0008523462000000001,17.101847,2.3392485218349117
1984-10-25,26F/02H,0.6766893,15.932628,1.8648603171696845
1984-10-26,26F/02H,1.067959,16.928904,1.6982153918148346
1984-10-27,26F/02H,1.3579377,18.37158,1.559436534779504
1984-10-28,26F/02H,0.029479052,18.135447,1.9745840062896567
1984-10-29,26F/02H,0.0,17.75289,2.204155088921737
1984-10-30,26F/02H,0.004802676,17.044333,2.060993771401492
1984-10-31,26F/02H,0.15571375,16.961103,2.0987596282694785
1984-11-01,26F/02H,0.53904504,16.535185,1.2437584141530906
1984-11-02,26F/02H,6.3354170000000005,14.931104,1.4391259900944802
1984-11-03,26F/02H,5.2114204,12.770283,1.706039716719497
1984-11-04,26F/02H,18.22682,13.178338,1.1186010015481285
1984-11-05,26F/02H,1.8838291,13.080785,1.3323214221122852
1984-11-06,26F/02H,7.002778,14.440837,0.9716064304492432
1984-11-07,26F/02H,17.646643,12.674584,0.7548516481002249
1984-11-08,26F/02H,8.52005,12.7216215,1.2505683612392375
1984-11-09,26F/02H,4.7396650000000005,12.32047,0.985727008720583
1984-11-10,26F/02H,0.0017135134000000002,11.868168,1.4491094631869763
1984-11-11,26F/02H,0.00042617315,13.134332,1.314231648122194
1984-11-12,26F/02H,6.8997915,12.791747,1.3115606226122716
1984-11-13,26F/02H,0.11065588,11.975991,0.9548142856082278
1984-11-14,26F/02H,1.5493516,13.139548,0.9559663881433764
1984-11-15,26F/02H,1.1455122,14.334256,0.9446013859732504
1984-11-16,26F/02H,7.706339,16.176592,0.8124549826782961
1984-11-17,26F/02H,3.2369758,15.914346,0.9256986125593648
1984-11-18,26F/02H,4.2865815000000005,15.160416,0.8546750040670564
1984-11-19,26F/02H,0.018951427,14.483129,0.9678367542724582
1984-11-20,26F/02H,0.845604,13.790104,1.285732411028625
1984-11-21,26F/02H,0.27711542,14.202812,1.115561606294455
1984-11-22,26F/02H,0.059308033,14.88598,1.0534401631155983
1984-11-23,26F/02H,0.03751057,13.735713,1.1483133635063885
1984-11-24,26F/02H,0.020683924000000003,14.61336,1.2417254991791349
1984-11-25,26F/02H,0.014175471,14.449674,1.3982973289243277
1984-11-26,26F/02H,0.013014344,14.34092,1.3611468935388085
1984-11-27,26F/02H,0.0021487465,14.788989,1.554652869973204
1984-11-28,26F/02H,0.0017198752,13.612289,1.511472754247934
1984-11-29,26F/02H,4.6157114,12.925397,1.2986818469134416
1984-11-30,26F/02H,8.6413545,13.097039,0.8086977747403973
1984-12-01,26F/02H,2.3530112,11.785694,0.7405168573355837
1984-12-02,26F/02H,2.1560146000000002,12.45029,0.9903154097522824
1984-12-03,26F/02H,2.0517570000000003,14.779386,0.9236366596209408
1984-12-04,26F/02H,0.5709917000000001,14.304417,0.8681568612012427
1984-12-05,26F/02H,2.5593384,14.035235,1.2397885516762308
1984-12-06,26F/02H,24.917277,12.788342,0.6728069812019292
1984-12-07,26F/02H,2.8781423,12.13739,1.0837189109843743
1984-12-08,26F/02H,1.152587,13.421813,0.9492151251275668
1984-12-09,26F/02H,0.0017195933,14.309845,1.2311477111980786
1984-12-10,26F/02H,0.00042617315,13.716165,1.1350152187976357
1984-12-11,26F/02H,0.0,14.557143,1.0944948049731509
1984-12-12,26F/02H,25.585705,14.399441,0.7545964347186406
1984-12-13,26F/02H,0.15015518,12.254567,0.8526047188439899
1984-12-14,26F/02H,0.12057225,11.865414,1.1408847647992788
1984-12-15,26F/02H,7.0975913,13.993846,0.8703857269088824
1984-12-16,26F/02H,0.08277936,13.85738,1.1736533288990634
1984-12-17,26F/02H,0.048896492,11.358264,0.8659052874830978
1984-12-18,26F/02H,0.38483510000000004,11.936737,1.026628923724227
1984-12-19,26F/02H,0.0004351138,9.900267,1.0723872343433034
1984-12-20,26F/02H,0.0017177217,9.639018,1.1189343462178856
1984-12-21,26F/02H,0.004836008,13.198871,1.127330682903105
1984-12-22,26F/02H,0.00042617315,12.361675,1.19087585506324
1984-12-23,26F/02H,0.00043370298000000004,10.548753,1.19673427086862
1984-12-24,26F/02H,0.00095770663,10.428504,1.0467680319765884
1984-12-25,26F/02H,0.0017280753,8.866633,0.92960831284851
1984-12-26,26F/02H,0.06821545999999999,9.757892,0.8512310512918705
1984-12-27,26F/02H,1.0683945000000001,10.028908,0.797668327083233
1984-12-28,26F/02H,0.004658596,10.790315,1.1098382478197262
1984-12-29,26F/02H,0.008188104,12.302963,1.121183180999362
1984-12-30,26F/02H,0.0008642672300000001,8.681424,1.164955862717561
1984-12-31,26F/02H,0.000860765,8.524436,1.1229259880481175
1985-01-01,26F/02H,0.0,8.67125,1.2196980694947208
1985-01-02,26F/02H,0.0038653605,8.794971,1.2069054476068033
1985-01-03,26F/02H,0.48835280000000003,9.35694,1.2017053896505678
1985-01-04,26F/02H,17.857951,12.750766,0.9567351537624598
1985-01-05,26F/02H,12.364304,11.024391,0.8877318242277308
1985-01-06,26F/02H,1.8891208,10.403819,0.9974297885575965
1985-01-07,26F/02H,0.00085532653,7.6613197,1.0186055431338217
1985-01-08,26F/02H,0.00043511376000000005,4.9908705,1.019954942502721
1985-01-09,26F/02H,0.018766872,4.424653,0.9660966558571312
1985-01-10,26F/02H,0.0012814989000000001,4.8323035,1.0141591185857988
1985-01-11,26F/02H,0.0,4.9424243,1.0581142341985634
1985-01-12,26F/02H,0.0,5.4107404,1.0030328461290348
1985-01-13,26F/02H,17.095002,5.31615,0.7050421159289421
1985-01-14,26F/02H,0.021208359000000003,4.9085717,1.0071135771931972
1985-01-15,26F/02H,0.0012946774999999999,3.5127761,0.8065938759129796
1985-01-16,26F/02H,0.27823935,5.8555264,1.193263523541238
1985-01-17,26F/02H,12.984906,12.761256,0.9094652814912176
1985-01-18,26F/02H,0.13778639,11.140446,1.0650629084495995
1985-01-19,26F/02H,8.485356,12.107311,1.319889978506183
1985-01-20,26F/02H,29.166557,14.115601,0.4643407388290048
1985-01-21,26F/02H,23.987273000000002,14.400119,0.831144503570693
1985-01-22,26F/02H,27.642102,12.560792,0.9571849857058072
1985-01-23,26F/02H,2.7779265,10.546212,1.0071659006110438
1985-01-24,26F/02H,0.0032230144,9.065348,0.9836442400904116
1985-01-25,26F/02H,15.774388000000002,11.137889,1.3513863282529912
1985-01-26,26F/02H,0.15689377999999998,11.283093,1.0372307211824217
1985-01-27,26F/02H,0.002153193,8.463119,1.328422184601131
1985-01-28,26F/02H,0.0060455,9.867518,1.4536568586794518
1985-01-29,26F/02H,0.04791196,10.74157,1.357834467958176
1985-01-30,26F/02H,0.0,11.612774,1.5526892259197758
1985-01-31,26F/02H,0.0008523462000000001,12.506898,1.8092287813784536
1985-02-01,26F/02H,0.0004351138,13.082591,1.8406386805149264
1985-02-02,26F/02H,0.0008702276300000001,11.978274,1.743686379116279
1985-02-03,26F/02H,0.0012814989000000001,12.115619,1.939634491721289
1985-02-04,26F/02H,2.5835298,13.76315,1.4486221094108784
1985-02-05,26F/02H,0.26359293,13.948218,1.5220820520687186
1985-02-06,26F/02H,2.9918271,14.579274,1.4998183347612817
1985-02-07,26F/02H,29.044318,13.279915,1.1138117708128277
1985-02-08,26F/02H,9.067502000000001,13.257712,1.2825304402178488
1985-02-09,26F/02H,18.780592000000002,14.381505,1.1094240395109551
1985-02-10,26F/02H,15.891121,14.315316,1.3669424952220337
1985-02-11,26F/02H,8.396618,15.490475,0.935121532461868
1985-02-12,26F/02H,6.1447954000000005,15.10474,1.071127186541475
1985-02-13,26F/02H,4.150158,14.253838,0.944501077686643
1985-02-14,26F/02H,0.5424865999999999,13.849042,1.1409698487873914
1985-02-15,26F/02H,0.22738019,14.042964,1.3685242597886278
1985-02-16,26F/02H,8.586035,13.376736,1.2427533065835454
1985-02-17,26F/02H,7.4882363,11.918335,1.1142909949206394
1985-02-18,26F/02H,0.62335297,11.261993,1.52037324419525
1985-02-19,26F/02H,1.6128016,10.746816,1.785673671824527
1985-02-20,26F/02H,21.092818,10.008653,1.0220046232343751
1985-02-21,26F/02H,2.2344391999999997,11.206759,1.204340252841482
1985-02-22,26F/02H,0.036381058,11.501221,1.6788073859607402
1985-02-23,26F/02H,0.016809778,12.249161,1.87617209710759
1985-02-24,26F/02H,0.4369746,12.447311,1.8428502713101056
1985-02-25,26F/02H,4.592128,12.813149,1.6729181437615324
1985-02-26,26F/02H,2.2471574999999997,12.675738,1.6414201207030146
1985-02-27,26F/02H,7.3895,12.726821,1.282249228206468
1985-02-28,26F/02H,5.202694999999999,13.465778,1.545309250392515
1985-03-01,26F/02H,0.012926864,11.357581,1.4204205049712024
1985-03-02,26F/02H,0.015239177,10.782084,1.6558937914954517
1985-03-03,26F/02H,0.25649753,10.737583,1.8966957448362016
1985-03-04,26F/02H,0.6875526,10.4047165,1.3837199201825598
1985-03-05,26F/02H,0.0019441360000000002,10.312192,1.7620825279753844
1985-03-06,26F/02H,0.0017237362,10.262415,1.9273109017341157
1985-03-07,26F/02H,0.023814333000000003,10.979592,2.0838577210127864
1985-03-08,26F/02H,0.019679580000000002,12.291999,1.9793577837174685
1985-03-09,26F/02H,0.003884442,12.45607,2.2973862917372743
1985-03-10,26F/02H,0.00084638584,14.101747,2.692891777064495
1985-03-11,26F/02H,0.0004351138,13.475037,2.5094654799481004
1985-03-12,26F/02H,0.0004276632,12.756168,2.347847745111141
1985-03-13,26F/02H,0.00042617315,10.692668,2.052605048167428
1985-03-14,26F/02H,0.0012922192,10.59603,2.434689472710126
1985-03-15,26F/02H,0.0012622868,10.900611,2.298202212133589
1985-03-16,26F/02H,0.001716613,11.388513,2.236458006796208
1985-03-17,26F/02H,0.0021398063000000003,10.988849,2.1054197208882246
1985-03-18,26F/02H,0.126674934,11.987607,2.2899226561911625
1985-03-19,26F/02H,2.7806624,12.480343,1.7653595432445774
1985-03-20,26F/02H,1.1823838,12.106785,1.6798581029223034
1985-03-21,26F/02H,3.2064775,14.062705,1.658510236072396
1985-03-22,26F/02H,1.6545969,13.598569,1.8043793954557448
1985-03-23,26F/02H,0.0037316084,11.672862,1.932461970011598
1985-03-24,26F/02H,0.25585709,11.767596,2.07513582185052
1985-03-25,26F/02H,1.6066346,12.816608,2.1484089607133847
1985-03-26,26F/02H,0.0017152642,11.983574,2.7433729144106778
1985-03-27,26F/02H,0.14312907000000002,11.9397955,2.448318992822844
1985-03-28,26F/02H,0.0018020794,12.038157,2.491642951453073
1985-03-29,26F/02H,0.08108486000000001,12.166379,2.966930293347454
1985-03-30,26F/02H,0.0017255288,13.402341,3.051115305911404
1985-03-31,26F/02H,0.0073500843,14.329937,3.006612238946889
1985-04-01,26F/02H,0.0,15.159095,3.142000957424472
1985-04-02,26F/02H,0.0017062865000000002,16.479408,4.011582030039217
1985-04-03,26F/02H,0.0,17.551159,3.662276703439385
1985-04-04,26F/02H,10.829536000000001,14.644031,2.0992760857020394
1985-04-05,26F/02H,3.3136284000000003,14.022809,1.92752423807891
1985-04-06,26F/02H,2.6327905,15.068425,1.90587309215342
1985-04-07,26F/02H,4.1678135,15.496361,1.9249194760575528
1985-04-08,26F/02H,3.5389456,13.9545555,2.11526861779466
1985-04-09,26F/02H,3.975686,11.735053,2.1347260115475737
1985-04-10,26F/02H,1.4152622,11.8417425,2.4579428407232413
1985-04-11,26F/02H,0.0008702277,12.87357,3.101846447338446
1985-04-12,26F/02H,0.0008687268500000001,15.155014,3.5480185242530875
1985-04-13,26F/02H,0.0004351138,14.269405,3.3502315572111194
1985-04-14,26F/02H,0.0008593077700000001,14.641921,3.7612400197683575
1985-04-15,26F/02H,0.0,16.264013,4.055254390120169
1985-04-16,26F/02H,0.0,18.222664,4.499192749428843
1985-04-17,26F/02H,0.0017208766,17.963654,4.365816542082414
1985-04-18,26F/02H,0.001708957,17.070171,4.13783125597516
1985-04-19,26F/02H,0.35705838,16.9879,3.729704132355785
1985-04-20,26F/02H,12.245178000000001,14.3271,2.417725387237244
1985-04-21,26F/02H,5.036895,13.128204,2.2571413557896483
1985-04-22,26F/02H,5.409627,11.366296,1.8530459828201824
1985-04-23,26F/02H,23.807720000000003,10.014016,1.8013104371484452
1985-04-24,26F/02H,2.621448,10.903736,2.499646153043152
1985-04-25,26F/02H,7.0390435,12.16373,3.029241567465593
1985-04-26,26F/02H,9.514745000000001,13.519599,3.592479473856974
1985-04-27,26F/02H,5.4396025,14.098151,2.9827021740683874
1985-04-28,26F/02H,1.1468416,14.061909,3.13733238427816
1985-04-29,26F/02H,0.335565,15.444617,3.981283360638512
1985-04-30,26F/02H,0.22922797,18.688353,4.705206846113067
1985-05-01,26F/02H,0.19630908,18.274733,3.699246616974376
1985-05-02,26F/02H,0.31660962000000004,16.021193,3.153559902249356
1985-05-03,26F/02H,0.2587009,15.387829,2.9207332040235365
1985-05-04,26F/02H,0.057232727,15.745227,3.094052838626778
1985-05-05,26F/02H,0.712327,13.321262,2.3262729630291163
1985-05-06,26F/02H,5.817068,11.482784,2.3916314493770585
1985-05-07,26F/02H,0.0011575346,12.133831,3.0436630828129307
1985-05-08,26F/02H,0.0012814989000000001,13.49252,3.43028503924069
1985-05-09,26F/02H,0.0,15.1837435,3.967137231718979
1985-05-10,26F/02H,0.003010611,14.7865305,3.458377578699492
1985-05-11,26F/02H,0.0012934206,14.72409,3.764610482882192
1985-05-12,26F/02H,0.11254407000000001,14.1625185,3.4843323402398445
1985-05-13,26F/02H,0.3632072,13.469821,2.812113567559252
1985-05-14,26F/02H,0.5954056000000001,13.456483,2.847704445145703
1985-05-15,26F/02H,2.2617952,13.523923,2.513281077947408
1985-05-16,26F/02H,0.07836691000000001,13.227658,2.5356197209501747
1985-05-17,26F/02H,0.0004410743,15.419709,4.303691067360066
1985-05-18,26F/02H,0.015459487,17.840988,4.667324413307375
1985-05-19,26F/02H,0.5654281,17.561487,4.223278470821004
1985-05-20,26F/02H,0.016880945,15.243905,3.2491308995366146
1985-05-21,26F/02H,0.0014933494,14.99492,3.493584778158553
1985-05-22,26F/02H,1.0436263,14.356266,3.5968348936787478
1985-05-23,26F/02H,0.7747556,14.476269,2.951936143674561
1985-05-24,26F/02H,0.12275408,14.763645,3.5917187862981157
1985-05-25,26F/02H,0.019938847,16.109959,4.171649881651022
1985-05-26,26F/02H,8.189596,16.372395,2.772038826799493
1985-05-27,26F/02H,0.6314998000000001,15.550269,2.915602238301458
1985-05-28,26F/02H,0.002014365,16.312767,4.175809919450443
1985-05-29,26F/02H,3.3232107,15.783745,3.3546243895609127
1985-05-30,26F/02H,2.5361794,17.58695,3.4368409821497927
1985-05-31,26F/02H,0.4551043,17.285566,3.5730512823215337
1985-06-01,26F/02H,6.0923867000000005,16.556385,3.132377931844532
1985-06-02,26F/02H,0.9694526,16.35502,3.5030315927311078
1985-06-03,26F/02H,0.09334692,16.256414,2.856645531865933
1985-06-04,26F/02H,0.5607491,17.000349,3.883232749780946
1985-06-05,26F/02H,0.9557019,17.519594,3.1304522402798813
1985-06-06,26F/02H,0.4509317,17.123829,3.326061083632443
1985-06-07,26F/02H,0.037456223000000004,16.826817,3.684396430714156
1985-06-08,26F/02H,0.0011323597000000001,17.318481,3.694763464868825
1985-06-09,26F/02H,0.0004410743,19.401764,5.188374792010036
1985-06-10,26F/02H,0.00042617315,21.2538,5.458408805541478
1985-06-11,26F/02H,0.0,22.13156,5.499462323047326
1985-06-12,26F/02H,0.0025821337999999998,19.799665,4.402789773289629
1985-06-13,26F/02H,0.0037435846,17.751146,3.8686036715296015
1985-06-14,26F/02H,1.0498934,18.35161,4.411268859617097
1985-06-15,26F/02H,4.9928467,18.194365,4.335650127949226
1985-06-16,26F/02H,0.019338256999999998,19.743095,4.397475015944579
1985-06-17,26F/02H,0.0006495155,21.674805,5.283510076965318
1985-06-18,26F/02H,0.49321994,20.922075,4.5643269825619095
1985-06-19,26F/02H,0.0017241112,19.044004,3.969527800588342
1985-06-20,26F/02H,0.0,19.813293,5.04394118926051
1985-06-21,26F/02H,0.0012874879,19.467314,4.439702834896785
1985-06-22,26F/02H,0.0,18.60684,4.1756493569371536
1985-06-23,26F/02H,0.0017116745,18.639078,4.361650104451493
1985-06-24,26F/02H,0.0035006037000000004,21.085001,5.231867089445737
1985-06-25,26F/02H,0.00084638584,21.931051,5.633441573078791
1985-06-26,26F/02H,0.0017109148999999999,22.621363,5.495564916429859
1985-06-27,26F/02H,0.0012934506,23.59482,5.727869579695223
1985-06-28,26F/02H,0.0017240818,21.508768,5.149698108927123
1985-06-29,26F/02H,0.0004351138,21.387545,5.639583860014525
1985-06-30,26F/02H,0.00042617315,22.250755,5.730942494955136
1985-07-01,26F/02H,0.22597319,20.59344,4.879179428495716
1985-07-02,26F/02H,1.4621199,18.217367,3.339918117663692
1985-07-03,26F/02H,0.36067224,18.528605,3.601812763559095
1985-07-04,26F/02H,0.0012997205999999999,20.42848,5.1878507941377165
1985-07-05,26F/02H,0.0008523462000000001,23.858103,6.109971051783512
1985-07-06,26F/02H,0.0025629976000000002,25.671244,6.478516098394969
1985-07-07,26F/02H,0.052604740000000004,25.300957,6.264082280855272
1985-07-08,26F/02H,0.0018646098,20.869349,4.228123311282265
1985-07-09,26F/02H,0.012923934,20.490927,4.5596937717855
1985-07-10,26F/02H,0.010369593,20.490595,4.566101477974764
1985-07-11,26F/02H,0.01013288,20.262644,4.69653742628332
1985-07-12,26F/02H,0.00582782,20.9816,5.177442469482675
1985-07-13,26F/02H,0.037469883,20.280033,4.567018825542869
1985-07-14,26F/02H,0.0013214785,20.67258,4.811568267622603
1985-07-15,26F/02H,0.0027245965000000003,21.191526,5.193428328257353
1985-07-16,26F/02H,0.0036193619,21.255587,5.329038667869289
1985-07-17,26F/02H,0.0012790805,22.2109,5.496414966502739
1985-07-18,26F/02H,0.013359947,21.090555,4.748442978150783
1985-07-19,26F/02H,0.011688752,21.543152,4.942669541821386
1985-07-20,26F/02H,0.0012755389,22.831026,5.748550883563379
1985-07-21,26F/02H,0.0012918817,23.444876,5.845898668013124
1985-07-22,26F/02H,0.0,25.394213,6.309393503070118
1985-07-23,26F/02H,0.0008503285600000001,26.52935,6.756831611326378
1985-07-24,26F/02H,0.0004410743,26.06163,6.109980465610907
1985-07-25,26F/02H,0.0028390871999999998,21.071154,4.149208007504628
1985-07-26,26F/02H,0.122464165,20.409235,4.0384894083912775
1985-07-27,26F/02H,0.0,19.727423,4.367421130056752
1985-07-28,26F/02H,0.0063550315,19.869192,4.291736871248409
1985-07-29,26F/02H,0.14551959,20.378084,3.7080021320156136
1985-07-30,26F/02H,0.027530224000000002,19.599314,4.092741571253704
1985-07-31,26F/02H,0.0034411565999999997,20.330301,4.84072598906956
1985-08-01,26F/02H,0.0017824962,22.056105,5.32608252320317
1985-08-02,26F/02H,0.0017069458,24.410097,5.981927621193636
1985-08-03,26F/02H,0.0017195933,25.71961,6.313763321771343
1985-08-04,26F/02H,0.0008702277,26.848368,6.533062274079665
1985-08-05,26F/02H,0.0020350961999999998,21.307936,4.08101017903401
1985-08-06,26F/02H,0.0038676705000000003,20.940687,5.08232719270095
1985-08-07,26F/02H,0.0,22.528265,5.643774223105735
1985-08-08,26F/02H,0.0012763839,21.354311,4.819810903274571
1985-08-09,26F/02H,0.0017160318,20.052126,4.304397411694848
1985-08-10,26F/02H,0.0037818546,20.342081,3.9678380081450486
1985-08-11,26F/02H,0.0008583069,20.039839,4.585062513496526
1985-08-12,26F/02H,0.05764927,20.978731,4.26259477107331
1985-08-13,26F/02H,0.0021377327,21.006613,4.699777345475341
1985-08-14,26F/02H,0.0033568614,21.877405,4.967543698630833
1985-08-15,26F/02H,0.00086558545,22.324844,5.060765546378585
1985-08-16,26F/02H,0.0,20.361372,4.5433033726519945
1985-08-17,26F/02H,0.0008583069,21.342169,4.95586065098611
1985-08-18,26F/02H,0.0011445733,21.37808,4.642714752106933
1985-08-19,26F/02H,0.0022721994,22.026602,4.580466497771033
1985-08-20,26F/02H,0.0004602063,21.893011,4.838277354886105
1985-08-21,26F/02H,0.0012988421000000002,22.242594,5.013253694356028
1985-08-22,26F/02H,0.0010531136999999999,23.057129,5.301018633442048
1985-08-23,26F/02H,1.5059596e-05,21.500032,4.311703448043718
1985-08-24,26F/02H,0.0038955953,19.868677,3.858132251946536
1985-08-25,26F/02H,0.0008583069,19.165432,3.784539876150749
1985-08-26,26F/02H,0.0,20.92872,4.989723435720323
1985-08-27,26F/02H,0.0,23.545736,5.1160294719628086
1985-08-28,26F/02H,0.0004351138,22.05159,4.662030494653682
1985-08-29,26F/02H,0.0017048832,21.321756,4.641294800581503
1985-08-30,26F/02H,0.00085276115,20.89054,4.492424039075874
1985-08-31,26F/02H,0.0039326558000000005,22.07425,4.586152768645827
1985-09-01,26F/02H,0.0030004456,23.702919,5.31784936551478
1985-09-02,26F/02H,0.0025702736000000003,23.796515,4.73618707152186
1985-09-03,26F/02H,0.0024176433,22.884064,4.310896416617521
1985-09-04,26F/02H,0.00043511376000000005,23.113792,5.041633696779698
1985-09-05,26F/02H,0.00043511376000000005,23.003408,4.59815046588952
1985-09-06,26F/02H,0.00043511381999999997,22.545708,4.362802665720161
1985-09-07,26F/02H,0.095949066,22.06604,4.190297542824261
1985-09-08,26F/02H,0.002746196,21.203497,3.947897058828342
1985-09-09,26F/02H,0.035510654,20.928972,3.8767748047303017
1985-09-10,26F/02H,0.13267215999999998,23.854143,4.587727165944927
1985-09-11,26F/02H,0.00086426735,24.29048,4.670644839031695
1985-09-12,26F/02H,0.5476304000000001,23.575823,3.3620175823539817
1985-09-13,26F/02H,0.6337057,25.5185,4.499745112299508
1985-09-14,26F/02H,0.0073581777,27.500778,4.850842652805586
1985-09-15,26F/02H,0.0,27.115623,5.215543215418716
1985-09-16,26F/02H,0.0,23.78002,4.084943141806749
1985-09-17,26F/02H,0.02935039,21.349966,3.513650959399484
1985-09-18,26F/02H,0.003202566,22.175898,4.023479943982685
1985-09-19,26F/02H,1.9576139000000001,21.242966,2.988758766540166
1985-09-20,26F/02H,0.9634442000000001,19.78198,2.894857321818441
1985-09-21,26F/02H,0.016897009,19.344767,2.960801572776868
1985-09-22,26F/02H,0.0018111577000000001,19.740938,3.1373675577671807
1985-09-23,26F/02H,0.0021330304,19.90442,3.267549327812079
1985-09-24,26F/02H,0.009199429,20.01359,2.9002156870261704
1985-09-25,26F/02H,0.0039986449999999995,20.252478,3.3079258384128893
1985-09-26,26F/02H,0.002954272,21.918152,3.738557611175865
1985-09-27,26F/02H,0.0017200899,22.395952,3.89617461523588
1985-09-28,26F/02H,0.0004204524,21.776514,3.653363666275909
1985-09-29,26F/02H,0.0,24.525047,4.403256480475373
1985-09-30,26F/02H,0.004144660499999999,24.491882,3.3268545043610422
1985-10-01,26F/02H,0.001267774,21.827583,2.8306471654721865
1985-10-02,26F/02H,0.006094553000000001,19.560575,2.3715021935192184
1985-10-03,26F/02H,1.0511401,19.591482,2.5799908353538643
1985-10-04,26F/02H,0.35766574,18.825235,1.8009791063150808
1985-10-05,26F/02H,0.00085234624,17.831406,2.5909665121888934
1985-10-06,26F/02H,0.0,17.87852,2.685022886259769
1985-10-07,26F/02H,0.00084638584,18.421732,2.8613733491608686
1985-10-08,26F/02H,0.0008523463,18.498117,2.5123560755225025
1985-10-09,26F/02H,0.00086226505,18.490492,2.9396713560138568
1985-10-10,26F/02H,0.0008583068,20.591164,3.3278792302528704
1985-10-11,26F/02H,0.0,22.041636,3.5288618236214178
1985-10-12,26F/02H,0.00041951248,23.442778,3.143775303182674
1985-10-13,26F/02H,0.0017021548,21.808352,3.145124796981802
1985-10-14,26F/02H,0.0,21.864477,3.3148784481874443
1985-10-15,26F/02H,0.0017152460000000001,20.612238,2.929363669705489
1985-10-16,26F/02H,0.0012957752,20.454647,3.0229498075540637
1985-10-17,26F/02H,0.0008523462000000001,19.976114,2.6637758471078583
1985-10-18,26F/02H,0.0021913738,19.01945,2.63295984672322
1985-10-19,26F/02H,0.0008523463,18.897589,2.3783510906005487
1985-10-20,26F/02H,0.0008531988000000001,18.44637,2.5720078880250714
1985-10-21,26F/02H,0.0,19.335978,2.616990635610414
1985-10-22,26F/02H,0.08214803000000001,19.656828,2.496908884449947
1985-10-23,26F/02H,0.0026118426000000003,19.516045,2.354797799913233
1985-10-24,26F/02H,0.0012827512,19.003157,2.4984157813544794
1985-10-25,26F/02H,0.00042617315,18.034132,2.305482497295365
1985-10-26,26F/02H,0.0031194829999999997,15.800744,2.139984881453786
1985-10-27,26F/02H,0.0,16.842167,2.3448512465129085
1985-10-28,26F/02H,0.003012892,17.080795,2.2340522115408947
1985-10-29,26F/02H,0.00042617315,17.669748,2.3307897510758715
1985-10-30,26F/02H,0.009981279000000001,17.310305,1.9581888409332373
1985-10-31,26F/02H,0.021374307999999998,15.586648,1.7558007321847626
1985-11-01,26F/02H,0.4221245,15.992252,2.1139040849114674
1985-11-02,26F/02H,5.726537,17.170374,1.348618574585308
1985-11-03,26F/02H,1.3658547,16.753834,1.532909262904729
1985-11-04,26F/02H,24.10969,18.522343,1.1001223231475994
1985-11-05,26F/02H,4.4610034,20.264315,1.222089703835202
1985-11-06,26F/02H,0.27446048,19.928888,1.2742164379626095
1985-11-07,26F/02H,0.06346415,18.899132,1.6461300800410263
1985-11-08,26F/02H,0.016674835000000002,19.423983,1.890959733360538
1985-11-09,26F/02H,0.10696872,18.984005,1.5748612337628676
1985-11-10,26F/02H,0.033109627,17.819048,1.653890937002515
1985-11-11,26F/02H,6.775081500000001,16.745281,1.4022282843323766
1985-11-12,26F/02H,2.3313870000000003,13.7433195,0.9988859744979952
1985-11-13,26F/02H,0.0010496945,12.156821,1.2661078186755292
1985-11-14,26F/02H,0.0017549261,12.738712,1.254430598931199
1985-11-15,26F/02H,0.0025525422,12.575954,1.296597911227696
1985-11-16,26F/02H,0.0,12.183613,1.2375007889525944
1985-11-17,26F/02H,0.0034380171000000003,12.310875,1.369381456418412
1985-11-18,26F/02H,0.0004351138,11.515695,1.3708642491329868
1985-11-19,26F/02H,0.0007729695,10.591046,1.3439709688438672
1985-11-20,26F/02H,0.15129767000000002,11.510777,1.030014570934134
1985-11-21,26F/02H,0.006951343,10.47832,1.101641822443242
1985-11-22,26F/02H,0.008908568,10.771371,1.2283453250846326
1985-11-23,26F/02H,0.0004261732,10.193795,1.3235953406855967
1985-11-24,26F/02H,0.0042692126999999995,10.350991,1.1362983545755072
1985-11-25,26F/02H,16.562898,13.057546,1.0498385269107744
1985-11-26,26F/02H,11.5368545,14.26783,0.8911025375017841
1985-11-27,26F/02H,0.99332324,12.628483,1.0131795750236128
1985-11-28,26F/02H,0.0010585637000000002,9.697737,1.0715043217728382
1985-11-29,26F/02H,0.6645513999999999,11.896911,1.3792968961490453
1985-11-30,26F/02H,0.006055143000000001,14.789535,1.2961875366483713
1985-12-01,26F/02H,0.0,17.173586,1.313403462360957
1985-12-02,26F/02H,0.00043511376000000005,18.164906,1.3357238987191806
1985-12-03,26F/02H,0.0012946047,17.12644,1.3708805128065746
1985-12-04,26F/02H,8.546457,16.524853,1.250869248537246
1985-12-05,26F/02H,5.858429699999999,14.119007,0.9231985184508728
1985-12-06,26F/02H,0.038049637,12.93121,1.1855711631792645
1985-12-07,26F/02H,9.116883,12.75772,0.9544400590449552
1985-12-08,26F/02H,2.2295990000000003,11.215669,0.7827176818731696
1985-12-09,26F/02H,0.0021535914,9.56855,0.853432803061734
1985-12-10,26F/02H,1.5698815,10.433214,0.9977733047620664
1985-12-11,26F/02H,2.3167036,13.765606,1.032312475772866
1985-12-12,26F/02H,0.00044107434,10.093167,1.14600058725739
1985-12-13,26F/02H,0.0038685465,10.146073,1.2252966401328496
1985-12-14,26F/02H,0.0012814989000000001,9.931776,1.3724386603211869
1985-12-15,26F/02H,0.0,10.908913,1.2020984289555603
1985-12-16,26F/02H,0.0008569134000000001,10.832386,1.2590141480243582
1985-12-17,26F/02H,0.0,9.983373,1.2155651393704552
1985-12-18,26F/02H,0.0017098954,10.206832,1.1584422160421828
1985-12-19,26F/02H,0.016326593,10.125018,1.0978161955652372
1985-12-20,26F/02H,0.062430763,10.036767,1.2137946725108515
1985-12-21,26F/02H,0.10671067,11.848199,0.9992273141840609
1985-12-22,26F/02H,11.190411000000001,12.775364,0.85467758254745
1985-12-23,26F/02H,0.76244867,12.3078165,0.898178356535856
1985-12-24,26F/02H,2.0890566,15.187393,0.7389386008895151
1985-12-25,26F/02H,3.2076746,14.226636,0.7806649129746989
1985-12-26,26F/02H,2.2702515,12.536941,0.82731640936696
1985-12-27,26F/02H,12.37668,12.669003,0.7021968314640707
1985-12-28,26F/02H,3.1183596,10.799404,0.8076816567172076
1985-12-29,26F/02H,0.41848434,9.691642,0.8594132274853344
1985-12-30,26F/02H,0.0012844793000000001,7.2307014,0.7286139468334207
1985-12-31,26F/02H,0.9561398000000001,11.584966,1.1509715135581573
1986-01-01,26F/02H,4.7362886,14.421201,0.8763549571212605
1986-01-02,26F/02H,6.590553700000001,12.082688,0.8987599782830034
1986-01-03,26F/02H,3.9886313,10.412806,0.7950808339429681
1986-01-04,26F/02H,0.015314246000000002,10.095822,0.8445094479647971
1986-01-05,26F/02H,3.3223203,11.87268,0.8964316260563389
1986-01-06,26F/02H,0.005072551,10.335729,0.9096634781239372
1986-01-07,26F/02H,11.164712,11.524892,0.7015536777635752
1986-01-08,26F/02H,1.7504167,12.807045,0.8561953156361011
1986-01-09,26F/02H,0.43668964,12.729606,0.9431510100457344
1986-01-10,26F/02H,0.0021458273,10.270867,1.168952179718627
1986-01-11,26F/02H,0.011803081,9.425673,1.2308796331656906
1986-01-12,26F/02H,0.0060250535000000004,11.214261,0.9318702817518176
1986-01-13,26F/02H,0.00085234624,10.107199,1.2799938051016333
1986-01-14,26F/02H,0.00043511376000000005,8.800822,1.304489526494648
1986-01-15,26F/02H,0.016795374,10.572724,1.2284828219179635
1986-01-16,26F/02H,0.015773406,12.230354,1.0056486636914983
1986-01-17,26F/02H,0.0021518197,11.102337,1.1378264250764791
1986-01-18,26F/02H,0.0027825730000000004,10.640566,1.358546180590654
1986-01-19,26F/02H,0.001613293,10.072706,1.3271594060955498
1986-01-20,26F/02H,0.15693369999999998,10.237395,1.221050273583776
1986-01-21,26F/02H,2.6598018000000003,11.398441,0.9054562102880814
1986-01-22,26F/02H,0.035407013,10.308403,1.0465872162695626
1986-01-23,26F/02H,0.38724072000000004,11.962208,1.0428264082424905
1986-01-24,26F/02H,0.10507203,12.098479,1.2179844504645478
1986-01-25,26F/02H,0.0025732234,9.526712,1.3239237854303532
1986-01-26,26F/02H,0.00085551196,8.698075,1.2614617178812604
1986-01-27,26F/02H,0.00042915696,8.361439,1.3980163205113416
1986-01-28,26F/02H,0.16071691999999999,8.890175,0.9428007181430388
1986-01-29,26F/02H,6.0116035000000005,11.1578,0.8648949715364895
1986-01-30,26F/02H,8.343665999999999,9.117697,1.1515861115745352
1986-01-31,26F/02H,1.6844086,7.962179,1.012302556128251
1986-02-01,26F/02H,1.0525768,8.83994,0.9385627796318518
1986-02-02,26F/02H,0.45561316,7.4524875,1.2836097828233262
1986-02-03,26F/02H,0.8615572499999999,8.40202,1.2235302454665262
1986-02-04,26F/02H,4.0341672,9.097482,0.9611278157205956
1986-02-05,26F/02H,0.8507637,8.7756815,0.9777587151475772
1986-02-06,26F/02H,0.37298970000000004,7.901821,1.2182814167143268
1986-02-07,26F/02H,6.084998,9.570268,1.230541753633678
1986-02-08,26F/02H,7.785963,10.834408,1.0238066319840224
1986-02-09,26F/02H,0.0,7.7976375,1.2769646473006342
1986-02-10,26F/02H,0.0029926522000000002,7.9637694,1.41315830766081
1986-02-11,26F/02H,1.0501851999999998,11.826255,1.6807139786494587
1986-02-12,26F/02H,0.57201184,11.483265,1.642450566890025
1986-02-13,26F/02H,16.49277,13.0285225,0.6754191721967717
1986-02-14,26F/02H,17.064793,14.342694,1.2037814992841973
1986-02-15,26F/02H,2.078734,13.167392,1.3486450057529964
1986-02-16,26F/02H,5.541482,13.871545,1.4072438959432778
1986-02-17,26F/02H,17.760953,10.701439,1.0255100029021724
1986-02-18,26F/02H,2.5176575,10.982263,1.0286143140533393
1986-02-19,26F/02H,8.1818877,11.745731,1.1956988624084808
1986-02-20,26F/02H,12.448012,12.85469,1.2059638011620313
1986-02-21,26F/02H,8.301551,13.369466,0.9005103930272345
1986-02-22,26F/02H,2.0138955000000003,13.925205,1.1225825291513036
1986-02-23,26F/02H,0.094274124,14.052174,1.4019720151801585
1986-02-24,26F/02H,3.3940300000000003,13.47795,1.41249889801271
1986-02-25,26F/02H,0.60715173,12.022462,1.3528621055161436
1986-02-26,26F/02H,0.14895073,11.735669,1.758584710135971
1986-02-27,26F/02H,0.49315952,12.3875265,1.9114248972691048
1986-02-28,26F/02H,4.2439033,11.955247,1.354482398759054
1986-03-01,26F/02H,1.2015762,11.4488945,1.3696578591441746
1986-03-02,26F/02H,6.1283633,11.460273,1.6930027472564926
1986-03-03,26F/02H,29.147395,11.378045,1.3554332954873551
1986-03-04,26F/02H,3.2139336,12.648076,1.6990234421535593
1986-03-05,26F/02H,0.1274761,12.414627,2.058761777684034
1986-03-06,26F/02H,0.025653433,12.645279,1.7569092902809686
1986-03-07,26F/02H,2.170022,10.878929,1.5028023902233456
1986-03-08,26F/02H,0.005117057,11.134465,1.583009912956321
1986-03-09,26F/02H,0.0012934206,10.884398,1.9204449468823752
1986-03-10,26F/02H,0.0014900051,10.868019,1.7517429002460123
1986-03-11,26F/02H,0.00043511381999999997,10.197685,2.220053760180239
1986-03-12,26F/02H,2.5126404000000004,11.154111,1.9831346926586575
1986-03-13,26F/02H,0.0717752,10.393718,1.6920678948832328
1986-03-14,26F/02H,0.0017225737999999999,10.956635,2.312214860702858
1986-03-15,26F/02H,0.0004410743,11.78276,2.666858703780945
1986-03-16,26F/02H,0.012606061,12.341952,2.591075658802542
1986-03-17,26F/02H,0.43316022,12.169258,2.348686757329204
1986-03-18,26F/02H,0.2900821,11.778175,2.3054381012006275
1986-03-19,26F/02H,0.29090097,13.063602,2.1317072775001105
1986-03-20,26F/02H,0.0006164100000000001,13.076893,2.674739751626285
1986-03-21,26F/02H,0.006143759,14.050054,2.607822276955305
1986-03-22,26F/02H,0.0,13.930653,2.767919057022756
1986-03-23,26F/02H,0.0049173,13.349206,2.480029144630056
1986-03-24,26F/02H,0.46234070000000005,12.958571,1.9422279903043027
1986-03-25,26F/02H,0.5705045,10.833499,1.5093890913861767
1986-03-26,26F/02H,0.016058262,10.689994,2.2215609184627545
1986-03-27,26F/02H,0.0032379246,11.996409,2.881724125378806
1986-03-28,26F/02H,0.07996957,12.213844,1.9060168630021068
1986-03-29,26F/02H,0.46275043,11.923999,2.382289722458035
1986-03-30,26F/02H,0.0012844793000000001,12.646172,2.6626575902932728
1986-03-31,26F/02H,0.0017299962,13.239864,3.188400949539577
1986-04-01,26F/02H,0.040598038,13.679946,3.2286586447419023
1986-04-02,26F/02H,0.18990236,12.490643,2.0614183424910477
1986-04-03,26F/02H,0.20247873000000002,12.014689,2.038007029947158
1986-04-04,26F/02H,7.4119399999999995,12.896267,2.603644543409613
1986-04-05,26F/02H,15.888211,13.071987,2.3671980390859537
1986-04-06,26F/02H,3.7732292000000003,11.985847,2.408329626070046
1986-04-07,26F/02H,0.46822815000000007,9.755678,2.012626203888992
1986-04-08,26F/02H,1.5077842000000001,9.047679,1.939970514304134
1986-04-09,26F/02H,0.0017136316000000002,9.216525,2.493434731047365
1986-04-10,26F/02H,0.0004351138,10.5424185,2.7465929814759216
1986-04-11,26F/02H,0.7093416,10.511967,2.091331174204285
1986-04-12,26F/02H,0.51671173,10.20992,2.3147006731135438
1986-04-13,26F/02H,0.0,10.49494,3.084837322514188
1986-04-14,26F/02H,0.5272925,10.313878,2.15091168491191
1986-04-15,26F/02H,2.4186763,11.194729,2.262666443030334
1986-04-16,26F/02H,3.510071,11.5624075,2.0500891604499407
1986-04-17,26F/02H,1.2790692,9.889992,2.0310195871193404
1986-04-18,26F/02H,0.7411837000000001,10.125556,2.3968169919068414
1986-04-19,26F/02H,0.8084136,11.724017,2.5466522761209203
1986-04-20,26F/02H,0.39061304,11.971508,2.6630871635327176
1986-04-21,26F/02H,4.823105,12.801017,2.511508816825593
1986-04-22,26F/02H,1.1810153,11.663314,2.097996329248831
1986-04-23,26F/02H,1.3308708,12.157421,2.0617063341437265
1986-04-24,26F/02H,9.861159,11.614425,2.589078703857685
1986-04-25,26F/02H,1.4372678,11.110293,2.4535812516898083
1986-04-26,26F/02H,2.0429945000000003,11.170817,2.566138208760723
1986-04-27,26F/02H,0.12216219,11.847514,2.615704121116724
1986-04-28,26F/02H,0.018197727,12.711376,2.6334745804301143
1986-04-29,26F/02H,0.0,13.856263,3.5985548069491853
1986-04-30,26F/02H,0.0012816053999999998,17.523745,4.643999029079034
1986-05-01,26F/02H,0.00042617315,17.25596,4.2439802594179135
1986-05-02,26F/02H,0.0034166522,13.776535,3.254428780758848
1986-05-03,26F/02H,0.4032285,12.1873255,2.997505013435725
1986-05-04,26F/02H,2.9416196,13.059578,2.3344619445202244
1986-05-05,26F/02H,8.070674,14.215388,2.561773598144937
1986-05-06,26F/02H,0.45235474,13.535916,2.545297486819816
1986-05-07,26F/02H,0.5288478400000001,13.581477,3.2880399804235907
1986-05-08,26F/02H,0.0012938799999999999,15.529,3.9628813066929465
1986-05-09,26F/02H,0.0025608814000000002,19.322338,5.153489758859254
1986-05-10,26F/02H,0.0,21.738724,5.325012848876436
1986-05-11,26F/02H,0.014116968,22.223295,5.351988302158271
1986-05-12,26F/02H,0.005671417,20.149065,4.914591697837418
1986-05-13,26F/02H,0.0039046094,16.296656,3.633294184003789
1986-05-14,26F/02H,0.0008583069,14.547622,3.219697773068501
1986-05-15,26F/02H,0.001693022,16.146208,4.144043867783357
1986-05-16,26F/02H,0.0015164531,17.201147,4.287039569620314
1986-05-17,26F/02H,0.036754196,17.65814,4.2526505764191445
1986-05-18,26F/02H,0.0012814989000000001,18.553324,4.324646100030487
1986-05-19,26F/02H,0.0,17.568624,4.0102746741216055
1986-05-20,26F/02H,0.057984283,15.879336,3.5720436398776565
1986-05-21,26F/02H,0.0027043483,17.104242,4.582282302494812
1986-05-22,26F/02H,0.00042617315,18.872124,5.330381045533395
1986-05-23,26F/02H,0.011464888000000001,18.402689,4.674666966858422
1986-05-24,26F/02H,0.33457248,19.961737,5.134574052698745
1986-05-25,26F/02H,0.00085858935,20.589943,5.245898108666833
1986-05-26,26F/02H,0.0053695908,18.706816,4.983024430627646
1986-05-27,26F/02H,0.0038640347,20.009565,5.375609776319509
1986-05-28,26F/02H,0.0025685658,20.175274,5.215085019957942
1986-05-29,26F/02H,0.0,17.842737,4.695940939278287
1986-05-30,26F/02H,0.34651505,21.195759,4.292568944199178
1986-05-31,26F/02H,0.0004410743,21.726664,5.403802586600417
1986-06-01,26F/02H,0.00084741193,23.05622,5.9767811242036695
1986-06-02,26F/02H,0.0,21.116476,5.126005490844653
1986-06-03,26F/02H,0.28065726,19.214655,4.062614037446002
1986-06-04,26F/02H,0.0021427867,19.242722,4.623947666062173
1986-06-05,26F/02H,0.033970753,21.35926,5.668369184655178
1986-06-06,26F/02H,0.00085234624,21.148214,5.33255165651726
1986-06-07,26F/02H,0.0,21.211462,5.149474907019921
1986-06-08,26F/02H,0.001279749,19.110151,4.818284068886843
1986-06-09,26F/02H,0.0,19.33845,5.032347768382801
1986-06-10,26F/02H,0.0042691426,18.01777,4.181750835536946
1986-06-11,26F/02H,0.0004410743,19.563015,5.475211009205244
1986-06-12,26F/02H,0.00043511376000000005,22.822876,6.065468784367881
1986-06-13,26F/02H,0.0017285336,27.527227,7.284206023188967
1986-06-14,26F/02H,0.0012934206,24.542936,5.596627683644504
1986-06-15,26F/02H,0.0036729417,22.603477,5.5674990280994985
1986-06-16,26F/02H,0.015522676000000001,19.47114,4.081697271283259
1986-06-17,26F/02H,0.0023187006,18.788603,4.540155132998662
1986-06-18,26F/02H,0.009431729000000002,18.084808,4.3082958578816335
1986-06-19,26F/02H,0.00044180694,17.593275,4.51388933377616
1986-06-20,26F/02H,0.029643370000000002,16.594957,3.361042826893996
1986-06-21,26F/02H,0.018534313,16.826487,3.743818222990295
1986-06-22,26F/02H,0.019630327000000003,17.802946,3.9538488221685935
1986-06-23,26F/02H,0.35585516,18.87143,3.9017512656544175
1986-06-24,26F/02H,0.0167605,18.27688,4.454409620491322
1986-06-25,26F/02H,0.0017157289,19.644382,4.924997907539616
1986-06-26,26F/02H,1.1170363,19.05723,3.944715593695403
1986-06-27,26F/02H,0.0012755389,18.605627,4.3082247463499055
1986-06-28,26F/02H,0.0,18.896427,4.516966200152985
1986-06-29,26F/02H,0.0021365557000000003,18.364294,4.269925622213689
1986-06-30,26F/02H,0.00010238012,19.72264,4.612855846263139
1986-07-01,26F/02H,0.0017195934,21.620966,6.02761556112031
1986-07-02,26F/02H,0.0,21.768293,5.5278239445271735
1986-07-03,26F/02H,0.0011281109,21.021656,5.464826004983896
1986-07-04,26F/02H,0.0004410743,22.018814,5.5182984441812994
1986-07-05,26F/02H,0.0012844794,23.497068,6.422279655877955
1986-07-06,26F/02H,0.0,22.751175,5.546544200473143
1986-07-07,26F/02H,0.00273375,20.344086,4.602856628208008
1986-07-08,26F/02H,0.0021136189,20.697453,5.268386933047515
1986-07-09,26F/02H,0.024325144000000003,19.266449,4.844787010517526
1986-07-10,26F/02H,0.014078936,19.076952,4.601776309440676
1986-07-11,26F/02H,0.019219454,19.978521,4.691537268252604
1986-07-12,26F/02H,0.0017795250000000001,19.947985,4.639439468723985
1986-07-13,26F/02H,0.00042617315,23.655912,6.459293788367788
1986-07-14,26F/02H,0.0,24.237686,5.486451795862795
1986-07-15,26F/02H,0.0008583069,24.263092,5.9562273246336686
1986-07-16,26F/02H,0.0017246346,25.19827,5.994173407592817
1986-07-17,26F/02H,0.0008523462000000001,25.364685,6.323941344857703
1986-07-18,26F/02H,0.0008364589,25.746004,5.795402458043363
1986-07-19,26F/02H,0.0008553266000000001,27.769081,6.220429396188372
1986-07-20,26F/02H,0.0,24.200455,5.613170671866884
1986-07-21,26F/02H,0.0012309338,23.872183,6.190393096762413
1986-07-22,26F/02H,0.038517654,19.448019,3.708364387444995
1986-07-23,26F/02H,0.13108719,19.863913,3.947452653361286
1986-07-24,26F/02H,0.0020400784,19.325293,4.080739398437188
1986-07-25,26F/02H,0.0017209055,19.266642,4.087090708180577
1986-07-26,26F/02H,0.0,20.311539,4.6320547914703285
1986-07-27,26F/02H,0.0017162737,22.431055,5.595806318287165
1986-07-28,26F/02H,0.0012874597000000002,23.81927,5.5645890784387255
1986-07-29,26F/02H,0.00043511381999999997,25.326752,6.223449591583199
1986-07-30,26F/02H,0.0,22.708603,4.82384067893255
1986-07-31,26F/02H,0.0014873501,20.719852,4.470832162508497
1986-08-01,26F/02H,0.00043511376000000005,20.604845,4.676534672868368
1986-08-02,26F/02H,0.0019341998,22.011595,4.979751823328105
1986-08-03,26F/02H,0.78351337,20.39129,3.5705984450500803
1986-08-04,26F/02H,0.00085234624,18.959839,4.197448796588716
1986-08-05,26F/02H,0.0017225737999999999,19.442163,4.684185440024552
1986-08-06,26F/02H,0.0008583068,21.083973,5.2242637633707325
1986-08-07,26F/02H,0.009200962,21.300133,4.49205166060311
1986-08-08,26F/02H,0.0029239252,20.494864,4.189256417477087
1986-08-09,26F/02H,0.28487814,20.989,3.798291685196665
1986-08-10,26F/02H,0.27751447,19.969345,3.3773935486774014
1986-08-11,26F/02H,0.007391078000000001,19.222387,3.914102357411173
1986-08-12,26F/02H,0.00013960819,20.02751,4.555880468327673
1986-08-13,26F/02H,0.0008511073,20.71786,4.876688259678314
1986-08-14,26F/02H,0.00085490894,21.922089,4.98344584472967
1986-08-15,26F/02H,0.00043511385,21.456335,4.982515037887624
1986-08-16,26F/02H,0.015713387000000002,19.874613,4.179653939447907
1986-08-17,26F/02H,0.15483884,20.7908,4.196431940717216
1986-08-18,26F/02H,1.3514306999999999,20.63727,3.119629047180321
1986-08-19,26F/02H,7.111476000000001e-06,20.785767,3.984831723386099
1986-08-20,26F/02H,0.0012874596000000001,21.070927,4.634834345445669
1986-08-21,26F/02H,0.0014752308000000002,20.934755,4.83726089616771
1986-08-22,26F/02H,0.0025751414,21.88343,5.045751648406224
1986-08-23,26F/02H,0.017901959999999998,21.02894,3.7013841556218
1986-08-24,26F/02H,0.0012743784,20.340738,4.3911750005092856
1986-08-25,26F/02H,0.0021849116999999997,20.730696,4.221161783347658
1986-08-26,26F/02H,0.9834075000000001,21.0473,3.2398031926136674
1986-08-27,26F/02H,0.0025962793999999997,19.200329,3.1809200936857907
1986-08-28,26F/02H,0.0008523462000000001,19.40658,3.744888578919688
1986-08-29,26F/02H,0.0,20.489756,4.700699042122882
1986-08-30,26F/02H,0.0008525114700000001,21.524595,4.483106342233022
1986-08-31,26F/02H,0.64492316,22.302946,3.5522342002865974
1986-09-01,26F/02H,0.3941869,21.989672,4.290056738020649
1986-09-02,26F/02H,0.0012755389,22.722494,4.694693031835514
1986-09-03,26F/02H,0.0008523463,23.023756,4.51354735046416
1986-09-04,26F/02H,0.0008652848,21.911283,4.20521296597743
1986-09-05,26F/02H,0.0004351138,21.669577,4.396281585237494
1986-09-06,26F/02H,0.00044222525,21.720093,4.162913169895004
1986-09-07,26F/02H,0.0,20.53428,3.773820014481042
1986-09-08,26F/02H,0.16936636,19.5288,3.4814061811707515
1986-09-09,26F/02H,2.6280210000000004,20.115883,2.9590429399827114
1986-09-10,26F/02H,0.9324607,22.01937,2.8650341534383528
1986-09-11,26F/02H,0.95629987,21.186321,2.727564157646361
1986-09-12,26F/02H,0.8385965,21.567726,2.89444685417119
1986-09-13,26F/02H,0.09004747,21.792421,3.094684111247189
1986-09-14,26F/02H,1.993676,21.247622,3.289971792142567
1986-09-15,26F/02H,28.616518,20.894005,2.310555202583106
1986-09-16,26F/02H,18.541646,20.388329,2.423483151779928
1986-09-17,26F/02H,12.699026,19.126041,2.8393635942584354
1986-09-18,26F/02H,10.112436,18.810307,2.9461154802842944
1986-09-19,26F/02H,0.102295334,21.147417,3.230255696139215
1986-09-20,26F/02H,0.9726161,21.780943,3.22628900971308
1986-09-21,26F/02H,2.2220898000000004,22.272623,3.059358639774128
1986-09-22,26F/02H,1.4941761,21.389536,2.8445438134657404
1986-09-23,26F/02H,2.2650297999999998,19.999208,2.4850817131590928
1986-09-24,26F/02H,0.04684444,18.226349,2.365272505192815
1986-09-25,26F/02H,0.013262208,18.123346,2.5054991790453083
1986-09-26,26F/02H,0.0017096535,17.68822,2.643894295089973
1986-09-27,26F/02H,0.0,19.134733,3.114185043266808
1986-09-28,26F/02H,0.0,20.632637,3.291577665136723
1986-09-29,26F/02H,0.0008583069,19.804197,2.8499139987723194
1986-09-30,26F/02H,0.0,20.38298,3.081375693058512
1986-10-01,26F/02H,0.0,20.276827,3.1327618291180186
1986-10-02,26F/02H,0.0012993804,20.531122,3.145354048144667
1986-10-03,26F/02H,0.23946467999999999,19.852926,2.6712726139543017
1986-10-04,26F/02H,0.0006222198,19.24937,2.791821590064018
1986-10-05,26F/02H,0.0040268364,18.952915,2.457567071638046
1986-10-06,26F/02H,2.0347216,20.83079,2.946628559700317
1986-10-07,26F/02H,2.2137694999999997,19.740534,2.188614514599107
1986-10-08,26F/02H,1.9395327,18.929913,2.313430243470956
1986-10-09,26F/02H,0.06356951500000001,20.418324,2.844912622155854
1986-10-10,26F/02H,0.454887,19.917358,2.4494875810602603
1986-10-11,26F/02H,15.756255,17.845596,1.8759094487821044
1986-10-12,26F/02H,9.464236000000001,17.723568,1.912971363146572
1986-10-13,26F/02H,6.761377400000001,17.12406,1.9848716740846608
1986-10-14,26F/02H,14.915359,16.463057,1.5453539370014373
1986-10-15,26F/02H,0.58561615,16.695944,1.8401820842676395
1986-10-16,26F/02H,0.031532299,17.039274,1.697273388305418
1986-10-17,26F/02H,0.06644408,17.285744,1.9069465798984688
1986-10-18,26F/02H,0.006483267,16.767166,1.8211967107433773
1986-10-19,26F/02H,0.0071870213,16.446938,1.8986899050456525
1986-10-20,26F/02H,0.0004351138,17.170282,2.2410828681315715
1986-10-21,26F/02H,0.0017136326,18.111322,2.440038303231057
1986-10-22,26F/02H,0.001531175,16.60335,1.894325430507409
1986-10-23,26F/02H,1.4422045000000001,17.262178,1.4988089086610794
1986-10-24,26F/02H,1.5106383,17.84858,1.1964438737388798
1986-10-25,26F/02H,0.19685603000000002,17.083294,1.5215173975448395
1986-10-26,26F/02H,0.00042319286,15.831139,1.971317649168243
1986-10-27,26F/02H,0.00085716015,16.077944,2.141200135351226
1986-10-28,26F/02H,0.0,16.827868,2.2674437573611264
1986-10-29,26F/02H,0.0013324138,16.031404,1.9862209253382668
1986-10-30,26F/02H,0.008023951999999999,15.165469,1.6992097213991502
1986-10-31,26F/02H,0.0004410743,15.65747,1.992973025266976
1986-11-01,26F/02H,0.0,15.960111,1.879139318025516
1986-11-02,26F/02H,0.008149135,15.427315,1.5062545512430543
1986-11-03,26F/02H,0.0017232670000000001,15.279777,1.8865110457907777
1986-11-04,26F/02H,0.00085378635,15.560304,2.095570766639244
1986-11-05,26F/02H,0.00086273915,14.706941,2.071805810306193
1986-11-06,26F/02H,0.0021403518,14.591483,2.0997239706594035
1986-11-07,26F/02H,0.0010038375,14.93901,1.9200622311574536
1986-11-08,26F/02H,0.08333191,14.65036,1.3678925292129498
1986-11-09,26F/02H,0.032460423,13.873061,1.3211188102658806
1986-11-10,26F/02H,0.12792828,14.824535,1.7054284808160172
1986-11-11,26F/02H,29.248241999999998,14.04298,0.8747620324449792
1986-11-12,26F/02H,0.32033386,13.246701,1.1427441742968416
1986-11-13,26F/02H,14.015744000000002,14.91792,1.1335915497090696
1986-11-14,26F/02H,11.057383,13.526677,1.1957143331447548
1986-11-15,26F/02H,0.14765176,11.6990595,1.0238320132986218
1986-11-16,26F/02H,0.0,11.065869,1.3399147580746518
1986-11-17,26F/02H,0.0,12.395081,1.3915711684219616
1986-11-18,26F/02H,0.0012874596000000001,12.493054,1.4404791235700491
1986-11-19,26F/02H,0.0012814999,11.726155,1.444785203406476
1986-11-20,26F/02H,0.031495705,12.530694,1.491187691934005
1986-11-21,26F/02H,0.16382593,13.733167,0.937506913950246
1986-11-22,26F/02H,1.213891,15.391173,1.054066429199377
1986-11-23,26F/02H,0.5217208000000001,13.11913,0.9647221112704104
1986-11-24,26F/02H,0.0008583069,12.521156,1.1719834396721196
1986-11-25,26F/02H,0.0,12.57208,1.5531112140347072
1986-11-26,26F/02H,0.002581749,13.171748,1.2815228170937096
1986-11-27,26F/02H,0.0021514633000000003,13.440261,1.4082138170433374
1986-11-28,26F/02H,0.004715970999999999,13.058858,1.4084063290191997
1986-11-29,26F/02H,0.00042319292,13.10266,1.343961136729926
1986-11-30,26F/02H,0.0,12.291023,1.3972991849605836
1986-12-01,26F/02H,0.00043511385,12.28183,1.24047281892274
1986-12-02,26F/02H,0.019518396,12.619054,1.1107048721188568
1986-12-03,26F/02H,0.0,13.286023,1.2918542045992836
1986-12-04,26F/02H,0.0004351138,12.751038,1.3009504120742867
1986-12-05,26F/02H,0.0008583069,13.182575,1.269351027796355
1986-12-06,26F/02H,0.0012719209,13.337787,1.1043423396617982
1986-12-07,26F/02H,0.071945656,13.847167,1.0896862278265844
1986-12-08,26F/02H,8.329926,14.06655,1.0008460737346447
1986-12-09,26F/02H,0.014212449,10.717671,0.9104618382307584
1986-12-10,26F/02H,0.0025868409,8.648503,1.1848550893859342
1986-12-11,26F/02H,0.00085234624,8.921275,1.2599704163550944
1986-12-12,26F/02H,0.046409985,10.426291,1.1770647275007626
1986-12-13,26F/02H,13.09584,12.412956,1.094913873340528
1986-12-14,26F/02H,0.44544504,13.454913,0.9443312669227006
1986-12-15,26F/02H,0.39035965,14.542848,0.8138255960709742
1986-12-16,26F/02H,0.24128702999999999,12.683646,0.9271793112158684
1986-12-17,26F/02H,0.0012874597000000002,9.791017,1.0504831306234672
1986-12-18,26F/02H,0.00043511376000000005,9.682,1.2589726309084346
1986-12-19,26F/02H,0.013816605,10.131392,1.1341761082906343
1986-12-20,26F/02H,0.15889267,12.184497,0.9428144783847008
1986-12-21,26F/02H,1.6323239,12.82172,0.7243668694395097
1986-12-22,26F/02H,0.38644626,12.651741,0.9206840968631972
1986-12-23,26F/02H,0.0008572689999999999,7.555248,0.8681396741225834
1986-12-24,26F/02H,0.00043511381999999997,6.414348,0.9255343170556724
1986-12-25,26F/02H,0.0008523462000000001,7.249577,1.0399066648786837
1986-12-26,26F/02H,0.00257194,9.673649,1.1114751176836837
1986-12-27,26F/02H,0.009111232,12.165501,1.0661822304770556
1986-12-28,26F/02H,0.0024591829999999998,10.707475,1.1797315958254284
1986-12-29,26F/02H,0.0017173597000000001,9.489409,1.2962805477578885
1986-12-30,26F/02H,0.024487290999999998,9.669244,1.102420118148323
1986-12-31,26F/02H,0.0055046,9.77921,0.97106583810707
1987-01-01,26F/02H,0.14632277999999999,10.621954,1.2581714525167025
1987-01-02,26F/02H,0.33580493,12.1352415,1.1063776938787109
1987-01-03,26F/02H,0.0017136324999999998,9.822692,1.147127076063507
1987-01-04,26F/02H,0.0030134213,9.290122,1.1632952585481142
1987-01-05,26F/02H,0.0021338453,8.951583,1.248164068627431
1987-01-06,26F/02H,0.0,8.701407,1.2808063381655117
1987-01-07,26F/02H,0.032339309999999996,10.484176,1.334442603633967
1987-01-08,26F/02H,3.7131428,13.121184,0.938050902843953
1987-01-09,26F/02H,19.392469000000002,13.166511,0.8640656375635442
1987-01-10,26F/02H,0.0037577305,11.114742,0.7233881304931972
1987-01-11,26F/02H,6.1782637000000005,9.832089,0.9310368929389188
1987-01-12,26F/02H,25.959135,13.5004225,0.9495736580340433
1987-01-13,26F/02H,3.7897456000000003,11.30697,1.1006112145928997
1987-01-14,26F/02H,0.5439242000000001,6.475529,0.7478559578090698
1987-01-15,26F/02H,7.058363000000001,7.020456,0.7582072489427212
1987-01-16,26F/02H,0.0004351138,6.4331856,1.1125877664554056
1987-01-17,26F/02H,0.0017200227,7.210835,1.1883397105449545
1987-01-18,26F/02H,0.0,7.171328,1.2878503922405276
1987-01-19,26F/02H,0.00085646284,8.35515,1.319651350538586
1987-01-20,26F/02H,0.0008680237,8.076676,1.280082944331698
1987-01-21,26F/02H,0.0,7.738966,1.265885501317777
1987-01-22,26F/02H,0.12575678,9.246183,1.2940865439074796
1987-01-23,26F/02H,0.1984892,12.355163,1.1555103943207707
1987-01-24,26F/02H,0.06281964500000001,13.276494,0.990636727263736
1987-01-25,26F/02H,2.239391,14.32743,1.021140789559166
1987-01-26,26F/02H,11.224724,14.742383,1.0757008387721123
1987-01-27,26F/02H,6.481301,14.547898,0.8309772780562679
1987-01-28,26F/02H,14.340620000000001,12.917976,0.9322470517393258
1987-01-29,26F/02H,12.605401,11.48917,0.7875844807495698
1987-01-30,26F/02H,7.867271,12.279518,1.0164593992181246
1987-01-31,26F/02H,0.5877715,13.457439,1.06421412209622
1987-02-01,26F/02H,2.866343,13.794679,1.0181143628009437
1987-02-02,26F/02H,7.576453000000001,12.701916,1.0356829952156494
1987-02-03,26F/02H,0.8281488,11.683445,1.2485833178673702
1987-02-04,26F/02H,0.00043511376000000005,11.035633,1.4923857204349706
1987-02-05,26F/02H,0.0010581809,9.957519,1.2959380838554215
1987-02-06,26F/02H,0.0016670666999999998,9.544637,1.4961070096272358
1987-02-07,26F/02H,0.0006072101,10.07605,1.6527465772894194
1987-02-08,26F/02H,0.0021395316000000003,11.112607,1.863909864633615
1987-02-09,26F/02H,2.574771,10.462905,1.2084769166940128
1987-02-10,26F/02H,9.104129,10.237805,1.2834210812714766
1987-02-11,26F/02H,9.718176,11.470272,0.9688080444454668
1987-02-12,26F/02H,0.29057474000000005,11.256606,1.1540978380441511
1987-02-13,26F/02H,1.7700487,13.505649,1.0639189001869869
1987-02-14,26F/02H,0.093308784,12.559928,1.3195335985207624
1987-02-15,26F/02H,0.060268406000000004,12.002505,1.2246991881040383
1987-02-16,26F/02H,1.2575758000000001,12.813175,1.2529544515868043
1987-02-17,26F/02H,2.7344155000000003,13.159794,1.2696935500557662
1987-02-18,26F/02H,1.5510164,9.878836,1.2661317769330491
1987-02-19,26F/02H,0.029178265000000002,7.440954,1.3976519135837098
1987-02-20,26F/02H,1.5781790000000002,7.1868644,1.327064208378122
1987-02-21,26F/02H,6.831905300000001,7.421946,1.031426839214202
1987-02-22,26F/02H,0.088639915,8.921309,1.869248545009888
1987-02-23,26F/02H,12.795091000000001,11.63001,1.6597540141000355
1987-02-24,26F/02H,14.027406000000001,14.606416,1.6202673714884903
1987-02-25,26F/02H,2.187448,12.994271,1.6767673980826594
1987-02-26,26F/02H,0.005997265,11.783101,1.9138217538429845
1987-02-27,26F/02H,0.008642726,12.662609,2.2419565179036463
1987-02-28,26F/02H,0.00043511376000000005,16.257534,2.808249466881421
1987-03-01,26F/02H,0.0034191597,16.617361,2.764421643711166
1987-03-02,26F/02H,0.004251202,15.951371,2.7372613022099186
1987-03-03,26F/02H,0.0008523462000000001,15.847084,2.6893955876449644
1987-03-04,26F/02H,0.0025689595,14.481618,2.566568692637034
1987-03-05,26F/02H,0.0017225736,15.597167,3.0927621138502164
1987-03-06,26F/02H,0.0017235632999999999,16.40402,3.0273231679445125
1987-03-07,26F/02H,0.00053101903,15.045945,2.4117743508306697
1987-03-08,26F/02H,0.010640575000000001,14.480899,2.0441734668330573
1987-03-09,26F/02H,0.06923545,14.9556465,2.1506718388548256
1987-03-10,26F/02H,0.052470375,15.242161,2.1761372117737103
1987-03-11,26F/02H,0.057189865,16.188128,2.860183834577219
1987-03-12,26F/02H,0.8541183999999999,15.266072,2.103745726303232
1987-03-13,26F/02H,0.6746709,15.433845,2.1216110500118344
1987-03-14,26F/02H,0.0012934206,15.239605,2.6462464095950224
1987-03-15,26F/02H,1.0906454,14.429191,2.2871692497986764
1987-03-16,26F/02H,0.35009995,13.783913,2.322612355500877
1987-03-17,26F/02H,0.0004351138,13.336177,2.713626058734986
1987-03-18,26F/02H,0.0017262036000000001,13.197114,2.49039773204642
1987-03-19,26F/02H,0.0020046833,12.056916,2.099158463384639
1987-03-20,26F/02H,0.0012851987,10.763373,2.123450509326095
1987-03-21,26F/02H,0.541337,11.459512,2.163930544937174
1987-03-22,26F/02H,0.011293921,12.24137,2.173253073185724
1987-03-23,26F/02H,0.0048531675,12.20576,2.6619294575570294
1987-03-24,26F/02H,5.2176006,13.84842,2.1687091583056834
1987-03-25,26F/02H,5.3909917,14.702926,2.167500522536605
1987-03-26,26F/02H,0.0011981732000000001,13.287632,2.40660039546335
1987-03-27,26F/02H,0.002573397,12.751004,2.662810023042545
1987-03-28,26F/02H,0.096133896,13.655029,2.191765166650052
1987-03-29,26F/02H,0.0017136326,11.169334,2.1755518739825077
1987-03-30,26F/02H,0.0,11.329846,2.76036893334169
1987-03-31,26F/02H,0.0004351138,12.217496,3.0517089765206293
1987-04-01,26F/02H,1.0575525000000001,12.608043,2.5241554155970167
1987-04-02,26F/02H,6.9593765,12.254043,1.635681782490745
1987-04-03,26F/02H,16.093624,9.764156,1.6536909080638094
1987-04-04,26F/02H,6.034049,11.047759,1.980532207835072
1987-04-05,26F/02H,3.3763088,13.0472975,2.2075945726848465
1987-04-06,26F/02H,6.945916,15.142566,2.738134737729008
1987-04-07,26F/02H,14.062778,15.407456,1.9465078628442032
1987-04-08,26F/02H,13.356823,14.320199,2.036972992268352
1987-04-09,26F/02H,0.7957267000000001,12.829217,2.19178333068273
1987-04-10,26F/02H,0.3178299,12.211864,2.3382927557024806
1987-04-11,26F/02H,0.58409894,13.692611,2.5214593896285997
1987-04-12,26F/02H,0.00085234624,14.100658,3.337761421631088
1987-04-13,26F/02H,0.005943246399999999,16.559013,3.888250530330068
1987-04-14,26F/02H,0.0008523462000000001,18.954485,4.079045164740557
1987-04-15,26F/02H,4.6130877e-05,17.634298,3.4244383324958125
1987-04-16,26F/02H,2.0696992,16.179031,2.8751706993859174
1987-04-17,26F/02H,0.25377971,16.539389,3.0469537653415077
1987-04-18,26F/02H,0.01238586,15.437614,2.936253596306616
1987-04-19,26F/02H,0.0008612873,16.300602,3.4890229639138712
1987-04-20,26F/02H,0.0,17.03546,3.7921364806154703
1987-04-21,26F/02H,0.056594357000000005,16.403706,3.454636896050786
1987-04-22,26F/02H,0.0008558216,16.04296,3.932141459625171
1987-04-23,26F/02H,3.324418,16.094255,3.532219035942045
1987-04-24,26F/02H,8.438072,14.605594,2.406253778592867
1987-04-25,26F/02H,0.26524652,16.056622,2.9247695432611573
1987-04-26,26F/02H,0.0013086709000000001,16.885265,4.130263938687268
1987-04-27,26F/02H,1.0731849,16.260607,3.436426892495863
1987-04-28,26F/02H,0.9795661,15.732434,2.6495962112544325
1987-04-29,26F/02H,0.14849371,15.60109,3.498885745641192
1987-04-30,26F/02H,0.0008580337,17.187586,4.28065562759527
1987-05-01,26F/02H,0.0012838533999999999,17.108713,3.891623798014325
1987-05-02,26F/02H,0.009931726,17.769413,3.85917795828807
1987-05-03,26F/02H,0.0017166129,18.647156,3.7304011562686714
1987-05-04,26F/02H,0.0,20.78531,4.790122712905908
1987-05-05,26F/02H,0.0021419218,18.597857,3.924571011334813
1987-05-06,26F/02H,0.0008583067,18.928354,4.519773372319281
1987-05-07,26F/02H,0.00042617315,19.597189,4.982837298784493
1987-05-08,26F/02H,0.0047217493000000004,17.671242,4.149500622605626
1987-05-09,26F/02H,0.2978698,17.90483,4.118537380632051
1987-05-10,26F/02H,2.6937253,17.344467,3.196592311304437
1987-05-11,26F/02H,0.49261328,17.09583,3.416648746159074
1987-05-12,26F/02H,0.0030249877,16.743628,3.7099018666212977
1987-05-13,26F/02H,0.0033544102,15.76305,3.5700838169156226
1987-05-14,26F/02H,0.16393668,15.640756,2.8168711538161078
1987-05-15,26F/02H,0.08292963,15.5142355,3.3232209484920525
1987-05-16,26F/02H,0.7264297000000001,14.996142,2.804960411435346
1987-05-17,26F/02H,0.15707837000000002,14.585701,2.6301854386948444
1987-05-18,26F/02H,0.4667776,15.730628,3.669063843820085
1987-05-19,26F/02H,0.0012772515,15.960828,3.767145024154524
1987-05-20,26F/02H,0.00085269755,18.160053,5.339981363797002
1987-05-21,26F/02H,0.0017195933,19.656353,5.305090718309785
1987-05-22,26F/02H,0.18880496,17.699308,3.603749138128815
1987-05-23,26F/02H,0.07536337,16.369444,3.2393864461516104
1987-05-24,26F/02H,0.0038526297,15.490456,3.517278364303816
1987-05-25,26F/02H,0.0052282715,16.259653,3.962421920254726
1987-05-26,26F/02H,0.29858942000000005,17.68463,3.558767700134952
1987-05-27,26F/02H,0.065197784,17.307802,3.54673701052901
1987-05-28,26F/02H,0.0008671175,17.813383,4.606689800197216
1987-05-29,26F/02H,0.0017106531000000002,19.306402,5.3800260520322185
1987-05-30,26F/02H,0.0008642672300000001,20.591173,5.261533904805517
1987-05-31,26F/02H,0.0012638437,19.885538,5.4474371864174085
1987-06-01,26F/02H,0.0021435668,20.390806,5.184106488771611
1987-06-02,26F/02H,0.0008583069,20.331522,4.915956407949016
1987-06-03,26F/02H,0.037715855,19.368105,4.11824845823634
1987-06-04,26F/02H,0.019569220000000002,19.314749,3.917407837860434
1987-06-05,26F/02H,0.0019159375,20.25769,4.650524228721728
1987-06-06,26F/02H,0.00084638584,20.164677,4.867516356736911
1987-06-07,26F/02H,0.0033796157999999997,19.334524,4.146758560711646
1987-06-08,26F/02H,0.0025025835000000002,17.077166,3.683715304364087
1987-06-09,26F/02H,0.13122879,15.912339,3.3288376820356365
1987-06-10,26F/02H,0.2979712,17.293108,3.9434212468389647
1987-06-11,26F/02H,0.5179274,18.336988,3.712669663497924
1987-06-12,26F/02H,0.028155200000000002,18.877117,4.45080641131396
1987-06-13,26F/02H,1.0456797999999998,18.620771,3.700719434205938
1987-06-14,26F/02H,0.251151,15.951026,3.1322222155296333
1987-06-15,26F/02H,0.44047977,16.682669,3.664970763256812
1987-06-16,26F/02H,0.001716613,17.828732,4.950656498816936
1987-06-17,26F/02H,0.0017165102000000002,20.079334,5.76566084879265
1987-06-18,26F/02H,0.0021338453,19.136301,4.804121368048938
1987-06-19,26F/02H,0.029090488,18.845245,4.389214882275282
1987-06-20,26F/02H,0.06709246,20.561525,4.480280284597151
1987-06-21,26F/02H,0.0008642672,22.829994,6.478349660047543
1987-06-22,26F/02H,0.00042617315,24.20761,5.575993129500302
1987-06-23,26F/02H,0.0,23.065428,5.371141147172995
1987-06-24,26F/02H,0.0,21.796259,5.039093893547731
1987-06-25,26F/02H,0.02198953,22.909273,5.689381882823226
1987-06-26,26F/02H,0.001257879,22.905943,5.63413403119083
1987-06-27,26F/02H,0.008588196,24.657495,6.140125978293649
1987-06-28,26F/02H,0.0017110314,25.33072,6.215390123107371
1987-06-29,26F/02H,0.0780977,24.984182,5.652364765990683
1987-06-30,26F/02H,0.23533179,24.377365,5.636451294007142
1987-07-01,26F/02H,0.25510931,25.014038,5.547609526780339
1987-07-02,26F/02H,0.07115769000000001,25.763489,5.040663102256842
1987-07-03,26F/02H,0.0045257697,23.614273,5.108548386367257
1987-07-04,26F/02H,0.3557575,22.377932,4.914737346091604
1987-07-05,26F/02H,0.022819621999999998,21.37979,4.009578684265437
1987-07-06,26F/02H,0.03976209,22.008476,5.155624723379943
1987-07-07,26F/02H,0.1652372,25.457603,5.799064300520034
1987-07-08,26F/02H,0.00042319286,26.112368,5.97847678825289
1987-07-09,26F/02H,0.8526468,24.791452,5.669096622806704
1987-07-10,26F/02H,0.3243803,24.220358,4.676205739153805
1987-07-11,26F/02H,0.12496867,23.219664,4.846736754438725
1987-07-12,26F/02H,0.013245389,23.356066,5.594756445167173
1987-07-13,26F/02H,0.028986027,22.812914,5.078916334471752
1987-07-14,26F/02H,0.0008612870000000001,21.049404,4.553719093578097
1987-07-15,26F/02H,0.0054646373,20.455143,4.328745510115898
1987-07-16,26F/02H,0.66766223,20.241602,3.9078243018899577
1987-07-17,26F/02H,0.9908944000000001,20.83194,3.273815754013877
1987-07-18,26F/02H,0.0016328292,20.228296,4.010321093176121
1987-07-19,26F/02H,0.0008583068,20.370468,4.979660532513475
1987-07-20,26F/02H,0.0,20.76968,5.101659362953143
1987-07-21,26F/02H,0.0,21.382223,5.112591131484651
1987-07-22,26F/02H,0.0009271682,19.91274,4.489540829102724
1987-07-23,26F/02H,0.15225533,18.96891,3.328233180969497
1987-07-24,26F/02H,0.35781866,19.359682,3.7266631391838447
1987-07-25,26F/02H,0.0032593687,21.56978,4.846342803518484
1987-07-26,26F/02H,0.0012961162,24.672422,6.175550028181679
1987-07-27,26F/02H,0.0,26.469484,5.978619686388398
1987-07-28,26F/02H,0.0008582727999999999,23.771475,5.291431338025896
1987-07-29,26F/02H,0.0058654785,20.563408,3.8947991356240266
1987-07-30,26F/02H,0.0004423279,22.120134,5.021337490735721
1987-07-31,26F/02H,0.0017285337,26.485092,6.737892127271419
1987-08-01,26F/02H,0.0008531114,27.010004,5.801474068034508
1987-08-02,26F/02H,0.0008583069,28.105171,6.589616145814411
1987-08-03,26F/02H,0.0,27.80828,6.054217268088324
1987-08-04,26F/02H,0.016056180000000003,23.607618,5.199987897851188
1987-08-05,26F/02H,0.045414593,20.73815,3.662946502853607
1987-08-06,26F/02H,0.3030251,20.75492,3.71008187658714
1987-08-07,26F/02H,0.8381076000000001,20.58918,3.516618358936066
1987-08-08,26F/02H,0.008799954,20.637377,4.07380148092871
1987-08-09,26F/02H,0.00085234624,21.063847,4.364529900295042
1987-08-10,26F/02H,0.0,21.775164,4.9301232612767
1987-08-11,26F/02H,0.0,24.004244,5.755725479929227
1987-08-12,26F/02H,0.00020476025000000002,23.871016,4.698622930225749
1987-08-13,26F/02H,1.0902151,21.734253,4.000002510065184
1987-08-14,26F/02H,0.37301855,21.157433,3.941565648078561
1987-08-15,26F/02H,0.5461760000000001,21.070803,4.197742342891008
1987-08-16,26F/02H,0.039834618,21.067245,3.7741934227885032
1987-08-17,26F/02H,0.00043511376000000005,23.583925,5.288914733922467
1987-08-18,26F/02H,0.0,24.998491,5.631201004294943
1987-08-19,26F/02H,0.0017027429999999998,24.90462,5.757133986852336
1987-08-20,26F/02H,0.004197272,26.047297,6.265715694799502
1987-08-21,26F/02H,0.16592273000000002,23.297674,4.417948940416785
1987-08-22,26F/02H,0.006231067000000001,21.136251,4.046725609417238
1987-08-23,26F/02H,0.0004410743,20.949026,4.082648270658206
1987-08-24,26F/02H,0.0004410743,20.330973,3.951669591467032
1987-08-25,26F/02H,0.0017303463,20.37295,4.292913754600418
1987-08-26,26F/02H,0.0,21.390253,4.794927987829585
1987-08-27,26F/02H,0.0,21.337275,4.218827252515992
1987-08-28,26F/02H,5.532869,21.612982,3.953268667590905
1987-08-29,26F/02H,7.810155,20.499874,2.737039699816903
1987-08-30,26F/02H,3.605002,20.425922,3.118529078777001
1987-08-31,26F/02H,3.391323,20.764975,2.686528095523686
1987-09-01,26F/02H,0.159691,20.268736,3.173311493060069
1987-09-02,26F/02H,0.0,20.869715,3.5603671327416806
1987-09-03,26F/02H,0.00043511385,20.91858,3.8913179768412185
1987-09-04,26F/02H,0.007368115000000001,20.277075,3.643343412180118
1987-09-05,26F/02H,0.0017285336,21.234928,4.215916567775621
1987-09-06,26F/02H,0.0008364474,25.293165,5.450889382125635
1987-09-07,26F/02H,0.0,26.407257,5.185061593413376
1987-09-08,26F/02H,0.002143761,25.689379,4.483317456102088
1987-09-09,26F/02H,0.0,23.409805,3.9952605708645
1987-09-10,26F/02H,0.0,24.555723,4.6662613290479
1987-09-11,26F/02H,0.0,24.207354,4.5648543701601945
1987-09-12,26F/02H,0.0013012339,24.954546,5.148803511158588
1987-09-13,26F/02H,0.0006260791999999999,26.463303,5.011439171382039
1987-09-14,26F/02H,0.0008583223,25.527872,4.933246147734537
1987-09-15,26F/02H,0.0,25.353302,5.03978743625807
1987-09-16,26F/02H,0.0008702276300000001,25.287008,4.823747764721986
1987-09-17,26F/02H,0.0,26.63919,4.984595940587998
1987-09-18,26F/02H,0.00085234636,26.75415,4.807269751068424
1987-09-19,26F/02H,1.0654700000000001,25.904844,4.168381882023833
1987-09-20,26F/02H,1.2640659,22.732763,3.4978938038388496
1987-09-21,26F/02H,0.055470337,20.78753,2.742452768428656
1987-09-22,26F/02H,0.018738379,20.712444,3.119692310511466
1987-09-23,26F/02H,0.16174228,21.524454,2.641652140439793
1987-09-24,26F/02H,0.24890724,22.287247,2.879907042189662
1987-09-25,26F/02H,9.898327,20.629347,1.981091918349108
1987-09-26,26F/02H,1.6450869000000001,19.980825,1.9361513550357208
1987-09-27,26F/02H,1.505541,20.366312,2.3610889857143085
1987-09-28,26F/02H,0.0021338453,20.103483,3.104990448434893
1987-09-29,26F/02H,0.045018486,21.448166,3.266601850511027
1987-09-30,26F/02H,0.051755028,20.433264,2.8968569595802967
1987-10-01,26F/02H,0.063590504,19.839636,2.394939499599311
1987-10-02,26F/02H,1.7093438,18.378292,2.04196163529351
1987-10-03,26F/02H,0.7246277,17.768457,2.07554765448684
1987-10-04,26F/02H,9.757747,16.805311,1.718765642437641
1987-10-05,26F/02H,1.1620378,16.838608,1.8361927637252835
1987-10-06,26F/02H,0.5154664,17.52463,2.08265236705124
1987-10-07,26F/02H,0.84358417,17.799875,2.174767045010861
1987-10-08,26F/02H,0.67245276,18.51648,2.1840193845451146
1987-10-09,26F/02H,7.424388700000001,16.70697,2.159999548772816
1987-10-10,26F/02H,0.5538228000000001,14.657067,1.5462367080720294
1987-10-11,26F/02H,1.4140713,15.772906,2.318711677079066
1987-10-12,26F/02H,0.0010657073,15.887557,2.1401026032688497
1987-10-13,26F/02H,0.008297308,15.819267,2.152433348416794
1987-10-14,26F/02H,0.06528172000000002,16.648188,2.125170670839465
1987-10-15,26F/02H,5.687152,19.445848,1.5762157596312274
1987-10-16,26F/02H,1.2047725,16.932629,1.7321727734144672
1987-10-17,26F/02H,0.0,16.04701,2.0501985398005966
1987-10-18,26F/02H,0.39540274000000003,15.90478,1.93779068306056
1987-10-19,26F/02H,6.564769500000001,16.185802,1.636282774862282
1987-10-20,26F/02H,1.6853453,14.597213,1.3968640224456474
1987-10-21,26F/02H,0.0028759394000000002,13.892803,1.9637001015163529
1987-10-22,26F/02H,4.9498109999999995,13.1504135,1.4720414910602388
1987-10-23,26F/02H,1.2496058,13.2255945,1.9827500063351335
1987-10-24,26F/02H,0.43166327000000004,15.326729,1.7853113749487974
1987-10-25,26F/02H,1.2188430000000001,15.971344,1.8982027250492024
1987-10-26,26F/02H,7.214394,17.11918,1.7927817892733051
1987-10-27,26F/02H,2.501342,14.9896555,1.4130433266550573
1987-10-28,26F/02H,0.0020269349,13.272597,1.4103932342392531
1987-10-29,26F/02H,0.33620258000000003,13.47924,1.7356235033093532
1987-10-30,26F/02H,10.592565,16.942856,1.4950213215580206
1987-10-31,26F/02H,8.876802,16.53378,1.2612477960013493
1987-11-01,26F/02H,0.064020386,17.717064,1.772130319608191
1987-11-02,26F/02H,8.377055,17.202122,1.1871895283839302
1987-11-03,26F/02H,8.0624077,16.35734,1.040554887953814
1987-11-04,26F/02H,2.0853333,16.90423,1.39932978107582
1987-11-05,26F/02H,1.0645435,17.365997,1.5248187484707136
1987-11-06,26F/02H,16.663684,16.25495,0.9559365051746472
1987-11-07,26F/02H,8.634856,15.531926,0.8366425431696851
1987-11-08,26F/02H,2.01046,15.384555,1.0125135440928874
1987-11-09,26F/02H,0.024771940000000003,15.006507,1.1758859888553708
1987-11-10,26F/02H,0.17800008,15.169597,1.2762273895697451
1987-11-11,26F/02H,0.0020324328,13.617789,1.166751617219492
1987-11-12,26F/02H,0.014764423,12.96404,1.325031571617352
1987-11-13,26F/02H,0.8987852000000001,14.148617,1.4254031150534352
1987-11-14,26F/02H,0.11972079,14.171636,1.149733343753896
1987-11-15,26F/02H,0.0008523462000000001,13.116088,1.4017855948255074
1987-11-16,26F/02H,0.003209435,13.915619,1.585995783661799
1987-11-17,26F/02H,0.0004410743,14.780812,1.707691977645584
1987-11-18,26F/02H,0.00171397,14.540989,1.686436390458549
1987-11-19,26F/02H,0.0,14.412693,1.6938031941748768
1987-11-20,26F/02H,0.0008523462000000001,13.562622,1.6929491743584817
1987-11-21,26F/02H,0.0008523463,13.892654,1.5845593028520517
1987-11-22,26F/02H,0.0021361375,12.204304,1.3306276086239763
1987-11-23,26F/02H,0.4852666,11.9650345,0.9926581658526172
1987-11-24,26F/02H,0.19575383,10.127362,0.8680788184203395
1987-11-25,26F/02H,0.9097806399999999,10.007539,1.02513471278045
1987-11-26,26F/02H,0.0040955505,9.465215,1.219534615274312
1987-11-27,26F/02H,0.0039959311,9.666188,1.065914674374718
1987-11-28,26F/02H,0.0008523462000000001,8.509599,1.2560176405096797
1987-11-29,26F/02H,0.0008583069,8.677766,1.185290343922779
1987-11-30,26F/02H,0.5465806,9.841666,0.9158645196028472
1987-12-01,26F/02H,4.9572134,12.857665,1.119475672919008
1987-12-02,26F/02H,12.672497,13.931306,0.878025779115468
1987-12-03,26F/02H,13.553357,14.004317,0.8780580133423864
1987-12-04,26F/02H,3.4315603,12.483501,0.8593603698932434
1987-12-05,26F/02H,4.3595502999999995,12.350769,1.0013043174192462
1987-12-06,26F/02H,3.6566526,12.939835,1.039881750210602
1987-12-07,26F/02H,0.5646579,13.890033,0.9186674639115956
1987-12-08,26F/02H,35.64807,12.429896,0.4123487543891886
1987-12-09,26F/02H,3.6554473,13.0428705,0.8487760749408105
1987-12-10,26F/02H,8.352325,15.6068735,0.8699719398508085
1987-12-11,26F/02H,28.071285,15.076516,0.6712265913984565
1987-12-12,26F/02H,16.516006,15.261031,0.7544759787185673
1987-12-13,26F/02H,13.095424999999999,14.008567,0.7432189747986537
1987-12-14,26F/02H,3.1457368000000003,14.640438,0.8094386728404634
1987-12-15,26F/02H,8.402013,16.98979,0.7626983325687339
1987-12-16,26F/02H,1.0955275,17.6726,0.8673340722283911
1987-12-17,26F/02H,0.07436956000000002,16.988955,1.1747021724504203
1987-12-18,26F/02H,3.2313445,15.4653635,0.9961330524767736
1987-12-19,26F/02H,1.0177655,14.961446,1.0593751257514985
1987-12-20,26F/02H,0.3528559,14.226933,1.128659438560767
1987-12-21,26F/02H,0.00568432,13.527627,1.217366259864908
1987-12-22,26F/02H,0.011850777000000002,12.600545,1.0908813634580117
1987-12-23,26F/02H,0.009995385,11.6802435,0.8220417879187026
1987-12-24,26F/02H,0.0017136626,10.132667,1.1033122624156309
1987-12-25,26F/02H,0.0036078749000000004,10.55527,1.1999368593969542
1987-12-26,26F/02H,0.0008537784,11.667572,1.2328055190788745
1987-12-27,26F/02H,0.0021398063000000003,11.641292,1.1161378448498762
1987-12-28,26F/02H,0.0030010931,12.003509,1.1575631441237824
1987-12-29,26F/02H,0.0020740647000000003,11.793738,1.213305924351916
1987-12-30,26F/02H,0.06748629,10.447251,1.2256336136748252
1987-12-31,26F/02H,3.5361104,12.31807,0.8651275892822846
1988-01-01,26F/02H,0.012129052,11.511437,0.9752322945380896
1988-01-02,26F/02H,1.3126033,12.589162,1.2269534630733876
1988-01-03,26F/02H,0.38471194000000003,13.377365,0.9503306176736512
1988-01-04,26F/02H,0.16321599,11.619251,1.0600121389071862
1988-01-05,26F/02H,6.3595854,13.626403,0.9328220377960382
1988-01-06,26F/02H,1.270945,11.931865,0.9012802332313792
1988-01-07,26F/02H,0.01777857,9.869533,0.96807909281765
1988-01-08,26F/02H,0.0012814989000000001,8.969721,1.1976488141777613
1988-01-09,26F/02H,0.0,9.451093,1.2362485581822855
1988-01-10,26F/02H,0.0049252110000000005,9.501475,1.1029623860174091
1988-01-11,26F/02H,0.65666534,10.232782,0.948985903425542
1988-01-12,26F/02H,3.9692954,8.78595,1.03372364819054
1988-01-13,26F/02H,11.473852,11.219371,0.9673443109414948
1988-01-14,26F/02H,11.231445,9.345868,0.8370466276286722
1988-01-15,26F/02H,13.339765,9.311803,0.8943183965031526
1988-01-16,26F/02H,1.5179359,8.609874,1.1839463718641192
1988-01-17,26F/02H,0.55245276,10.969872,1.2052368695995308
1988-01-18,26F/02H,0.5460971,10.947488,1.1944562734069837
1988-01-19,26F/02H,6.73583,10.761914,0.8336955912605261
1988-01-20,26F/02H,0.22045435000000002,10.63039,1.0353701099529131
1988-01-21,26F/02H,0.3053565,11.013177,0.9808219207761985
1988-01-22,26F/02H,0.3602191,11.401424,1.0916285892085889
1988-01-23,26F/02H,0.030654728,11.663302,0.930744374022218
1988-01-24,26F/02H,2.8787833999999997,13.323709,1.081002557866245
1988-01-25,26F/02H,3.7557073,13.991385,0.7417525572942035
1988-01-26,26F/02H,2.9120964,14.384917,0.7739542483988852
1988-01-27,26F/02H,12.805946,13.1419935,1.0078591434675894
1988-01-28,26F/02H,1.9855609,11.615909,1.0687012318795006
1988-01-29,26F/02H,4.921871,13.678719,1.124531455504946
1988-01-30,26F/02H,0.0109300785,12.846702,1.1065460893059524
1988-01-31,26F/02H,0.021729683000000003,11.407421,1.4106665424607987
1988-02-01,26F/02H,0.7861611000000001,12.385404,1.2650473252939842
1988-02-02,26F/02H,0.00020476024,10.239155,1.20400502159375
1988-02-03,26F/02H,2.700198,10.51574,1.5082694188046095
1988-02-04,26F/02H,2.1695232,12.513341,1.114926575972941
1988-02-05,26F/02H,0.31349792000000004,13.039165,0.9129985067567498
1988-02-06,26F/02H,5.567188,11.202301,1.0825846887878043
1988-02-07,26F/02H,0.0063659444,9.912823,1.2429726554570362
1988-02-08,26F/02H,0.08437499,10.924218,1.4823792825427655
1988-02-09,26F/02H,0.6254998,12.576164,1.1483702008689165
1988-02-10,26F/02H,0.0029505131,10.876601,1.2967241818639883
1988-02-11,26F/02H,0.075440765,9.944147,1.4706460358919755
1988-02-12,26F/02H,0.022823559,11.051688,1.4181672426933942
1988-02-13,26F/02H,0.001296229,9.7304,1.893336040184771
1988-02-14,26F/02H,0.00062994266,13.675733,2.074983268583759
1988-02-15,26F/02H,7.720875,11.324567,1.1230329969731785
1988-02-16,26F/02H,0.33644693000000003,10.497443,1.280450610091653
1988-02-17,26F/02H,0.09245985400000001,10.301042,1.681698600177237
1988-02-18,26F/02H,0.23074483,10.952526,1.804915166062716
1988-02-19,26F/02H,0.0,11.981331,2.070390130648184
1988-02-20,26F/02H,2.3694954,12.888417,2.0016852807918952
1988-02-21,26F/02H,2.9858318,14.02385,1.5488643894431624
1988-02-22,26F/02H,0.6129703,13.920887,1.4458327234268264
1988-02-23,26F/02H,0.8889641,12.629223,1.876915744082344
1988-02-24,26F/02H,0.0037247581,11.92693,1.730514856074304
1988-02-25,26F/02H,0.0010055099,11.3498125,1.8481296253374808
1988-02-26,26F/02H,0.0008523462000000001,9.175326,1.673269755703591
1988-02-27,26F/02H,0.0029864085,7.1492934,1.4631293904565132
1988-02-28,26F/02H,0.0,6.5308743,1.571269559561904
1988-02-29,26F/02H,0.0008523462000000001,7.879124,1.969927431044264
1988-03-01,26F/02H,0.0,10.001622,2.0313109356676478
1988-03-02,26F/02H,5.052178700000001,9.188693,1.2992485259469004
1988-03-03,26F/02H,6.7140146000000005,10.914043,1.8453504562920375
1988-03-04,26F/02H,1.6723687,10.944,1.758052899717736
1988-03-05,26F/02H,0.0,8.684188,1.718303872019917
1988-03-06,26F/02H,0.0,10.145451,1.9699696187184728
1988-03-07,26F/02H,0.0,11.2268305,2.464205509504588
1988-03-08,26F/02H,0.0008612870000000001,12.556659,2.77483273210911
1988-03-09,26F/02H,0.0017225736,13.335945,2.844619443773892
1988-03-10,26F/02H,0.0008772752999999999,13.848844,2.7533495439659514
1988-03-11,26F/02H,0.0021599123,13.912673,2.827355762017219
1988-03-12,26F/02H,0.0008523462000000001,13.830348,2.909284783588519
1988-03-13,26F/02H,0.0025286644,13.55304,2.74901183133379
1988-03-14,26F/02H,0.0025791985999999998,12.595832,2.2211319030306296
1988-03-15,26F/02H,0.007491362,12.6201315,2.4200141599538165
1988-03-16,26F/02H,0.023567377,13.886716,2.1837078449148253
1988-03-17,26F/02H,0.006703439,12.945747,2.948273329605304
1988-03-18,26F/02H,0.0021398063000000003,14.946369,3.24787476843339
1988-03-19,26F/02H,0.0013005445,15.996678,3.536946931400577
1988-03-20,26F/02H,0.00085415304,15.4504,3.2748004534802586
1988-03-21,26F/02H,1.0706155000000002,13.968671,2.140520846053337
1988-03-22,26F/02H,0.0029263966,13.224247,2.25701498938709
1988-03-23,26F/02H,0.105822624,14.636424,2.53562391869188
1988-03-24,26F/02H,0.0,14.930663,3.448346235648183
1988-03-25,26F/02H,0.0,15.346135,3.325534948701325
1988-03-26,26F/02H,0.0008422779000000001,14.97474,3.145641028155124
1988-03-27,26F/02H,0.0021338456,14.823559,3.2361690265086738
1988-03-28,26F/02H,0.0008523462000000001,14.412734,3.213799062457768
1988-03-29,26F/02H,0.010214962,13.907939,2.95784836876724
1988-03-30,26F/02H,0.0012732074,12.70473,2.3392781208694644
1988-03-31,26F/02H,0.03439523,13.05217,2.4589607960366897
1988-04-01,26F/02H,0.00043511376000000005,12.622413,2.8856906033545484
1988-04-02,26F/02H,1.2703915,11.67269,1.98393297081959
1988-04-03,26F/02H,3.5873418000000004,10.557952,1.876153794024673
1988-04-04,26F/02H,0.39358835,12.712853,2.454751537644617
1988-04-05,26F/02H,0.9566011,12.129971,1.706087618788514
1988-04-06,26F/02H,0.13055463,12.516182,2.215418868033486
1988-04-07,26F/02H,0.03553445,12.1833105,2.6787618515428755
1988-04-08,26F/02H,0.0034391878,12.29231,2.7901932841550225
1988-04-09,26F/02H,0.0008702277,12.322345,3.009582961057475
1988-04-10,26F/02H,0.20158519000000003,12.673013,3.077842604312355
1988-04-11,26F/02H,5.9670503,14.35213,2.258149626324147
1988-04-12,26F/02H,0.8204254,15.367873,2.4163408786816887
1988-04-13,26F/02H,0.046834310000000004,15.939698,2.948023397939846
1988-04-14,26F/02H,0.0023836489,16.929403,3.768514863831435
1988-04-15,26F/02H,0.0049044995,16.375807,3.414151028902002
1988-04-16,26F/02H,0.888414,15.480323,3.245982544824632
1988-04-17,26F/02H,2.2381924,16.766464,2.72921493456332
1988-04-18,26F/02H,6.606496,16.486418,2.673644890815004
1988-04-19,26F/02H,0.75525934,15.725956,2.7727526048071063
1988-04-20,26F/02H,0.0008523463,15.906671,3.9593765492211785
1988-04-21,26F/02H,0.09647401000000001,15.889703,3.195991700336626
1988-04-22,26F/02H,1.5132924,15.686461,2.5778909846829365
1988-04-23,26F/02H,0.017767054,14.60636,2.830155814914933
1988-04-24,26F/02H,0.42506296,15.225235,2.9060609687257526
1988-04-25,26F/02H,0.48843454000000003,13.332981,2.365700989734317
1988-04-26,26F/02H,0.42831744,13.8980255,3.0379015055769565
1988-04-27,26F/02H,0.0058324785,14.462575,3.036383378401767
1988-04-28,26F/02H,0.002564455,14.213475,3.311569332952489
1988-04-29,26F/02H,0.49608655,15.261561,2.9693804326248525
1988-04-30,26F/02H,0.05597311,14.718528,3.213140557262089
1988-05-01,26F/02H,1.9629261,15.3149185,2.530227841447637
1988-05-02,26F/02H,1.5069305,14.631675,2.4813844489200565
1988-05-03,26F/02H,3.2980203,14.71145,2.8453926490355674
1988-05-04,26F/02H,16.871613,15.132598,2.814133288149518
1988-05-05,26F/02H,21.098945,15.135006,2.716802501203355
1988-05-06,26F/02H,5.730385,15.513997,3.1882066979685
1988-05-07,26F/02H,0.40715686,15.294692,3.1467478866200542
1988-05-08,26F/02H,1.3048578,15.62748,3.2814787916490555
1988-05-09,26F/02H,0.46947183000000003,15.507919,3.341607035624768
1988-05-10,26F/02H,0.49989618,16.26124,3.616968269370232
1988-05-11,26F/02H,0.10499667,14.844898,2.955388131716432
1988-05-12,26F/02H,6.688160600000001,13.207963,2.1075629260961404
1988-05-13,26F/02H,2.6366433000000002,13.201135,2.232776192388126
1988-05-14,26F/02H,0.07851617000000001,13.52831,3.1547434711958573
1988-05-15,26F/02H,2.6749312,14.389037,3.4815370150924414
1988-05-16,26F/02H,0.01618838,14.893004,3.0675457720297383
1988-05-17,26F/02H,0.20943927,14.34936,3.039206586502207
1988-05-18,26F/02H,0.28498074,14.604955,3.410062155167007
1988-05-19,26F/02H,0.019726627,15.541981,3.777796878053005
1988-05-20,26F/02H,0.0012864593,17.294428,4.467646556987463
1988-05-21,26F/02H,0.0021486757000000003,19.210188,4.527664589795198
1988-05-22,26F/02H,0.13442421,17.377687,3.6163128001533433
1988-05-23,26F/02H,0.07324838,17.748106,3.878370339325896
1988-05-24,26F/02H,0.19252269000000002,17.846498,4.200691408957173
1988-05-25,26F/02H,0.0060010643,16.899485,3.977546279110836
1988-05-26,26F/02H,0.058147118,16.742292,3.684585816800725
1988-05-27,26F/02H,0.5751803,16.497671,3.4172295403531576
1988-05-28,26F/02H,0.015038936,15.552102,3.56423599619216
1988-05-29,26F/02H,0.19139496,17.230581,3.192212085205571
1988-05-30,26F/02H,0.24913748000000002,17.291433,3.940469952746027
1988-05-31,26F/02H,0.0012887849,18.094236,5.089073558367472
1988-06-01,26F/02H,0.0,20.350271,5.660980947575851
1988-06-02,26F/02H,0.0008630075,22.701742,5.989941722142673
1988-06-03,26F/02H,0.0013929787,22.13074,5.279024413712858
1988-06-04,26F/02H,0.0013262202000000002,18.33193,4.377588787235913
1988-06-05,26F/02H,0.0012988421000000002,19.835539,5.443574183488646
1988-06-06,26F/02H,0.0008583069,20.13748,5.063182647905289
1988-06-07,26F/02H,0.0,18.916658,4.447272810218275
1988-06-08,26F/02H,1.470693,15.929436,2.547711051314495
1988-06-09,26F/02H,2.7446889999999997,16.022097,2.964460924432013
1988-06-10,26F/02H,5.0264653,16.015505,3.0739217850254845
1988-06-11,26F/02H,3.5976003000000003,16.49655,3.2290801952338244
1988-06-12,26F/02H,9.058348,16.485386,3.0172569190199328
1988-06-13,26F/02H,5.5280796,16.082285,2.989738141937061
1988-06-14,26F/02H,8.456505,15.421351,3.102113418282421
1988-06-15,26F/02H,0.31224462999999997,15.974415,3.531378623639838
1988-06-16,26F/02H,2.8488200000000004,16.49933,2.8122776277232964
1988-06-17,26F/02H,0.66600635,17.05553,3.2768764184052253
1988-06-18,26F/02H,0.016488102,17.90759,4.015858999179208
1988-06-19,26F/02H,0.11156479000000001,20.808851,5.198685710615224
1988-06-20,26F/02H,0.66864594,20.558985,4.6377270557409975
1988-06-21,26F/02H,0.049551575,19.430023,4.539091102290453
1988-06-22,26F/02H,23.62941,19.31703,3.5531253557712126
1988-06-23,26F/02H,2.0549202,18.482733,3.1799581084100565
1988-06-24,26F/02H,0.45318732,18.230354,3.217489904562376
1988-06-25,26F/02H,0.5367604,18.318357,3.6652882084600775
1988-06-26,26F/02H,0.3104101,18.412931,3.4155871266166398
1988-06-27,26F/02H,0.6240796000000001,18.193838,3.051785521573765
1988-06-28,26F/02H,1.3844287,17.57767,2.913316951460658
1988-06-29,26F/02H,6.089257,17.481258,3.061652771430631
1988-06-30,26F/02H,0.47851718,17.837065,3.4821501877515213
1988-07-01,26F/02H,0.5802644,18.331568,3.3654898308894285
1988-07-02,26F/02H,0.25414494,18.33417,3.7281729760249136
1988-07-03,26F/02H,0.43547717,18.467955,2.9147016844917597
1988-07-04,26F/02H,25.883963,17.39039,2.4260404424822744
1988-07-05,26F/02H,1.2206909000000001,16.890987,3.5807447721898567
1988-07-06,26F/02H,1.2083451,17.451658,3.507694244790289
1988-07-07,26F/02H,0.0017136326,17.569305,3.7337531271109943
1988-07-08,26F/02H,0.0016582435,18.553871,4.20020073565965
1988-07-09,26F/02H,0.0012934206,20.778757,5.485466543811422
1988-07-10,26F/02H,0.0,23.813171,6.136536574144136
1988-07-11,26F/02H,0.0021456127,25.184599,6.360478984548149
1988-07-12,26F/02H,0.0017265573000000002,24.469925,6.086255869683999
1988-07-13,26F/02H,0.001715205,22.878906,5.626699372743707
1988-07-14,26F/02H,0.00043511376000000005,21.950918,5.536194249010527
1988-07-15,26F/02H,0.003012333,23.02938,5.9585309845703565
1988-07-16,26F/02H,0.0,23.758745,5.94432027588521
1988-07-17,26F/02H,0.0012755389,20.681772,4.367955264452511
1988-07-18,26F/02H,0.0008702276,19.69955,3.983876630634734
1988-07-19,26F/02H,0.11347096000000001,19.613268,3.726896964379581
1988-07-20,26F/02H,0.0036395844999999997,21.77092,5.095740672256134
1988-07-21,26F/02H,0.00076161695,24.410189,6.118862238593275
1988-07-22,26F/02H,0.008346351,23.928032,5.565676351666374
1988-07-23,26F/02H,0.015175467,22.115807,4.3719535749938085
1988-07-24,26F/02H,0.001093171,21.408136,5.3484007307124495
1988-07-25,26F/02H,0.0012934206,23.527649,6.337474881066428
1988-07-26,26F/02H,0.0008583069,24.744024,6.222259818533373
1988-07-27,26F/02H,0.00083957225,24.199554,6.057172466097406
1988-07-28,26F/02H,0.0012814988000000001,22.843512,5.5981859051245015
1988-07-29,26F/02H,0.0033440888,22.074053,4.958261510162287
1988-07-30,26F/02H,0.0012853596,21.208227,5.026298074376894
1988-07-31,26F/02H,0.00085234624,23.131584,6.014471550120485
1988-08-01,26F/02H,0.0008642672300000001,26.852777,7.019782758097502
1988-08-02,26F/02H,0.0,24.605125,5.498711233414589
1988-08-03,26F/02H,0.0020873750000000003,21.657759,5.198484527319629
1988-08-04,26F/02H,0.00085532653,22.745665,5.4162760690596805
1988-08-05,26F/02H,0.0009606141000000001,22.219465,5.298521052169258
1988-08-06,26F/02H,0.03314665,20.524548,3.94833557074852
1988-08-07,26F/02H,0.0077229085,20.772709,4.3849065837181165
1988-08-08,26F/02H,0.0008523463,21.890184,5.453855170833329
1988-08-09,26F/02H,0.002297296,21.930977,5.002422312993825
1988-08-10,26F/02H,0.0015017675,21.29889,4.378841020966777
1988-08-11,26F/02H,0.0012993804,20.617954,4.497243847689957
1988-08-12,26F/02H,0.0018628063,20.959175,4.691431609236198
1988-08-13,26F/02H,0.003192211,21.904715,4.799100091717255
1988-08-14,26F/02H,0.0008407362699999999,21.178633,4.525307889554886
1988-08-15,26F/02H,0.00042617315,22.104406,4.971604897212931
1988-08-16,26F/02H,0.0012887548,21.857534,4.90193596210576
1988-08-17,26F/02H,0.0012866868,22.568464,5.255753844269477
1988-08-18,26F/02H,0.0017253468999999999,22.854353,5.041404116777966
1988-08-19,26F/02H,0.0018295672000000001,22.844902,4.850760434908673
1988-08-20,26F/02H,0.0017046922000000001,21.30177,4.62625537999833
1988-08-21,26F/02H,0.0025686374,21.12153,4.617911988713093
1988-08-22,26F/02H,0.0017166129,23.08447,5.581939808500974
1988-08-23,26F/02H,0.0021455823999999997,23.445383,5.213757738959373
1988-08-24,26F/02H,0.0,22.109125,5.207960356232548
1988-08-25,26F/02H,0.0022139208,24.375702,5.72978875201316
1988-08-26,26F/02H,0.00128215,24.98552,5.449671263614942
1988-08-27,26F/02H,0.011162421,21.609034,4.591257887119433
1988-08-28,26F/02H,0.010342395,20.368696,3.949507359998998
1988-08-29,26F/02H,0.0004351138,19.31537,3.768108922597319
1988-08-30,26F/02H,0.00042617315,18.617655,3.990009596617439
1988-08-31,26F/02H,0.00043511376000000005,18.66228,3.7746832153659375
1988-09-01,26F/02H,1.853058,19.73503,3.5634263383108227
1988-09-02,26F/02H,0.0981298,19.655123,3.007794859247868
1988-09-03,26F/02H,0.0,20.80266,4.5606349625897735
1988-09-04,26F/02H,0.0021353834,24.754652,5.611576120631375
1988-09-05,26F/02H,0.0,26.30641,5.5503290057320935
1988-09-06,26F/02H,0.0008523462000000001,28.605349,6.0481171739445205
1988-09-07,26F/02H,0.0017125056,28.901001,5.623763338629235
1988-09-08,26F/02H,0.0012755389,27.405218,5.407884265761147
1988-09-09,26F/02H,0.098100296,28.100113,5.647863141331039
1988-09-10,26F/02H,0.0,23.303087,4.123910577000173
1988-09-11,26F/02H,0.0004410743,23.528154,4.7136234255944185
1988-09-12,26F/02H,0.00043493617,24.178596,4.6520446261357655
1988-09-13,26F/02H,0.00043511376000000005,21.822386,3.956462447819373
1988-09-14,26F/02H,7.529798e-06,22.37346,4.2272972570675496
1988-09-15,26F/02H,0.00042617315,22.560577,3.4997105735816443
1988-09-16,26F/02H,0.0,20.820541,3.678656162156549
1988-09-17,26F/02H,0.0034439409,21.849348,3.763119646990388
1988-09-18,26F/02H,0.00042617315,22.482658,3.7728206066070578
1988-09-19,26F/02H,0.0012870387000000001,22.27522,4.109097654854616
1988-09-20,26F/02H,0.0,21.054865,3.918326414023646
1988-09-21,26F/02H,0.0021566627,20.512144,3.741593860191436
1988-09-22,26F/02H,0.0,17.81022,2.991019037910791
1988-09-23,26F/02H,0.00085234624,18.936552,3.1986362490255
1988-09-24,26F/02H,0.0038504586,20.408941,3.741561809663775
1988-09-25,26F/02H,0.0025846517,21.969656,4.156972396216591
1988-09-26,26F/02H,0.0,23.069353,4.406286487147846
1988-09-27,26F/02H,0.0,23.458878,4.394040553888745
1988-09-28,26F/02H,0.00043511376000000005,22.41414,4.339643610432257
1988-09-29,26F/02H,0.000881789,20.952482,3.2909794812238182
1988-09-30,26F/02H,0.0,19.157179,3.337801155666716
1988-10-01,26F/02H,0.21460718,21.83207,3.316483507469994
1988-10-02,26F/02H,0.004840135,23.895683,3.605555725965549
1988-10-03,26F/02H,0.0023259242,23.329224,3.6776861981768056
1988-10-04,26F/02H,0.004406767999999999,21.754313,3.3402683611431243
1988-10-05,26F/02H,0.0004410743,20.906824,3.1239123182985136
1988-10-06,26F/02H,0.00043511376000000005,17.558434,2.8095906839094456
1988-10-07,26F/02H,0.0008583069,18.758139,3.0173831427629807
1988-10-08,26F/02H,0.0008523463,19.611832,3.3097902539142123
1988-10-09,26F/02H,0.49953146,21.101866,2.963535892078351
1988-10-10,26F/02H,0.63009766,18.010015,2.262015260841837
1988-10-11,26F/02H,4.2467183,16.793945,1.5785212745175166
1988-10-12,26F/02H,0.0023505538000000003,14.58849,1.6016162890648942
1988-10-13,26F/02H,5.9637389999999995,15.387516,2.1639070345417357
1988-10-14,26F/02H,10.044474000000001,15.077259,1.8190498019081267
1988-10-15,26F/02H,0.7747075999999999,14.661241,2.0689509682151583
1988-10-16,26F/02H,0.6934482000000001,15.151778,2.172198216611037
1988-10-17,26F/02H,1.8667858000000002,16.094522,1.933907602866332
1988-10-18,26F/02H,5.103814000000001,16.226988,1.443354975919456
1988-10-19,26F/02H,1.1443225,15.298055,1.3673123033989854
1988-10-20,26F/02H,0.00091015154,14.736716,2.291363823004978
1988-10-21,26F/02H,0.0017106531000000002,15.849469,2.463924475993643
1988-10-22,26F/02H,0.04725671,17.117994,2.125524125120594
1988-10-23,26F/02H,0.90495996,18.411272,1.805798978219844
1988-10-24,26F/02H,0.0015348178,18.819597,2.585052332255336
1988-10-25,26F/02H,0.0017191876,21.103716,2.5266359843993573
1988-10-26,26F/02H,0.24101404,20.90026,2.2121464136227385
1988-10-27,26F/02H,3.0530657000000003,18.573984,1.6009520375526622
1988-10-28,26F/02H,0.22395142999999998,20.23721,2.1188739435207373
1988-10-29,26F/02H,0.5684478000000001,20.125696,1.864633471203146
1988-10-30,26F/02H,11.591217,17.389122,1.2946639848825563
1988-10-31,26F/02H,0.5954896000000001,16.974817,1.4481669100347028
1988-11-01,26F/02H,1.0331432,16.950243,1.9823460802456008
1988-11-02,26F/02H,6.6208184,17.901255,1.4518969790621024
1988-11-03,26F/02H,7.1313013000000005,17.496313,1.1217583146075458
1988-11-04,26F/02H,8.576841,16.77145,1.0195422686135789
1988-11-05,26F/02H,19.701725,17.213953,0.6436563262567959
1988-11-06,26F/02H,6.634841000000001,17.543358,1.0853342653250884
1988-11-07,26F/02H,15.525834000000001,17.487917,0.9096304181711556
1988-11-08,26F/02H,10.603324,16.965397,1.0935930574491128
1988-11-09,26F/02H,0.81895044,17.37407,1.3569203862691464
1988-11-10,26F/02H,7.199854,16.838558,1.2597282965982677
1988-11-11,26F/02H,11.107908,16.037409,0.9689547353526782
1988-11-12,26F/02H,0.049322784,16.408098,1.3863857856387665
1988-11-13,26F/02H,0.028582315,16.083212,1.588907222603634
1988-11-14,26F/02H,0.07698563400000001,16.586084,1.578038267941492
1988-11-15,26F/02H,0.009390836,15.963145,1.6032795650628129
1988-11-16,26F/02H,0.0,15.960568,1.6552500909988384
1988-11-17,26F/02H,0.0023185837,15.557445,1.67602344735442
1988-11-18,26F/02H,0.0,15.288311,1.5801693281250793
1988-11-19,26F/02H,0.0,14.571883,1.5927635332334733
1988-11-20,26F/02H,2.322783,14.114197,1.344646161946979
1988-11-21,26F/02H,1.0509613,14.442558,1.149766489553806
1988-11-22,26F/02H,0.0017194555000000001,11.468766,1.2287067595534669
1988-11-23,26F/02H,16.314303,10.604474,1.2957045334363675
1988-11-24,26F/02H,12.191419,12.527527,1.0112965528041036
1988-11-25,26F/02H,33.758746,13.01797,0.7360882303990824
1988-11-26,26F/02H,0.5483127,12.392661,0.996795959989753
1988-11-27,26F/02H,0.0004351138,11.748122,1.205862503625675
1988-11-28,26F/02H,0.0008611024,11.916115,1.371237782185868
1988-11-29,26F/02H,0.0012814989000000001,11.060894,1.380479347742141
1988-11-30,26F/02H,1.5544531,13.080468,1.3724418090233557
1988-12-01,26F/02H,2.8847827,13.928722,0.8315741666107153
1988-12-02,26F/02H,0.44321844,12.910884,0.9955704721377998
1988-12-03,26F/02H,0.057907074,12.755619,1.015904196350778
1988-12-04,26F/02H,0.00085532653,11.911178,1.2733674090170155
1988-12-05,26F/02H,0.0,11.39135,1.1890649076467923
1988-12-06,26F/02H,0.00084032077,12.282185,1.081625921196089
1988-12-07,26F/02H,0.0,10.787261,1.1333489656117617
1988-12-08,26F/02H,0.0017214059,9.459184,1.0978700079825308
1988-12-09,26F/02H,0.0008523463,9.321065,1.1742584974917123
1988-12-10,26F/02H,0.0008604703,9.133625,1.2831824825508988
1988-12-11,26F/02H,0.0008596636,9.183326,1.2695020375505588
1988-12-12,26F/02H,0.00043511381999999997,9.482841,1.3569134001390353
1988-12-13,26F/02H,0.0008510933,9.355676,1.2624049668559558
1988-12-14,26F/02H,0.00042915335,8.30392,1.136983774553976
1988-12-15,26F/02H,0.0021487467,7.1956687,1.1417907250650965
1988-12-16,26F/02H,0.0010063033,7.7719154,1.1425484047022123
1988-12-17,26F/02H,0.0017102655,7.3349724,1.1110832169564442
1988-12-18,26F/02H,0.00043511376000000005,7.816547,1.190362760565694
1988-12-19,26F/02H,0.0012827203,8.336809,1.1512637100784284
1988-12-20,26F/02H,0.0,9.097645,1.314453031977029
1988-12-21,26F/02H,0.0004351138,11.2369585,1.305986298251978
1988-12-22,26F/02H,0.0030119507,9.795552,1.111442391456631
1988-12-23,26F/02H,0.015412267,10.086028,1.1156067070574756
1988-12-24,26F/02H,0.5057889,12.186242,1.0998502790293156
1988-12-25,26F/02H,0.08733465,12.254978,1.157372701401613
1988-12-26,26F/02H,0.0013455113,10.8294115,1.2590119424654942
1988-12-27,26F/02H,0.0021432242,9.9559145,1.2306015770205394
1988-12-28,26F/02H,0.001497841,9.722251,1.2171213733852864
1988-12-29,26F/02H,0.00098287934,10.4272585,1.2250422678665769
1988-12-30,26F/02H,0.0,10.126995,1.2383887952215724
1988-12-31,26F/02H,0.0008523463,10.038293,1.2657879075853564
1989-01-01,26F/02H,0.00085532653,9.088663,1.3473020291496844
1989-01-02,26F/02H,0.0,8.741331,1.2799299160461306
1989-01-03,26F/02H,0.0,8.76239,1.2510465808234827
1989-01-04,26F/02H,0.0008465956999999999,8.545232,1.2010041462745706
1989-01-05,26F/02H,0.0,9.29972,1.2632576042695305
1989-01-06,26F/02H,2.7208132000000003,12.24361,1.0227421206384244
1989-01-07,26F/02H,0.3681783,8.587026,0.7332843117869018
1989-01-08,26F/02H,0.0012934207,10.899006,1.3185587825187266
1989-01-09,26F/02H,0.44374097,12.135268,1.2346683588062477
1989-01-10,26F/02H,8.45467,11.819618,0.8389566379460854
1989-01-11,26F/02H,16.562785,10.455234,0.9176974985003278
1989-01-12,26F/02H,0.13544452999999998,12.351394,1.235329193252123
1989-01-13,26F/02H,0.00043511376000000005,10.875847,1.3882001183374857
1989-01-14,26F/02H,0.00085234624,10.336614,1.4132448799690225
1989-01-15,26F/02H,0.0,9.761189,1.330966054997154
1989-01-16,26F/02H,0.0017160827,9.371253,1.3655464764628074
1989-01-17,26F/02H,0.00043511376000000005,9.544856,1.359711283683248
1989-01-18,26F/02H,0.0,9.704035,1.3796706965313277
1989-01-19,26F/02H,0.0037149690000000003,10.145446,1.3229885708917946
1989-01-20,26F/02H,0.0017070132000000001,9.706685,1.38087269778278
1989-01-21,26F/02H,0.0012844793000000001,9.212887,1.2761314430352702
1989-01-22,26F/02H,0.0012814997,9.737036,1.4089157983176723
1989-01-23,26F/02H,0.0008523462000000001,9.061434,1.460526542323255
1989-01-24,26F/02H,0.004506897,10.256012,1.404970011448995
1989-01-25,26F/02H,6.2968285999999996,11.731373,1.2664594472252892
1989-01-26,26F/02H,9.195414000000001,10.509242,1.001959574169173
1989-01-27,26F/02H,0.0008702277,9.817704,1.428297943334131
1989-01-28,26F/02H,0.0017007705,10.031618,1.551416445992328
1989-01-29,26F/02H,0.0012232561,9.77485,1.3891385557208953
1989-01-30,26F/02H,0.1555376,10.454912,1.338130493636154
1989-01-31,26F/02H,0.36828710000000003,10.792672,1.1422322792934372
1989-02-01,26F/02H,0.50319135,11.9498205,1.4654157660013991
1989-02-02,26F/02H,0.23115373,10.877895,1.578393335822535
1989-02-03,26F/02H,0.00085532653,10.888835,1.6185670420370295
1989-02-04,26F/02H,0.0,10.5016775,1.7306111497538308
1989-02-05,26F/02H,0.0,10.767052,1.692280613784774
1989-02-06,26F/02H,0.0004410743,10.094003,1.560930791523332
1989-02-07,26F/02H,0.015547563,9.72942,1.4895675024036452
1989-02-08,26F/02H,0.013184391,8.221286,1.475941752750074
1989-02-09,26F/02H,7.5495376,10.089942,1.4514187853267992
1989-02-10,26F/02H,8.645242,10.132424,1.3430763839886304
1989-02-11,26F/02H,0.004564258,12.377263,1.6255953541595067
1989-02-12,26F/02H,0.0012862073,12.269363,1.7146043208548407
1989-02-13,26F/02H,0.0,11.883725,1.8487396870805923
1989-02-14,26F/02H,0.00085777974,13.100529,2.170618778529337
1989-02-15,26F/02H,0.0008523463,13.162816,2.0523880363311124
1989-02-16,26F/02H,0.0012873195,12.16267,2.263027829190561
1989-02-17,26F/02H,0.0,11.418738,2.135218338423301
1989-02-18,26F/02H,0.0017130358000000002,12.962407,2.5442411835152035
1989-02-19,26F/02H,0.0008523463,14.3150015,2.360015552457984
1989-02-20,26F/02H,0.0049534698,12.762534,1.9191295263448365
1989-02-21,26F/02H,3.7311414000000003,13.218368,1.603069434929952
1989-02-22,26F/02H,2.0273505,11.832745,1.3928132917937512
1989-02-23,26F/02H,2.1675237000000003,10.295555,1.1239185618639744
1989-02-24,26F/02H,13.470664000000001,12.261212,1.4388535592537928
1989-02-25,26F/02H,7.4515205,14.334647,1.1402158021704498
1989-02-26,26F/02H,2.3417124,13.314792,1.2363503403216938
1989-02-27,26F/02H,1.307197,12.7958,1.4489441155196698
1989-02-28,26F/02H,3.1523545,14.195454,1.2856013399234552
1989-03-01,26F/02H,1.00768207,13.964383,1.4824985849496055
1989-03-02,26F/02H,0.39237198,13.566646,1.4858384397326814
1989-03-03,26F/02H,0.36132706000000003,14.181404,1.7819887997872912
1989-03-04,26F/02H,0.0021421027,13.863651,2.497979907171376
1989-03-05,26F/02H,0.0039265454,13.687976,2.3694963709532235
1989-03-06,26F/02H,0.020298122,13.864802,2.082366210652979
1989-03-07,26F/02H,0.024210838,13.9566965,2.1685485332193988
1989-03-08,26F/02H,0.0017039454,13.798038,2.482010057808252
1989-03-09,26F/02H,0.0008523462000000001,14.236977,2.851050283678624
1989-03-10,26F/02H,0.0,15.489467,3.2404335878450383
1989-03-11,26F/02H,0.0017085057,16.476505,3.2181716824050963
1989-03-12,26F/02H,0.0017231403999999999,15.257034,2.9597318841018687
1989-03-13,26F/02H,0.005415832,13.483895,1.96515627288358
1989-03-14,26F/02H,0.0004261732,15.14137,2.798622835993693
1989-03-15,26F/02H,0.00043511376000000005,13.712029,2.6193769417175226
1989-03-16,26F/02H,0.7361426400000001,12.866399,2.1384934145005263
1989-03-17,26F/02H,2.6920828,10.979577,2.045681900929073
1989-03-18,26F/02H,0.0021564946,11.312829,2.334479966285376
1989-03-19,26F/02H,0.006607707500000001,11.626209,2.507846307779368
1989-03-20,26F/02H,0.043520786,12.620281,2.083111651523871
1989-03-21,26F/02H,0.0014864937,14.844135,2.9357710114913687
1989-03-22,26F/02H,0.0021517270000000004,16.038568,3.471528656363037
1989-03-23,26F/02H,0.001278071,17.083118,3.730222830790828
1989-03-24,26F/02H,0.0017225737999999999,14.993382,3.194235462470749
1989-03-25,26F/02H,0.00043511376000000005,16.044945,3.653036457965333
1989-03-26,26F/02H,0.059033825,15.494225,3.113631902202217
1989-03-27,26F/02H,16.538836,13.83821,2.447366493204461
1989-03-28,26F/02H,8.059163999999999,9.650861,1.7128031639813617
1989-03-29,26F/02H,0.00043511376000000005,10.940127,2.78730988678572
1989-03-30,26F/02H,0.046678802,13.517616,2.88333019221235
1989-03-31,26F/02H,0.019976196,13.430081,2.3708862446904697
1989-04-01,26F/02H,0.0012814989000000001,12.869901,2.6034820589465304
1989-04-02,26F/02H,4.38372,11.515175,2.0001569792735427
1989-04-03,26F/02H,4.1071025,8.4195385,1.7895859375323857
1989-04-04,26F/02H,4.865264600000001,10.429532,2.1529520621009186
1989-04-05,26F/02H,3.15911,11.000484,1.9556441461096865
1989-04-06,26F/02H,8.378986999999999,12.307243,1.8823105886179543
1989-04-07,26F/02H,18.455686000000004,11.322261,2.3034776636034757
1989-04-08,26F/02H,21.185049,11.924549,1.6849856203356404
1989-04-09,26F/02H,9.466202,13.009441,2.21501294017032
1989-04-10,26F/02H,0.45309543,12.8175125,2.171232219216751
1989-04-11,26F/02H,1.9279707000000001,13.636078,2.5085229948398102
1989-04-12,26F/02H,0.49765424,13.7866335,1.999868046099867
1989-04-13,26F/02H,0.47992502000000004,13.613381,2.170263862110273
1989-04-14,26F/02H,1.5496775,13.764072,2.479541185255848
1989-04-15,26F/02H,0.25373587000000003,13.783259,2.2417245614840224
1989-04-16,26F/02H,0.004590754,11.606961,2.261148556046653
1989-04-17,26F/02H,0.0008626793600000001,11.302289,2.9316653467418305
1989-04-18,26F/02H,0.002141175,13.382118,3.799226406358607
1989-04-19,26F/02H,0.19494334000000002,12.876113,3.012685471212215
1989-04-20,26F/02H,0.15689037,13.951703,2.624201225392853
1989-04-21,26F/02H,0.0,13.753287,3.342306548421333
1989-04-22,26F/02H,0.08905453,13.807579,3.143271623836013
1989-04-23,26F/02H,0.07352072,13.541485,2.92774630243572
1989-04-24,26F/02H,5.831469,12.82178,2.4370431298814688
1989-04-25,26F/02H,6.1247188,12.807416,2.5072908068029363
1989-04-26,26F/02H,0.0030103580000000003,11.664055,2.692780188904466
1989-04-27,26F/02H,0.17022120000000002,12.232936,3.022883905068656
1989-04-28,26F/02H,0.8143925000000001,14.480327,2.4354272238109584
1989-04-29,26F/02H,0.005984486000000001,15.691958,3.684255969975311
1989-04-30,26F/02H,0.006661514300000001,17.08042,4.2395727268149255
1989-05-01,26F/02H,0.0008523462000000001,18.251461,4.799550041561787
1989-05-02,26F/02H,0.0008523462000000001,18.09921,4.461307333760392
1989-05-03,26F/02H,0.0018012344,18.923624,4.66185975311612
1989-05-04,26F/02H,0.0,19.63327,4.941625182807086
1989-05-05,26F/02H,0.0,21.511198,5.407577540611644
1989-05-06,26F/02H,0.0,23.019667,5.804904229375957
1989-05-07,26F/02H,0.005825405,18.864647,4.16648298291493
1989-05-08,26F/02H,0.112897354,16.87962,3.558414222644164
1989-05-09,26F/02H,0.09817498999999999,16.842989,3.378614490483364
1989-05-10,26F/02H,0.00033921292,16.69102,3.886002330442029
1989-05-11,26F/02H,0.041762206999999996,17.129114,3.9951636132621298
1989-05-12,26F/02H,4.6054194,16.535189,3.369218824662231
1989-05-13,26F/02H,0.4205937,16.564398,3.346879546916231
1989-05-14,26F/02H,0.0,17.876812,4.80583609803172
1989-05-15,26F/02H,0.0012969184000000001,20.285301,5.24139665446543
1989-05-16,26F/02H,0.0,19.829514,5.314691659562541
1989-05-17,26F/02H,0.0,19.514046,5.048765550951042
1989-05-18,26F/02H,0.0026952584000000004,17.613527,4.309617664039946
1989-05-19,26F/02H,0.0012904701000000002,17.49574,4.449199813084889
1989-05-20,26F/02H,0.0,18.14983,4.379671836409338
1989-05-21,26F/02H,0.0,17.228268,3.9177525399983897
1989-05-22,26F/02H,9.741249,15.071811,2.838250380181471
1989-05-23,26F/02H,8.581653000000001,14.8323965,2.754713268124408
1989-05-24,26F/02H,7.107727,14.913196,3.3746548994112464
1989-05-25,26F/02H,22.91117,15.942971,3.098854346543943
1989-05-26,26F/02H,14.632455,16.84235,3.3992490430293234
1989-05-27,26F/02H,12.830549999999999,16.251917,3.7113412123141214
1989-05-28,26F/02H,12.198134,16.562975,3.675749491767559
1989-05-29,26F/02H,2.1511482,16.957176,3.6180490906438982
1989-05-30,26F/02H,2.5778962,17.302698,2.889827534259536
1989-05-31,26F/02H,1.4340911,17.283674,3.011962011926204
1989-06-01,26F/02H,0.070679245,16.667807,3.066767165902257
1989-06-02,26F/02H,0.5275734,16.676453,3.177048969183553
1989-06-03,26F/02H,0.0012755389,16.252283,3.648522653010914
1989-06-04,26F/02H,0.00021082251,16.720009,4.053818274026183
1989-06-05,26F/02H,0.0013261108,16.734062,3.592122026488401
1989-06-06,26F/02H,0.009495966,16.767145,3.6110461331806696
1989-06-07,26F/02H,0.0,16.958637,3.814318379344965
1989-06-08,26F/02H,0.0008488240000000001,16.605143,3.644171590167831
1989-06-09,26F/02H,0.0,16.434767,3.771872164758299
1989-06-10,26F/02H,0.0004410743,18.251312,4.795343032725995
1989-06-11,26F/02H,0.0,21.005075,5.403691204988439
1989-06-12,26F/02H,0.0008620401600000001,21.061708,5.180366144319985
1989-06-13,26F/02H,0.00046780396000000005,21.369295,5.46821761880947
1989-06-14,26F/02H,0.09505781,20.808847,5.080211129684911
1989-06-15,26F/02H,0.11205388000000001,24.369497,5.970921894414808
1989-06-16,26F/02H,0.0004351138,24.60449,5.964403731371163
1989-06-17,26F/02H,0.018791252,22.69226,5.534331554948804
1989-06-18,26F/02H,0.10041847,19.685356,4.064900770789374
1989-06-19,26F/02H,0.0021460683,20.033558,4.30715940494822
1989-06-20,26F/02H,0.098331,20.992018,4.896520076042434
1989-06-21,26F/02H,0.07729564000000001,22.977663,5.529241020899488
1989-06-22,26F/02H,0.0012814989000000001,24.772987,5.737727382259398
1989-06-23,26F/02H,1.4641273999999999e-05,26.600859,6.271714416315473
1989-06-24,26F/02H,0.00042662483,26.865664,6.296592361901795
1989-06-25,26F/02H,0.002140983,25.517656,6.262971666161081
1989-06-26,26F/02H,0.0,22.79635,5.223057921293009
1989-06-27,26F/02H,0.0012938544,20.77705,4.93063814246239
1989-06-28,26F/02H,0.0009601725,20.625267,4.92248881854347
1989-06-29,26F/02H,0.00043511381999999997,21.635773,5.662723570116277
1989-06-30,26F/02H,0.0021398872999999997,23.144156,5.788140277462281
1989-07-01,26F/02H,0.0036014767,21.298807,4.943920292195267
1989-07-02,26F/02H,0.0017547818,21.746721,5.366495467669031
1989-07-03,26F/02H,0.006710162600000001,19.96699,3.964784585420305
1989-07-04,26F/02H,0.38049136,19.255453,3.472129890880773
1989-07-05,26F/02H,0.056511086,19.419334,4.4509149320673895
1989-07-06,26F/02H,0.42503592,20.187834,4.491027548001785
1989-07-07,26F/02H,0.0008642672300000001,20.712778,4.815624770592081
1989-07-08,26F/02H,0.0010038375,20.805086,4.933230320190305
1989-07-09,26F/02H,0.0008702276300000001,21.60372,5.325512829432444
1989-07-10,26F/02H,0.0030050168,25.191572,6.761093703345282
1989-07-11,26F/02H,0.03227392,26.622414,6.105105579365294
1989-07-12,26F/02H,0.0017046922000000001,25.247683,6.461162645603671
1989-07-13,26F/02H,0.0017125611,24.720345,5.663638436715275
1989-07-14,26F/02H,0.009425794,25.172152,6.505102535161948
1989-07-15,26F/02H,0.00085487145,23.734716,5.566507350588538
1989-07-16,26F/02H,0.0025125362999999998,21.416273,5.21517631349022
1989-07-17,26F/02H,0.0017082628,24.05543,6.38783515183119
1989-07-18,26F/02H,0.00043511376000000005,26.887045,6.404099785868017
1989-07-19,26F/02H,0.0,25.778708,6.240390762082679
1989-07-20,26F/02H,0.11721422,23.881447,5.544894895927899
1989-07-21,26F/02H,1.5139628,23.981272,5.949105249518795
1989-07-22,26F/02H,0.002169896,21.481443,4.293315597773374
1989-07-23,26F/02H,0.004614424,21.330494,4.352959581507306
1989-07-24,26F/02H,0.00085444975,22.51674,5.380496418880337
1989-07-25,26F/02H,0.0012875715000000001,25.755777,6.571825727545932
1989-07-26,26F/02H,0.0008702277,26.692245,6.0366821138554325
1989-07-27,26F/02H,0.0008401982000000001,26.475752,6.356540796731685
1989-07-28,26F/02H,0.0025629985,27.466005,6.369425343377856
1989-07-29,26F/02H,0.002491748,26.669477,6.278065587445486
1989-07-30,26F/02H,0.0008583069,26.268906,5.769070153803771
1989-07-31,26F/02H,0.0017211275,27.153452,6.25799054523092
1989-08-01,26F/02H,0.014299717,26.911016,6.287077396934008
1989-08-02,26F/02H,0.025362179000000002,22.551727,3.9512035473842326
1989-08-03,26F/02H,1.1028687,21.963457,3.4424955392419685
1989-08-04,26F/02H,0.13100177,21.594908,3.901151157107796
1989-08-05,26F/02H,0.017025778,21.008371,4.018907018242278
1989-08-06,26F/02H,0.00053101903,21.094313,4.2745474744971
1989-08-07,26F/02H,0.0012716435,22.224844,4.5530914767151165
1989-08-08,26F/02H,0.0015420687,23.6117,4.817503375816511
1989-08-09,26F/02H,0.0023006182,23.250101,4.705025080183789
1989-08-10,26F/02H,0.0,22.209242,4.604070952065659
1989-08-11,26F/02H,0.0037436292,21.994074,4.254060936828044
1989-08-12,26F/02H,0.014814066,22.488874,4.402078268966573
1989-08-13,26F/02H,0.0008702277499999999,22.201738,4.445499280003726
1989-08-14,26F/02H,0.005939931,22.015898,4.071757148682078
1989-08-15,26F/02H,0.13275309999999999,22.27803,4.067639879658448
1989-08-16,26F/02H,0.10271016000000001,22.484247,3.937593044401965
1989-08-17,26F/02H,0.0,21.812956,4.742968489650098
1989-08-18,26F/02H,0.0012848722,21.90064,4.74427495598854
1989-08-19,26F/02H,0.0017297368,21.698889,4.616842224929406
1989-08-20,26F/02H,0.0008583069,22.492653,4.992564669880725
1989-08-21,26F/02H,0.0021304848,23.843336,5.491235989519535
1989-08-22,26F/02H,0.00043511376000000005,25.095903,5.649278950276185
1989-08-23,26F/02H,0.062409070000000004,25.632004,5.228208639661295
1989-08-24,26F/02H,0.0,23.488512,3.9873724263155137
1989-08-25,26F/02H,0.0027758987,22.044434,4.097184830208605
1989-08-26,26F/02H,0.012527536,21.437094,4.1734776946556975
1989-08-27,26F/02H,0.016742697,21.298962,3.949869417296968
1989-08-28,26F/02H,0.0078101354,21.037643,3.342945408210608
1989-08-29,26F/02H,0.15513289,20.749563,3.471737335890177
1989-08-30,26F/02H,1.4048962,20.449766,3.022162145019999
1989-08-31,26F/02H,0.0101058035,21.710115,3.730628031623632
1989-09-01,26F/02H,0.00086128706,22.213593,4.255856674750541
1989-09-02,26F/02H,0.11758578,21.997774,4.326430077285661
1989-09-03,26F/02H,1.2245745,22.651258,4.373039896076921
1989-09-04,26F/02H,5.545802,21.84994,3.8422240302737247
1989-09-05,26F/02H,0.22181781,21.3655,3.547959122304549
1989-09-06,26F/02H,4.7631636,21.33269,3.54730336457526
1989-09-07,26F/02H,4.396726,19.617601,3.0060771101554438
1989-09-08,26F/02H,0.031724707,19.3033,2.604432931436795
1989-09-09,26F/02H,0.06782507,18.629377,2.6346725022440785
1989-09-10,26F/02H,0.03568972,17.804712,2.614097844109088
1989-09-11,26F/02H,0.0008523462000000001,18.049654,3.146764311066454
1989-09-12,26F/02H,0.00043511376000000005,18.6771,3.2499593686955754
1989-09-13,26F/02H,0.0,19.809984,3.835756597074001
1989-09-14,26F/02H,0.00042617315,21.106506,4.18100045688152
1989-09-15,26F/02H,0.002159153,21.020918,3.8514649777931447
1989-09-16,26F/02H,0.00085234624,19.456736,3.3709515080053203
1989-09-17,26F/02H,1.9356455000000001,19.558867,2.9995526352047026
1989-09-18,26F/02H,0.7472506,20.22766,2.847163202654503
1989-09-19,26F/02H,0.0052386723,19.548067,2.9101575887093025
1989-09-20,26F/02H,0.0008523463,19.88997,3.815007239040652
1989-09-21,26F/02H,0.001721045,19.015787,3.2232757143621558
1989-09-22,26F/02H,0.0023692596,18.825462,2.974489910739209
1989-09-23,26F/02H,0.0012892705,18.388037,3.633062573316675
1989-09-24,26F/02H,0.002000801,19.106783,3.53759380764924
1989-09-25,26F/02H,0.0017285336,18.672098,3.2578098838642005
1989-09-26,26F/02H,0.0017100136,20.513847,3.8048777883066185
1989-09-27,26F/02H,0.0008553266000000001,22.75474,4.42441220822805
1989-09-28,26F/02H,0.00085292566,23.603277,4.365613561689281
1989-09-29,26F/02H,0.0,25.656275,4.455760756850499
1989-09-30,26F/02H,0.15890388,21.379786,2.9839267169617307
1989-10-01,26F/02H,14.462088,19.94605,2.3482194060982198
1989-10-02,26F/02H,0.22325095,20.400509,2.744298629641832
1989-10-03,26F/02H,0.12712261,20.6211,2.7129366032312565
1989-10-04,26F/02H,0.016289911,20.875603,2.9678933732244324
1989-10-05,26F/02H,0.4007231,21.43155,3.1702157730396343
1989-10-06,26F/02H,0.00043511376000000005,22.628984,3.335420107404022
1989-10-07,26F/02H,0.0021487465,22.546469,3.2837389481621573
1989-10-08,26F/02H,0.0,20.500898,2.905750637897992
1989-10-09,26F/02H,0.0012993804,20.723549,3.120430109923262
1989-10-10,26F/02H,0.0012874596000000001,20.307205,3.223872017261351
1989-10-11,26F/02H,0.0012756164000000002,19.392885,3.1138220985207488
1989-10-12,26F/02H,0.62356354,19.116053,2.5600885301469383
1989-10-13,26F/02H,24.802410000000002,17.326113,1.704929060399014
1989-10-14,26F/02H,3.6329668,17.407484,1.9068116374624915
1989-10-15,26F/02H,1.9879644,18.204771,1.9555190517827032
1989-10-16,26F/02H,7.2197744,17.540262,1.8220492667326424
1989-10-17,26F/02H,7.487058,17.660944,1.7765464231594426
1989-10-18,26F/02H,0.533042,17.038342,1.8792228622194664
1989-10-19,26F/02H,0.0068683996,16.65814,1.672139793990322
1989-10-20,26F/02H,0.0,16.266638,2.2846603067898523
1989-10-21,26F/02H,0.0012990321000000001,17.66629,2.700955054201774
1989-10-22,26F/02H,0.19680301,19.852022,1.9811746427575752
1989-10-23,26F/02H,23.745404,18.126892,1.3484049923207082
1989-10-24,26F/02H,0.3632643,20.65178,2.0278946357482366
1989-10-25,26F/02H,0.011469451,20.611773,1.8817872698028264
1989-10-26,26F/02H,0.8766405600000001,19.498997,1.824434760046848
1989-10-27,26F/02H,4.0507983,17.302725,1.3297450193585425
1989-10-28,26F/02H,0.016741488000000002,16.101652,1.3550094552913916
1989-10-29,26F/02H,0.0004351138,16.676437,2.0312349918951025
1989-10-30,26F/02H,0.0012934206,18.085447,2.287028360182863
1989-10-31,26F/02H,0.0,18.216768,2.3730048795576506
1989-11-01,26F/02H,0.0008523462000000001,17.54329,1.7506799159473014
1989-11-02,26F/02H,0.299945,16.163324,1.302292432281563
1989-11-03,26F/02H,0.06772565,14.638515,1.3913663002711258
1989-11-04,26F/02H,0.002549187,12.856326,1.5131981211121108
1989-11-05,26F/02H,0.026756516,14.356483,1.2260091069219037
1989-11-06,26F/02H,0.18455417,15.049327,1.423245223774273
1989-11-07,26F/02H,0.10157531,15.380515,1.366985654222648
1989-11-08,26F/02H,0.38777048000000003,15.492329,1.3520340013541476
1989-11-09,26F/02H,0.0026095595,14.369151,1.3690609770169635
1989-11-10,26F/02H,0.002143083,14.572562,1.806578094853672
1989-11-11,26F/02H,2.3364595,16.014936,1.4427569933482276
1989-11-12,26F/02H,29.127451,15.104565,1.1896487504868567
1989-11-13,26F/02H,0.6018150000000001,18.48371,1.5856432658568558
1989-11-14,26F/02H,2.9564209999999997,14.577934,1.0497376710917494
1989-11-15,26F/02H,0.41448355,13.162738,1.259799028342265
1989-11-16,26F/02H,2.0342085,13.710088,1.237898856637417
1989-11-17,26F/02H,10.331296,12.271484,1.025656778149768
1989-11-18,26F/02H,20.992639,13.073349,1.1309463508913058
1989-11-19,26F/02H,21.441375,13.814491,0.7475516416383473
1989-11-20,26F/02H,10.318826,13.939972,0.8707898815276324
1989-11-21,26F/02H,2.1966138,14.685391,0.9935802387804
1989-11-22,26F/02H,36.217875,14.525039,1.038953275226559
1989-11-23,26F/02H,8.146637700000001,13.521466,0.7841938268812904
1989-11-24,26F/02H,4.1549629999999995,13.754205,0.9968256557199427
1989-11-25,26F/02H,11.535397000000001,14.909303,1.062123161731667
1989-11-26,26F/02H,16.015677,15.485026,0.736193088377104
1989-11-27,26F/02H,2.3234126,15.081429,0.991868784746568
1989-11-28,26F/02H,0.19628209000000002,13.488285,1.1035505683311813
1989-11-29,26F/02H,9.652387000000001,13.530876,0.9400667931219608
1989-11-30,26F/02H,0.5625725,12.743068,1.1183739564969994
1989-12-01,26F/02H,0.044656864,12.62888,1.14402720876584
1989-12-02,26F/02H,0.004345399,12.861087,1.2367618468326582
1989-12-03,26F/02H,21.109734,12.858509,0.6772135236398527
1989-12-04,26F/02H,9.561562,14.749516,1.096246278560136
1989-12-05,26F/02H,20.086074,15.578887,0.8076071138338052
1989-12-06,26F/02H,10.676895,14.2196665,0.6929083283719767
1989-12-07,26F/02H,5.045801000000001,14.84443,0.8271719294476492
1989-12-08,26F/02H,11.030888000000001,14.284081,0.6311469286209916
1989-12-09,26F/02H,6.957318000000001,14.385718,0.7113856614673375
1989-12-10,26F/02H,0.47349230000000003,14.044061,1.049531204749515
1989-12-11,26F/02H,5.4469585,13.295906,1.0734771086379569
1989-12-12,26F/02H,7.484898,16.48879,0.9162737891965712
1989-12-13,26F/02H,8.820030000000001,16.779242,0.6131155594187556
1989-12-14,26F/02H,6.793786,16.694456,0.5047123829154297
1989-12-15,26F/02H,0.38472852,17.073717,0.7323396107151897
1989-12-16,26F/02H,22.058447,16.123589,0.7888181838794737
1989-12-17,26F/02H,10.096684,15.42566,0.7940847890585121
1989-12-18,26F/02H,16.408064,13.370454,0.6142146241289201
1989-12-19,26F/02H,0.34692163,14.48164,0.9588957919136608
1989-12-20,26F/02H,0.4037548,15.582317,0.796939918247839
1989-12-21,26F/02H,15.686603999999999,15.220088,0.8953826027874455
1989-12-22,26F/02H,2.5340027000000003,12.927873,0.8809850813625578
1989-12-23,26F/02H,0.002068904,12.179198,1.1598165545818304
1989-12-24,26F/02H,1.3132771,11.05027,1.123535918345998
1989-12-25,26F/02H,43.317766000000006,12.762181,0.5086450202041184
1989-12-26,26F/02H,4.418798300000001,11.515171,0.8310086141609522
1989-12-27,26F/02H,4.83662,10.530154,0.9562802322970516
1989-12-28,26F/02H,13.700255,11.678927,0.6424313416537609
1989-12-29,26F/02H,0.027649803,11.639519,0.9809559504287854
1989-12-30,26F/02H,1.5415028,10.3875475,1.0197660260460069
1989-12-31,26F/02H,0.29907355,12.200275,1.0566001452387956
1990-01-01,26F/02H,4.588221,12.035001,1.000381840082532
1990-01-02,26F/02H,8.34226,10.012587,1.164266273055247
1990-01-03,26F/02H,4.979743000000001,9.900137,0.7112910954505162
1990-01-04,26F/02H,0.7559530600000001,11.1226425,0.9909863541450136
1990-01-05,26F/02H,1.0827155,11.684028,1.0195704916678516
1990-01-06,26F/02H,2.0695022,11.468465,0.9828387736169618
1990-01-07,26F/02H,0.36457803,10.742085,0.980662952735521
1990-01-08,26F/02H,0.00085532653,9.254069,1.124014394779106
1990-01-09,26F/02H,0.0021405094,9.562621,1.1224557327317382
1990-01-10,26F/02H,0.0008702277,8.695306,1.1691744928266252
1990-01-11,26F/02H,0.0008523463,7.9779797,1.048512936404701
1990-01-12,26F/02H,0.0004410743,8.09798,1.251608833921651
1990-01-13,26F/02H,0.0004351138,9.064467,1.2593288906571412
1990-01-14,26F/02H,0.00085532653,9.517969,1.1596523875497595
1990-01-15,26F/02H,0.0012934204000000001,9.242991,1.239363542318204
1990-01-16,26F/02H,0.010312554,9.825293,1.317750418170221
1990-01-17,26F/02H,0.30908426,9.40191,1.2467735393344106
1990-01-18,26F/02H,0.0017177070000000002,8.893985,1.2384997238909234
1990-01-19,26F/02H,0.0012777518000000002,8.627384,1.2524291547023378
1990-01-20,26F/02H,0.0,8.447116,1.2878374485560764
1990-01-21,26F/02H,0.0008523462000000001,9.252009,1.329391787880977
1990-01-22,26F/02H,0.0008523462000000001,8.685507,1.3548093821493905
1990-01-23,26F/02H,0.06705277,11.002605,1.3959228882452557
1990-01-24,26F/02H,0.65002625,13.738277,0.9788468174644034
1990-01-25,26F/02H,0.5475963,13.6434355,0.8775716823817851
1990-01-26,26F/02H,1.0673773000000002,13.169959,0.938612289212624
1990-01-27,26F/02H,14.262016,12.615505,1.151228423276866
1990-01-28,26F/02H,1.6127349,9.35994,0.9097300263894424
1990-01-29,26F/02H,4.2200444,10.577679,1.3475502512498472
1990-01-30,26F/02H,0.020948730000000002,11.835258,1.314312711895682
1990-01-31,26F/02H,6.3164766,11.656017,0.9644395739874594
1990-02-01,26F/02H,0.24027802,11.234763,1.3981729785452703
1990-02-02,26F/02H,0.19794168,13.206673,1.1538605630589305
1990-02-03,26F/02H,0.29286804,12.960162,1.245491958680231
1990-02-04,26F/02H,0.020942047,12.90278,1.637288503785138
1990-02-05,26F/02H,0.00085234624,13.486778,1.6058304181894902
1990-02-06,26F/02H,0.59317554,13.959216,1.2848043444790065
1990-02-07,26F/02H,0.041234177000000004,14.145012,1.5521615063769472
1990-02-08,26F/02H,0.079494896,14.257627,1.1784789519317296
1990-02-09,26F/02H,0.0028132274000000003,13.936756,1.4836876102560626
1990-02-10,26F/02H,0.40609183000000004,13.89391,1.201561707481018
1990-02-11,26F/02H,0.042696460000000006,12.295784,1.015020759624618
1990-02-12,26F/02H,0.031634975,12.806081,1.1307611455080786
1990-02-13,26F/02H,0.006658723,12.988463,1.289729961218074
1990-02-14,26F/02H,0.0021844175,11.837631,1.5714937924738983
1990-02-15,26F/02H,0.0004351138,11.660279,1.5672313447183308
1990-02-16,26F/02H,0.0027567306,11.446983,1.5612807613947612
1990-02-17,26F/02H,0.0027499962,11.118309,1.853269936066364
1990-02-18,26F/02H,0.15346693,11.707982,1.7722814671677525
1990-02-19,26F/02H,0.0021467519,13.398814,2.1227274506277083
1990-02-20,26F/02H,0.012445864000000001,12.89598,1.9614740701682685
1990-02-21,26F/02H,0.0047949514000000006,14.916245,2.2074604226636
1990-02-22,26F/02H,0.0012867403,15.579742,2.210513201641909
1990-02-23,26F/02H,0.0012898035000000001,15.669647,2.3297088480306187
1990-02-24,26F/02H,0.0,14.687636,2.383930239183845
1990-02-25,26F/02H,0.109615395,13.109306,1.3994975689433966
1990-02-26,26F/02H,0.03870996,13.362985,2.0464150307169
1990-02-27,26F/02H,0.00022197457000000003,13.790259,1.987591842353653
1990-02-28,26F/02H,0.00084638584,12.843151,1.849185904144664
1990-03-01,26F/02H,0.0012814989000000001,12.662805,2.170531589067349
1990-03-02,26F/02H,0.08843156399999999,13.669547,2.186463708923477
1990-03-03,26F/02H,24.337951,8.540686,1.6714828215758502
1990-03-04,26F/02H,8.0565083,11.604262,1.92029824235882
1990-03-05,26F/02H,6.011856,12.790502,1.7997531138763454
1990-03-06,26F/02H,10.771593999999999,12.643432,2.0554508461910195
1990-03-07,26F/02H,9.407098,12.645474,2.0446521905998045
1990-03-08,26F/02H,1.4373906,12.384397,2.130059313039136
1990-03-09,26F/02H,0.0012863129,13.796777,2.533021090954357
1990-03-10,26F/02H,2.3392473000000003,14.9661875,2.4939668511157205
1990-03-11,26F/02H,0.9553765,15.184411,1.905281640148552
1990-03-12,26F/02H,0.20357178,14.101654,2.3120673520330923
1990-03-13,26F/02H,0.13008931,13.676383,1.7479945007325493
1990-03-14,26F/02H,0.0012874596000000001,13.203777,2.252160549327007
1990-03-15,26F/02H,0.0030062547,14.855863,2.970806042428902
1990-03-16,26F/02H,0.0,16.008532,2.953292348246963
1990-03-17,26F/02H,0.0021364756,15.800002,2.8081566151607253
1990-03-18,26F/02H,0.0,16.288399,2.951781486611553
1990-03-19,26F/02H,0.00043511376000000005,16.945627,3.144756552118679
1990-03-20,26F/02H,0.0,16.689838,3.112277831967151
1990-03-21,26F/02H,0.0017285336,16.918716,3.278911621260612
1990-03-22,26F/02H,0.0,16.303682,3.354877300080092
1990-03-23,26F/02H,0.10045946000000001,14.017093,2.09975780284058
1990-03-24,26F/02H,0.13141425,14.806216,2.335650980817908
1990-03-25,26F/02H,0.0008523462000000001,15.712594,3.085987211210537
1990-03-26,26F/02H,0.0017225737999999999,16.630411,2.951234262893093
1990-03-27,26F/02H,0.0008583069,14.753173,3.206000474540578
1990-03-28,26F/02H,0.0017227565000000002,14.106777,3.2082843712511684
1990-03-29,26F/02H,0.0008523463,14.619274,3.11459293412673
1990-03-30,26F/02H,2.4859963,14.594173,2.937134634928131
1990-03-31,26F/02H,3.1172078,15.158414,2.6951855146312904
1990-04-01,26F/02H,7.4161459999999995,14.306809,1.802870430646425
1990-04-02,26F/02H,0.8004394499999999,13.142537,1.9384631932577567
1990-04-03,26F/02H,0.23159483,12.456837,2.230121138931324
1990-04-04,26F/02H,6.553568,12.919293,2.155495205567552
1990-04-05,26F/02H,28.882443,13.804096,2.036919588842246
1990-04-06,26F/02H,8.432597,11.603512,1.8028553646636167
1990-04-07,26F/02H,9.308475000000001,12.454709,2.6942646372539003
1990-04-08,26F/02H,4.596691,12.181201,2.1609661635374766
1990-04-09,26F/02H,1.0229851,11.93047,2.715407563908146
1990-04-10,26F/02H,0.00043511381999999997,12.26289,2.767669143821415
1990-04-11,26F/02H,0.0021473515,13.707313,3.0571223155935643
1990-04-12,26F/02H,0.0,14.673252,3.393039778172593
1990-04-13,26F/02H,0.48431036,13.385075,2.4197529140696563
1990-04-14,26F/02H,0.0007931319000000001,13.834789,3.184349176103896
1990-04-15,26F/02H,0.0024714248,14.630963,3.087264906407205
1990-04-16,26F/02H,0.0025749195,14.441971,3.346539660014769
1990-04-17,26F/02H,0.0012892796,14.920554,3.587533229711128
1990-04-18,26F/02H,0.0,15.200981,3.5219776960460147
1990-04-19,26F/02H,0.0,15.192035,3.634190618320409
1990-04-20,26F/02H,0.0027237027,13.151513,2.709963490481988
1990-04-21,26F/02H,0.27431805000000004,11.75176,2.453172982677172
1990-04-22,26F/02H,0.5566935,12.230916,2.547920701479057
1990-04-23,26F/02H,0.08828287,13.258374,3.2043509012736857
1990-04-24,26F/02H,0.3745683,13.516875,2.913729461766935
1990-04-25,26F/02H,1.1584883,14.196757,3.44221194469906
1990-04-26,26F/02H,3.0144204,13.924167,3.704519963546197
1990-04-27,26F/02H,1.5204963,17.85032,4.323074991842336
1990-04-28,26F/02H,28.436581999999998,15.251292,2.907342438552326
1990-04-29,26F/02H,6.3156455,14.682606,3.426782142913067
1990-04-30,26F/02H,12.088252,15.43093,3.36529607994221
1990-05-01,26F/02H,4.909745,15.563698,3.379664753137813
1990-05-02,26F/02H,0.57352747,17.004507,3.665969986295508
1990-05-03,26F/02H,0.0034741259,17.88209,4.043490433782064
1990-05-04,26F/02H,0.01207012,18.316462,3.992023120401343
1990-05-05,26F/02H,0.0038064766,17.993504,4.118572911702704
1990-05-06,26F/02H,0.15418407,18.05012,4.07857075630286
1990-05-07,26F/02H,0.052140940000000004,17.967031,4.023199836730509
1990-05-08,26F/02H,0.056260555,18.359402,4.071076868799281
1990-05-09,26F/02H,1.8245496,17.907114,3.890689734006597
1990-05-10,26F/02H,0.0011266248000000002,19.7676,4.611369514896543
1990-05-11,26F/02H,0.47778366,19.132097,3.88872839276102
1990-05-12,26F/02H,0.5643657,16.778788,2.7491815119963943
1990-05-13,26F/02H,0.90959534,16.91822,2.9909938428476885
1990-05-14,26F/02H,0.020263089999999997,16.354942,3.7194856431937793
1990-05-15,26F/02H,0.0032993321,17.46315,4.091893949263392
1990-05-16,26F/02H,0.007644341,17.037197,3.746527192904291
1990-05-17,26F/02H,0.0024475615,16.80345,3.6789545991290096
1990-05-18,26F/02H,0.09060917,17.5066,3.6210759911955295
1990-05-19,26F/02H,0.06598856,16.949022,3.49231416521518
1990-05-20,26F/02H,0.013491409000000001,16.843325,3.4508519739094683
1990-05-21,26F/02H,0.12802538000000002,16.4221,3.642037549064225
1990-05-22,26F/02H,0.038037036999999996,16.219465,3.5187823139808665
1990-05-23,26F/02H,0.15901859999999998,16.368824,3.269827828602309
1990-05-24,26F/02H,0.024989033,17.200285,3.8732833634486457
1990-05-25,26F/02H,0.017919455,17.788393,4.180159916140149
1990-05-26,26F/02H,0.8575174600000001,18.461996,4.187706333865417
1990-05-27,26F/02H,0.010261432,19.099289,4.04942209358598
1990-05-28,26F/02H,0.00042617315,22.096495,5.906797223823928
1990-05-29,26F/02H,0.0,21.50917,5.227183389367615
1990-05-30,26F/02H,0.0008583069,22.78965,5.932243565338468
1990-05-31,26F/02H,0.04528597,22.074577,5.017361568716404
1990-06-01,26F/02H,0.52095154,22.761385,5.745889630023813
1990-06-02,26F/02H,4.452138,20.785639,4.182870779148685
1990-06-03,26F/02H,0.5857281000000001,19.817274,4.166590656425567
1990-06-04,26F/02H,1.5059596e-05,19.12866,3.983923992423366
1990-06-05,26F/02H,0.00093885386,18.189264,3.4788919062528594
1990-06-06,26F/02H,0.00085234624,18.525179,4.382336771271589
1990-06-07,26F/02H,0.0,19.45645,4.758808976007013
1990-06-08,26F/02H,0.0017075626,19.932203,4.954144398642251
1990-06-09,26F/02H,0.0,18.696455,3.9897037333311496
1990-06-10,26F/02H,0.24438165,18.264046,3.4195330528779184
1990-06-11,26F/02H,0.022322897,19.073042,4.371832648717943
1990-06-12,26F/02H,0.009417741,18.762411,4.22060791832317
1990-06-13,26F/02H,0.19201926,18.139482,4.002800656226865
1990-06-14,26F/02H,0.3709618,18.225845,3.5772211273042984
1990-06-15,26F/02H,0.005878115000000001,18.183517,4.304422351549849
1990-06-16,26F/02H,0.014723884,17.872461,3.528015138751296
1990-06-17,26F/02H,0.029917387000000004,18.157215,3.578091957862076
1990-06-18,26F/02H,0.00042617315,18.310661,4.475570297768133
1990-06-19,26F/02H,0.44858620000000005,18.998373,3.7394592578770194
1990-06-20,26F/02H,0.21183829,18.726715,3.9185147330901473
1990-06-21,26F/02H,0.23584521000000003,18.60037,4.318389922398453
1990-06-22,26F/02H,0.17770660000000002,19.987204,3.875497175664854
1990-06-23,26F/02H,0.0013422604,21.985083,6.152090699233353
1990-06-24,26F/02H,0.0004410743,22.555405,5.69370545136334
1990-06-25,26F/02H,0.0008583069,22.757368,5.435340371656671
1990-06-26,26F/02H,0.0032852123,21.211378,5.3237058917970055
1990-06-27,26F/02H,0.013238028,20.237017,4.248815519348851
1990-06-28,26F/02H,0.0026463702,19.73511,4.371313150019501
1990-06-29,26F/02H,0.0006725641999999999,19.75299,4.435593284187272
1990-06-30,26F/02H,0.0,20.099768,4.911812193347371
2001-05-12,26F/02H,3.9646506,14.141572,3.2233155855001727
2001-05-13,26F/02H,0.6917778,13.92329,3.261574560978932
2001-05-14,26F/02H,10.537133,15.068146,2.2411170604974395
2001-05-15,26F/02H,0.21306523000000002,16.02654,2.86770935599822
2001-05-16,26F/02H,0.078588104,16.645271,3.552622476579958
2001-05-17,26F/02H,0.604037,17.517382,3.71509810929348
2001-05-18,26F/02H,1.9923026,18.439152,4.105451857887278
2001-05-19,26F/02H,1.6536069,17.247105,3.684235115690164
2001-05-20,26F/02H,0.0059175296,17.275051,4.244765481196117
2001-05-21,26F/02H,0.0013001138000000001,16.053055,3.987109046173343
2001-05-22,26F/02H,0.004511427,15.820991,3.4510394674046165
2001-05-23,26F/02H,0.0,16.970263,4.214854702715046
2001-05-24,26F/02H,0.0,18.59598,5.107219335304321
2001-05-25,26F/02H,0.0,20.554184,5.6979328216591965
2001-05-26,26F/02H,0.0016763481,23.00283,6.3054473954168255
2001-05-27,26F/02H,0.0,24.810808,6.13937958217469
2001-05-28,26F/02H,0.0025749202,26.2726,6.780528016006862
2001-05-29,26F/02H,0.0012993804,25.275152,6.493235807819893
2001-05-30,26F/02H,0.0030647664,22.26438,5.591490837995809
2001-05-31,26F/02H,0.0012914052,22.542488,5.660064336742241
2001-06-01,26F/02H,0.00042617315,23.675127,6.277431696584332
2001-06-02,26F/02H,0.0,21.88175,5.6309931188096405
2001-06-03,26F/02H,0.005489187,18.125963,4.223201573802463
2001-06-04,26F/02H,0.0025322452000000003,19.154745,4.903461957851446
2001-06-05,26F/02H,0.0013143636,19.475786,4.798876290030481
2001-06-06,26F/02H,0.0,20.920532,5.854511413283098
2001-06-07,26F/02H,0.00043299115,20.545258,5.467848987432795
2001-06-08,26F/02H,0.0008583069,18.626163,4.581578611456412
2001-06-09,26F/02H,5.0995664,18.279142,3.6450290566807393
2001-06-10,26F/02H,0.14335973000000002,17.9665,4.000624929882706
2001-06-11,26F/02H,0.0012729778,20.704298,5.513664050829763
2001-06-12,26F/02H,0.00085234624,19.586657,4.427231770822777
2001-06-13,26F/02H,0.00043511376000000005,19.232658,4.640339807457889
2001-06-14,26F/02H,0.00043511381999999997,19.697968,5.104371220322286
2001-06-15,26F/02H,0.0015405585,18.217737,3.938907219794249
2001-06-16,26F/02H,0.0071288466000000005,18.63803,4.33937478962593
2001-06-17,26F/02H,0.00045109504,19.323292,5.306080609421463
2001-06-18,26F/02H,0.0004410743,24.08993,6.913213035701928
2001-06-19,26F/02H,0.0012814989000000001,25.536543,7.12847010670064
2001-06-20,26F/02H,0.0012874597000000002,23.94105,6.0081571245873775
2001-06-21,26F/02H,0.0,23.33246,6.182059959829384
2001-06-22,26F/02H,0.0,22.585798,5.768297522849444
2001-06-23,26F/02H,0.0008523462000000001,22.36881,6.175786255729831
2001-06-24,26F/02H,0.0012814989000000001,21.2134,5.251869298769719
2001-06-25,26F/02H,0.0041786013,19.019663,4.369520025343645
2001-06-26,26F/02H,0.0010918094000000001,18.62642,4.112898694776997
2001-06-27,26F/02H,0.04619551,19.539972,4.2222613442661165
2001-06-28,26F/02H,0.0,20.752655,5.199514732368821
2001-06-29,26F/02H,0.0012808651,22.630943,5.68185521673668
2001-06-30,26F/02H,0.0,24.338516,6.596283228228481
2001-07-01,26F/02H,0.0017216251,24.87115,6.453884332191248
2001-07-02,26F/02H,0.0006155118000000001,21.421707,5.002696336932101
2001-07-03,26F/02H,0.0022567582000000003,21.264887,4.835542548603984
2001-07-04,26F/02H,0.1311298,19.453993,3.780636591964897
2001-07-05,26F/02H,0.47298755000000003,18.206823,3.4770472966392183
2001-07-06,26F/02H,0.20163188,19.110865,3.981962016626402
2001-07-07,26F/02H,0.01181592,19.587744,4.3741071338120845
2001-07-08,26F/02H,0.0021576877,18.926643,4.286711559139161
2001-07-09,26F/02H,0.08826229,19.31111,4.097646992432038
2001-07-10,26F/02H,0.0053111420000000005,22.399267,5.485418846408275
2001-07-11,26F/02H,0.0,26.186022,7.2601746997518335
2001-07-12,26F/02H,0.0012912831,26.186914,6.45709980572236
2001-07-13,26F/02H,0.00043511381999999997,22.241873,5.274870342527813
2001-07-14,26F/02H,0.5176539,20.139704,3.862539025274312
2001-07-15,26F/02H,0.00740005,19.703074,4.536729759776213
2001-07-16,26F/02H,0.0,19.078821,4.375657766618355
2001-07-17,26F/02H,0.0025818539999999997,20.201275,4.677514561031259
2001-07-18,26F/02H,0.00086128706,19.042496,3.9485039969693134
2001-07-19,26F/02H,0.0018962294,19.174955,4.49612368593343
2001-07-20,26F/02H,0.0004410743,21.737017,5.982733832655204
2001-07-21,26F/02H,0.0021368394,23.533737,6.0300354884213885
2001-07-22,26F/02H,0.0012964975000000001,23.112724,5.697358836701858
2001-07-23,26F/02H,0.0010916945,21.350166,5.124094057683861
2001-07-24,26F/02H,0.045150387,19.951532,3.877391027516835
2001-07-25,26F/02H,0.027556059,20.419926,4.113156007470242
2001-07-26,26F/02H,0.0048365297,20.5478,4.448604224118339
2001-07-27,26F/02H,0.0012941529000000001,19.950926,4.178351721332327
2001-07-28,26F/02H,0.00085234624,20.779001,4.712207396232533
2001-07-29,26F/02H,0.002321577,21.971601,5.114807258807161
2001-07-30,26F/02H,0.9262640400000001,23.508352,4.780663569225073
2001-07-31,26F/02H,0.0028896112,22.699303,4.792827032851887
2001-08-01,26F/02H,0.057745227999999996,21.309187,4.098519290300368
2001-08-02,26F/02H,0.67970374,21.575127,3.804095660629572
2001-08-03,26F/02H,0.0010578264,22.782265,5.22971687888112
2001-08-04,26F/02H,0.0,23.596626,5.485931229837256
2001-08-05,26F/02H,0.0012814989000000001,23.70753,6.074277355183068
2001-08-06,26F/02H,0.0012934206,26.365448,6.552433706446265
2001-08-07,26F/02H,0.0012835289,25.418547,5.658938323845726
2001-08-08,26F/02H,0.002364513,22.098406,4.664171657457005
2001-08-09,26F/02H,0.0013418119,22.272188,4.690970400983041
2001-08-10,26F/02H,0.00042617315,22.765886,5.161130039568655
2001-08-11,26F/02H,0.0,22.574448,5.064631360985682
2001-08-12,26F/02H,0.00043511376000000005,21.559664,4.9187457492612525
2001-08-13,26F/02H,0.0023192086000000003,20.780111,4.418755374949956
2001-08-14,26F/02H,0.0005360778600000001,20.509497,4.149099004385378
2001-08-15,26F/02H,0.041560561999999995,20.46568,4.087114517081645
2001-08-16,26F/02H,0.0007511028,20.134947,3.8621147567595417
2001-08-17,26F/02H,0.0004351138,19.355278,3.7271312373759975
2001-08-18,26F/02H,0.6402906,20.805529,3.6641855019138174
2001-08-19,26F/02H,0.0,19.686796,4.082490803909336
2001-08-20,26F/02H,0.10507854000000001,21.467875,3.9251415050384586
2001-08-21,26F/02H,0.0,20.470835,4.248005503306231
2001-08-22,26F/02H,0.0,21.455162,4.985797810042788
2001-08-23,26F/02H,0.0040930333,22.662405,5.1013092978638
2001-08-24,26F/02H,0.0006871243,23.970474,5.480809527907318
2001-08-25,26F/02H,0.005485762,21.42098,3.794356819269275
2001-08-26,26F/02H,0.08895599,20.355072,3.631360026007869
2001-08-27,26F/02H,0.037132343,21.09341,4.027902797711207
2001-08-28,26F/02H,0.48936896,21.246656,3.682281559216022
2001-08-29,26F/02H,0.0807741,21.08882,3.3935418567831053
2001-08-30,26F/02H,0.24292006000000002,20.679075,3.471716227290938
2001-08-31,26F/02H,0.0019399376,21.446672,4.12399321926081
2001-09-01,26F/02H,0.0,20.901657,4.159689618582002
2001-09-02,26F/02H,0.0,22.49337,4.83661724537245
2001-09-03,26F/02H,0.0010387346,24.47159,4.931442958532531
2001-09-04,26F/02H,1.4641273999999999e-05,23.063448,4.356970760072671
2001-09-05,26F/02H,0.014352052,20.89329,3.380021556492512
2001-09-06,26F/02H,0.40091324,20.24642,2.9559435325369576
2001-09-07,26F/02H,0.0005253371999999999,21.706236,4.3113937010920775
2001-09-08,26F/02H,0.0008642672300000001,23.50945,4.337020816467756
2001-09-09,26F/02H,0.0012934204000000001,24.122732,4.389482249535604
2001-09-10,26F/02H,0.0017137197,21.089905,3.6356479078509834
2001-09-11,26F/02H,0.029898197,19.703405,2.847898144010109
2001-09-12,26F/02H,0.014270799,19.100645,2.743702662942513
2001-09-13,26F/02H,0.0,19.631989,3.801146876654712
2001-09-14,26F/02H,0.0012814989000000001,20.2502,3.954597336678469
2001-09-15,26F/02H,0.00042617315,21.409943,4.465902474172532
2001-09-16,26F/02H,0.0,22.58821,4.483553929347037
2001-09-17,26F/02H,0.001032869,22.03099,4.149068536397096
2001-09-18,26F/02H,0.0012278885,19.651758,3.384704284126074
2001-09-19,26F/02H,0.0010608678000000001,19.259865,3.462109778145061
2001-09-20,26F/02H,0.0049051757,18.443365,3.213911202523421
2001-09-21,26F/02H,11.928858,18.31112,2.134230301857547
2001-09-22,26F/02H,3.887133,17.968794,1.8526849384548856
2001-09-23,26F/02H,1.5081874,18.221415,2.060805475178694
2001-09-24,26F/02H,0.021058125,17.826672,2.1425627428510303
2001-09-25,26F/02H,0.0008583069,17.511372,2.815993190562621
2001-09-26,26F/02H,0.0008814863,17.89493,2.9587045395476554
2001-09-27,26F/02H,0.31246589999999996,17.661015,2.6825439648699154
2001-09-28,26F/02H,1.8034778,18.890388,2.467770830504292
2001-09-29,26F/02H,4.770840000000001,19.038996,2.267321275610815
2001-09-30,26F/02H,0.037991540000000004,18.915237,2.2992226138921072
2001-10-01,26F/02H,0.09879464,19.473751,2.6302981410757797
2001-10-02,26F/02H,0.51078076,20.223082,2.011146981591424
2001-10-03,26F/02H,0.057729992,20.011934,2.5090742534477903
2001-10-04,26F/02H,0.0017285335,17.967363,2.7398745044108512
2001-10-05,26F/02H,14.6031875,18.485876,2.0547013770839047
2001-10-06,26F/02H,19.564758,18.514275,1.918039655232104
2001-10-07,26F/02H,0.15099449,17.340921,2.1694872900431217
2001-10-08,26F/02H,1.7221138,17.42201,1.8439792491078757
2001-10-09,26F/02H,1.5216083,15.248249,1.534652237175087
2001-10-10,26F/02H,3.7488335000000004,16.242819,2.458513029727562
2001-10-11,26F/02H,9.184417999999999,18.07129,2.8930903073035728
2001-10-12,26F/02H,5.1720015,18.252937,1.8684917261192888
2001-10-13,26F/02H,0.3908111,18.042315,2.0206973516715228
2001-10-14,26F/02H,0.32481052,17.377617,2.1149703414731174
2001-10-15,26F/02H,6.4115967000000005,18.277288,1.984079795505424
2001-10-16,26F/02H,0.25636948000000004,17.076242,2.272473787684929
2001-10-17,26F/02H,18.87727,18.240908,1.757185922416692
2001-10-18,26F/02H,5.146451,18.245253,1.4968207272673977
2001-10-19,26F/02H,19.47991,16.102072,1.3097646873776816
2001-10-20,26F/02H,3.6373957999999997,16.299555,1.4499779826326078
2001-10-21,26F/02H,0.4620494,17.644224,1.6571712453219238
2001-10-22,26F/02H,6.7627046,17.258465,1.4769878038377389
2001-10-23,26F/02H,0.04383638,15.820096,1.8414032153508408
2001-10-24,26F/02H,0.0017267375,16.365133,2.099359289975586
2001-10-25,26F/02H,0.13835346999999998,16.568354,2.3321937692415986
2001-10-26,26F/02H,0.030664213,17.11917,1.963732798193568
2001-10-27,26F/02H,0.32735925,17.863619,2.258713289430569
2001-10-28,26F/02H,0.5437674,20.426472,1.882786334148048
2001-10-29,26F/02H,0.12797698,20.76197,1.818597713848764
2001-10-30,26F/02H,0.0006600751,21.239832,1.872674176197268
2001-10-31,26F/02H,0.0012874597000000002,20.365381,2.314358509538615
2001-11-01,26F/02H,0.0,19.811083,2.358984014763434
2001-11-02,26F/02H,0.0043712840000000005,17.904922,1.9729652940744025
2001-11-03,26F/02H,0.017052353,17.976625,1.7265679026951068
2001-11-04,26F/02H,16.934723,16.01523,1.0643395182535769
2001-11-05,26F/02H,7.1325083000000005,15.8304205,1.1104258120378172
2001-11-06,26F/02H,3.239017,17.090513,1.458473495485034
2001-11-07,26F/02H,0.0012772433999999999,17.597406,1.8471284006440516
2001-11-08,26F/02H,0.0,16.336063,1.6974837042929791
2001-11-09,26F/02H,0.012513256,12.027157,1.1683871715969736
2001-11-10,26F/02H,0.012528178000000001,9.019175,1.0671790000925525
2001-11-11,26F/02H,0.0012874597000000002,7.546509,1.1994359649991508
2001-11-12,26F/02H,0.0012743324000000001,9.365445,1.393718409308791
2001-11-13,26F/02H,0.027451694,11.827888,1.5156675800750274
2001-11-14,26F/02H,0.0021378045000000003,12.034965,1.2587437719877923
2001-11-15,26F/02H,0.00043511376000000005,8.837901,0.9456110779633788
2001-11-16,26F/02H,0.0008612870000000001,8.350569,1.2588788420095738
2001-11-17,26F/02H,3.0094287,9.462316,1.199807241925492
2001-11-18,26F/02H,0.018286356,9.125545,1.2192009090639333
2001-11-19,26F/02H,0.009927011999999999,9.991212,1.3336119414861525
2001-11-20,26F/02H,0.0004410743,10.291196,1.3826462630135137
2001-11-21,26F/02H,0.002139806,10.274099,1.3307229831281655
2001-11-22,26F/02H,0.0004351138,11.0012045,1.3030557652891357
2001-11-23,26F/02H,0.0,12.583908,1.274739916182649
2001-11-24,26F/02H,0.0008553266000000001,11.417232,1.3740791412736215
2001-11-25,26F/02H,0.0012904401000000002,10.489385,1.4408955608285503
2001-11-26,26F/02H,0.02191022,10.605564,1.2977011576916666
2001-11-27,26F/02H,8.320983,11.897334,0.83329393086347
2001-11-28,26F/02H,0.0,10.954097,1.2325442438298846
2001-11-29,26F/02H,0.0008523463,10.507765,1.3613264736683608
2001-11-30,26F/02H,0.0019737368,9.71624,1.2669134661717778
2001-12-01,26F/02H,0.0039800289,10.481162,1.226017779166154
2001-12-02,26F/02H,0.008758436,9.099051,1.1353886184661326
2001-12-03,26F/02H,0.0017311485,9.234591,1.3660238443300348
2001-12-04,26F/02H,0.0036814935000000003,9.596707,1.3350810590598057
2001-12-05,26F/02H,0.0011997559,9.858644,1.4139388339314845
2001-12-06,26F/02H,0.001297425,10.644514,1.3440670613572852
2001-12-07,26F/02H,0.042823456,11.866305,1.1304877542927292
2001-12-08,26F/02H,0.0025778997,11.600965,1.4165199200469576
2001-12-09,26F/02H,0.0,12.584362,1.229536976867022
2001-12-10,26F/02H,2.3131165,12.206764,0.9524482325605076
2001-12-11,26F/02H,17.151,11.705024,0.6005418945013692
2001-12-12,26F/02H,1.0474061,12.087776,0.8510354042462698
2001-12-13,26F/02H,5.173641,12.555344,1.0982669387445498
2001-12-14,26F/02H,6.90649,13.235764,1.0097988727683445
2001-12-15,26F/02H,0.058841540000000005,10.935756,0.9834268487517642
2001-12-16,26F/02H,2.5959543,7.869037,0.8858322705521218
2001-12-17,26F/02H,24.315133000000003,9.194789,0.5581926940388199
2001-12-18,26F/02H,1.2414071,10.219361,0.7336185002830965
2001-12-19,26F/02H,0.21943103,10.108989,0.8594958039189172
2001-12-20,26F/02H,0.0036871003999999997,9.655715,0.96700282912335
2001-12-21,26F/02H,0.0,10.527489,1.0401875622858443
2001-12-22,26F/02H,3.1732915,12.369209,1.0936217811741025
2001-12-23,26F/02H,12.565832,12.135235,1.1720098361838298
2001-12-24,26F/02H,0.056702778,7.518566,0.894555108236183
2001-12-25,26F/02H,0.6826606000000001,9.423624,0.7881743461657618
2001-12-26,26F/02H,0.0016870316999999999,8.28131,0.998479068284862
2001-12-27,26F/02H,0.002326236,7.846437,1.080281070027665
2001-12-28,26F/02H,0.0004351138,7.1302094,1.1804547014796878
2001-12-29,26F/02H,0.43703635,8.661152,1.23559256915181
2001-12-30,26F/02H,0.9896276,13.736031,1.2550259784718787
2001-12-31,26F/02H,0.8373841,15.403897,1.220389743017808
2002-01-01,26F/02H,1.2578268000000001,14.673881,0.859017136813434
2002-01-02,26F/02H,11.705088,14.467347,0.9696926640528928
2002-01-03,26F/02H,0.9907121600000001,12.657325,0.911461631861202
2002-01-04,26F/02H,0.0012425297,9.409486,1.1512475316823496
2002-01-05,26F/02H,0.0025745008000000002,11.414898,1.2004674065358565
2002-01-06,26F/02H,0.00042617315,10.671497,1.1047839302521083
2002-01-07,26F/02H,0.0025778997,9.844287,1.0911376803114228
2002-01-08,26F/02H,0.45047994999999996,9.745248,1.0943026067614658
2002-01-09,26F/02H,0.40442645,11.199982,1.0813452987704812
2002-01-10,26F/02H,0.0008523462000000001,10.098401,1.2737261974471918
2002-01-11,26F/02H,0.0012904401000000002,11.678288,1.3087452853854542
2002-01-12,26F/02H,0.7932672000000001,13.108582,1.0888168836597862
2002-01-13,26F/02H,2.45125,13.031421,1.1095447707772752
2002-01-14,26F/02H,0.025311234,11.672279,0.9673405311190054
2002-01-15,26F/02H,0.0057935140000000005,10.1333475,1.2066803594702984
2002-01-16,26F/02H,0.0021421237,9.861749,1.264528963040838
2002-01-17,26F/02H,0.0,9.248191,1.364361916880226
2002-01-18,26F/02H,0.042313710000000004,10.687419,0.9186986333319088
2002-01-19,26F/02H,0.015384119,10.087728,0.9080110657895764
2002-01-20,26F/02H,0.0008702277,10.866412,1.3865399919760633
2002-01-21,26F/02H,8.158377400000001,11.405652,1.3758931999158917
2002-01-22,26F/02H,1.4747814000000001,12.023393,1.4216162966451735
2002-01-23,26F/02H,17.84352,14.090454,0.9588153656813676
2002-01-24,26F/02H,0.04341586,12.289771,1.1779334685523966
2002-01-25,26F/02H,0.028649624,11.937352,1.407174000370227
2002-01-26,26F/02H,0.05105551,14.333468,1.3205918266428698
2002-01-27,26F/02H,0.0030353211999999997,12.675701,1.6216289310183036
2002-01-28,26F/02H,0.0017088114,12.592565,1.803835016415998
2002-01-29,26F/02H,0.0012934206,12.432584,1.5499836097155215
2002-01-30,26F/02H,0.38603586,13.01344,1.3246475004075045
2002-01-31,26F/02H,0.001064197,11.444381,1.1461784739140457
2002-02-01,26F/02H,0.0012874596000000001,10.178802,1.7633731333771905
2002-02-02,26F/02H,0.00024846315,12.591503,1.7214636297572097
2002-02-03,26F/02H,6.221407,13.494079,1.0984840521605177
2002-02-04,26F/02H,1.3346987,12.620499,1.6091944564294938
2002-02-05,26F/02H,3.9767815,14.156301,1.236794556823287
2002-02-06,26F/02H,0.010004527,12.088634,1.0289221531520911
2002-02-07,26F/02H,0.28917947,13.230755,1.369854054853657
2002-02-08,26F/02H,0.0050794396,12.448134,1.7037113844242415
2002-02-09,26F/02H,0.0008523462000000001,13.060023,1.8686982729755808
2002-02-10,26F/02H,0.005400854,11.68449,1.7097071177123095
2002-02-11,26F/02H,0.0071175847,12.735129,1.5751089481851677
2002-02-12,26F/02H,0.0,12.693142,2.08203806423633
2002-02-13,26F/02H,0.00042617315,12.872632,2.102622849104576
2002-02-14,26F/02H,0.00084638584,11.843144,1.7657792863155617
2002-02-15,26F/02H,0.00043511376000000005,10.88171,1.5901326646408391
2002-02-16,26F/02H,0.8252643000000001,11.194037,1.7093268165368052
2002-02-17,26F/02H,0.0,11.488171,1.7860732698754938
2002-02-18,26F/02H,0.0012866621,11.039248,1.854003176508645
2002-02-19,26F/02H,0.0008548606,10.698082,1.7304075706997146
2002-02-20,26F/02H,0.0025868402,10.222602,1.9162274299803437
2002-02-21,26F/02H,0.006255396400000001,12.310043,1.7105540129060202
2002-02-22,26F/02H,0.0017129312,12.405383,2.188622734103506
2002-02-23,26F/02H,0.0017170941,12.495018,2.284780059512008
2002-02-24,26F/02H,0.002975114,11.365214,1.7059258501875676
2002-02-25,26F/02H,0.0008523462000000001,11.122161,1.6814602773257383
2002-02-26,26F/02H,0.025886257,10.682727,1.761271012926681
2002-02-27,26F/02H,0.06756429,12.403019,1.685641706921834
2002-02-28,26F/02H,4.131923,12.860696,1.736448445894745
2002-03-01,26F/02H,1.3234696,10.410649,1.512442393381879
2002-03-02,26F/02H,0.28934528,9.589112,1.9483644516632148
2002-03-03,26F/02H,12.401489,9.713012,1.618425260602428
2002-03-04,26F/02H,1.5934458,10.720664,1.5955790290884535
2002-03-05,26F/02H,0.07279541,10.785175,1.9399847795282703
2002-03-06,26F/02H,0.0013006029,11.073354,2.0315747134343507
2002-03-07,26F/02H,0.0017195933,12.295067,2.392229221908328
2002-03-08,26F/02H,0.0008583069,13.105826,2.4640224250302136
2002-03-09,26F/02H,0.005376173,12.729642,2.128520514793381
2002-03-10,26F/02H,0.1753297,12.075612,2.00008119634894
2002-03-11,26F/02H,4.80055,13.320435,1.7672257931262207
2002-03-12,26F/02H,18.140723,13.039859,1.9568118280731417
2002-03-13,26F/02H,16.150427,11.023154,1.7256453305504165
2002-03-14,26F/02H,16.099507,12.234131,1.5463581571660068
2002-03-15,26F/02H,9.468817,11.93786,1.5920813873973465
2002-03-16,26F/02H,0.9105447000000001,11.17892,1.743836770817082
2002-03-17,26F/02H,9.930033,12.699124,1.695372999720931
2002-03-18,26F/02H,0.45587866000000005,14.702107,1.9518520522143623
2002-03-19,26F/02H,0.0045839043,14.326009,2.6975702790343083
2002-03-20,26F/02H,0.00042617315,15.301686,3.2761214410165387
2002-03-21,26F/02H,0.00043511376000000005,17.028479,3.6602848572229982
2002-03-22,26F/02H,0.0008523462000000001,19.197512,3.985557698657219
2002-03-23,26F/02H,0.0012814989000000001,19.065512,4.063998219773053
2002-03-24,26F/02H,0.0008583068,18.708557,3.5177958148870463
2002-03-25,26F/02H,0.00042665648,16.897675,2.887561417654467
2002-03-26,26F/02H,0.047733223000000005,15.896363,2.990591803171816
2002-03-27,26F/02H,0.00042617315,17.47045,3.5376924540136456
2002-03-28,26F/02H,4.272972,13.781158,1.788006323165634
2002-03-29,26F/02H,0.037562607,15.175247,3.044494751184857
2002-03-30,26F/02H,1.4696025,15.827927,2.6393177949655
2002-03-31,26F/02H,0.013147883,15.931573,3.625620794524081
2002-04-01,26F/02H,5.743982,14.985219,2.6703258672302352
2002-04-02,26F/02H,1.3118925,13.462517,2.281422842532402
2002-04-03,26F/02H,1.5333096000000002,11.850212,1.7396329208531436
2002-04-04,26F/02H,2.2922107,12.652343,2.099101173262772
2002-04-05,26F/02H,3.625481,13.850249,2.2695825430154217
2002-04-06,26F/02H,14.188102,10.863597,1.6392385203795383
2002-04-07,26F/02H,11.211306,10.864372,1.931973383450282
2002-04-08,26F/02H,6.3075254,12.046611,2.827816172010398
2002-04-09,26F/02H,7.356052,13.310395,2.8435855682182862
2002-04-10,26F/02H,1.1667687000000002,13.645463,2.8365658284389057
2002-04-11,26F/02H,0.39618637,11.949108,1.942800092795404
2002-04-12,26F/02H,0.44716107,12.537538,2.453735807889845
2002-04-13,26F/02H,0.016281906,12.937401,2.204849772951756
2002-04-14,26F/02H,0.003004704,12.964874,2.530936198789404
2002-04-15,26F/02H,0.00042617315,12.739165,2.7170023823516503
2002-04-16,26F/02H,0.0,12.249683,2.8840865621363405
2002-04-17,26F/02H,0.0008523462000000001,12.7050295,3.1345691729015117
2002-04-18,26F/02H,0.42174344,13.545348,3.0363868605994955
2002-04-19,26F/02H,0.0008583069,13.771422,3.5638765835713677
2002-04-20,26F/02H,0.001716785,17.615583,4.655125715348362
2002-04-21,26F/02H,0.0004410743,20.345201,4.948390256651162
2002-04-22,26F/02H,0.0017106531000000002,19.802378,4.4132104323196
2002-04-23,26F/02H,0.0004351138,19.667816,4.752078168796459
2002-04-24,26F/02H,0.0017195934,20.39044,5.025260273400504
2002-04-25,26F/02H,0.0,20.021208,4.541036036633457
2002-04-26,26F/02H,0.014721868499999999,16.919876,4.122357839150307
2002-04-27,26F/02H,0.0025279297999999998,17.014225,3.807235861871028
2002-04-28,26F/02H,0.0005487157,15.496854,3.507200124848739
2002-04-29,26F/02H,0.0019032606000000001,15.865472,3.750778098200698
2002-04-30,26F/02H,0.0022543697,15.365658,3.846639342348942
2002-05-01,26F/02H,0.012523526,14.538167,2.6992852647306207
2002-05-02,26F/02H,0.8078982499999999,13.433155,2.4639711422788237
2002-05-03,26F/02H,0.00084638584,14.244075,3.6539174743981
2002-05-04,26F/02H,0.0008415059000000001,15.196571,4.078515625942008
2002-05-05,26F/02H,0.33805545000000004,16.150337,3.5771982273560914
2002-05-06,26F/02H,0.2098992,16.47378,3.701779898577852
2002-05-07,26F/02H,2.5952947,14.082699,2.879602936813732
2002-05-08,26F/02H,10.198262000000001,13.4619665,2.4033762515473818
2002-05-09,26F/02H,1.2922478000000002,14.552879,2.7245153501104857
2002-05-10,26F/02H,0.8420003,13.761495,2.448383890484035
2002-05-11,26F/02H,0.0,13.895749,3.03198197254689
2002-05-12,26F/02H,0.0008583069,14.305988,3.5782057338611835
2002-05-13,26F/02H,0.9421165,15.949773,3.421515008711285
2002-05-14,26F/02H,0.06140798,17.138424,3.7575168495280553
2002-05-15,26F/02H,0.0008583069,19.800245,5.522575796385033
2002-05-29,26F/02H,0.006651688,18.061491,4.3407303899236
2002-05-30,26F/02H,0.0,18.970694,5.178461656533649
2002-05-31,26F/02H,0.0,19.204844,5.167935147952158
2002-06-01,26F/02H,0.0008523463,19.064083,5.031393446979722
2002-06-02,26F/02H,0.005016206699999999,17.37102,4.085575062259749
2002-06-03,26F/02H,0.010292327,16.977499,3.472525006924412
2002-06-04,26F/02H,2.5421329999999998,15.884922,2.778830576205859
2002-06-05,26F/02H,0.41782553,15.999789,3.263875813574694
2002-06-06,26F/02H,0.46324533,15.880271,3.266968088016612
2002-06-07,26F/02H,0.26564462,16.851692,3.0070989657325677
2002-06-08,26F/02H,0.048997158,15.797383,3.165515335898094
2002-06-09,26F/02H,0.00043511376000000005,16.739809,4.155082112469374
2002-06-10,26F/02H,0.00042617315,19.404078,4.876488213985535
2002-06-11,26F/02H,0.0008583069,22.394058,6.599715017633954
2002-06-12,26F/02H,0.00085532653,21.541122,5.51964153485536
2002-06-13,26F/02H,0.21592160000000002,21.787565,6.262412843226513
2002-06-14,26F/02H,6.6931536e-06,20.612455,4.978331794464587
2002-06-15,26F/02H,0.0040617766,21.995512,5.577038625680364
2002-06-16,26F/02H,0.0008523462000000001,22.921919,6.283859810983613
2002-06-17,26F/02H,0.00085234624,21.886583,5.838450359617646
2002-06-18,26F/02H,0.005342067,20.728483,4.823188150512464
2002-06-19,26F/02H,0.19344644,19.844603,4.424354902561358
2002-06-20,26F/02H,0.004132179,19.482985,4.817864852474358
2002-06-21,26F/02H,0.0,21.034883,5.874591906617168
2002-06-22,26F/02H,0.0042244673,21.073725,5.386271412677468
2002-06-23,26F/02H,0.008895952,19.243223,4.84953596954735
2002-06-24,26F/02H,0.13991617,18.487305,3.926095794697876
2002-06-25,26F/02H,0.25091374,20.43341,5.69145562994664
2002-06-26,26F/02H,0.019163810000000003,19.52654,4.533007151567627
2002-06-27,26F/02H,0.09068417,19.725077,4.612171798224276
2002-06-28,26F/02H,0.001286892,20.55189,5.009982818844918
2002-06-29,26F/02H,0.00039311427,18.89527,4.221342265972893
2002-06-30,26F/02H,0.0012548988000000002,18.632498,4.338471188285427
2002-07-01,26F/02H,0.0008463859,20.14997,5.281466928653918
2002-07-02,26F/02H,0.005264433000000001,19.323399,4.269129964393899
2002-07-03,26F/02H,0.0004351138,19.767202,5.272605277588085
2002-07-04,26F/02H,0.0012814988000000001,20.122423,5.194029335760193
2002-07-05,26F/02H,0.00043511381999999997,20.61551,5.714395639634367
2002-07-06,26F/02H,0.008485742000000001,19.638094,4.698261847538741
2002-07-07,26F/02H,0.0,19.6651,5.113900295448256
2002-07-08,26F/02H,0.012295807,18.8222,4.37156107830468
2002-07-09,26F/02H,0.27840717000000004,18.689173,3.94672152869402
2002-07-10,26F/02H,0.10391447,19.283575,3.743724834256822
2002-07-11,26F/02H,0.0004410743,19.906641,5.434618728751752
2002-07-12,26F/02H,0.0014711288,21.139751,5.240695121102329
2002-07-13,26F/02H,0.0073113729999999995,21.66008,5.385549070876507
2002-07-14,26F/02H,0.001712173,26.091375,6.872257642508515
2002-07-15,26F/02H,0.0,26.257227,5.961242478614498
2002-07-16,26F/02H,0.0008793157,27.122505,6.638696726771269
2002-07-17,26F/02H,0.00042617315,26.543549,6.434488861115289
2002-07-18,26F/02H,0.0004410743,24.2792,5.721434940970121
2002-07-19,26F/02H,0.001285146,20.981138,4.786951707222928
2002-07-20,26F/02H,0.0012581275000000001,19.971804,5.070541832219283
2002-07-21,26F/02H,0.00085234624,19.110294,4.014105017569212
2002-07-22,26F/02H,0.8186718,19.168787,3.466247874083267
2002-07-23,26F/02H,0.09999132000000001,20.793768,4.43552396175924
2002-07-24,26F/02H,0.0012833570000000002,24.007057,6.163871470130062
2002-07-25,26F/02H,0.00085234624,25.389862,6.1522553226225
2002-07-26,26F/02H,0.00043511381999999997,23.752748,5.548940062089518
2002-07-27,26F/02H,0.0008413099,23.063232,5.802759087804743
2002-07-28,26F/02H,0.0008642672,23.87647,5.939315536037216
2002-07-29,26F/02H,0.0025868410000000003,22.370188,5.404896304205626
2002-07-30,26F/02H,0.0,20.968483,4.688882069294246
2002-07-31,26F/02H,0.0,20.991203,5.061915744837503
2002-08-01,26F/02H,0.0017209277000000002,20.645498,5.169120086599282
2002-08-02,26F/02H,0.0,20.911764,5.461694760600563
2002-08-03,26F/02H,0.0015580912,20.080126,4.493493906316639
2002-08-04,26F/02H,0.0036902356,20.043459,4.418228828142503
2002-08-05,26F/02H,0.00042617315,19.759285,4.316878412432351
2002-08-06,26F/02H,0.0038811662,20.068949,4.389171126488194
2002-08-07,26F/02H,0.0025483143,20.892435,4.758123479907619
2002-08-08,26F/02H,0.0030041318,22.496384,5.297661354852947
2002-08-09,26F/02H,0.0012948866999999999,20.968174,4.842347094257257
2002-08-10,26F/02H,0.25714865,19.443571,3.091947949605487
2002-08-11,26F/02H,0.0033872523,22.10002,5.161085226275587
2002-08-12,26F/02H,0.0,25.443502,6.415929059412234
2002-08-13,26F/02H,0.00088291645,24.574951,5.708524569155558
2002-08-14,26F/02H,0.10405921,21.954199,4.192998637726788
2002-08-15,26F/02H,0.0044572144,20.807177,4.283613419350309
2002-08-16,26F/02H,0.017128737999999998,21.526178,4.219051661600611
2002-08-17,26F/02H,0.00018721576000000001,21.380323,4.419735834419265
2002-08-18,26F/02H,0.019303864,20.545675,4.283831432467799
2002-08-19,26F/02H,0.0059725013,19.711403,3.946926872055617
2002-08-20,26F/02H,0.00042752308,20.810816,4.612119428453436
2002-08-21,26F/02H,0.01288547,21.577925,4.008161722263582
2002-08-22,26F/02H,0.0026767855,19.94089,3.6526250901147614
2002-08-23,26F/02H,0.004295741,19.781754,3.8104224943480727
2002-08-24,26F/02H,0.26544952,19.140196,2.904744022478668
2002-08-25,26F/02H,0.13498796,19.661184,3.559635499196776
2002-08-26,26F/02H,0.0030236232,19.551298,3.478519780848893
2002-08-27,26F/02H,0.0,20.197237,4.353576590340272
2002-08-28,26F/02H,0.0008566188,23.215372,5.122194236874022
2002-08-29,26F/02H,0.0021546382999999996,23.413666,4.874119145129011
2002-08-30,26F/02H,0.0008523462000000001,21.51471,4.520598617419664
2002-08-31,26F/02H,0.0021211245,20.133821,3.990321490540975
2002-09-01,26F/02H,0.017604036,19.827612,4.094272481496372
2002-09-02,26F/02H,0.010298352,18.961607,3.866387587043842
2002-09-03,26F/02H,0.025831982,19.045948,3.24497502555724
2002-09-04,26F/02H,0.0069450226,18.771507,2.972244351497589
2002-09-05,26F/02H,7.5297984000000004e-06,18.62934,3.461038145984259
2002-09-06,26F/02H,0.00041722804,18.415504,3.466664898927599
2002-09-07,26F/02H,0.22378981,18.766151,3.3803326600431687
2002-09-08,26F/02H,1.8720219,18.811327,3.018141550066145
2002-09-09,26F/02H,0.017596918,18.27773,3.1369160344226383
2002-09-10,26F/02H,0.00043511376000000005,19.157299,3.731185515427439
2002-09-11,26F/02H,0.0004410743,20.460325,3.8627560854975926
2002-09-12,26F/02H,0.16827887000000002,20.271105,3.15262908887044
2002-09-13,26F/02H,0.039705936000000004,20.508596,3.254797069487924
2002-09-14,26F/02H,14.661226000000001,19.148085,2.2900599046942443
2002-09-15,26F/02H,13.176554000000001,19.888912,2.260961654859954
2002-09-16,26F/02H,6.169536,20.071657,2.3711953374160286
2002-09-17,26F/02H,9.869886000000001,19.629082,2.205794233437421
2002-09-18,26F/02H,3.2195923,19.85376,2.341309292338032
2002-09-19,26F/02H,2.0276106,20.358301,2.6885475869038915
2002-09-20,26F/02H,0.8158979500000001,19.919191,2.2816144532759197
2002-09-21,26F/02H,3.1583975,18.987911,1.8634276000304717
2002-09-22,26F/02H,2.5709045,18.712904,1.9004126205028076
2002-09-23,26F/02H,1.1846984,18.443678,2.097078091195208
2002-09-24,26F/02H,1.2626244,18.148642,2.5169138234805986
2002-09-25,26F/02H,10.048833,18.479074,2.386406356809623
2002-09-26,26F/02H,0.5654688,19.595713,2.753639678977388
2002-09-27,26F/02H,0.40425095,19.736044,2.8858306764307544
2002-09-28,26F/02H,0.10454751000000001,20.072477,2.608445252157207
2002-09-29,26F/02H,0.006393697,20.230352,2.800898003290066
2002-09-30,26F/02H,6.4974300000000005,20.221636,2.616166887626592
2002-10-01,26F/02H,13.37035,19.231665,1.8749965348362292
2002-10-02,26F/02H,0.46940732,19.691076,2.1049593514613703
2002-10-03,26F/02H,0.48219760000000006,20.483667,2.6480814391512237
2002-10-04,26F/02H,0.6534580999999999,21.029152,2.6651209790877624
2002-10-05,26F/02H,0.51797034,20.979631,2.408728565955194
2002-10-06,26F/02H,1.8113894000000001,19.963774,2.221917222924256
2002-10-07,26F/02H,0.25503212,18.74582,2.087015767325428
2002-10-08,26F/02H,8.186832500000001,18.17938,1.7457393003898447
2002-10-09,26F/02H,3.9468535000000005,15.157435,1.4174505833553328
2002-10-10,26F/02H,0.9701740999999999,14.645877,1.2416337550403602
2002-10-11,26F/02H,0.44526086,15.942802,2.422299732432468
2002-10-12,26F/02H,1.1476568999999999,18.235197,2.1526334300290757
2002-10-13,26F/02H,0.47329544,18.574781,1.961217445332292
2002-10-14,26F/02H,0.33169196,18.061754,1.9835651712515563
2002-10-15,26F/02H,0.7076303,18.768156,1.8567879254659947
2002-10-16,26F/02H,1.5508313,18.046833,1.6794216114145355
2002-10-17,26F/02H,0.4347883,16.154308,1.6178363433544551
2002-10-18,26F/02H,0.08727238500000001,15.962513,2.193623341346159
2002-10-19,26F/02H,0.00043511381999999997,19.735626,2.7828515829458578
2002-10-20,26F/02H,6.415048,19.79606,1.5478521608993565
2002-10-21,26F/02H,2.451548,18.074469,1.2799610929102814
2002-10-22,26F/02H,3.1818486,17.496065,1.427744299040315
2002-10-23,26F/02H,0.2021814,16.393118,1.6797783583823704
2002-10-24,26F/02H,0.107780045,15.867882,2.0533814290525543
2002-10-25,26F/02H,0.09175393,17.206125,1.9005581205236128
2002-10-26,26F/02H,0.034992664,18.171782,1.934959949760723
2002-10-27,26F/02H,0.00043511376000000005,19.165117,2.510296569610305
2002-10-28,26F/02H,0.00043511376000000005,19.156496,2.414889719653812
2002-10-29,26F/02H,0.6818865399999999,19.03921,2.091870013699197
2002-10-30,26F/02H,2.0768125,17.474192,1.298938491821636
2002-10-31,26F/02H,0.14940886,16.439934,1.5081820866663838
2002-11-01,26F/02H,0.2747899,16.862045,1.6701802294875108
2002-11-02,26F/02H,1.3556902,17.78177,1.35742880749275
2002-11-03,26F/02H,1.7201454,18.432184,1.3371385784798513
2002-11-04,26F/02H,0.0012378398,15.939462,1.5451051728419465
2002-11-05,26F/02H,0.001275539,16.138186,1.7635317906070742
2002-11-06,26F/02H,0.0004410743,16.855183,1.7615684031121237
2002-11-07,26F/02H,0.0012934817,15.437934,1.7930259133446442
2002-11-08,26F/02H,0.0008612870000000001,13.394015,1.8693087680965237
2002-11-09,26F/02H,0.0034150848,14.64751,1.605037256355185
2002-11-10,26F/02H,0.0017842374999999999,14.320659,1.375714670354147
2002-11-11,26F/02H,0.21430077,15.238101,1.6455002886545247
2002-11-12,26F/02H,0.6987834,15.703288,1.2644351112777368
2002-11-13,26F/02H,17.594049,15.003356,1.2062581159110468
2002-11-14,26F/02H,17.746458999999998,12.705188,0.9834688630162488
2002-11-15,26F/02H,3.6145857,11.203869,1.1865414316663927
2002-11-16,26F/02H,2.3291345000000003,11.887582,1.0526000312133
2002-11-17,26F/02H,0.37588388,12.764157,1.0441919950008347
2002-11-18,26F/02H,2.2254084,13.686692,1.247370265475112
2002-11-19,26F/02H,10.28232,12.326028,1.0272390920641596
2002-11-20,26F/02H,2.6484099999999997,12.722572,1.2853487736225295
2002-11-21,26F/02H,2.0656653,14.918372,0.9283926008147936
2002-11-22,26F/02H,9.987997,13.909272,0.9292113495486152
2002-11-23,26F/02H,7.112838,12.263378,0.937192224182907
2002-11-24,26F/02H,5.827799,10.666638,0.8469331937641598
2002-11-25,26F/02H,0.052519978,10.743098,1.2691434776403967
2002-11-26,26F/02H,0.9290841000000001,14.15609,1.3273328963226918
2002-11-27,26F/02H,10.702639,16.268312,1.069901246563441
2002-11-28,26F/02H,0.9793236000000001,14.567676,1.026941633951235
2002-11-29,26F/02H,0.0030887437000000004,13.380639,1.2170537886566508
2002-11-30,26F/02H,0.12250471,13.544281,0.8674234707494511
2002-12-01,26F/02H,0.3742872,13.990294,1.109802658326673
2002-12-02,26F/02H,0.019403765,13.269908,0.9824435683741598
2002-12-03,26F/02H,0.18265393000000002,12.566228,1.050627629720731
2002-12-04,26F/02H,0.30955059999999995,14.683488,0.9610569780787092
2002-12-05,26F/02H,0.0045064745000000005,12.212382,1.067604016273076
2002-12-06,26F/02H,0.0,9.52406,0.9765814764010156
2002-12-07,26F/02H,0.0012874596000000001,8.8860445,1.1369832686247752
2002-12-08,26F/02H,0.0273616,9.3828125,1.1078381066375875
2002-12-09,26F/02H,16.335583,11.359929,0.901651026038573
2002-12-10,26F/02H,9.933440000000001,11.874454,0.6407802507625725
2002-12-11,26F/02H,3.7674912,10.947925,1.015366888601959
2002-12-12,26F/02H,0.014448362,9.176145,1.02054111119007
2002-12-13,26F/02H,17.192553,12.945259,1.0219251595635388
2002-12-14,26F/02H,1.6660162,14.405849,0.985236691736562
2002-12-15,26F/02H,0.059331753,12.731462,1.1652749665416282
2002-12-16,26F/02H,2.98111,14.581707,1.269123122330168
2002-12-17,26F/02H,18.249344,16.952068,0.6421902575520305
2002-12-18,26F/02H,1.2283773000000002,15.936284,0.832463871256209
2002-12-19,26F/02H,2.2478093,14.151229,1.1156973024219683
2002-12-20,26F/02H,0.035719513,12.495735,1.0528472070798245
2002-12-21,26F/02H,0.0018314868,13.275509,1.0780874212872742
2002-12-22,26F/02H,0.0027495892,13.353196,1.2322610570787391
2002-12-23,26F/02H,2.9605227,15.220062,0.9213597414744598
2002-12-24,26F/02H,6.73433,15.334807,0.9129442841827948
2002-12-25,26F/02H,0.7440278,16.005663,0.7104794332361777
2002-12-26,26F/02H,12.680126000000001,15.58916,0.6836349069537884
2002-12-27,26F/02H,15.512752,13.522518,0.703029107696246
2002-12-28,26F/02H,0.44250997999999997,12.305438,0.996828637878802
2002-12-29,26F/02H,0.005615234,10.715711,1.032413273900911
2002-12-30,26F/02H,3.426603,13.745854,0.9546837078917066
2002-12-31,26F/02H,0.40867570000000003,12.908157,0.9302290524867948
2003-01-01,26F/02H,0.09738416,14.942071,0.9624429851433436
2003-01-02,26F/02H,4.161834,15.336075,0.7901112135522644
2003-01-03,26F/02H,1.2546334,14.263902,1.0214123562051955
2003-01-04,26F/02H,0.17537169,12.308793,1.0205116877533589
2003-01-05,26F/02H,5.209969699999999,12.633179,0.8741274563353
2003-01-06,26F/02H,0.7288261,10.889514,0.7891182301335761
2003-01-07,26F/02H,9.083522,12.495566,1.0385690769344489
2003-01-08,26F/02H,10.501852000000001,10.754693,0.6903812307404388
2003-01-09,26F/02H,10.344237,9.333736,0.9117670558549632
2003-01-10,26F/02H,0.0008523462000000001,5.666464,0.865661822138257
2003-01-11,26F/02H,0.0012755392,4.9654546,0.9113855973365332
2003-01-12,26F/02H,0.0025747867,4.7852273,0.9396416712247968
2003-01-13,26F/02H,0.0,4.8117895,1.0550465544617478
2003-01-14,26F/02H,0.0008523462000000001,5.5201106,1.184752248839178
2003-01-15,26F/02H,0.0008583069,4.9382443,1.1499100465620773
2003-01-16,26F/02H,0.00043511376000000005,5.589044,1.1789452215950322
2003-01-17,26F/02H,0.013611311000000001,8.039491,1.253899601538988
2003-01-18,26F/02H,9.927239,11.648934,1.1574240153804891
2003-01-19,26F/02H,0.81630786,11.383755,0.8940369239168747
2003-01-20,26F/02H,11.449808,12.597056,0.9794861419744764
2003-01-21,26F/02H,0.4619156,12.358261,0.8337296165212525
2003-01-22,26F/02H,3.0369495000000004,13.034489,0.9750208047534898
2003-01-23,26F/02H,0.0008702277,10.686653,1.3106200830842882
2003-01-24,26F/02H,0.0008583068,9.923684,1.4086464479682268
2003-01-25,26F/02H,0.0004410743,9.810245,1.404490874046471
2003-01-26,26F/02H,0.0008523463,10.597239,1.58471323557574
2003-01-27,26F/02H,0.0012995605,13.466388,1.667053026747925
2003-01-28,26F/02H,0.0034272652,13.752521,1.6676277213253845
2003-01-29,26F/02H,0.00085234624,10.406193,1.066215655415164
2003-01-30,26F/02H,0.01621658,9.057683,1.216050655721194
2003-01-31,26F/02H,0.014090064,8.862171,0.991258441218987
2003-02-01,26F/02H,0.0008586426,6.4517684,1.1957559208365278
2003-02-02,26F/02H,0.0026117035999999997,8.494377,1.5446676277808478
2003-02-03,26F/02H,0.0009601725,10.078332,1.5042937109776071
2003-02-04,26F/02H,0.33056265,11.593888,1.2384644022241382
2003-02-05,26F/02H,0.0008712032400000001,10.962002,1.1933955975464612
2003-02-06,26F/02H,0.009903433,10.55275,1.5044060568819917
2003-02-07,26F/02H,5.7204634,9.93414,1.247743532650771
2003-02-08,26F/02H,0.0,9.732232,1.5446923677731872
2003-02-09,26F/02H,0.0031985931,10.009129,1.6098134604674683
2003-02-10,26F/02H,0.025133453,10.888398,1.151464969105158
2003-02-11,26F/02H,0.035495365,11.670356,1.6354753956829509
2003-02-12,26F/02H,0.09822941,11.634892,1.09451137596572
2003-02-13,26F/02H,0.0016270208,10.628512,1.3857838739141697
2003-02-14,26F/02H,0.08429316,9.759803,1.465906559106729
2003-02-15,26F/02H,0.0012847139000000001,8.629583,1.4718156465537486
2003-02-16,26F/02H,0.0047161326,7.801783,1.6447525104355487
2003-02-17,26F/02H,0.5674969,9.491654,1.6166978405371386
2003-02-18,26F/02H,15.579636,13.586022,1.3128183504703546
2003-02-19,26F/02H,10.979152000000001,10.111073,1.1143801945388327
2003-02-20,26F/02H,1.9612008,10.454442,1.2841612722698348
2003-02-21,26F/02H,11.736301,11.447315,1.6408421442874177
2003-02-22,26F/02H,4.930589,13.316918,1.412112089215576
2003-02-23,26F/02H,1.3849819,13.074245,1.8021704077128768
2003-02-24,26F/02H,12.068899,12.284326,1.1065517504292095
2003-02-25,26F/02H,16.450752,9.765998,1.312217016206491
2003-02-26,26F/02H,20.853486,10.580796,1.6359943685078058
2003-02-27,26F/02H,0.24573083,11.97541,1.471539747924728
2003-02-28,26F/02H,0.0053123120000000005,12.187179,1.7733100984019483
2003-03-01,26F/02H,0.027584854,12.54004,1.9291274249622852
2003-03-02,26F/02H,0.21344210000000002,14.154343,1.3968308333575712
2003-03-03,26F/02H,0.039399569999999995,13.919269,1.768818860348334
2003-03-04,26F/02H,0.00993724,13.26175,2.4403007508570145
2003-03-05,26F/02H,0.06942965,12.464153,1.808576602127685
2003-03-06,26F/02H,0.0004351138,11.181962,1.9175821827220172
2003-03-07,26F/02H,0.017569382,11.021733,1.811538303679587
2003-03-08,26F/02H,0.0012814989000000001,12.533099,2.42978867523927
2003-03-09,26F/02H,0.0004410743,13.31546,2.551700324896821
2003-03-10,26F/02H,0.0,14.886998,2.8883873483629503
2003-03-11,26F/02H,0.0,14.823605,2.7426383792897893
2003-03-12,26F/02H,0.0057150410000000006,16.694658,2.974327440367124
2003-03-13,26F/02H,0.00085593134,15.668094,2.603505913393904
2003-03-14,26F/02H,0.010478513,13.870662,1.9582182868639328
2003-03-15,26F/02H,0.0012844793000000001,13.669431,2.6415514932091626
2003-03-16,26F/02H,0.3111743,14.831738,2.633441175024838
2003-03-17,26F/02H,13.131874,10.9281,1.304343036654417
2003-03-18,26F/02H,0.6259832000000001,13.320291,2.339770834592396
2003-03-19,26F/02H,0.9970545,13.445851,2.1325867383063377
2003-03-27,26F/02H,13.665111999999999,13.90655,1.7862011298977274
2003-03-28,26F/02H,0.59424115,14.464433,2.536847151762054
2003-03-29,26F/02H,5.1385117000000005,14.030122,2.462853158078896
2003-03-30,26F/02H,0.9164512300000001,13.690814,1.8431458121447348
2003-03-31,26F/02H,0.005536844000000001,13.184104,2.5828125788308784
2003-04-01,26F/02H,0.14637967000000002,14.683114,2.7594452360493675
2003-04-02,26F/02H,0.0016445409,14.51685,2.601577341742125
2003-04-03,26F/02H,0.000426326,15.477151,3.317171004411953
2003-04-04,26F/02H,0.0021382173999999997,14.190491,2.911334788185
2003-04-05,26F/02H,0.0012904401000000002,14.067279,3.438663492739998
2003-04-06,26F/02H,0.001716613,15.1346655,3.745366118443031
2003-04-07,26F/02H,0.0017225737999999999,16.26782,4.084228368364255
2003-04-08,26F/02H,0.10074075,16.31035,3.6003584932944244
2003-04-09,26F/02H,0.051210484,14.190553,2.6185800768267478
2003-04-10,26F/02H,1.5282048,12.855145,2.1073596192882342
2003-04-11,26F/02H,2.3606746,12.536254,1.9535806011507637
2003-04-12,26F/02H,0.8488708500000001,15.569554,2.665925470232629
2003-04-13,26F/02H,23.618818,14.138363,2.2186863444366263
2003-04-14,26F/02H,16.517443,12.567516,2.0313977501535123
2003-04-15,26F/02H,1.3276748,14.1866865,2.3538286763164
2003-04-16,26F/02H,0.00046684389999999997,14.530335000000001,3.099846260197708
2003-04-17,26F/02H,0.7128696999999999,15.02233,3.3730992494896808
2003-04-18,26F/02H,2.4818572,13.930793,2.3262154886852984
2003-04-19,26F/02H,0.7170596,12.140204,2.065695655288497
2003-04-20,26F/02H,1.9112457,12.796548,2.852730765829791
2003-04-21,26F/02H,0.31753204,14.25687,3.471963407011033
2003-04-22,26F/02H,10.928802,13.970905,2.501706222267737
2003-04-23,26F/02H,0.3511417,14.058105,2.762751494850392
2003-04-24,26F/02H,0.66667175,14.667254,3.0261793890976905
2003-04-25,26F/02H,7.481321299999999,15.714276,2.8570388747638424
2003-04-26,26F/02H,1.0628488999999999,15.556305,2.854111983229192
2003-04-27,26F/02H,0.018346977,15.886134,4.134295110992913
2003-04-28,26F/02H,2.2771356999999997,16.08249,2.867532584407364
2003-04-29,26F/02H,1.0083654,14.918232,2.5852362221069187
2003-04-30,26F/02H,0.36593744,14.52095,2.774442236970125
2003-05-01,26F/02H,0.0008702276300000001,14.542179,2.992335935430716
2003-05-02,26F/02H,0.017753526999999998,15.4927635,3.018331027858772
2003-05-03,26F/02H,0.0,16.095055,4.210776156100223
2003-05-04,26F/02H,0.36771454000000003,15.657149,3.224266969516198
2003-05-05,26F/02H,2.9942968999999997,14.5874605,2.9155112227059194
2003-05-06,26F/02H,0.00072220445,13.591647,3.057993556421899
2003-05-07,26F/02H,0.00085234624,14.329968,3.4870926952687724
2003-05-08,26F/02H,0.0,15.980606,3.871170457142023
2003-05-09,26F/02H,0.0008583069,17.204737,4.2559957165026505
2003-05-10,26F/02H,0.0012814989000000001,17.45789,4.485618041153493
2003-05-11,26F/02H,0.0008583069,17.442352,4.529252838946756
2003-05-12,26F/02H,0.0008523462000000001,18.407537,4.955530712443972
2003-05-13,26F/02H,0.002140272,18.924364,5.0083793438167765
2003-05-14,26F/02H,0.0,20.787802,5.515273350953546
2003-05-15,26F/02H,0.00085532653,19.535673,4.616384387951683
2003-05-16,26F/02H,0.0010565922000000001,16.995155,3.828877038504361
2003-05-17,26F/02H,0.0008523463,16.908354,4.094024635140461
2003-05-18,26F/02H,0.0046668180000000005,18.882313,4.789890456295264
2003-05-19,26F/02H,0.0030575097,19.435022,4.82111314384316
2003-05-20,26F/02H,0.0008583069,19.97346,5.870368879335477
2003-05-21,26F/02H,0.0030029974,23.509682,6.221475941693582
2003-05-22,26F/02H,0.0008583069,23.733084,6.390699677164058
2003-05-23,26F/02H,0.00086128706,22.501047,5.75626253345167
2003-05-24,26F/02H,0.0061374129999999995,17.834524,3.6265775169229855
2003-05-25,26F/02H,0.0034355152,17.993994,4.796175021516955
2003-05-26,26F/02H,0.0,20.710405,5.604419957090836
2003-05-27,26F/02H,0.0017046920999999999,22.78406,5.856384898659544
2003-05-28,26F/02H,0.0025689595,23.41152,6.074905361165773
2003-05-29,26F/02H,0.14608742000000002,23.048521,6.273275541863068
2003-05-30,26F/02H,0.30198584,21.94339,4.728800663107073
2003-05-31,26F/02H,1.5233273,20.600008,4.492717519153437
2003-06-01,26F/02H,0.02306759,17.965855,3.721965166763318
2003-06-02,26F/02H,0.1554545,18.73239,3.387486771238996
2003-06-03,26F/02H,1.0590254000000001,18.941648,3.644597639276636
2003-06-04,26F/02H,0.77424615,18.632189,3.612715611905512
2003-06-05,26F/02H,0.0,18.171114,4.508007385068667
2003-06-06,26F/02H,0.0,21.444994,6.156526133530125
2003-06-07,26F/02H,0.0008583069,22.110506,5.555485648633218
2003-06-08,26F/02H,0.0030116272,21.161386,5.272098614021396
2003-06-09,26F/02H,0.00085234624,19.80265,5.464173198185514
2003-06-10,26F/02H,0.0008684745000000001,20.673754,5.317235012988693
2003-06-11,26F/02H,0.0003755422,23.951353,6.663849372978927
2003-06-12,26F/02H,0.00087646097,27.462671,7.364229838890628
2003-06-13,26F/02H,0.010679199,25.928717,6.037293021721619
2003-06-14,26F/02H,0.048735916000000004,22.070747,4.895964776995769
2003-06-15,26F/02H,0.044444286,20.044601,4.226203880433384
2003-06-16,26F/02H,0.18819136,19.708067,3.938641548180015
2003-06-17,26F/02H,0.07189157,20.524994,4.870801997265293
2003-06-18,26F/02H,0.00042617315,25.987875,7.430134739508114
2003-06-19,26F/02H,0.0,28.782927,7.613921868630798
2003-06-20,26F/02H,0.00085571605,27.163774,5.969749058275125
2003-06-21,26F/02H,0.015700227,23.881178,5.516122511604984
2003-06-22,26F/02H,0.07295043,21.042215,4.4287013630794725
2003-06-23,26F/02H,0.0001805226,20.70585,4.909186237042112
2003-06-24,26F/02H,0.18879256000000003,20.28642,4.059078249789625
2003-06-25,26F/02H,0.0,20.664923,4.873400158097874
2003-06-26,26F/02H,0.00086285627,19.536627,4.496734732651511
2003-06-27,26F/02H,0.0025786574,20.632097,4.8858771200799564
2003-06-28,26F/02H,0.008533714,19.53834,4.155501367283503
2003-06-29,26F/02H,0.573249,19.405325,4.54679721658358
2003-06-30,26F/02H,0.88757043,19.87748,3.4036538725718617
2003-07-01,26F/02H,0.28900420000000004,19.928368,3.6670939242672898
2003-07-02,26F/02H,0.14860658000000002,19.690725,3.335480279000388
2003-07-03,26F/02H,0.0012874206,19.644495,4.491418376552804
2003-07-04,26F/02H,0.001716613,19.785381,4.742501682960482
2003-07-05,26F/02H,0.0012851896000000002,19.902163,4.708621514257556
2003-07-06,26F/02H,0.002851427,20.31139,4.883939578709483
2003-07-07,26F/02H,0.001275539,22.092817,5.917227751856811
2003-07-08,26F/02H,0.0017173086,22.70769,5.779361918100657
2003-07-09,26F/02H,0.0,23.003738,6.087768480395387
2003-07-10,26F/02H,0.0,23.157946,6.016199890784976
2003-07-11,26F/02H,0.010687533,21.029226,4.732442077076774
2003-07-12,26F/02H,0.0592476,20.349499,3.978647770664914
2003-07-13,26F/02H,0.17943996,19.976954,3.7918228495958446
2003-07-14,26F/02H,0.8374975600000001,19.531927,4.068420743314707
2003-07-15,26F/02H,0.30327707,18.88049,3.255551895843672
2003-07-16,26F/02H,0.0008583069,18.96985,4.302260968624649
2003-07-17,26F/02H,0.0004410882,20.02012,4.904128469284561
2003-07-18,26F/02H,0.00085532653,21.233269,5.440358068908205
2003-07-19,26F/02H,0.0023816066,21.965668,5.179795009035155
2003-07-20,26F/02H,0.0012840064,20.68971,4.606099136842775
2003-07-21,26F/02H,0.0012993804,20.659473,4.621427737716826
2003-07-22,26F/02H,0.00043511381999999997,21.126444,4.987462542424551
2003-07-23,26F/02H,0.0011995426,20.844252,4.510576173380886
2003-07-24,26F/02H,0.0004410743,21.691154,4.8379181990095255
2003-07-25,26F/02H,0.0022721285999999998,22.2891,5.302901585173659
2003-07-26,26F/02H,0.002611185,21.908401,4.65637970655959
2003-07-27,26F/02H,0.12465379,21.882072,4.196665609817638
2003-07-28,26F/02H,0.0012949313000000001,22.482744,6.020395769896858
2003-07-29,26F/02H,0.00042800307,27.857948,7.186175771664213
2003-07-30,26F/02H,0.0,29.633606,7.313973962494971
2003-07-31,26F/02H,0.0008523462000000001,29.59686,6.970556761535796
2003-08-01,26F/02H,0.1939584,31.109907,7.797467873204307
2003-08-02,26F/02H,0.017122212999999997,29.984446,6.510007840888733
2003-08-03,26F/02H,0.082240486,24.772203,5.050037808234324
2003-08-04,26F/02H,0.0017303962,25.341482,6.230658168007169
2003-08-05,26F/02H,0.06593691,28.079283,6.833430422579816
2003-08-06,26F/02H,0.009268927,28.74923,6.589612250147803
2003-08-07,26F/02H,0.0008550331,27.750038,6.255455628385756
2003-08-08,26F/02H,0.0012691082,26.146017,5.478431819847708
2003-08-09,26F/02H,0.01281779,25.001223,5.423948700736279
2003-08-10,26F/02H,0.0017113007,26.189299,5.910721707883276
2003-08-11,26F/02H,0.0012873315,28.55503,6.720634035886174
2003-08-12,26F/02H,0.0005771173,28.072973,6.158880792819628
2003-08-13,26F/02H,0.0,27.15019,5.723880612645481
2003-08-14,26F/02H,0.0,25.922964,5.456912588613364
2003-08-15,26F/02H,0.1585061,22.137354,3.7460486186695854
2003-08-16,26F/02H,0.156757,20.940142,3.5376326054963614
2003-08-17,26F/02H,0.10590963,21.229933,3.7339104081373047
2003-08-18,26F/02H,0.0008370349,22.05494,4.574051819089438
2003-08-19,26F/02H,0.0013738301,22.335794,4.45068898645107
2003-08-20,26F/02H,0.00171812,22.087479,4.58512605635958
2003-08-21,26F/02H,0.0026239927,21.358154,4.15095578088462
2003-08-22,26F/02H,0.0025496940000000004,21.510277,4.544454369363233
2003-08-23,26F/02H,0.002970621,21.042486,4.410599956849383
2003-08-24,26F/02H,0.03289552,21.14215,3.964147275841909
2003-08-25,26F/02H,0.13282347,21.424576,3.742347130172399
2003-08-26,26F/02H,0.0,20.27252,3.834741200165357
2003-08-27,26F/02H,0.41614606,19.755856,3.3090937929604283
2003-08-28,26F/02H,1.9750991,19.729288,3.2986937674161445
2003-08-29,26F/02H,0.012529331000000001,21.385656,3.5219872340150697
2003-08-30,26F/02H,0.0037120917000000005,21.728195,4.081213805134169
2003-08-31,26F/02H,0.30580457,21.989449,3.5698708755312474
2003-09-01,26F/02H,0.47916678,21.729828,3.458350934934901
2003-09-02,26F/02H,0.043638783,19.640238,3.1139815374581667
2003-09-03,26F/02H,0.037992996,19.514116,3.196299475549357
2003-09-04,26F/02H,0.0008523462000000001,19.776587,3.484755338856865
2003-09-05,26F/02H,0.00442094,20.442047,3.6050534799212666
2003-09-06,26F/02H,0.0008729207,20.440807,4.012040425498634
2003-09-07,26F/02H,0.0012973996,19.673643,3.4828476015869003
2003-09-08,26F/02H,0.009293542,20.145397,3.386414159351275
2003-09-09,26F/02H,0.15358570000000002,21.087881,3.474505017887075
2003-09-10,26F/02H,0.0,24.235025,4.937883953841816
2003-09-11,26F/02H,0.0025834732,26.628168,5.438351507543585
2003-09-12,26F/02H,0.00043511376000000005,28.614616,5.1974076076494775
2003-09-13,26F/02H,0.0012895489,25.841188,5.068599566376942
2003-09-14,26F/02H,0.0008642672300000001,23.898062,4.579255026225914
2003-09-15,26F/02H,0.0004410743,23.845932,4.306034932746824
2003-09-16,26F/02H,0.0,23.901655,4.431066300227022
2003-09-17,26F/02H,0.00085234624,23.611303,4.383991445537901
2003-09-18,26F/02H,0.001724973,23.460802,4.455786970604483
2003-09-19,26F/02H,0.0,23.476095,3.892552466274208
2003-09-20,26F/02H,0.031190752000000002,22.505308,3.3156889952248947
2003-09-21,26F/02H,0.22151346000000002,21.593271,2.910454833221679
2003-09-22,26F/02H,0.11132850999999999,19.971529,2.724427196104505
2003-09-23,26F/02H,0.0004410743,20.127811,3.131931503728505
2003-09-24,26F/02H,0.0025848377000000002,19.877314,3.523087037085899
2003-09-25,26F/02H,0.0008563086,21.492676,3.7874878395646863
2003-09-26,26F/02H,0.00043511376000000005,22.453573,3.7512435689672334
2003-09-27,26F/02H,0.012099681000000001,21.721315,3.289124826746389
2003-09-28,26F/02H,0.41114352000000004,20.565607,2.421191203716257
2003-09-29,26F/02H,2.7942343999999997,19.857382,2.644173390253952
2003-09-30,26F/02H,17.916973000000002,18.667591,1.5256326457593654
2003-10-01,26F/02H,9.369916,17.842308,1.7368112177002113
2003-10-02,26F/02H,5.519837000000001,18.747263,1.7902910914122134
2003-10-03,26F/02H,0.2753798,18.353611,1.7603650960732211
2003-10-04,26F/02H,0.0008523462000000001,18.172548,2.5500766106422907
2003-10-05,26F/02H,0.0008523462000000001,18.958227,2.783592098245757
2003-10-06,26F/02H,0.0004410743,19.13209,2.477674640356064
2003-10-07,26F/02H,0.0,19.469542,3.1074952514928302
2003-10-08,26F/02H,0.0017124367000000001,20.528004,3.2766242815535604
2003-10-09,26F/02H,0.0012755389,20.025965,3.159058242875996
2003-10-10,26F/02H,0.035418728000000003,19.456957,2.932938016707666
2003-10-11,26F/02H,10.810799000000001,17.8299,1.5258876272279187
2003-10-12,26F/02H,0.49750372,18.347065,1.957032996467002
2003-10-13,26F/02H,0.18633308,17.664701,1.847298359697728
2003-10-14,26F/02H,0.00034123576,16.955984,2.1154336854408045
2003-10-15,26F/02H,2.301585,16.651814,1.941994063380405
2003-10-16,26F/02H,2.362843,15.983161,1.7093136481847429
2003-10-17,26F/02H,0.028482472999999998,15.7393,2.106071807637032
2003-10-18,26F/02H,12.961881,16.729048,1.9043483952221076
2003-10-19,26F/02H,3.2209934,17.522839,1.3980458762448131
2003-10-20,26F/02H,1.4617587,17.087683,1.499359425410027
2003-10-21,26F/02H,0.25770218,16.26375,1.5632846163836176
2003-10-22,26F/02H,0.0014269043,14.603295,1.6632639928835204
2003-10-23,26F/02H,0.0,13.318478,1.58629366147272
2003-10-24,26F/02H,1.0496089,12.79255,1.8281592524328327
2003-10-25,26F/02H,35.36145,14.540486,1.4821724203790745
2003-10-26,26F/02H,6.081443,15.182553,1.5431156732958973
2003-10-27,26F/02H,13.321391,15.483802,1.311802344029873
2003-10-28,26F/02H,9.017428,15.445752,1.3925921143292372
2003-10-29,26F/02H,0.8521544,15.2632475,1.1886825642060377
2003-10-30,26F/02H,2.3605317,15.674573,1.131947292491878
2003-10-31,26F/02H,23.229611000000002,14.289496,1.2294351370122294
2003-11-01,26F/02H,0.58055316,14.1548605,1.3430973911606991
2003-11-02,26F/02H,0.001345021,13.10474,1.4965964076849547
2003-11-03,26F/02H,0.0903544,13.258122,1.4613162699324245
2003-11-04,26F/02H,0.2791474,14.303239,1.7136073419375148
2003-11-05,26F/02H,0.7001803,16.798624,1.6714172517981212
2003-11-06,26F/02H,0.00043511376000000005,17.203112,1.8014335108942323
2003-11-07,26F/02H,0.29303912000000004,17.180006,1.5960934139306715
2003-11-08,26F/02H,1.3481162,14.876279,1.3588985532391935
2003-11-09,26F/02H,5.488228,14.572575,1.3083407503020217
2003-11-10,26F/02H,1.3304116,14.491131,1.080421337389208
2003-11-11,26F/02H,0.0030621426,13.147738,1.3993898644588552
2003-11-12,26F/02H,0.0,14.542592,1.5047592565434995
2003-11-13,26F/02H,0.0066300406000000004,14.762349,1.482834792523557
2003-11-14,26F/02H,0.07888617,14.7024145,1.291531630644311
2003-11-15,26F/02H,26.523424,14.522185,0.8904758876378109
2003-11-16,26F/02H,0.08532007600000001,13.243126,1.0143565805689554
2003-11-17,26F/02H,0.0021322012,12.872769,1.336107433425944
2003-11-18,26F/02H,0.0017197058999999998,13.973601,1.4488050082301556
2003-11-19,26F/02H,0.0008523463,14.309696,1.4546660413564934
2003-11-20,26F/02H,0.00010238013,13.87997,1.440195946553302
2003-11-21,26F/02H,4.851734400000001,13.061527,1.2597890975191943
2003-11-22,26F/02H,11.548110000000001,12.999673,0.9576543292979048
2003-11-23,26F/02H,11.153028,11.351681,0.9810116619295356
2003-11-24,26F/02H,11.068357,11.106605,0.5849860151708991
2003-11-25,26F/02H,0.0008583069,11.055938,1.0736385583610433
2003-11-26,26F/02H,3.2508716,12.760032,1.2985553110280252
2003-11-27,26F/02H,0.05595807,12.5796585,0.9276837876458462
2003-11-28,26F/02H,0.15520214999999998,11.666354,1.0641299596557503
2003-11-29,26F/02H,0.4772579,13.3128805,1.140576289307553
2003-11-30,26F/02H,7.04983,14.130786,1.029194686582052
2003-12-01,26F/02H,2.8363787000000005,9.911055,0.7070949122065711
2003-12-02,26F/02H,0.1858716,8.596817,0.8797284906414576
2003-12-03,26F/02H,15.519620999999999,8.281489,0.9120063059845632
2003-12-04,26F/02H,0.09683502000000001,7.7082734,0.9696096568945088
2003-12-05,26F/02H,3.7889417,9.20348,0.8871148130154425
2003-12-06,26F/02H,12.359108,11.63869,1.0023812676530444
2003-12-07,26F/02H,4.941877000000001,11.96574,0.8968165628904305
2003-12-08,26F/02H,5.790904,11.017795,0.7036803217184868
2003-12-09,26F/02H,13.720832000000001,11.867007,0.7653176117718894
2003-12-10,26F/02H,0.011908985,10.469332,1.0025987133111278
2003-12-11,26F/02H,0.0,9.177852,1.21292228030264
2003-12-12,26F/02H,0.0017172223000000001,9.998856,1.2735059581080637
2003-12-13,26F/02H,0.0008583069,10.931487,1.3936346576406915
2003-12-14,26F/02H,0.0,11.032922,1.360617509859883
2003-12-15,26F/02H,0.010363739,11.176932,1.1609175335320656
2003-12-16,26F/02H,0.13340594,11.566913,1.0470665409368658
2003-12-17,26F/02H,6.398791500000001,13.411145,0.9010083136961984
2003-12-18,26F/02H,1.8116714,12.641103,0.9964880955313992
2003-12-19,26F/02H,0.0014891088,11.405175,1.1086701723200931
2003-12-20,26F/02H,0.018437267,11.903844,1.1019657442780262
2003-12-21,26F/02H,0.0008583069,12.805877,1.2215368515067724
2003-12-22,26F/02H,0.0008702277499999999,10.966346,0.9739442952596412
2003-12-23,26F/02H,0.0,8.668689,1.0093983127138917
2003-12-24,26F/02H,0.001276492,8.817636,1.0625005013856976
2003-12-25,26F/02H,0.0,9.296738,1.0643290200230244
2003-12-26,26F/02H,0.013575862000000001,10.6610155,1.1187278352409438
2003-12-27,26F/02H,0.04798438,9.565126,0.9738837127335505
2003-12-28,26F/02H,0.50093597,11.515926,0.8358264666517334
2003-12-29,26F/02H,0.035406803,10.098355,0.9621652813357447
2003-12-30,26F/02H,0.045458508,12.482166,0.7696784527840176
2003-12-31,26F/02H,0.30209903000000005,12.942749,0.8358202100402721
2004-01-01,26F/02H,1.138231,13.316948,0.6441713217442716
2004-01-02,26F/02H,0.0069278510000000005,11.309337,0.8917038627475344
2004-01-03,26F/02H,0.0004351138,10.793781,1.0781895042712295
2004-01-04,26F/02H,0.0,10.148018,1.1949173736354677
2004-01-05,26F/02H,0.0017106531000000002,10.047655,1.3074784256863528
2004-01-06,26F/02H,0.0,9.0986185,1.2654588075339213
2004-01-07,26F/02H,0.5240334000000001,10.761177,1.2486164052374438
2004-01-08,26F/02H,0.21893678,13.774434,0.9549911622429584
2004-01-09,26F/02H,0.4027137,14.9627075,0.794652227705153
2004-01-10,26F/02H,0.110956,14.2463045,0.7235744254797042
2004-01-11,26F/02H,0.035477837000000005,14.228625,1.1179261251541557
2004-01-12,26F/02H,0.0020062394,11.600308,1.0203180789312658
2004-01-13,26F/02H,0.049800327000000005,10.668548,1.0138581883725628
2004-01-14,26F/02H,0.38969254000000003,12.7804,1.0601501632985453
2004-01-15,26F/02H,4.923522,13.863261,0.7951683333680274
2004-01-16,26F/02H,0.06541862500000001,11.04401,0.953647790569921
2004-01-17,26F/02H,0.051940770000000004,11.2307005,1.2507721894789403
2004-01-18,26F/02H,0.0,9.760184,1.0260096440023416
2004-01-19,26F/02H,0.0,7.800659,1.1286894868627373
2004-01-20,26F/02H,0.0008523462000000001,7.5362115,1.2869072861141886
2004-01-21,26F/02H,0.0008583069,9.072861,1.3271508540782062
2004-01-22,26F/02H,0.0029088314,9.245127,1.2565973034556257
2004-01-23,26F/02H,0.0013201503,10.591845,1.497277259405811
2004-01-24,26F/02H,0.021860004,12.863945,1.122645422878722
2004-01-25,26F/02H,0.44314813,12.9306,0.998009054445696
2004-01-26,26F/02H,2.0893042,13.756989,0.8603995717618939
2004-01-27,26F/02H,11.343286,14.337243,0.8269147205453947
2004-01-28,26F/02H,3.276118,11.963592,1.0940839391256247
2004-01-29,26F/02H,12.518472,10.290246,1.3068651872932957
2004-01-30,26F/02H,3.352275,13.054767,1.2291783542739978
2004-01-31,26F/02H,5.295549,13.893662,1.3031758344872035
2004-02-01,26F/02H,6.421457500000001,15.033227,0.973113758745162
2004-02-02,26F/02H,1.9457003,14.287991,1.582529912435925
2004-02-03,26F/02H,0.0017703313,14.215722,1.797903874983105
2004-02-04,26F/02H,0.0,14.010319,1.764986711365405
2004-02-05,26F/02H,0.00085234624,13.732452,1.8280403734030977
2004-02-06,26F/02H,0.00042617315,13.499035,1.770039558421844
2004-02-07,26F/02H,0.0035098128000000004,12.428604,1.4833179879279992
2004-02-08,26F/02H,0.044756874,12.499344,1.623604435235442
2004-02-09,26F/02H,0.0052101803000000006,13.207192,1.5697984475198612
2004-02-10,26F/02H,0.0008523462000000001,12.588741,1.7178151216231228
2004-02-11,26F/02H,0.00085234636,12.62506,1.7636490427567697
2004-02-12,26F/02H,0.0,11.779855,1.7495008977709154
2004-02-13,26F/02H,0.0050282536,10.897907,1.7426792992538844
2004-02-14,26F/02H,0.047039314,10.619465,1.4371030234238402
2004-02-15,26F/02H,0.0029980805,10.621299,1.5459471658740158
2004-02-16,26F/02H,0.0012266799,10.311955,1.615669471594787
2004-02-17,26F/02H,0.051472946,10.916583,1.8824183198194853
2004-02-18,26F/02H,0.001375489,12.110368,1.9115473247108423
2004-02-19,26F/02H,0.0012874597000000002,11.464797,1.6750392989525988
2004-02-20,26F/02H,7.802086,9.314229,1.2976681631175462
2004-02-21,26F/02H,3.8577869000000002,9.125234,1.35737019049956
2004-02-22,26F/02H,8.465724,9.690877,1.3919698453984468
2004-02-23,26F/02H,18.004727,9.8975725,1.0800329676479985
2004-02-24,26F/02H,0.39070288,11.190925,1.548320836586049
2004-02-25,26F/02H,12.280692,11.152856,1.1041451589377254
2004-02-26,26F/02H,0.8922357,10.670104,1.4511630374853464
2004-02-27,26F/02H,0.7876811,9.6281,1.3954979623269574
2004-02-28,26F/02H,0.8295878,8.68488,1.5158570263331548
2004-02-29,26F/02H,0.58102594,10.130212,1.5312603427844127
2004-03-01,26F/02H,2.5760216999999996,8.981068,1.239701126838196
2004-03-02,26F/02H,0.0025697825000000002,7.6141295,1.8561258897841717
2004-03-03,26F/02H,0.0,8.793761,2.1831426346278286
2004-03-04,26F/02H,0.00086069673,10.601143,2.4697812836509536
2004-03-05,26F/02H,0.82414215,13.167828,2.2950041191512085
2004-03-06,26F/02H,1.1141278000000001,13.9677305,1.817049352279604
2004-03-07,26F/02H,0.06696682,12.523514,2.16972914794712
2004-03-08,26F/02H,0.0008523462000000001,12.604705,2.124256067590239
2004-03-09,26F/02H,0.005260332,11.539969,2.0555595926344057
2004-03-10,26F/02H,0.09767744,12.788788,1.7881491281939077
2004-03-11,26F/02H,0.23379053,14.3488035,1.3733030438442813
2004-03-12,26F/02H,9.707406,12.511645,1.6910829024799818
2004-03-13,26F/02H,2.3368463999999998,10.865574,1.9840777918331785
2004-03-14,26F/02H,0.0012814989000000001,11.425757,2.24781074357228
2004-03-15,26F/02H,0.0008523462000000001,13.879043,2.974538120249504
2004-03-16,26F/02H,0.0,14.703201,2.9010273379087224
2004-03-17,26F/02H,0.17902232,13.917015,2.4946714979920137
2004-03-18,26F/02H,0.025170748,14.059737,2.4175584669942305
2004-03-19,26F/02H,0.0008583069,13.688464,2.7976214914244704
2004-03-20,26F/02H,0.00084638584,14.7939,2.943966339184341
2004-03-21,26F/02H,0.001713336,13.737723,2.7838784501669864
2004-03-22,26F/02H,0.0,12.142304,2.491099050172304
2004-03-23,26F/02H,0.0,11.47647,2.489077958398006
2004-03-24,26F/02H,0.0019030235,11.360482,2.358070382470342
2004-03-25,26F/02H,0.0008523462000000001,12.976218,2.677188076597464
2004-03-26,26F/02H,0.060425469999999995,10.78156,2.595155523088593
2004-03-27,26F/02H,7.519405,9.96206,2.087729005647341
2004-03-28,26F/02H,13.045414000000001,10.716811,2.5133210162670254
2004-03-29,26F/02H,0.58991235,10.73408,2.1401982978899827
2004-03-30,26F/02H,2.497085,11.1940155,1.8256370276674696
2004-03-31,26F/02H,6.3913853000000005,12.506726,2.199692741739556
2004-04-01,26F/02H,11.2401,11.554746,1.8970900629276928
2004-04-02,26F/02H,2.1442634,11.788944,2.28453068570975
2004-04-03,26F/02H,0.002686948,13.235822,3.182514786557752
2004-04-04,26F/02H,0.001293557,15.898799,3.6072083531291854
2004-04-05,26F/02H,0.0,16.649118,3.7357286788876136
2004-04-06,26F/02H,0.0008523462000000001,16.826456,3.8225072074884383
2004-04-07,26F/02H,0.0008583069,13.759599,3.077738086781299
2004-04-08,26F/02H,0.6128467000000001,13.21765,2.659905325802998
2004-04-09,26F/02H,0.092625595,14.320882,3.093500118260826
2004-04-10,26F/02H,0.0,12.570133,2.830994491200291
2004-04-11,26F/02H,0.0,11.978279,3.0889929783659507
2004-04-12,26F/02H,0.0004410743,13.006065,3.402128293763353
2004-04-13,26F/02H,0.003452218,15.069015,3.890104030576385
2004-04-14,26F/02H,0.0008523462000000001,15.638924,3.747173146805925
2004-04-15,26F/02H,0.033510376,14.874295,3.609760135409217
2004-04-16,26F/02H,0.004730398,13.270005,2.6060973054263363
2004-04-17,26F/02H,0.7141242999999999,11.821709,2.430112626797732
2004-04-18,26F/02H,1.8345890999999999,12.834977,2.1466237303678843
2004-04-19,26F/02H,0.14268462,12.788727,2.2688048316877247
2004-04-20,26F/02H,0.04360431,13.893476,2.8727247893892813
2004-04-21,26F/02H,1.8291593000000002,13.826885,2.96272792118054
2004-04-22,26F/02H,0.0858544,14.249542,3.17282868602208
2004-04-23,26F/02H,0.0,16.166595,4.394253904402287
2004-04-24,26F/02H,0.0008523463,18.061676,4.754261104378807
2004-04-25,26F/02H,0.0008553265,19.766352,5.121843572293527
2004-04-26,26F/02H,0.0,19.80897,5.134575125202035
2004-04-27,26F/02H,0.0008523462000000001,18.948689,4.963167761795782
2004-04-28,26F/02H,0.14533652,15.884674,2.9652047119792315
2004-04-29,26F/02H,0.016712334,14.664489,3.238047954239282
2004-04-30,26F/02H,0.7641311,13.085599,2.3642666715334126
2005-01-02,26F/02H,0.0014286294,9.543073,1.102290871725459
2005-01-03,26F/02H,0.0008583069,9.246564,1.252974255342705
2005-01-04,26F/02H,0.0011281109,8.963887,1.2964889061968836
2005-01-05,26F/02H,0.00086110526,9.204387,1.289759884733198
2005-01-06,26F/02H,0.0012814989000000001,8.723265,1.273154072062354
2005-01-07,26F/02H,0.0,8.641417,1.3139243340911702
2005-01-08,26F/02H,0.00043511376000000005,9.04816,1.216843288158025
2005-01-09,26F/02H,0.00085438615,7.811383,1.326698028516309
2005-01-10,26F/02H,0.00043511381999999997,8.407346,1.2271237208074497
2005-01-11,26F/02H,0.002145766,7.975769,1.2971911603980009
2005-01-12,26F/02H,0.0012798626,8.700303,1.3494206850655563
2005-01-13,26F/02H,0.0017234224,9.758222,1.3667558636366737
2005-01-14,26F/02H,0.0033676300000000004,10.321659,1.382761316086189
2005-01-15,26F/02H,0.09706195,11.18415,1.0764163639119304
2005-01-16,26F/02H,0.0008523462000000001,11.434227,1.4194156206580328
2005-01-17,26F/02H,0.001710653,10.672534,1.4831225881450196
2005-01-18,26F/02H,0.0025335152,10.154382,1.274304877092732
2005-01-19,26F/02H,0.0,10.093234,1.119437504620004
2005-01-20,26F/02H,0.0008553265,11.170609,1.5833684777905537
2005-01-21,26F/02H,0.00085887825,11.362629,1.6279305440155314
2005-01-22,26F/02H,0.0,10.8047285,1.5686721336555538
2005-01-23,26F/02H,0.0061279373000000005,10.035142,1.3013066726283755
2005-01-24,26F/02H,0.009718382999999999,8.816204,1.0585699310267689
2005-01-25,26F/02H,0.0,7.69999,1.193767119840591
2005-01-26,26F/02H,0.0008523462000000001,6.1781583,1.1314097013504751
2005-01-27,26F/02H,0.0015245371,4.2212024,0.9190682404030132
2005-01-28,26F/02H,0.0,4.405351,1.1398700211734727
2005-01-29,26F/02H,0.05212636,6.515909,1.3937269720150645
2005-01-30,26F/02H,0.0008654247000000001,6.970234,1.4050002829606325
2005-01-31,26F/02H,0.0017195933,6.8429866,1.4495526319227534
2005-02-01,26F/02H,0.0008553266000000001,7.305324,1.6243962089119142
2005-02-02,26F/02H,0.00085234624,8.737824,1.7294065520353596
2005-02-03,26F/02H,0.0012946858000000001,8.747518,1.7528357830824728
2005-02-04,26F/02H,0.014083977000000001,9.272784,1.6168142884397958
2005-02-05,26F/02H,0.45570531999999997,7.1497855,1.4938424439985951
2005-02-06,26F/02H,1.8593451,7.5964875,1.336029852630315
2005-02-07,26F/02H,3.756087,6.5114136,1.4461753691707957
2005-02-08,26F/02H,0.0,7.8712125,1.6524830109084752
2005-02-09,26F/02H,0.0,9.837774,1.8184122834239056
2005-02-10,26F/02H,0.0008553265,10.790769,1.8733233334559884
2005-02-11,26F/02H,0.0,10.693934,2.007325702294537
2005-02-12,26F/02H,0.00086128706,10.300797,1.9519165070815565
2005-02-13,26F/02H,0.0004351138,10.381015,1.749687297964582
2005-02-14,26F/02H,0.0,11.122636,1.7334848675678896
2005-02-15,26F/02H,0.0017136324999999998,9.691916,1.926673659549047
2005-02-16,26F/02H,0.00085532653,9.063732,1.6284482976946433
2005-02-17,26F/02H,0.0012874597000000002,8.326936,1.714083051737025
2005-02-18,26F/02H,0.0042945137000000005,8.522794,1.8224094227386876
2005-02-19,26F/02H,0.0017171278000000002,8.600946,2.0073475424432656
2005-02-20,26F/02H,0.0021739726,9.3852825,1.7894990405100748
2005-02-21,26F/02H,0.0078684816,9.063094,1.516057201957706
2005-02-22,26F/02H,1.7191979,8.431973,1.6216025415280324
2005-02-23,26F/02H,0.19108833000000003,10.735463,1.586690728245649
2005-02-24,26F/02H,0.8465104400000001,10.157506,1.639505644746138
2005-02-25,26F/02H,0.0,8.422647,1.7547940496610197
2005-02-26,26F/02H,0.22612471,7.664757,1.8429208757483544
2005-02-27,26F/02H,12.967215000000001,6.348807,1.2675727936240515
2005-02-28,26F/02H,0.041802950000000005,8.066857,1.4149007627019683
2005-03-01,26F/02H,0.3732084,6.3732505,1.5622779141139658
2005-03-02,26F/02H,0.009305159,7.8642654,1.46970814384139
2005-03-03,26F/02H,0.0025749202,7.6889706,1.7557046980416569
2005-03-04,26F/02H,0.0017195938,8.343311,1.7233938008295888
2005-03-05,26F/02H,0.002139806,8.113425,2.1197606205992585
2005-03-06,26F/02H,0.009902297000000001,9.766881,1.7863539219652282
2005-03-07,26F/02H,0.0,10.166028,2.4106485878097685
2005-03-08,26F/02H,0.00085234636,10.396226,2.4373258755673195
2005-03-09,26F/02H,0.033604465,10.367784,2.3237818099782084
2005-03-10,26F/02H,0.9919963,10.772824,2.4085428657922288
2005-03-11,26F/02H,0.0030460238,11.444736,2.502343629382208
2005-03-12,26F/02H,4.3318613,12.727323,2.128979033471693
2005-03-13,26F/02H,0.2721658,13.156925,2.4019692381490447
2005-03-14,26F/02H,0.08338496399999999,12.925709,2.4056492377508825
2005-03-15,26F/02H,0.025748736999999997,13.149426,2.7984704111520458
2005-03-16,26F/02H,0.0052175107000000005,14.160089,3.013922629116839
2005-03-17,26F/02H,0.0,16.694376,3.541226034321897
2005-03-18,26F/02H,0.0004351138,16.938128,2.9589539458736867
2005-03-19,26F/02H,0.053637478,17.1843,2.839874071178016
2005-03-20,26F/02H,1.086077,16.260391,2.9673759145453977
2005-03-21,26F/02H,2.13394,15.486412,1.9277380327148852
2005-03-22,26F/02H,0.5841936,15.287788,2.381756322507167
2005-03-23,26F/02H,5.6785176,14.083324,1.8245464818990116
2005-03-24,26F/02H,0.005552781600000001,14.890851,2.783490066438907
2005-03-25,26F/02H,1.3883689,15.333299,2.3844213201856586
2005-03-26,26F/02H,7.157548,14.393536,2.0293651445640117
2005-03-27,26F/02H,1.0933407,13.534509,1.9585670127528452
2005-03-28,26F/02H,4.6374634,14.382626,2.279611438515168
2005-03-29,26F/02H,0.031369362,14.581726,2.4961821582148387
2005-03-30,26F/02H,0.0026023428000000004,15.396619,3.228689854058982
2005-03-31,26F/02H,0.0008523462000000001,19.002684,3.891182576805053
2005-04-01,26F/02H,1.5031296,16.11626,2.264356262828615
2005-04-02,26F/02H,3.0847986,14.398071,2.204417401691018
2005-04-03,26F/02H,1.8625055,14.547351,2.1840567662460453
2005-04-04,26F/02H,0.011887816,14.06321,2.511167063077785
2005-04-05,26F/02H,0.0,15.69167,3.652673740370308
2005-04-06,26F/02H,0.0,16.605442,3.5869004340155555
2005-04-07,26F/02H,0.007708712600000001,15.878268,3.5720681114674857
2005-04-08,26F/02H,0.0025311258,15.380689,2.7629767992156413
2005-04-09,26F/02H,0.0004351138,14.110943,3.169749334560773
2005-04-10,26F/02H,0.0,14.103602,3.465950883655548
2005-04-11,26F/02H,0.0,14.584922,3.721272094378332
2005-04-12,26F/02H,0.0012814988000000001,15.80838,3.882378435951432
2005-04-13,26F/02H,0.0008523462000000001,14.641635,3.263288828103346
2005-04-14,26F/02H,0.5784404,13.006537,2.341019038846164
2005-04-15,26F/02H,0.023216557999999998,12.4090805,2.537167310581767
2005-04-16,26F/02H,0.01428328,12.509107,2.814256464004593
2005-04-17,26F/02H,0.3464218,14.350621,2.832163060157477
2005-04-18,26F/02H,0.35902344,13.959229,2.094463085628828
2005-04-19,26F/02H,0.6009763,13.528777,2.7225528312708933
2005-04-20,26F/02H,0.0008523462000000001,13.613675,3.0783752365835158
2005-04-21,26F/02H,0.011072956,14.101077,2.8647739281307203
2005-04-22,26F/02H,0.20974420000000002,14.998153,3.016795564105908
2005-04-23,26F/02H,0.33181702,14.150952,2.787860842369477
2005-04-24,26F/02H,0.8412419,14.395326,2.80698676096419
2005-04-25,26F/02H,0.00085234624,14.444064,3.460800512744148
2005-04-26,26F/02H,0.0,15.547424,3.922086362732479
2005-04-27,26F/02H,0.0,16.877552,4.375713038609248
2005-04-28,26F/02H,0.0,17.72765,4.873709966837116
2005-04-29,26F/02H,0.00042617315,18.257763,4.479176365844053
2005-04-30,26F/02H,0.004045414400000001,17.159641,3.984302851270921
2005-05-01,26F/02H,1.6496927000000001,16.935343,3.3242975512680317
2005-05-02,26F/02H,0.004448252,17.041525,3.607014123998879
2005-05-03,26F/02H,0.0,16.480196,4.0181309638001546
2005-05-04,26F/02H,0.0013608679999999999,17.356676,3.9794414236901865
2005-05-05,26F/02H,0.13488587999999999,19.349749,4.985817810366268
2005-05-06,26F/02H,0.0012298903,20.443253,4.821846243158475
2005-05-07,26F/02H,0.008365519000000002,17.94127,4.3393457409496055
2005-05-08,26F/02H,0.01418518,17.155882,3.574046306614539
2005-05-09,26F/02H,0.00023390198000000002,17.200819,3.681320937085514
2005-05-10,26F/02H,1.1945636,17.666739,3.1729272626607794
2005-05-11,26F/02H,9.605377,16.958887,3.285620895396953
2005-05-12,26F/02H,4.6626196,16.601736,2.8463670402709518
2005-05-13,26F/02H,3.1381843,15.304416,2.757260877215991
2005-05-14,26F/02H,0.001710853,15.413322,3.4023319535498024
2005-05-15,26F/02H,0.024893213,15.503043,3.294812037708071
2005-05-16,26F/02H,2.622266,14.804474,2.551434792038969
2005-05-17,26F/02H,0.0021575584,16.195751,3.729906700219048
2005-05-18,26F/02H,0.0034299362000000003,16.840088,4.624450445775163
2005-05-19,26F/02H,0.0017106531000000002,18.707674,5.274354851171392
2005-05-20,26F/02H,0.0012874597000000002,18.20203,4.724073061657657
2005-05-21,26F/02H,0.0020298216,17.74212,3.9039810958076906
2005-05-22,26F/02H,0.0032050323,16.366325,3.748303023807472
2005-05-23,26F/02H,0.001710653,17.314219,4.836576771609495
2005-05-24,26F/02H,0.0017225737999999999,19.528925,5.594358062412866
2005-05-25,26F/02H,0.0008544925,19.742659,5.389533932930292
2005-05-26,26F/02H,0.0017166129,20.616545,5.860604325478635
2005-05-27,26F/02H,0.50241696,18.690784,4.1361700072526215
2005-05-28,26F/02H,0.03546095,18.94007,4.588057783724982
2005-05-29,26F/02H,0.0018109496,18.807642,4.2535953651832665
2005-05-30,26F/02H,0.91646106,20.365217,5.536580591449502
2005-05-31,26F/02H,0.22696112,22.30504,5.307683104875218
2005-06-01,26F/02H,0.08167413000000001,23.431013,5.537797984152813
2005-06-02,26F/02H,0.018710546,22.323832,4.718293626047587
2005-06-03,26F/02H,0.0035588825000000004,20.394876,5.049917998608362
2005-06-04,26F/02H,0.0008523462000000001,20.545025,5.658773218152599
2005-06-05,26F/02H,0.0012814989000000001,23.558935,6.4408351783615565
2005-06-06,26F/02H,0.0,24.614748,6.328300794575932
2005-06-07,26F/02H,0.00043511376000000005,25.535578,6.890210617503262
2005-06-08,26F/02H,0.0,26.323385,6.293651618158645
2005-06-09,26F/02H,0.0008596132,23.665556,5.8327663178571
2005-06-10,26F/02H,0.0,21.196177,4.778201384555812
2005-06-11,26F/02H,9.590526e-05,19.57889,4.782522756404092
2005-06-12,26F/02H,0.0067812,19.385406,4.04460206001176
2005-06-13,26F/02H,0.51998535,19.219534,3.707245178940085
2005-06-14,26F/02H,0.3848776,19.44491,4.016767672924204
2005-06-15,26F/02H,0.0004410743,21.145056,5.02023237844816
2005-06-16,26F/02H,0.0012745621,24.790932,6.754451569844442
2005-06-17,26F/02H,0.0008523462000000001,25.383913,6.331533041256869
2005-06-18,26F/02H,0.0008583067,23.48382,5.7308883098191306
2005-06-19,26F/02H,0.0012904401000000002,23.763391,5.630022706447304
2005-06-20,26F/02H,0.0008523462000000001,24.496088,5.450713621760071
2005-06-21,26F/02H,0.056391914,26.784933,6.668668196098937
2005-06-22,26F/02H,0.00085131997,26.147202,6.612061207367389
2005-06-23,26F/02H,0.01551246,21.540901,4.586766560818715
2005-06-24,26F/02H,0.016158356000000002,20.571833,4.03528101296025
2005-06-25,26F/02H,0.15295061999999998,20.024628,4.122780228895731
2005-06-26,26F/02H,0.02431803,20.018404,4.404083341387346
2005-06-27,26F/02H,0.00086096615,19.49698,4.355351415708094
2005-06-28,26F/02H,0.039960644000000003,19.938515,4.252746593961335
2005-06-29,26F/02H,0.063944027,20.116987,4.1489332123068206
2005-06-30,26F/02H,0.03023707,20.425535,4.619658386814361
2005-07-01,26F/02H,0.0008742864000000001,21.636637,5.811288202858924
2005-07-02,26F/02H,0.00043511376000000005,23.191702,6.04623956658055
2005-07-03,26F/02H,0.0,22.24597,5.541031334106873
2005-07-04,26F/02H,0.011569416,21.020533,4.720994464508374
2005-07-05,26F/02H,0.0,22.199356,5.977884302559526
2005-07-06,26F/02H,0.0008523462000000001,23.442945,6.051574284592921
2005-07-07,26F/02H,0.0025729985,20.54923,4.843576031309006
2005-07-08,26F/02H,0.0,22.166039,6.099270070740541
2005-07-09,26F/02H,0.0012358439000000002,23.084993,5.681143726066494
2005-07-10,26F/02H,0.0012638174,23.142494,5.495483044672895
2005-07-11,26F/02H,0.0012904401000000002,25.157732,5.953975893292284
2005-07-12,26F/02H,0.0008193707500000001,24.112043,5.203058830566909
2005-07-13,26F/02H,0.0037990663,21.66948,4.59812663955917
2005-07-14,26F/02H,0.0019975473,21.053625,4.673129417429204
2005-07-15,26F/02H,0.00085234624,21.838194,5.63921396005617
2005-07-16,26F/02H,0.0029801502,21.38391,5.0182212170354665
2005-07-17,26F/02H,0.0048711576,21.117674,4.5913132019691405
2005-07-18,26F/02H,0.0008583067,22.09315,5.31482422620909
2005-07-19,26F/02H,0.0,24.471262,6.775977460096524
2005-07-20,26F/02H,0.0,25.802168,6.356249069010223
2005-07-21,26F/02H,0.004805844,21.395378,5.105112050848244
2005-07-22,26F/02H,0.021626612000000003,20.88962,4.352919767135047
2005-07-23,26F/02H,0.009292434,21.537066,4.816692926874607
2005-07-24,26F/02H,0.008261663,21.42546,4.470023895638402
2005-07-25,26F/02H,0.08906152,21.41809,4.147154440931643
2005-07-26,26F/02H,0.10634284,21.900076,4.29130623183485
2005-07-27,26F/02H,1.7557411,22.146921,3.827447290722184
2005-07-28,26F/02H,0.40155386,20.905571,3.749529863401525
2005-07-29,26F/02H,0.0017257744,20.466375,4.288055393597396
2005-07-30,26F/02H,0.0004410743,20.68684,4.769184360372304
2005-07-31,26F/02H,0.0017064095,21.03249,4.97656257630977
2005-08-01,26F/02H,0.0,20.992702,4.761569925195549
2005-08-02,26F/02H,0.0,24.567177,6.192767687557285
2005-08-03,26F/02H,0.0008702277,26.53652,6.047948687413836
2005-08-04,26F/02H,0.0,27.653402,6.761832598037673
2005-08-05,26F/02H,0.0016232624,28.88672,6.835253724238856
2005-08-06,26F/02H,0.016598944,26.92204,6.298587436487025
2005-08-07,26F/02H,0.016028128,23.502054,4.901524168551964
2005-08-08,26F/02H,0.0009682168,21.42496,4.52982361857084
2005-08-09,26F/02H,1.5054108000000002,21.43718,3.87287718659064
2005-08-10,26F/02H,0.35320987000000004,21.247911,3.5585271673359067
2005-08-11,26F/02H,0.010205463,21.067251,3.9251928332608665
2005-08-12,26F/02H,0.00044480482,24.606989,5.911622533874311
2005-08-13,26F/02H,0.0,24.921778,5.168624434927976
2005-08-14,26F/02H,0.0,25.225784,5.708381855753706
2005-08-15,26F/02H,0.0029428437,24.491434,5.2889318540831445
2005-08-16,26F/02H,0.007836072,22.494799,4.684335581094946
2005-08-17,26F/02H,0.0041976719999999995,21.997107,4.570239657389556
2005-08-18,26F/02H,0.0011663432,22.346756,4.697237361270443
2005-08-19,26F/02H,0.0,23.895803,5.059246085691387
2005-08-20,26F/02H,0.0012934206,25.574858,5.525514781417051
2005-08-21,26F/02H,0.0021420026000000003,26.560331,5.311705663447663
2005-08-22,26F/02H,0.0,25.840364,5.167600021095806
2005-08-23,26F/02H,0.00042617315,24.623375,5.557849632393201
2005-08-24,26F/02H,0.00257194,22.583754,4.563180332035574
2005-08-25,26F/02H,0.0062259636,21.11727,4.499380268487039
2005-08-26,26F/02H,0.04017002,21.488993,3.966697304190388
2005-08-27,26F/02H,0.00043511376000000005,20.998964,4.292657169651493
2005-08-28,26F/02H,0.009031453000000002,21.849401,4.180183592920397
2005-08-29,26F/02H,0.0033272715000000003,21.972654,4.624787916103961
2005-08-30,26F/02H,0.00042617315,22.935074,5.076221975147952
2005-08-31,26F/02H,0.0,21.33938,3.704484134038439
2005-09-01,26F/02H,0.00049803331,21.883104,4.487236054498645
2005-09-02,26F/02H,0.0011353159,23.595163,5.172675336738387
2005-09-03,26F/02H,0.0,24.593933,5.430387872892198
2005-09-04,26F/02H,0.0008523463,24.209524,4.591929223560306
2005-09-05,26F/02H,0.012721788999999999,20.71005,3.432791208711539
2005-09-06,26F/02H,1.9341061,19.69491,2.6008887577064748
2005-09-07,26F/02H,1.4242421,20.326849,3.000141524421539
2005-09-08,26F/02H,0.0008654474,19.827581,3.4792169070692545
2005-09-09,26F/02H,1.0527594,19.99035,3.2765193635500047
2005-09-10,26F/02H,0.0017256298,19.19845,3.0903450067353138
2005-09-11,26F/02H,0.00043511381999999997,19.055357,3.094461567432678
2005-09-12,26F/02H,0.0008583069,20.41245,3.5786271273198307
2005-09-13,26F/02H,0.0008583069,23.227995,4.329424487875907
2005-09-14,26F/02H,0.0,23.962957,4.819726113783908
2005-09-15,26F/02H,2.2891266999999997,24.04605,4.525214572872408
2005-09-16,26F/02H,0.8998603500000001,20.619017,3.2240469892114474
2005-09-17,26F/02H,0.07768193,20.184122,2.798283843659877
2005-09-18,26F/02H,0.0,20.93006,3.593024862586927
2005-09-19,26F/02H,0.0,19.821766,4.189944315765124
2005-09-20,26F/02H,0.0,20.26831,4.13192531115571
2005-09-21,26F/02H,0.0004482069,20.377712,3.990724503960629
2005-09-22,26F/02H,0.0,20.512579,4.082306765938356
2005-09-23,26F/02H,0.0018019673000000001,19.408442,3.393266571303816
2005-09-24,26F/02H,0.046717464,19.913223,2.7852912916592203
2005-09-25,26F/02H,0.0004410743,19.51499,3.2636477139231514
2005-09-26,26F/02H,0.0008583069,20.967554,3.820158626581525
2005-09-27,26F/02H,0.0,21.4956,3.729635691468848
2005-09-28,26F/02H,0.00043511376000000005,21.612131,4.00105159422595
2005-09-29,26F/02H,0.00042005765,20.964373,3.7757297304273374
2005-09-30,26F/02H,0.0025744936,22.240454,4.055603701505289
2005-10-01,26F/02H,0.0,22.748339,4.11082082588446
2005-10-02,26F/02H,0.0021418846,23.109297,4.052575162161609
2005-10-03,26F/02H,0.00086731094,23.284266,3.277093606959328
2005-10-04,26F/02H,0.00084638584,20.907776,3.4171239806851204
2005-10-05,26F/02H,0.0,19.344776,3.6571487077851272
2005-10-06,26F/02H,0.0,20.672218,3.6497988374033383
2005-10-07,26F/02H,0.0012946819,20.918142,3.4233152924846832
2005-10-08,26F/02H,0.06489529000000001,22.44599,3.031489713577484
2005-10-09,26F/02H,2.965478,20.866617,2.5010219180353817
2005-10-10,26F/02H,9.679751,19.585524,1.7543691885556658
2005-10-11,26F/02H,3.1798164000000004,19.711441,1.6647448804417997
2005-10-12,26F/02H,10.076144000000001,17.362226,1.2698608492990382
2005-10-13,26F/02H,0.062707886,15.911376,1.8062611797037984
2005-10-14,26F/02H,0.0025779,15.378331,1.810412660311985
2005-10-15,26F/02H,0.0017257260000000001,16.092176,2.6237830387098797
2005-10-16,26F/02H,1.0216684600000001,17.184427,2.418195975604315
2005-10-17,26F/02H,0.8933744,17.586864,1.5804351694058851
2005-10-18,26F/02H,0.17911439999999998,16.70107,1.9243600293386085
2005-10-19,26F/02H,0.1724948,16.567139,2.542344804567312
2005-10-20,26F/02H,2.2900967000000003,18.108757,1.7208220825016671
2005-10-21,26F/02H,2.6793972,17.893892,1.85183908196993
2005-10-22,26F/02H,11.102885,17.645325,1.3990050737439546
2005-10-23,26F/02H,0.007846771,16.559734,2.018613096987083
2005-10-24,26F/02H,0.0007698747000000001,16.617352,2.2642599062560533
2005-10-25,26F/02H,0.001008387,17.129936,2.2593841816370515
2005-10-26,26F/02H,0.059401623,17.774086,2.258152015600623
2005-10-27,26F/02H,25.851715000000002,18.151213,1.3593234721607883
2005-10-28,26F/02H,27.543668000000004,17.85358,1.3418673898949205
2005-10-29,26F/02H,0.032523136,18.95986,1.503926511327715
2005-10-30,26F/02H,22.998656,17.77396,1.30486608108369
2005-10-31,26F/02H,1.5010554,16.422731,1.47905760229196
2005-11-01,26F/02H,0.057944252,17.03293,1.6641593350628603
2005-11-02,26F/02H,0.0008523462000000001,16.470907,1.7978100363790224
2005-11-03,26F/02H,4.487272,15.830424,1.3761924549822384
2005-11-04,26F/02H,0.02388268,14.226018,1.3836917913945035
2005-11-05,26F/02H,0.00042617315,13.643823,1.606863467904291
2005-11-06,26F/02H,0.0017269965000000001,12.6378975,1.7384849401363391
2005-11-07,26F/02H,0.002580832,13.138985,1.8948644626384936
2005-11-08,26F/02H,1.3555188,14.035485,1.7716389534773669
2005-11-09,26F/02H,0.0019726611,12.965888,1.3209782274623885
2005-11-10,26F/02H,0.0012814988000000001,12.422032,1.4495485223700073
2005-11-11,26F/02H,0.0,12.899087,1.5364731717352842
2005-11-12,26F/02H,0.8284609000000001,12.422287,1.372278883365507
2005-11-13,26F/02H,0.20217733999999998,10.559236,1.1442824786674777
2005-11-14,26F/02H,0.47194818,9.457098,1.272620710453538
2005-11-15,26F/02H,0.13471158,11.64962,1.3271599530597495
2005-11-16,26F/02H,0.007430948,12.399391,1.2858927308908756
2005-11-17,26F/02H,0.0053947487,11.57666,1.4980170041904577
2005-11-18,26F/02H,0.73566406,13.351772,1.4625398310290605
2005-11-19,26F/02H,13.404978999999999,13.867165,1.2149457997546766
2005-11-20,26F/02H,62.812917999999996,15.152469,0.8104157543361097
2005-11-21,26F/02H,12.152795000000001,15.128501,0.753859491095659
2005-11-22,26F/02H,4.390536,14.9138365,0.8903049899403476
2005-11-23,26F/02H,0.00043511381999999997,14.709634,1.3104861511946886
2005-11-24,26F/02H,0.0,11.609436,1.158463015010094
2005-11-25,26F/02H,1.68216,10.161796,1.2327900030052368
2005-11-26,26F/02H,4.1619263,9.209315,0.7460514890187586
2005-11-27,26F/02H,2.1691491999999997,9.10577,1.0902424215360365
2005-11-28,26F/02H,3.5909211,9.165393,1.149493867344057
2005-11-29,26F/02H,0.0012633909000000002,9.008557,1.135639641660625
2005-11-30,26F/02H,0.0008588477000000001,8.846997,1.147534015907998
2005-12-01,26F/02H,9.595497,10.528054,1.15084239302767
2005-12-02,26F/02H,9.012841,14.052211,0.4735364205530225
2005-12-03,26F/02H,1.014063,13.705418,0.9553370264177328
2005-12-04,26F/02H,2.3801704,13.8869295,0.9305220799385744
2005-12-05,26F/02H,0.8121415,13.490498,0.9669490789681168
2005-12-06,26F/02H,0.0012951876,9.905105,0.9940513621231372
2005-12-07,26F/02H,0.0021487458,10.027687,1.1258841773113952
2005-12-08,26F/02H,0.0034438598,10.362253,1.2030502731512265
2005-12-09,26F/02H,0.0025654006,12.308085,1.3146343263919895
2005-12-10,26F/02H,0.00043511376000000005,11.330426,1.124986260996283
2005-12-11,26F/02H,0.0008523462000000001,9.375309,1.1529299500777928
2005-12-12,26F/02H,0.00085234636,8.388799,1.180969758820981
2005-12-13,26F/02H,0.0008583069,7.90873,1.0737755757538132
2005-12-14,26F/02H,0.0008702277,7.9936714,0.9698872305175092
2005-12-15,26F/02H,0.0004351138,7.7686267,1.0511825486986883
2005-12-16,26F/02H,0.00085234624,7.485422,1.1775881255149443
2005-12-17,26F/02H,0.0008642672,7.1465764,1.0609632433057168
2005-12-18,26F/02H,0.0008523462000000001,7.610762,1.2263701539962577
2005-12-19,26F/02H,0.0004351138,8.149723,1.1475334197394853
2005-12-20,26F/02H,0.00042617315,9.3909025,1.2040259387463124
2005-12-21,26F/02H,0.0008642671,9.732308,1.1228776766980118
2005-12-22,26F/02H,0.04229802,10.074779,1.1378303383949306
2005-12-23,26F/02H,5.625617,10.640178,0.9233890906233652
2005-12-24,26F/02H,0.5577116999999999,12.592032,0.8746810569435195
2005-12-25,26F/02H,15.354407,12.432735,0.6236464592503922
2005-12-26,26F/02H,5.617316,13.101311,0.8895694442609582
2005-12-27,26F/02H,1.7533335,11.569837,1.0160698383920137
2005-12-28,26F/02H,0.012904845,9.08689,1.027061304188779
2005-12-29,26F/02H,0.095038284,9.91925,1.0393956544089598
2005-12-30,26F/02H,0.5791542,12.376224,0.8895722677112986
