Event date,Group,tp,t2m,pet
1980-01-01,26J/01H,0.14461104,13.17522,0.873882634218238
1980-01-02,26J/01H,0.07354527000000001,12.091279,1.084101528112186
1980-01-03,26J/01H,0.0012956107,8.982916,1.328568975894333
1980-01-04,26J/01H,0.0034237854,9.381744,1.3350911213919856
1980-01-05,26J/01H,0.017915106000000004,8.525816,1.2834894473745322
1980-01-06,26J/01H,0.0071295657,10.160966,1.1876002610634615
1980-01-07,26J/01H,0.002421603,8.992672,1.244521458310452
1980-01-08,26J/01H,0.0008642672300000001,10.359138,1.3964634057113805
1980-01-09,26J/01H,0.0025062912000000004,10.575295,1.0208715456320796
1980-01-10,26J/01H,0.006155868,8.696879,1.0510338178979035
1980-01-11,26J/01H,0.26491678,7.6080594,1.2495369077269416
1980-01-12,26J/01H,0.17074825000000002,6.585426,0.8486665145673228
1980-01-13,26J/01H,0.0033033493,4.545463,0.8381906679513437
1980-01-14,26J/01H,0.49494600000000005,5.007482,0.8398663723844096
1980-01-15,26J/01H,1.3232236000000002,5.971138,1.1943805729896522
1980-01-16,26J/01H,9.677749,8.145097,0.9853569998585744
1980-01-17,26J/01H,0.0027702122000000003,5.447098,0.9990603521244166
1980-01-18,26J/01H,0.0015050488,5.1798654,1.1390515858561123
1980-01-19,26J/01H,3.4873787000000003,8.492177,1.2637181367583148
1980-01-20,26J/01H,0.358605,9.237271,1.094599382645917
1980-01-21,26J/01H,0.17256412000000002,8.533729,1.274614191448262
1980-01-22,26J/01H,0.008831745,10.0314245,1.2838245107617632
1980-01-23,26J/01H,0.051548699999999996,11.641717,1.498650166713394
1980-01-24,26J/01H,0.39224496,14.239109,1.3146699053396096
1980-01-25,26J/01H,0.001296281,14.589138,1.696095790444142
1980-01-26,26J/01H,0.0025689597000000002,13.016934,1.8263976125692891
1980-01-27,26J/01H,0.0008642672300000001,12.843589,1.7268518831844482
1980-01-28,26J/01H,0.014965539,12.419438,1.527733328726308
1980-01-29,26J/01H,0.008314685,12.017647,1.5371109570759014
1980-01-30,26J/01H,0.010589877,11.36652,1.6062235305608097
1980-01-31,26J/01H,3.299277,13.128007,1.4169955175678182
1980-02-01,26J/01H,0.0004351138,9.221536,1.5497771090921733
1980-02-02,26J/01H,0.00085234636,8.376219,1.5496827727147624
1980-02-03,26J/01H,0.0012283754,10.924301,1.823238729041056
1980-02-04,26J/01H,0.0013275452000000001,10.319337,1.6029579514037346
1980-02-05,26J/01H,0.0074405127000000005,10.064653,1.635641023568415
1980-02-06,26J/01H,0.044456615,11.325534,1.5294681484641193
1980-02-07,26J/01H,0.07225596000000001,11.3951025,1.511780816440648
1980-02-08,26J/01H,0.00044107437,10.665231,1.8090763500722007
1980-02-09,26J/01H,1.2369314999999999,11.58625,1.7591735000752746
1980-02-10,26J/01H,0.002142787,8.595532,1.6740451268219805
1980-02-11,26J/01H,0.00257194,8.457287,1.9618092160940757
1980-02-12,26J/01H,0.09086048,9.230841,1.966862484878523
1980-02-13,26J/01H,0.78544525,11.391936,1.792885318774568
1980-02-14,26J/01H,0.0011510018,11.433978,1.86009355593217
1980-02-15,26J/01H,0.2914814,11.917932,1.765915283909627
1980-02-16,26J/01H,0.23473523000000002,14.914428,1.7394972923744052
1980-02-17,26J/01H,0.0012999864999999999,13.243609,2.147383777459314
1980-02-18,26J/01H,3.0413071,12.153123,1.7450180431752176
1980-02-19,26J/01H,4.994662,12.094406,1.4891986148539569
1980-02-20,26J/01H,0.8581022,9.925274,1.4620760487482798
1980-02-21,26J/01H,3.8808018000000004,8.507884,1.661613527375164
1980-02-22,26J/01H,6.304082999999999,10.899719,1.586347764255524
1980-02-23,26J/01H,2.2907024000000002,12.336506,1.8360173969203548
1980-02-24,26J/01H,0.1584554,12.311405,2.270668159007239
1980-02-25,26J/01H,0.0017215618,10.835301,1.8450690930905769
1980-02-26,26J/01H,0.0004351138,9.764332,1.8533462467983957
1980-02-27,26J/01H,0.15600392,8.557203,1.9885988511809576
1980-02-28,26J/01H,5.8724883,9.154065,1.9641987456038232
1980-02-29,26J/01H,9.855133,9.844233,1.4475290470734592
1980-03-01,26J/01H,0.4392529,11.482186,1.977684508636158
1980-03-02,26J/01H,3.58581,10.67059,1.8903923863227885
1980-03-03,26J/01H,0.45153363,10.835057,1.981964514103239
1980-03-04,26J/01H,0.14084055,9.774573,2.2159975747347187
1980-03-05,26J/01H,0.002194557,10.211289,2.0247218586022835
1980-03-06,26J/01H,0.092578636,12.063794,2.1289998984831766
1980-03-07,26J/01H,0.39541824000000003,11.990655,1.7829566929051135
1980-03-08,26J/01H,0.00089395833,9.979135,1.9441397884005092
1980-03-09,26J/01H,0.0025774543,10.970573,2.836079280523724
1980-03-10,26J/01H,0.0012844794,12.382903,2.908290525357986
1980-03-11,26J/01H,0.0,13.392822,3.0092542266715685
1980-03-12,26J/01H,0.0,13.523528,3.1595304382062124
1980-03-13,26J/01H,0.0008702277499999999,10.932461,2.195563734761789
1980-03-14,26J/01H,0.0042894186999999995,9.857181,2.0701675595324414
1980-03-15,26J/01H,0.34094882000000004,11.655938,2.3647981458265144
1980-03-16,26J/01H,0.0022466886000000004,10.235808,2.5565727832491425
1980-03-17,26J/01H,4.0646172,11.836551,2.2279761051232483
1980-03-18,26J/01H,10.192705,13.10036,2.095861549885855
1980-03-19,26J/01H,1.5511499,10.379912,1.9189833723031693
1980-03-20,26J/01H,3.426894,10.060966,1.8613430208002133
1980-03-21,26J/01H,11.335182000000001,10.7943735,1.7839028785439783
1980-03-22,26J/01H,5.191442,9.799197,1.98477855702697
1980-03-23,26J/01H,0.7149085000000001,9.825593,2.418085140108132
1980-03-24,26J/01H,0.12832501,10.738309,2.512052745815664
1980-03-25,26J/01H,0.6375526,12.320572,2.416144653433544
1980-03-26,26J/01H,0.020129978000000003,13.669011,2.456618675492035
1980-03-27,26J/01H,1.1012666,14.423786,2.4808662463777407
1980-03-28,26J/01H,0.7270118400000001,16.53685,2.5232646293695216
1980-03-29,26J/01H,0.29789163,15.79042,2.228053267466147
1980-03-30,26J/01H,0.03214912,16.401377,3.427902266447831
1980-03-31,26J/01H,0.0004261732,18.227747,4.431228745982527
1980-04-01,26J/01H,0.00011264232,18.027672,4.083287853327563
1980-04-02,26J/01H,0.0008463859,19.037859,4.471203974243983
1980-04-03,26J/01H,1.4131409000000001,19.817774,4.357618431848988
1980-04-04,26J/01H,0.24037622,17.987984,3.902672924521071
1980-04-05,26J/01H,0.004944276,15.866771,4.007257485031167
1980-04-06,26J/01H,0.0015531496,15.5494795,3.304240439586032
1980-04-07,26J/01H,0.0008642672999999999,15.888429,3.5875225885714936
1980-04-08,26J/01H,0.00044107437,15.646229,3.909911263520356
1980-04-09,26J/01H,0.0008583068,15.810275,4.184931874773412
1980-04-10,26J/01H,0.0017285328,15.611797,3.710764796923393
1980-04-11,26J/01H,0.30359127999999996,14.015414,2.5180963511365926
1980-04-12,26J/01H,2.613259,14.739956,2.6278000775070933
1980-04-13,26J/01H,4.9000264,14.852695,2.31584028286583
1980-04-14,26J/01H,15.848246,12.148029,2.315801790816541
1980-04-15,26J/01H,0.037515087,10.859192,2.568229778322986
1980-04-16,26J/01H,0.0012814989000000001,11.928187,3.137768380277822
1980-04-17,26J/01H,0.08540935000000001,14.500381,3.5858658073400345
1980-04-18,26J/01H,0.12003261999999999,15.190997,3.926654787560932
1980-04-19,26J/01H,0.001716613,15.905547,4.32535991640003
1980-04-20,26J/01H,0.0004351138,16.384089,4.305924905033611
1980-04-21,26J/01H,0.03559545,16.107227,3.61127844849792
1980-04-22,26J/01H,0.5379616,15.790097,3.581333610084819
1980-04-23,26J/01H,0.0012389466,16.222195,4.303226959708027
1980-04-24,26J/01H,0.0011446048,17.118399,4.424247601713781
1980-04-25,26J/01H,0.5049796,15.6943655,3.824985441133528
1980-04-26,26J/01H,11.227499,15.05642,3.507405096600797
1980-04-27,26J/01H,0.019362652,14.856385,3.495307178319752
1980-04-28,26J/01H,0.048717185999999996,13.174151,2.9894696195567336
1980-04-29,26J/01H,0.9891308600000001,12.720607,2.820811343581622
1980-04-30,26J/01H,0.11429581000000001,13.181965,3.5439987731325937
1980-05-01,26J/01H,0.12812718,13.301036,2.841313374596058
1980-05-02,26J/01H,13.9064,12.968346,3.169823979698851
1980-05-03,26J/01H,2.5646228,13.987592,2.9168009668743218
1980-05-04,26J/01H,2.5438796000000004,14.417399,3.1516825394721897
1980-05-05,26J/01H,7.5391636,15.645206,2.78423706044826
1980-05-06,26J/01H,1.9181361,16.700075,2.992514141327909
1980-05-07,26J/01H,1.1977009,16.289703,3.2284898916335303
1980-05-08,26J/01H,0.62774945,16.58331,3.5465021384813262
1980-05-09,26J/01H,0.0,16.704967,4.39143344437185
1980-05-10,26J/01H,0.008302476000000001,18.156122,4.82293480859832
1980-05-11,26J/01H,5.4623237,17.815332,4.487290651735722
1980-05-12,26J/01H,1.7002097,13.831967,2.75334412016374
1980-05-13,26J/01H,0.034770249999999996,13.127322,3.235803503052308
1980-05-14,26J/01H,0.0008583069,14.924836,4.320875317358697
1980-05-15,26J/01H,0.0017171307000000001,17.01231,4.916327812091676
1980-05-16,26J/01H,0.0037346137,17.0469,4.610834143213956
1980-05-17,26J/01H,0.0074204025,17.195295,4.734990774466684
1980-05-18,26J/01H,0.0025015230000000003,16.993193,4.613212686396294
1980-05-19,26J/01H,0.0011201574999999998,18.613691,4.938308577851954
1980-05-20,26J/01H,0.0,19.784267,5.162983172489829
1980-05-21,26J/01H,0.0,19.495358,5.350138726997404
1980-05-22,26J/01H,0.0,17.467907,4.843804805688029
1980-05-23,26J/01H,0.00085234636,18.751707,5.247972100695817
1980-05-24,26J/01H,0.007559364000000001,19.04868,5.082629426315997
1980-05-25,26J/01H,0.00042756388,16.065874,4.071037507698012
1980-05-26,26J/01H,0.3196382,15.931453,3.897608498175277
1980-05-27,26J/01H,5.412897500000001,13.083843,2.281066569743721
1980-05-28,26J/01H,0.0016205946,15.125014,4.188095662897515
1980-05-29,26J/01H,0.056564453,14.939168,3.9193601744175592
1980-05-30,26J/01H,0.009056156,16.045164,4.3222592277794725
1980-05-31,26J/01H,0.53432025,19.613594,4.336388592142809
1980-06-01,26J/01H,0.0012874599,21.355448,6.223074448104111
1980-06-02,26J/01H,0.0025808804,24.927427,6.689671144607678
1980-06-03,26J/01H,0.0008523464,24.189005,6.066276436356563
1980-06-04,26J/01H,0.0015728446,25.12351,7.068122037466804
1980-06-05,26J/01H,0.0025823347999999998,24.548014,6.38273231582896
1980-06-06,26J/01H,0.0008583069,20.204527,5.538067380247799
1980-06-07,26J/01H,0.0036377318000000002,19.123766,5.332741336267325
1980-06-08,26J/01H,0.0,18.468828,4.751546492931592
1980-06-09,26J/01H,0.44179156,17.977682,3.7846727686622015
1980-06-10,26J/01H,0.019611858000000003,18.667486,4.430526028852389
1980-06-11,26J/01H,0.713558,18.43241,3.687595785469712
1980-06-12,26J/01H,0.61381476,17.420176,3.732218251325804
1980-06-13,26J/01H,5.245077,16.407133,3.8496682336464207
1980-06-14,26J/01H,0.47124774,17.077394,4.069094920742966
1980-06-15,26J/01H,0.0023121772,17.548334,4.911485608427239
1980-06-16,26J/01H,0.0008553266000000001,18.721724,5.445472671364082
1980-06-17,26J/01H,0.0017225739000000001,20.020342,5.634103570611237
1980-06-18,26J/01H,0.00043511385,21.46698,6.197234920826536
1980-06-19,26J/01H,0.0008583069,22.495565,6.54265764120716
1980-06-20,26J/01H,0.00085234636,22.691168,6.318585825609268
1980-06-21,26J/01H,0.0,22.039633,6.452169641814398
1980-06-22,26J/01H,0.0022089877,19.496084,4.751549096699238
1980-06-23,26J/01H,0.00085532653,19.010769,4.67734638718462
1980-06-24,26J/01H,0.0,19.198473,5.64820946995224
1980-06-25,26J/01H,6.322977e-05,20.488134,5.358533709120074
1980-06-26,26J/01H,0.0,20.902838,5.748203944160009
1980-06-27,26J/01H,0.0012814989000000001,21.85578,5.839599143128979
1980-06-28,26J/01H,0.0004351138,22.784159,6.204152438901317
1980-06-29,26J/01H,0.0,22.971054,6.368065177049336
1980-06-30,26J/01H,0.00044964752000000005,22.653784,6.272139546815591
1980-07-01,26J/01H,0.0008523463,23.194422,6.2569388992855695
1980-07-02,26J/01H,0.0021360965,24.201994,6.833983422497177
1980-07-03,26J/01H,0.0008583069,23.5754,6.827545795900659
1980-07-04,26J/01H,0.0008583069,23.064318,6.3603161456882304
1980-07-05,26J/01H,0.0031389350000000002,19.806425,4.693399894229096
1980-07-06,26J/01H,0.0077606635,21.06409,5.558342764393509
1980-07-07,26J/01H,0.0012846020000000001,21.735426,5.950538631610211
1980-07-08,26J/01H,0.01098482,21.017645,4.8027330604925575
1980-07-09,26J/01H,0.0019949496,19.553854,4.685850305881076
1980-07-10,26J/01H,0.0008523464,21.380539,5.869457908729936
1980-07-11,26J/01H,0.0004351138,24.191484,6.413543369061121
1980-07-12,26J/01H,0.0008605104,26.155695,6.56909338875449
1980-07-13,26J/01H,0.00084638596,26.186434,7.231073140404342
1980-07-14,26J/01H,0.0012844794,25.995794,6.563240986185531
1980-07-15,26J/01H,0.0012904402,23.41007,6.348405233558114
1980-07-16,26J/01H,0.055366740000000005,22.644064,4.851994888477881
1980-07-17,26J/01H,0.0029991117,25.1802,6.639029781971338
1980-07-18,26J/01H,0.0004231929,27.195555,7.226296481242855
1980-07-19,26J/01H,0.0008523464,28.39165,7.264806649317603
1980-07-20,26J/01H,0.00035148218,25.529577,6.620916111001468
1980-07-21,26J/01H,0.0017103930000000002,27.000925,7.249352993340551
1980-07-22,26J/01H,0.0025756145,27.472677,7.111768510499232
1980-07-23,26J/01H,0.00085593694,26.138796,6.772213261879719
1980-07-24,26J/01H,0.0012891915,24.676384,6.639652185670531
1980-07-25,26J/01H,0.11964046500000002,21.002615,4.931649251752141
1980-07-26,26J/01H,0.0008775799,20.872597,5.158075222476654
1980-07-27,26J/01H,0.0,20.896914,5.749321007516269
1980-07-28,26J/01H,0.94360504,18.876799,4.378674530619912
1980-07-29,26J/01H,0.20246632,19.921469,4.0434735528369385
1980-07-30,26J/01H,0.0017046924000000002,20.972414,5.52583096618145
1980-07-31,26J/01H,0.0008174605000000001,21.502518,5.358777725831532
1980-08-01,26J/01H,0.0008583069,22.177095,6.157882752080268
1980-08-02,26J/01H,0.00085234636,21.716461,5.48128009768339
1980-08-03,26J/01H,0.013400224,23.220072,5.511013790117222
1980-08-04,26J/01H,0.0025862956000000004,24.889524,6.319026585378766
1980-08-05,26J/01H,0.0004351138,25.925123,6.955145324912197
1980-08-06,26J/01H,0.0012934206,25.787758,6.839523675189188
1980-08-07,26J/01H,0.0021498082,23.849623,5.784393130453735
1980-08-08,26J/01H,0.00044107437,22.010674,5.472478338844651
1980-08-09,26J/01H,0.0013025539,20.854195,5.551493466747382
1980-08-10,26J/01H,0.0012873197000000001,23.57044,6.479342892255703
1980-08-11,26J/01H,0.0,24.549414,6.019336662924245
1980-08-12,26J/01H,0.010736846,25.533998,6.198823484948633
1980-08-13,26J/01H,0.0012844794,23.861776,5.765610594282875
1980-08-14,26J/01H,0.05203358,22.076288,4.245187782976181
1980-08-15,26J/01H,0.0013610063,20.777662,4.352815070438228
1980-08-16,26J/01H,0.0,23.417253,5.906858451620972
1980-08-17,26J/01H,0.0008695467,26.84844,6.38061225917498
1980-08-18,26J/01H,0.004689341,25.332298,5.588902286932449
1980-08-19,26J/01H,0.06671896,21.949461,4.643692331134581
1980-08-20,26J/01H,0.049946823,25.692375,4.009102830006666
1980-08-21,26J/01H,0.004903579,28.42105,6.495123514518864
1980-08-22,26J/01H,2.36231,29.181135,6.0478660263676165
1980-08-23,26J/01H,0.0063979235,26.460411,5.324094234546463
1980-08-24,26J/01H,0.0017722028000000001,22.380415,4.576892693070954
1980-08-25,26J/01H,0.39691122,22.222832,4.187274185546631
1980-08-26,26J/01H,4.487760000000001,21.318995,3.102195558306275
1980-08-27,26J/01H,0.519732,22.981184,4.023475962958173
1980-08-28,26J/01H,0.0,24.875433,5.5436828611133855
1980-08-29,26J/01H,0.00044131646000000003,28.075113,6.130192362523046
1980-08-30,26J/01H,0.000862225,27.629684,5.90978192688875
1980-08-31,26J/01H,0.0008583069,24.435669,5.236075154133776
1980-09-01,26J/01H,0.0,23.856308,5.476768960616866
1980-09-02,26J/01H,0.0017225739000000001,24.981255,5.22402868717021
1980-09-03,26J/01H,0.002369482,24.312193,4.91454458568729
1980-09-04,26J/01H,0.0008814117,23.747635,4.731993071022106
1980-09-05,26J/01H,0.0,23.473022,4.913642243698449
1980-09-06,26J/01H,0.00044107437,25.16809,5.310030838171068
1980-09-07,26J/01H,0.0041427307000000005,24.92882,4.570917744117133
1980-09-08,26J/01H,0.007958902,22.483711,3.940745999705245
1980-09-09,26J/01H,0.021468916,23.454279,4.815605839912202
1980-09-10,26J/01H,0.02168357,25.349173,4.797314556877213
1980-09-11,26J/01H,0.0028693435,25.949545,4.7552242527788335
1980-09-12,26J/01H,0.006969786,26.41056,4.341325246623508
1980-09-13,26J/01H,0.00128179,26.787104,4.666068995025428
1980-09-14,26J/01H,0.0,26.667328,5.030974131888947
1980-09-15,26J/01H,0.001281499,26.455324,4.605863551398997
1980-09-16,26J/01H,0.028571667000000002,27.074938,4.5777785118159615
1980-09-17,26J/01H,0.0004261732,26.401796,4.664917227377986
1980-09-18,26J/01H,0.0008583069,22.981298,4.079417106108816
1980-09-19,26J/01H,0.34466043,19.010355,3.007945606204988
1980-09-20,26J/01H,0.034359313999999995,17.53706,2.8804977709405697
1980-09-21,26J/01H,0.22657988,18.105917,2.840830426841221
1980-09-22,26J/01H,0.0021528804,18.512348,3.4897091950974146
1980-09-23,26J/01H,0.0012862039000000002,21.64206,4.095978993602295
1980-09-24,26J/01H,0.0017046922000000001,22.921747,4.359419033957356
1980-09-25,26J/01H,0.008924767,24.098486,4.3693850603202415
1980-09-26,26J/01H,0.0015928452,23.819456,4.081130270219774
1980-09-27,26J/01H,0.0025283560000000003,21.057478,3.579783906857145
1980-09-28,26J/01H,4.486848,19.05625,2.435672323410964
1980-09-29,26J/01H,0.2692915,22.871687,3.7271361220321104
1980-09-30,26J/01H,0.0,24.196327,3.956548658255356
1980-10-01,26J/01H,0.0012874599,25.350195,4.073733907053206
1980-10-02,26J/01H,0.0017225193000000001,24.675295,4.152527463047702
1980-10-03,26J/01H,0.16122183,21.829102,3.1477771995413213
1980-10-04,26J/01H,0.30884485,22.386473,2.730084353513536
1980-10-05,26J/01H,0.0062917630000000006,22.006393,3.017298811904287
1980-10-06,26J/01H,0.13257057,20.86077,2.9369712460453803
1980-10-07,26J/01H,0.012814313,19.179258,2.7095630820044976
1980-10-08,26J/01H,0.5265154400000001,18.050798,2.3816878298482203
1980-10-09,26J/01H,0.0017106532000000002,15.702514,2.3866608310516693
1980-10-10,26J/01H,0.0028285613,16.498308,2.659934360488604
1980-10-11,26J/01H,0.15586902,16.90771,2.173164466417077
1980-10-12,26J/01H,0.0004261732,14.730809,2.451405463899284
1980-10-13,26J/01H,0.21363614000000003,16.299612,2.541611042662199
1980-10-14,26J/01H,8.9129955e-05,14.645107,2.2622478215720787
1980-10-15,26J/01H,15.619851,14.908002,1.9274967555490428
1980-10-16,26J/01H,1.124093,13.285164,1.710173514458445
1980-10-17,26J/01H,0.5574061,12.728645,1.5871968363751698
1980-10-18,26J/01H,0.0012874597000000002,12.130409,2.042448067547195
1980-10-19,26J/01H,0.0008523463,12.988046,2.5635911587574296
1980-10-20,26J/01H,0.0,15.002933,2.2689724277295285
1980-10-21,26J/01H,0.0060541472,17.28034,2.370828650120432
1980-10-22,26J/01H,0.009050903999999999,16.559465,2.3268597272119576
1980-10-23,26J/01H,0.2985257,17.799461,1.9996846845180911
1980-10-24,26J/01H,0.7913972,18.338121,2.185361178387809
1980-10-25,26J/01H,0.0011487682,14.6022005,2.258829174620293
1980-10-26,26J/01H,0.0004351138,16.48615,2.622506476053719
1980-10-27,26J/01H,0.0,16.651638,2.4502830400194577
1980-10-28,26J/01H,0.0008597969,18.833908,2.382916834122201
1980-10-29,26J/01H,0.00044107437,18.746635,2.80386471521344
1980-10-30,26J/01H,0.022755900000000003,18.063128,2.0850943110235685
1980-10-31,26J/01H,0.0004351138,17.235327,2.3571619091749376
1980-11-01,26J/01H,0.040383797,16.711178,2.24401602097629
1980-11-02,26J/01H,8.395311,15.319419,1.4065271797935244
1980-11-03,26J/01H,3.6338015,13.016648,1.3483685154876766
1980-11-04,26J/01H,2.5159802,13.733207,1.2016496380816304
1980-11-05,26J/01H,0.6064263,10.239307,1.447647964184038
1980-11-06,26J/01H,4.152189000000001,13.555661,1.86031827311035
1980-11-07,26J/01H,4.317952,14.812007,1.374342547542901
1980-11-08,26J/01H,27.782951,12.964562,0.9787577608496216
1980-11-09,26J/01H,0.93819226,12.620965,1.532629583047619
1980-11-10,26J/01H,2.0103827,12.706508,1.7219552517951142
1980-11-11,26J/01H,3.4935276,16.820236,1.1382881082362246
1980-11-12,26J/01H,2.5456562,14.486737,1.265336645389451
1980-11-13,26J/01H,0.004238307500000001,12.549762,1.4178387363913891
1980-11-14,26J/01H,0.0017165803,10.337152,1.6290406656939078
1980-11-15,26J/01H,0.0008797325,10.630824,1.6265601439926591
1980-11-16,26J/01H,0.0008511836499999999,11.528821,1.624289146596678
1980-11-17,26J/01H,0.0,12.558895,1.689737926131107
1980-11-18,26J/01H,0.02470371,15.217452,1.4891685668329486
1980-11-19,26J/01H,0.0,13.829185,1.7587178317755678
1980-11-20,26J/01H,0.33595682,15.443592,1.4247043700093391
1980-11-21,26J/01H,0.08375591,14.372444,1.3905658739512718
1980-11-22,26J/01H,0.073126526,13.203022,1.4846225942606344
1980-11-23,26J/01H,0.0015921284,13.825477,1.508334797260206
1980-11-24,26J/01H,0.09847789,14.277832,1.2359863422953776
1980-11-25,26J/01H,0.017505476000000002,13.9037895,1.3343028432241757
1980-11-26,26J/01H,0.30049533,11.4163885,1.2016057836121703
1980-11-27,26J/01H,0.0,7.3643346,1.0922788819723257
1980-11-28,26J/01H,0.00084638596,6.873982,1.3166771652640252
1980-11-29,26J/01H,0.0008523464,6.9904695,1.3331141749602795
1980-11-30,26J/01H,0.0029921532,6.6545734,1.2400386340267269
1980-12-01,26J/01H,0.0004351138,5.011456,1.002266375411463
1980-12-02,26J/01H,0.0004351138,3.59611,0.892594580373392
1980-12-03,26J/01H,0.001716613,4.2555943,1.0265453493677783
1980-12-04,26J/01H,0.0017187012,7.032166,1.2584217105357869
1980-12-05,26J/01H,0.00085532653,6.6004887,1.1560878523893738
1980-12-06,26J/01H,0.00085234636,6.225179,1.040841550621531
1980-12-07,26J/01H,0.0005232710000000001,5.7813606,1.031275849664107
1980-12-08,26J/01H,0.0021398065000000003,6.306431,1.1827502194402686
1980-12-09,26J/01H,0.0012934207,8.833036,1.2080255764808985
1980-12-10,26J/01H,0.0017225739000000001,9.875606,1.2417267233268443
1980-12-11,26J/01H,0.0008463859,11.232524,1.2026006078618592
1980-12-12,26J/01H,0.0,10.335887,1.2457151473924954
1980-12-13,26J/01H,0.0,9.590865,1.3145574754885831
1980-12-14,26J/01H,0.0,9.891372,1.330099727409375
1980-12-15,26J/01H,0.8192118500000001,9.885476,1.0149005948159582
1980-12-16,26J/01H,0.00084638596,8.246545,1.0433639599141622
1980-12-17,26J/01H,0.0,8.712015,1.217872580961768
1980-12-18,26J/01H,0.122748856,10.2738695,1.1273776205887551
1980-12-19,26J/01H,0.2751595,11.585422,1.1723718796939744
1980-12-20,26J/01H,1.2140137,14.043056,0.6536819003140508
1980-12-21,26J/01H,0.14778523000000002,13.4323015,1.1441369107585708
1980-12-22,26J/01H,0.0,10.5284,1.4904204917824198
1980-12-23,26J/01H,0.00085234636,10.351886,1.425302046943958
1980-12-24,26J/01H,0.0,10.20857,1.4373697672840926
1980-12-25,26J/01H,0.0019251443,9.811077,1.2251936197445297
1980-12-26,26J/01H,0.0024274559999999997,9.538389,1.180791484313629
1980-12-27,26J/01H,0.03958747000000001,8.535846,1.2441637769262075
1980-12-28,26J/01H,0.00042617318,7.0390153,0.8514561826767498
1980-12-29,26J/01H,0.0008547712,6.4604106,1.0974518990404472
1980-12-30,26J/01H,0.00085532653,7.9000535,1.1712675193928164
1980-12-31,26J/01H,0.0017225739000000001,7.921772,1.3267530625483488
1981-01-01,26J/01H,0.0017106531000000002,7.378477,1.280319096097584
1981-01-02,26J/01H,0.0008702278000000001,7.1410213,1.346847712639363
1981-01-03,26J/01H,0.00086426735,8.217028,1.324297764827198
1981-01-04,26J/01H,0.0008568296,6.9625835,1.3335717877641011
1981-01-05,26J/01H,0.0004351138,6.70178,1.2818144077672289
1981-01-06,26J/01H,0.0004351138,7.9466476,1.4221024784752532
1981-01-07,26J/01H,0.0,8.621404,1.488353240046323
1981-01-08,26J/01H,0.0012815,8.91652,1.5174653284679769
1981-01-09,26J/01H,0.0008583069,8.346488,1.4473613692626472
1981-01-10,26J/01H,0.0034244550000000003,7.309444,1.2803543497958558
1981-01-11,26J/01H,0.0,4.8742104,0.9716168430969072
1981-01-12,26J/01H,0.002439513,4.6980157,1.0913185302244066
1981-01-13,26J/01H,0.0009054215599999999,6.6907983,1.1849024797001046
1981-01-14,26J/01H,0.0004351138,6.037358,1.165446196061115
1981-01-15,26J/01H,0.063208477,8.424031,1.3058522762710822
1981-01-16,26J/01H,0.009803704,10.823403,1.0485847154569328
1981-01-17,26J/01H,0.0004261732,9.08295,1.3197434101512528
1981-01-18,26J/01H,0.0012865012,9.09117,1.4559823904334983
1981-01-19,26J/01H,0.00084829086,8.777592,1.6194427604274826
1981-01-20,26J/01H,0.0012884349,10.274451,1.7131057936421306
1981-01-21,26J/01H,0.0004351138,12.558555,1.905197850745776
1981-01-22,26J/01H,0.0,13.159129,1.8933076835753453
1981-01-23,26J/01H,0.0007296068,11.7516775,1.6212152800363704
1981-01-24,26J/01H,0.001281499,11.329441,1.593408587076528
1981-01-25,26J/01H,0.003026522,10.845269,1.6501070663876682
1981-01-26,26J/01H,0.0037259502,10.799534,1.8340460898601827
1981-01-27,26J/01H,0.28831378,12.684897,1.9336511504132965
1981-01-28,26J/01H,0.13194913,12.775292,1.7258279066642754
1981-01-29,26J/01H,0.84858844,13.2474785,1.6461075130488456
1981-01-30,26J/01H,0.07066571,12.39788,1.593018830408909
1981-01-31,26J/01H,0.39853867000000004,11.91462,1.260758263729761
1981-02-01,26J/01H,0.0021437599999999998,10.666186,1.8134655722512936
1981-02-02,26J/01H,0.0004351138,9.790862,1.9594253885392403
1981-02-03,26J/01H,0.0025779,9.544753,1.9064293081205328
1981-02-04,26J/01H,0.22424147,10.592723,1.395408848520364
1981-02-05,26J/01H,0.0004351138,10.493771,1.601067945030911
1981-02-06,26J/01H,0.0008702277499999999,12.315765,2.166917048802866
1981-02-07,26J/01H,0.0012993805,13.053314,2.276570404772545
1981-02-08,26J/01H,0.010649548,11.915147,2.229293046826712
1981-02-09,26J/01H,3.8871047,10.882122,1.5391940799035488
1981-02-10,26J/01H,0.0020515390000000002,8.825589,1.4165219311522437
1981-02-11,26J/01H,0.0022059417,7.280735,1.7229474103875206
1981-02-12,26J/01H,0.001275539,6.6180267,1.5854319100834549
1981-02-13,26J/01H,0.0033193412000000005,7.055326,1.7816820082214295
1981-02-14,26J/01H,0.3772973,11.236298,1.6115379184341725
1981-02-15,26J/01H,1.8426355,11.000599,1.6401018788724857
1981-02-16,26J/01H,0.31076706000000004,11.509908,1.8040162968653255
1981-02-17,26J/01H,0.0012915225,9.638787,2.023562002576756
1981-02-18,26J/01H,0.22647699000000002,9.251025,1.7002634055348111
1981-02-19,26J/01H,0.18656538,9.257451,1.563904510388103
1981-02-20,26J/01H,0.0072602844,7.922802,1.5739266357656567
1981-02-21,26J/01H,0.002574531,7.980083,2.039183513738535
1981-02-22,26J/01H,0.050169434000000006,9.113137,2.050044141033928
1981-02-23,26J/01H,0.0021276845999999997,8.844846,2.091672284488288
1981-02-24,26J/01H,0.0017165875,9.227496,2.337004459388888
1981-02-25,26J/01H,0.0,11.769654,2.5664766184011683
1981-02-26,26J/01H,4.857640000000001,11.349876,1.5713464584727883
1981-02-27,26J/01H,5.4832114,14.156372,1.5906882794797677
1981-02-28,26J/01H,3.0969111,13.404748,1.6197530862768588
1981-03-01,26J/01H,0.01664969,10.055926,2.1383059251524035
1981-03-02,26J/01H,0.002241431,10.43813,2.098559196518254
1981-03-03,26J/01H,0.0008563432,9.707498,2.082656846021944
1981-03-04,26J/01H,0.016003607,11.382726,2.280064233408578
1981-03-05,26J/01H,0.78029254,13.605321,2.3599182544913404
1981-03-06,26J/01H,0.5234961,15.077962,2.0938084051634345
1981-03-07,26J/01H,0.00085234636,15.62542,2.9124844455862813
1981-03-08,26J/01H,0.010315936000000001,15.485814,2.9313133696831724
1981-03-09,26J/01H,0.016750692,17.646608,3.40226937031154
1981-03-10,26J/01H,0.00044107437,18.384811,3.2032228486876777
1981-03-11,26J/01H,0.0017204338,18.712482,3.5863013373166868
1981-03-12,26J/01H,0.089275826,15.26361,2.408330420887131
1981-03-13,26J/01H,0.0022839369999999998,13.513415,2.3573101296406054
1981-03-14,26J/01H,0.17050389000000002,11.657586,2.223205115557559
1981-03-15,26J/01H,0.0017032144000000001,10.75697,2.617046506274426
1981-03-16,26J/01H,0.0004351138,12.269009,2.962686118807188
1981-03-17,26J/01H,0.0012993805,11.944728,3.077861703183632
1981-03-18,26J/01H,0.0008523463,13.053027,3.050235353120116
1981-03-19,26J/01H,1.1450845,13.2043,2.43424376828231
1981-03-20,26J/01H,1.9994102,13.210576,2.480267383365567
1981-03-21,26J/01H,0.088580124,13.214511,2.9375430214842564
1981-03-22,26J/01H,0.7562646,15.36353,2.317487514962002
1981-03-23,26J/01H,0.21841391,16.347755,2.656559323840598
1981-03-24,26J/01H,0.0060208069999999995,16.641861,3.7555396138340154
1981-03-25,26J/01H,0.03837944,14.754262,2.9133048673549085
1981-03-26,26J/01H,0.22576619,15.158683,2.899942831316511
1981-03-27,26J/01H,3.2962546,13.24364,2.660880390305445
1981-03-28,26J/01H,11.027835999999999,14.196692,2.639796531603181
1981-03-29,26J/01H,6.6597420000000005,11.485507,1.8495345733345727
1981-03-30,26J/01H,2.5728108,11.69685,2.274746784305336
1981-03-31,26J/01H,0.0026978757,11.331655,2.5713488981120904
1981-04-01,26J/01H,10.745789,11.007403,2.649109182319576
1981-04-02,26J/01H,5.549514,11.939269,2.1160177955325232
1981-04-03,26J/01H,0.8021458,11.673459,2.4664592448420373
1981-04-04,26J/01H,0.0076409297,12.279925,3.4168749757404573
1981-04-05,26J/01H,0.048307858,13.748349,3.2005906102476485
1981-04-06,26J/01H,1.3990763,13.990251,2.9157344724686465
1981-04-07,26J/01H,0.00085138375,14.978787,3.675675913464125
1981-04-08,26J/01H,0.0,16.279448,3.897556566744428
1981-04-09,26J/01H,14.983428,15.721292,2.408589116447819
1981-04-10,26J/01H,10.04737,15.07323,2.377617191496377
1981-04-11,26J/01H,0.21744914,14.378444,2.823017155432194
1981-04-12,26J/01H,4.8362734000000005,13.007613,2.993620363929881
1981-04-13,26J/01H,3.2206255,12.2905245,3.0652791330694718
1981-04-14,26J/01H,0.018445328,12.976158,3.2677860559687
1981-04-15,26J/01H,0.0012854389,13.083201,3.473395284001071
1981-04-16,26J/01H,5.8006465,10.510142,2.1217298649513308
1981-04-17,26J/01H,0.45183136,13.202991,3.33834939694122
1981-04-18,26J/01H,0.01277697,14.0838585,3.839138768622641
1981-04-19,26J/01H,0.15403926,14.379767,3.504471498570608
1981-04-20,26J/01H,0.00091638917,13.432874,3.0196307057130927
1981-04-21,26J/01H,0.37745645,11.293481,2.551824791120741
1981-04-22,26J/01H,1.4174791,9.833997,2.04558691378761
1981-04-23,26J/01H,0.4301389,11.090977,2.9165915521294137
1981-04-24,26J/01H,0.011429725,12.582648,3.6053660453622114
1981-04-25,26J/01H,0.27903357,11.96383,3.2423779289447925
1981-04-26,26J/01H,0.0004351138,10.579711,3.205667949050281
1981-04-27,26J/01H,9.728598,9.481565,2.583562983442378
1981-04-28,26J/01H,7.255590000000001,8.37373,2.692286200382169
1981-04-29,26J/01H,6.3169214,11.495944,3.614967395750533
1981-04-30,26J/01H,1.2676840999999999,12.801766,2.7824208861632607
1981-05-01,26J/01H,0.07646478999999999,14.1971445,3.987103714461544
1981-05-02,26J/01H,0.0073425045,14.708537,3.515542347550652
1981-05-03,26J/01H,2.3403456e-05,14.785399,3.970617869036975
1981-05-04,26J/01H,0.0,14.9442625,4.366988593212946
1981-05-05,26J/01H,0.0008583069,18.018713,5.248766855319366
1981-05-06,26J/01H,0.03821933400000001,18.45233,4.224426720587841
1981-05-07,26J/01H,1.8072162,15.233566,2.9761594800547253
1981-05-08,26J/01H,3.6798792,12.80017,3.0434972863727774
1981-05-09,26J/01H,6.021864300000001,10.881184,2.8308460699142817
1981-05-10,26J/01H,3.9253267000000003,11.689441,2.944254196998052
1981-05-11,26J/01H,0.730379,13.375694,3.1380569971646297
1981-05-12,26J/01H,0.0,13.405502,3.925457262196995
1981-05-13,26J/01H,0.0042871723,14.495086,3.6844055425021303
1981-05-14,26J/01H,0.0,14.337926,4.081623360634686
1981-05-15,26J/01H,0.8420338,14.124764,3.505307219721578
1981-05-16,26J/01H,0.051603659999999996,15.009511,3.3863022963114413
1981-05-17,26J/01H,0.23525642,14.842713,4.311285082829074
1981-05-18,26J/01H,0.042400837000000004,15.568298,4.769218584529424
1981-05-19,26J/01H,0.025742699,16.475275,4.607643463090632
1981-05-20,26J/01H,0.4732376,16.549255,3.5868821720011206
1981-05-21,26J/01H,0.21196774,15.003215,3.76677975707288
1981-05-22,26J/01H,0.0004351138,16.265654,4.908738083661253
1981-05-23,26J/01H,0.001275539,18.13206,5.523096868586103
1981-05-24,26J/01H,0.0020037422000000003,17.234125,4.470212816099743
1981-05-25,26J/01H,0.5549196,15.198325,3.3564093772628474
1981-05-26,26J/01H,0.00085870296,15.137447,4.070702190169663
1981-05-27,26J/01H,0.0012992487,16.131607,4.7806050327018985
1981-05-28,26J/01H,0.0017140529,19.694443,5.921037351907824
1981-05-29,26J/01H,0.0017136316000000002,20.934042,5.716810412649758
1981-05-30,26J/01H,0.32165384,18.000357,4.634627563356545
1981-05-31,26J/01H,0.45276862,18.07976,4.598507892202785
1981-06-01,26J/01H,2.2197136,17.930145,4.019436673360636
1981-06-02,26J/01H,0.058493263,16.344213,4.1665693207012655
1981-06-03,26J/01H,0.34108120000000003,16.765484,4.185141480438984
1981-06-04,26J/01H,0.0004261732,18.338423,5.470665080600662
1981-06-05,26J/01H,0.0007023354,20.96658,5.762882212304215
1981-06-06,26J/01H,0.0,21.791107,5.973241325039181
1981-06-07,26J/01H,0.00085234636,21.23369,5.835182045898937
1981-06-08,26J/01H,0.005374694,21.185114,5.740782502681432
1981-06-09,26J/01H,0.03266042,21.645958,5.168016307523209
1981-06-10,26J/01H,0.0,23.078642,6.973706428089179
1981-06-11,26J/01H,0.00085532653,26.71699,7.689393814523534
1981-06-12,26J/01H,0.0004351138,29.073359,7.90627864481206
1981-06-13,26J/01H,0.17709064000000002,30.546432,8.146000774239953
1981-06-14,26J/01H,0.05640905,31.539785,8.422974957015452
1981-06-15,26J/01H,0.0,29.324331,7.296642546678631
1981-06-16,26J/01H,0.98432916,28.538122,7.243786087913712
1981-06-17,26J/01H,0.0008523463,28.573347,7.207762855488787
1981-06-18,26J/01H,6.6573516e-05,28.39285,7.222033683489252
1981-06-19,26J/01H,0.003859594,26.370668,6.221463721066404
1981-06-20,26J/01H,0.0012570454,25.43377,6.527889066476109
1981-06-21,26J/01H,0.08429529599999999,23.64517,5.473010016344426
1981-06-22,26J/01H,0.023892330000000003,22.313019,5.735231071223448
1981-06-23,26J/01H,0.42390253,20.984776,4.974154058801677
1981-06-24,26J/01H,0.6953878,21.804815,5.185134475315781
1981-06-25,26J/01H,0.0004261732,22.111582,5.444886637536888
1981-06-26,26J/01H,0.038054012,18.675604,4.216891541862112
1981-06-27,26J/01H,0.13074992000000002,18.41488,4.339373369777379
1981-06-28,26J/01H,0.0008583069,20.119345,5.362398454447392
1981-06-29,26J/01H,0.0,21.00168,5.877466101909403
1981-06-30,26J/01H,0.26070782000000003,22.141768,5.337949580724046
1981-07-01,26J/01H,5.385495,21.750189,4.630574431342869
1981-07-02,26J/01H,0.59589185,20.329123,4.606408679924648
1981-07-03,26J/01H,0.0017276834000000002,19.90697,5.348183881722847
1981-07-04,26J/01H,0.00042319286,22.001078,6.052874034519583
1981-07-05,26J/01H,0.0,22.597305,6.046518560787532
1981-07-06,26J/01H,0.00044107437,23.414995,6.596953961077701
1981-07-07,26J/01H,0.0,23.064047,6.068845268551807
1981-07-08,26J/01H,0.00100333,20.532602,5.586838069532607
1981-07-09,26J/01H,0.036351190000000005,19.84881,4.676986252783536
1981-07-10,26J/01H,0.001716613,21.865616,6.272619357863938
1981-07-11,26J/01H,0.0017195934,25.939306,6.860873550785741
1981-07-12,26J/01H,0.0012814989000000001,28.415617,7.199155189782496
1981-07-13,26J/01H,0.00042915335,29.310305,7.85038664980398
1981-07-14,26J/01H,0.0,29.346329,7.68133616533561
1981-07-15,26J/01H,0.0021238592,29.569391,7.282897807526983
1981-07-16,26J/01H,0.0008523464,28.699709,6.802617871785551
1981-07-17,26J/01H,0.001281499,26.917816,6.3976608330855385
1981-07-18,26J/01H,0.0004261732,25.350655,6.88731197102209
1981-07-19,26J/01H,0.0,28.49463,6.2022767018476594
1981-07-20,26J/01H,0.0012944438,27.160362,7.158779851511476
1981-07-21,26J/01H,0.0021625764,26.709068,6.522470626092812
1981-07-22,26J/01H,0.00085532665,24.230713,6.049360149034014
1981-07-23,26J/01H,0.0017642670000000001,21.64805,5.771689105107449
1981-07-24,26J/01H,0.002140101,21.953238,5.955347391029555
1981-07-25,26J/01H,0.0017226249,24.397482,6.416386084954769
1981-07-26,26J/01H,0.00043511385,26.8262,6.819492047716407
1981-07-27,26J/01H,0.0025800135,28.024305,6.830856128104831
1981-07-28,26J/01H,0.0004351138,27.174438,6.71286974816106
1981-07-29,26J/01H,0.008930528,27.5103,6.829300650590247
1981-07-30,26J/01H,0.41284,25.93621,6.4723733525131415
1981-07-31,26J/01H,0.0010375756,20.48693,4.477583596532178
1981-08-01,26J/01H,0.27789453,19.169226,3.690051359882717
1981-08-02,26J/01H,0.062180676,21.350143,5.282536781740931
1981-08-03,26J/01H,0.7795230000000001,24.9335,5.911016331732402
1981-08-04,26J/01H,0.011178440999999999,25.677923,5.625228574795182
1981-08-05,26J/01H,0.00044107437,27.18923,5.871962638691635
1981-08-06,26J/01H,0.0032384052,24.503647,5.751145328422665
1981-08-07,26J/01H,0.0014385473,22.972097,5.784634797749071
1981-08-08,26J/01H,0.00047738390000000004,21.545225,5.230221767282887
1981-08-09,26J/01H,0.0017136327000000001,23.658117,5.981778338560956
1981-08-10,26J/01H,0.0008553266000000001,23.901072,5.959470271635769
1981-08-11,26J/01H,0.0017767514,23.144653,5.672118207324465
1981-08-12,26J/01H,0.0017460433,22.818846,5.745647728801161
1981-08-13,26J/01H,0.0,25.515966,6.639765618564901
1981-08-14,26J/01H,0.018742088,27.006613,6.40908574962586
1981-08-15,26J/01H,0.0,25.24854,4.951560254656909
1981-08-16,26J/01H,0.0014044403000000002,23.428305,5.1777015243688025
1981-08-17,26J/01H,0.0004261732,22.226282,5.002841785305972
1981-08-18,26J/01H,0.00043511385,21.435537,5.040283341342238
1981-08-19,26J/01H,0.0019158787,21.046686,4.661790559316097
1981-08-20,26J/01H,0.11533198500000001,19.730247,3.750063870459858
1981-08-21,26J/01H,0.44980524000000005,21.388311,4.7589509020149
1981-08-22,26J/01H,0.0012874597000000002,23.662477,5.587421957097423
1981-08-23,26J/01H,0.0015085579,24.260536,5.476723931004983
1981-08-24,26J/01H,0.0004261732,25.825996,5.934065309430768
1981-08-25,26J/01H,0.0004261732,26.179863,6.071738334259247
1981-08-26,26J/01H,0.0008583069,25.953672,5.7658505613487705
1981-08-27,26J/01H,0.0012904402,26.052439,5.795933622607078
1981-08-28,26J/01H,0.00012972903,23.507101,5.092958605520862
1981-08-29,26J/01H,0.00040253246,21.463022,4.478587245997027
1981-08-30,26J/01H,0.0075368114,20.028505,3.9372745129632176
1981-08-31,26J/01H,0.0016879616,19.242558,4.02946118964466
1981-09-01,26J/01H,0.0017139918999999999,20.241962,4.363722880938393
1981-09-02,26J/01H,0.0008583069,21.651894,5.037760292146285
1981-09-03,26J/01H,0.00085234636,25.249098,5.789733032006897
1981-09-04,26J/01H,0.0029921532,26.172485,5.510479234986752
1981-09-05,26J/01H,0.0008860489,25.154007,5.321718942015227
1981-09-06,26J/01H,0.0030214906,24.88891,5.198658523481139
1981-09-07,26J/01H,0.0012782103,24.510958,5.234431753319657
1981-09-08,26J/01H,0.017086475,25.843054,4.90979985946268
1981-09-09,26J/01H,0.09655452,26.115242,5.076309614693809
1981-09-10,26J/01H,0.0021338446000000004,21.344032,3.9844552673931695
1981-09-11,26J/01H,0.32942957,21.089737,3.4790537372669554
1981-09-12,26J/01H,0.0008572136,21.191755,3.982542520677941
1981-09-13,26J/01H,0.0008529682,22.350206,4.411193410884397
1981-09-14,26J/01H,0.0017104877000000001,24.304207,4.948814316055335
1981-09-15,26J/01H,0.389017,25.372185,4.912179539134098
1981-09-16,26J/01H,0.8282807000000001,25.510826,4.279095157522144
1981-09-17,26J/01H,0.14143022,24.264868,3.811735356167392
1981-09-18,26J/01H,0.0020470757,20.893957,3.429559678040492
1981-09-19,26J/01H,0.10079132,21.300531,3.4439724552510182
1981-09-20,26J/01H,0.0158291645,21.138348,3.245446700199353
1981-09-21,26J/01H,4.9303184,18.95094,2.4921669561202004
1981-09-22,26J/01H,0.17917032,17.418154,2.9325353970978014
1981-09-23,26J/01H,0.0017237216,17.582516,3.294962653266042
1981-09-24,26J/01H,0.0012934206,17.226202,3.304805846764859
1981-09-25,26J/01H,0.79946497,18.918213,2.762124011159643
1981-09-26,26J/01H,7.3857056000000005,17.163378,2.3419437467786666
1981-09-27,26J/01H,0.6024842,16.760393,2.3164409459357214
1981-09-28,26J/01H,0.02373639,17.241207,2.951528741586201
1981-09-29,26J/01H,0.03675896,20.493347,2.948145467882189
1981-09-30,26J/01H,0.0025901706,21.002932,3.484787185764308
1981-10-01,26J/01H,0.48321697999999996,18.619637,2.412550291260982
1981-10-02,26J/01H,0.78722784,17.092533,2.1182350392696367
1981-10-03,26J/01H,1.0435750000000001,18.759039,2.534400325746687
1981-10-04,26J/01H,0.1787335,18.719254,2.587082713069312
1981-10-05,26J/01H,11.474605,18.460955,2.23468779130543
1981-10-06,26J/01H,0.39384683000000004,17.107536,2.2569218196242886
1981-10-07,26J/01H,0.24522876,17.575716,3.0091709387325776
1981-10-08,26J/01H,2.4740230000000003,18.897797,2.719275873275685
1981-10-09,26J/01H,0.0091954155,18.928911,2.6583336885742543
1981-10-10,26J/01H,0.005714503,18.761469,2.9177984215776416
1981-10-11,26J/01H,0.0008520041000000001,19.228685,3.1060031288897
1981-10-12,26J/01H,0.0010348585,20.516562,3.028687253839656
1981-10-13,26J/01H,2.3557369e-05,21.041521,3.202289519862154
1981-10-14,26J/01H,0.0004351138,21.705774,3.402015183049853
1981-10-15,26J/01H,0.0012904403,21.048769,3.455216470950987
1981-10-16,26J/01H,0.028838041000000002,20.660889,3.093601030129748
1981-10-17,26J/01H,0.031511984,19.085316,2.5304656752659884
1981-10-18,26J/01H,2.817765,19.397818,2.3882005683018948
1981-10-19,26J/01H,0.0008583069,21.38945,3.123683842198664
1981-10-20,26J/01H,0.0192639,21.322195,3.06600353401364
1981-10-21,26J/01H,0.0014488532999999998,18.916212,2.501304837004404
1981-10-22,26J/01H,0.0008583069,16.052042,2.55829831144488
1981-10-23,26J/01H,0.060859425,16.973444,2.5634326796127964
1981-10-24,26J/01H,0.1827649,17.600128,2.168406495321864
1981-10-25,26J/01H,0.0012865511000000002,15.570477,2.4028223356025693
1981-10-26,26J/01H,0.0004351138,14.989815,2.0358448185093523
1981-10-27,26J/01H,0.00086128706,14.663658,2.2090349523563586
1981-10-28,26J/01H,0.0017195934,15.141921,2.5619282294906696
1981-10-29,26J/01H,0.0004351138,16.316517,2.313783983067373
1981-10-30,26J/01H,0.0008642672999999999,14.65226,2.363834227852088
1981-10-31,26J/01H,0.0004351138,16.53647,2.692188641068583
1981-11-01,26J/01H,0.00086535823,16.673128,2.6606101094834504
1981-11-02,26J/01H,0.0004351138,17.450134,2.677479454919878
1981-11-03,26J/01H,0.00085234636,18.572382,2.6545205024046803
1981-11-04,26J/01H,0.0012814989000000001,17.723166,2.5891462441947453
1981-11-05,26J/01H,0.001721457,17.927835,2.406520676411948
1981-11-06,26J/01H,0.0034323611,17.87633,2.4651218561502564
1981-11-07,26J/01H,0.0012907295000000002,17.683897,2.3975498175254266
1981-11-08,26J/01H,0.0017149987,16.163963,2.2106088924832727
1981-11-09,26J/01H,0.37262073,16.555471,1.8829614559332333
1981-11-10,26J/01H,0.8917002,16.405172,1.6129091521487504
1981-11-11,26J/01H,0.0004351138,17.43414,2.2058044803981582
1981-11-12,26J/01H,0.0004351138,18.592077,2.2417353969363667
1981-11-13,26J/01H,0.0023081784000000003,19.092405,1.7375861959576044
1981-11-14,26J/01H,0.0012901492,18.081356,2.0188258236661327
1981-11-15,26J/01H,0.0017737554,16.751408,2.0300448500735837
1981-11-16,26J/01H,0.31172272,16.480312,1.9221994858880025
1981-11-17,26J/01H,1.3842527,16.968779,1.6124904211575573
1981-11-18,26J/01H,0.0012830397,16.421465,1.94528450964347
1981-11-19,26J/01H,0.0008610241,15.727828,1.843333128839533
1981-11-20,26J/01H,0.0012814989000000001,16.59287,1.8000779344763556
1981-11-21,26J/01H,0.00043511385,16.412941,1.805230201415141
1981-11-22,26J/01H,0.0004261732,15.360049,1.6992104204664873
1981-11-23,26J/01H,0.0008523464,16.694925,1.7206101861006124
1981-11-24,26J/01H,0.11041614500000001,16.727556,1.8118539696413176
1981-11-25,26J/01H,0.0,16.43916,1.884513254513677
1981-11-26,26J/01H,0.0004261732,15.536237,1.7849887163381284
1981-11-27,26J/01H,0.0,14.595902,1.8127989812433296
1981-11-28,26J/01H,0.0008642317,14.273458,1.761148191266357
1981-11-29,26J/01H,0.0013560587,13.002225,1.5110283155755224
1981-11-30,26J/01H,0.003435952,12.872993,1.5952197595631483
1981-12-01,26J/01H,0.0017035455,12.325428,1.6549117997882283
1981-12-02,26J/01H,0.0034270896999999997,12.3017,1.57374600886934
1981-12-03,26J/01H,0.0017290094,11.630614,1.5361244949113522
1981-12-04,26J/01H,0.0,9.994618,1.43101157250611
1981-12-05,26J/01H,0.00012972905000000002,10.052894,1.244077575900236
1981-12-06,26J/01H,0.26168094000000003,10.035863,1.0453188667340116
1981-12-07,26J/01H,0.07238328,9.523299,1.350064773761687
1981-12-08,26J/01H,0.12442939,10.570531,1.3411642016941403
1981-12-09,26J/01H,6.4184707,12.6348505,0.9416679124199996
1981-12-10,26J/01H,2.4827822,14.801303,0.955553567885156
1981-12-11,26J/01H,0.46512581999999997,15.065003,1.0640284114275835
1981-12-12,26J/01H,0.4130116,14.877158,1.0045926765861082
1981-12-13,26J/01H,0.24214397000000001,15.567494,0.905013529852672
1981-12-14,26J/01H,0.6936721,16.0211,1.0499412266701982
1981-12-15,26J/01H,0.6296145000000001,15.683364,1.0121672944360272
1981-12-16,26J/01H,0.25616565,14.894134,0.9443726820532352
1981-12-17,26J/01H,6.238379,12.936787,1.092130119615748
1981-12-18,26J/01H,2.6713704,8.757997,0.7991083184256064
1981-12-19,26J/01H,0.0017136326,7.933762,1.1064546056489768
1981-12-20,26J/01H,8.379413000000001,8.716583,1.0997690240084432
1981-12-21,26J/01H,7.2433154,13.012662,1.0236552545556472
1981-12-22,26J/01H,1.2453335,15.3685875,0.60789540784774
1981-12-23,26J/01H,0.78789667,14.565781,0.8305387250948167
1981-12-24,26J/01H,0.44461823,12.148606,1.0265368508366453
1981-12-25,26J/01H,0.00086579144,9.600921,1.109010339541124
1981-12-26,26J/01H,15.732502,10.564783,1.293119469033294
1981-12-27,26J/01H,10.992815,11.415526,0.9053186371829568
1981-12-28,26J/01H,18.949266,12.3176775,1.0405616871452443
1981-12-29,26J/01H,13.791807,11.124827,0.879901005013161
1981-12-30,26J/01H,10.960640999999999,14.159531,1.0163580793733529
1981-12-31,26J/01H,5.551469,11.138199,0.7827898151530729
1982-01-01,26J/01H,0.011119037,10.024101,1.1782984120115123
1982-01-02,26J/01H,0.009491636,9.835834,1.260402074563468
1982-01-03,26J/01H,2.138456,14.290254,1.1179075639951903
1982-01-04,26J/01H,2.5892026,14.716927,0.94961629427031
1982-01-05,26J/01H,0.023183043,14.368308,1.2564518898249395
1982-01-06,26J/01H,0.013681397000000001,12.530477,1.3735831413481658
1982-01-07,26J/01H,0.0,11.8373,1.5708027027791804
1982-01-08,26J/01H,0.0025749203999999998,11.753222,1.559825515837582
1982-01-09,26J/01H,0.004504368000000001,13.569829,1.2604627331440408
1982-01-10,26J/01H,8.835105,12.652283,0.676422940104207
1982-01-11,26J/01H,4.5252837,9.997724,0.8796342119017303
1982-01-12,26J/01H,7.268889000000001,10.01679,0.8103626137209815
1982-01-13,26J/01H,0.32375098,10.624198,1.02391288349017
1982-01-14,26J/01H,0.5512638500000001,10.067377,1.137474132770473
1982-01-15,26J/01H,3.8046602,9.961313,1.2449148636598522
1982-01-16,26J/01H,7.686192,9.921618,0.9937286198897723
1982-01-17,26J/01H,0.0017229841,8.167998,1.1748551825336968
1982-01-18,26J/01H,1.5573044,8.627101,1.2793872915740625
1982-01-19,26J/01H,5.714813,10.504775,1.196455479738778
1982-01-20,26J/01H,0.017915577,8.620547,1.2919336491453304
1982-01-21,26J/01H,0.023642443,11.447074,1.4041880115401604
1982-01-22,26J/01H,0.0074787955000000005,11.080802,1.348175351248282
1982-01-23,26J/01H,0.016961030999999998,8.565417,1.2578899367319134
1982-01-24,26J/01H,0.0017176708000000002,8.655088,1.5443716795310467
1982-01-25,26J/01H,0.0004351138,9.641406,1.616773213925365
1982-01-26,26J/01H,0.0076886787,9.851485,1.5635009480879434
1982-01-27,26J/01H,0.014603672,10.64862,1.1768197287674669
1982-01-28,26J/01H,0.0008553266000000001,8.309739,1.3001298949013824
1982-01-29,26J/01H,0.0021409779000000004,7.713267,1.4476947013518249
1982-01-30,26J/01H,0.00085620475,8.197538,1.780917853903078
1982-01-31,26J/01H,0.0012884675000000001,10.261418,1.5527306972116384
1982-02-01,26J/01H,0.062023403000000005,8.271099,1.243902916846145
1982-02-02,26J/01H,0.11602172000000001,9.196164,1.2062243791175622
1982-02-03,26J/01H,0.54267255,11.390335,1.3342973697942042
1982-02-04,26J/01H,0.0008563866999999999,12.288138,1.4766402236352008
1982-02-05,26J/01H,0.0017225739000000001,12.807716,1.7318342482602005
1982-02-06,26J/01H,0.0029695053,12.003299,1.986240997652856
1982-02-07,26J/01H,5.2844995,11.21973,1.2936541513353523
1982-02-08,26J/01H,0.005298614500000001,12.089223,1.796947721427439
1982-02-09,26J/01H,0.0009067448000000001,11.984047,1.8825235368462017
1982-02-10,26J/01H,0.0012146351,11.762604,1.9518667041840811
1982-02-11,26J/01H,0.8967157,11.496041,1.8331595567748409
1982-02-12,26J/01H,0.19480728,11.094157,1.9033999670720716
1982-02-13,26J/01H,1.9350962999999999,11.727543,1.3730450605270157
1982-02-14,26J/01H,8.209865,10.7988,1.7244849643844262
1982-02-15,26J/01H,8.249206000000001,9.089899,1.283540066930825
1982-02-16,26J/01H,0.0049855094,8.29926,1.7537862211681043
1982-02-17,26J/01H,0.5326697,9.031817,1.7400351535955465
1982-02-18,26J/01H,3.3200012,10.375941,1.7002360846375584
1982-02-19,26J/01H,0.0004351138,9.783607,1.9405400865033031
1982-02-20,26J/01H,0.0004351138,9.709182,1.867919116855581
1982-02-21,26J/01H,0.8848814,11.788212,1.8473083466165603
1982-02-22,26J/01H,0.15727959000000002,11.002361,1.54173425177446
1982-02-23,26J/01H,0.2874373,8.580224,1.5389609963030164
1982-02-24,26J/01H,0.0021457663,7.821339,1.8197210337039853
1982-02-25,26J/01H,2.0505785999999997,10.901901,1.5946196491828115
1982-02-26,26J/01H,0.21650995,11.272613,1.981482693684934
1982-02-27,26J/01H,0.10834469000000001,13.557349,1.7823014657373195
1982-02-28,26J/01H,0.026964851,14.0607605,2.0920621768102063
1982-03-01,26J/01H,0.22926889,13.800103,1.876011792480744
1982-03-02,26J/01H,0.0025868403999999997,12.254741,2.5956713706873797
1982-03-03,26J/01H,0.0012836000000000002,13.120316,3.0150813361326128
1982-03-04,26J/01H,0.003864009,11.34132,2.0596034735404816
1982-03-05,26J/01H,0.0012760841,10.209815,2.3137844967914263
1982-03-06,26J/01H,0.0,11.082675,2.567548466528486
1982-03-07,26J/01H,0.00043511385,10.682454,2.497697909732511
1982-03-08,26J/01H,0.0,10.540419,2.4898460688911586
1982-03-09,26J/01H,0.00042319295,10.536174,2.555815146379784
1982-03-10,26J/01H,0.00214379,11.294541,2.680100236490679
1982-03-11,26J/01H,0.0012921191,13.614891,2.937965624902592
1982-03-12,26J/01H,0.0,15.310955,3.311422877617148
1982-03-13,26J/01H,0.0025995896,14.959872,3.258677050179031
1982-03-14,26J/01H,0.0004382626,14.957466,3.020677930743608
1982-03-15,26J/01H,0.0008410668000000001,14.424014,2.6395668840257565
1982-03-16,26J/01H,0.0012874597000000002,13.544347,3.010188397591912
1982-03-17,26J/01H,0.0012932351,13.603527,2.877173360270869
1982-03-18,26J/01H,0.0008540568,12.9189415,2.77354157528943
1982-03-19,26J/01H,0.0008598432000000001,13.7935095,3.114505504645252
1982-03-20,26J/01H,0.0004351138,14.157098,3.217484147876802
1982-03-21,26J/01H,0.017036316,16.430208,3.4676487015835704
1982-03-22,26J/01H,0.002152432,17.715765,3.820666678830429
1982-03-23,26J/01H,0.0004351138,17.996004,3.862942739480064
1982-03-24,26J/01H,6.322977e-05,14.981903,3.42291210752535
1982-03-25,26J/01H,0.0,12.8432,2.77299706442604
1982-03-26,26J/01H,0.12342712400000001,11.953401,2.9873125984465823
1982-03-27,26J/01H,0.0008505399000000001,12.263156,3.106094451243408
1982-03-28,26J/01H,2.1776995,12.399467,2.5057396076277207
1982-03-29,26J/01H,15.217075999999999,12.796535,2.15359222875115
1982-03-30,26J/01H,5.5317485,12.940518,2.094983853937307
1982-03-31,26J/01H,6.0109756,12.142919,2.2178455076924903
1982-04-01,26J/01H,1.9952021,11.15458,2.363765898221636
1982-04-02,26J/01H,0.0022080890000000003,11.129777,3.0758943066086752
1982-04-03,26J/01H,0.024178688,12.904072,3.4053217125355406
1982-04-04,26J/01H,3.4517847,13.711623,2.606538539148165
1982-04-05,26J/01H,0.29778638,13.05362,2.5944676291151647
1982-04-06,26J/01H,0.0014888402999999998,12.812499,3.212025527263734
1982-04-07,26J/01H,0.00085234636,15.764899,4.284820831265102
1982-04-08,26J/01H,0.0004351138,16.92041,4.053710227908999
1982-04-09,26J/01H,0.008620525,15.764062,4.12654233320283
1982-04-10,26J/01H,1.1748605,17.267134,4.19378061137616
1982-04-11,26J/01H,10.112270500000001,15.097093,2.425504582515125
1982-04-12,26J/01H,10.853047,13.550069,2.619926454804917
1982-04-13,26J/01H,7.3515728000000005,14.219935,3.0645470353904303
1982-04-14,26J/01H,2.3671714,14.663467,3.5568252610325564
1982-04-15,26J/01H,0.024934214,14.724396,3.767535743499145
1982-04-16,26J/01H,0.073128334,13.556298,3.3452805263508143
1982-04-17,26J/01H,0.5473408,12.673969,2.552347508766212
1982-04-18,26J/01H,1.451913,11.943874,3.2171387693315587
1982-04-19,26J/01H,0.39704890000000004,12.885278,3.316464715750679
1982-04-20,26J/01H,0.01195824,15.375927,4.104474167643759
1982-04-21,26J/01H,0.0,16.210306,4.448262567317651
1982-04-22,26J/01H,0.22551805,15.09743,4.056834461366499
1982-04-23,26J/01H,9.687018,15.965159,3.136017443783492
1982-04-24,26J/01H,0.24168399,16.73836,3.825083555845324
1982-04-25,26J/01H,0.00042792088,17.981546,4.685625986298884
1982-04-26,26J/01H,9.123877,14.117133,3.056388678393651
1982-04-27,26J/01H,0.067181305,14.499046,3.783872971094576
1982-04-28,26J/01H,0.23409827000000002,15.084125,4.176588010833358
1982-04-29,26J/01H,0.00043660490000000003,16.798588,4.550394295076761
1982-04-30,26J/01H,0.0012874597000000002,18.50341,5.1114211067535935
1982-05-01,26J/01H,0.0012827121,18.59976,5.029993977574192
1982-05-02,26J/01H,0.040279808,18.197344,4.77529108346417
1982-05-03,26J/01H,0.044427494000000005,18.579294,4.774031268121469
1982-05-04,26J/01H,0.00044107437,15.781419,3.863565684680817
1982-05-05,26J/01H,0.00085234636,13.318787,3.8746918339575256
1982-05-06,26J/01H,0.0004351138,13.77475,3.998811289279752
1982-05-07,26J/01H,0.0,15.70762,4.346771605092595
1982-05-08,26J/01H,0.0018858786,16.61659,4.508258073534094
1982-05-09,26J/01H,0.0013406138,16.844688,4.85920942005387
1982-05-10,26J/01H,0.4303877,15.501878,4.400777921339218
1982-05-11,26J/01H,0.0004351138,14.820497,4.357934381598369
1982-05-12,26J/01H,0.0021429012,16.572691,4.391492521030656
1982-05-13,26J/01H,0.0021517272,17.124723,4.872530823724529
1982-05-14,26J/01H,0.038695099999999996,18.933838,5.367319791916975
1982-05-15,26J/01H,0.52486884,18.146296,4.954798258019578
1982-05-16,26J/01H,0.018195879999999998,16.590393,4.023004740747075
1982-05-17,26J/01H,0.0,17.35166,4.973915230759528
1982-05-18,26J/01H,0.16114839,18.623068,4.542291031786145
1982-05-19,26J/01H,0.0012952652,19.67941,5.716519218354304
1982-05-20,26J/01H,0.0,22.935036,6.341782288381161
1982-05-21,26J/01H,0.0008583068,23.173235,5.982849850602798
1982-05-22,26J/01H,0.0012817184,22.664429,5.975613963502624
1982-05-23,26J/01H,0.0021383421,20.195389,5.576962489588628
1982-05-24,26J/01H,0.0004351138,22.410112,6.133658683118102
1982-05-25,26J/01H,0.5619352400000001,21.536734,4.884993079727433
1982-05-26,26J/01H,0.028913523000000003,19.099344,4.293736530749271
1982-05-27,26J/01H,0.0008577248,17.901085,5.0091999206163145
1982-05-28,26J/01H,0.040680637,17.887157,4.930326865207445
1982-05-29,26J/01H,0.09035558,17.159163,4.07952138969407
1982-05-30,26J/01H,0.43680777000000004,16.837202,4.114679609528923
1982-05-31,26J/01H,0.0062150774,19.057198,5.005032049045941
1982-06-01,26J/01H,0.011340903000000001,20.731182,5.460401350934687
1982-06-02,26J/01H,0.15007594000000002,18.65998,4.644213287280511
1982-06-03,26J/01H,0.0006258998,17.837828,4.621487478326048
1982-06-04,26J/01H,0.0004351138,18.521715,5.440499333654127
1982-06-05,26J/01H,0.00046445218,19.061003,5.747463456412926
1982-06-06,26J/01H,0.71034766,20.318695,4.647936958120023
1982-06-07,26J/01H,0.001286683,21.566925,6.352885747494448
1982-06-08,26J/01H,0.0021704247,22.559954,6.400976954404516
1982-06-09,26J/01H,0.0004351138,23.352152,6.439499924936133
1982-06-10,26J/01H,0.0017700591,20.872126,5.30200745669823
1982-06-11,26J/01H,0.8852528700000001,19.975279,4.42698034867546
1982-06-12,26J/01H,0.0016003613000000001,19.439314,5.199799302099203
1982-06-13,26J/01H,0.031014414,20.863104,5.354952739981096
1982-06-14,26J/01H,0.00218394,22.906113,6.344278162108909
1982-06-15,26J/01H,0.0,25.6625,7.323698460244704
1982-06-16,26J/01H,0.0065997320000000005,26.320267,5.679160013621755
1982-06-17,26J/01H,0.09719041,20.360767,4.714767598081286
1982-06-18,26J/01H,0.0012281426,19.899073,5.342546302783431
1982-06-19,26J/01H,0.0,20.068071,5.724707087532412
1982-06-20,26J/01H,0.0,19.507654,5.5777601115636095
1982-06-21,26J/01H,0.0032527140000000003,21.750383,5.511350634849055
1982-06-22,26J/01H,0.5786607699999999,20.693243,4.583607178567638
1982-06-23,26J/01H,0.0012845849000000002,19.561998,5.269982776484953
1982-06-24,26J/01H,0.00042680472,18.781256,5.370749417739083
1982-06-25,26J/01H,0.0991369,19.40996,4.4893014740517145
1982-06-26,26J/01H,0.058533154000000004,18.949472,4.751711691157025
1982-06-27,26J/01H,0.0017046922000000001,20.774994,6.005852422756087
1982-06-28,26J/01H,0.0004308857,25.315317,7.3345233127092735
1982-06-29,26J/01H,0.0008585757000000001,26.843405,7.186107350338367
1982-06-30,26J/01H,0.0004261732,28.130587,7.770135155084404
1982-07-01,26J/01H,0.00060884726,28.680483,7.394531085181422
1982-07-02,26J/01H,0.0035329423000000004,21.083878,4.743568134844238
1982-07-03,26J/01H,0.046030777,17.59543,3.863638469151979
1982-07-04,26J/01H,9.43543,16.527483,3.008889954552247
1982-07-05,26J/01H,0.08070618,20.442345,5.377143533082696
1982-07-06,26J/01H,0.0008343825,21.61786,6.210604632332021
1982-07-07,26J/01H,5.1001437e-05,22.634272,6.526667590117738
1982-07-08,26J/01H,0.0041569085000000006,20.867538,4.830905393127844
1982-07-09,26J/01H,0.0009514274,22.450975,6.191802201264711
1982-07-10,26J/01H,0.001719387,24.99407,7.073673362323121
1982-07-11,26J/01H,0.008033854,21.783552,5.435981757027835
1982-07-12,26J/01H,0.0012947376,20.145391,5.143607606425985
1982-07-13,26J/01H,0.00038561183,19.301418,4.866056355048045
1982-07-14,26J/01H,0.0009886415,19.742052,5.22349024177461
1982-07-15,26J/01H,0.0017168868,20.34878,5.5215713821857895
1982-07-16,26J/01H,0.0032217188,20.187042,5.079407092826936
1982-07-17,26J/01H,0.0018165365,19.926758,5.141620040183612
1982-07-18,26J/01H,0.0067548614,20.388975,5.121149948152079
1982-07-19,26J/01H,0.041417499999999996,19.7251,4.527073537888781
1982-07-20,26J/01H,0.031859089,20.065378,5.100866407312383
1982-07-21,26J/01H,0.0017889997,20.974344,5.249030231242874
1982-07-22,26J/01H,0.00044107437,21.86415,5.821890871263638
1982-07-23,26J/01H,0.0017225739000000001,22.172043,6.05306667957739
1982-07-24,26J/01H,0.0,23.373796,6.598562723036356
1982-07-25,26J/01H,0.0017547410000000002,24.961563,7.147484783715501
1982-07-26,26J/01H,0.0,25.174599,7.097747415489571
1982-07-27,26J/01H,0.0012814989000000001,22.670664,5.937145902702389
1982-07-28,26J/01H,0.11412665599999999,20.78575,4.354649319615731
1982-07-29,26J/01H,0.96438354,20.15874,3.999033867354918
1982-07-30,26J/01H,0.18619376,20.098648,4.164218901595471
1982-07-31,26J/01H,0.3012356,20.19688,5.401553385501904
1982-08-01,26J/01H,0.7354665,20.286615,3.8376607282173074
1982-08-02,26J/01H,0.100873665,19.81391,4.03780536753357
1982-08-03,26J/01H,0.00041723245,22.73198,5.990168666977319
1982-08-04,26J/01H,0.0008583069,25.803228,6.408566789332604
1982-08-05,26J/01H,0.0,24.712067,6.151326555771702
1982-08-06,26J/01H,0.0012876071000000001,23.747995,6.339756570807736
1982-08-07,26J/01H,0.0,26.858404,6.800964580067912
1982-08-08,26J/01H,0.0004351138,28.91255,6.76158863879389
1982-08-09,26J/01H,0.0,29.235678,6.582996409509979
1982-08-10,26J/01H,0.0004261732,28.862688,6.591249832127961
1982-08-11,26J/01H,0.010925791,28.274683,6.549920208128939
1982-08-12,26J/01H,0.0035983374,26.694336,5.932067417278822
1982-08-13,26J/01H,0.0047437716,23.35002,5.244340859526545
1982-08-14,26J/01H,0.0008523463,21.844002,4.905299363834005
1982-08-15,26J/01H,0.010042624,21.660028,4.965550816067598
1982-08-16,26J/01H,0.0012846949000000002,23.484858,5.387297131322111
1982-08-17,26J/01H,0.00044107437,23.600798,6.207663484753692
1982-08-18,26J/01H,0.0004261732,25.857115,6.399414218635113
1982-08-19,26J/01H,0.016670668,27.369078,6.673696613998262
1982-08-20,26J/01H,0.37192052999999997,26.187792,5.904964373288003
1982-08-21,26J/01H,0.00085234636,22.480452,5.185063724069089
1982-08-22,26J/01H,0.0,23.957346,5.656343258521872
1982-08-23,26J/01H,0.30589487000000004,23.300402,4.770515801421589
1982-08-24,26J/01H,0.0023570158000000003,24.225945,4.96410532051657
1982-08-25,26J/01H,0.035616467,25.254242,5.174482285174447
1982-08-26,26J/01H,0.029164167,23.677443,4.606758731986245
1982-08-27,26J/01H,0.0008613107,20.325718,4.442120926551192
1982-08-28,26J/01H,4.603472,18.80505,3.985993576084108
1982-08-29,26J/01H,0.100042984,22.518152,4.304961337683749
1982-08-30,26J/01H,0.0008523464,24.938284,5.276231019564292
1982-08-31,26J/01H,0.00085234636,25.817049,5.931970537955177
1982-09-01,26J/01H,0.0,27.393171,5.384497284728459
1982-09-02,26J/01H,0.0004261732,26.017464,5.366822495851937
1982-09-03,26J/01H,0.0004261732,25.177261,5.48581505744029
1982-09-04,26J/01H,0.0,25.47112,5.063813030922691
1982-09-05,26J/01H,0.0008583069,25.593872,5.348536705425813
1982-09-06,26J/01H,0.0,24.409212,4.833780030634693
1982-09-07,26J/01H,0.00085234636,23.767595,5.482072772726437
1982-09-08,26J/01H,0.0012814989000000001,23.855148,5.307841758195888
1982-09-09,26J/01H,0.005331962,22.611534,4.703716330939339
1982-09-10,26J/01H,0.033384438,21.199993,3.731666782894037
1982-09-11,26J/01H,0.0012844793000000001,23.647211,5.034564301200273
1982-09-12,26J/01H,0.0008702277499999999,25.806015,4.954998321878488
1982-09-13,26J/01H,0.0021457653,25.861826,4.801062948321424
1982-09-14,26J/01H,0.0004351138,25.25989,4.484364129684119
1982-09-15,26J/01H,1.0460973,22.564438,2.789502171006065
1982-09-16,26J/01H,1.5376285,22.051893,3.2619133052000957
1982-09-17,26J/01H,1.0019715,21.488775,3.386739747435008
1982-09-18,26J/01H,4.427411,20.058432,2.288739044567676
1982-09-19,26J/01H,3.2974644,19.891254,2.404495246300509
1982-09-20,26J/01H,2.9193274000000002,19.507608,2.649431792551253
1982-09-21,26J/01H,0.03815232,19.095446,3.103630198128022
1982-09-22,26J/01H,0.21621382,18.596563,2.838068008850951
1982-09-23,26J/01H,0.00033518857000000004,18.297514,3.0430993488870075
1982-09-24,26J/01H,0.15721512999999998,18.568605,3.3378305434714863
1982-09-25,26J/01H,12.565495,17.053835,2.118394179515532
1982-09-26,26J/01H,0.0048404045,15.830353,2.873577200353582
1982-09-27,26J/01H,0.002136101,16.521706,3.1086599562420343
1982-09-28,26J/01H,0.0015347769,18.158632,3.0854857285319714
1982-09-29,26J/01H,0.30442892,17.489449,2.292914279314983
1982-09-30,26J/01H,0.0008642672999999999,17.36239,3.2151855518704946
1982-10-01,26J/01H,0.0,18.643103,3.60595951922988
1982-10-02,26J/01H,0.0,18.914251,3.450767595948815
1982-10-03,26J/01H,0.0049612184,18.703197,2.676356511148324
1982-10-04,26J/01H,0.0011345001,18.269434,3.14354790879204
1982-10-05,26J/01H,0.49490906,18.781746,2.3221643707088613
1982-10-06,26J/01H,0.018935036000000002,16.144148,1.9863804162844647
1982-10-07,26J/01H,0.0049074,14.529683,2.27344004740618
1982-10-08,26J/01H,0.0,14.597964,2.496326287379383
1982-10-09,26J/01H,0.9640798,16.269957,2.2789959471740966
1982-10-10,26J/01H,0.018781244000000002,16.331778,2.379760448925014
1982-10-11,26J/01H,0.0,16.166422,2.900309305087577
1982-10-12,26J/01H,0.0008788839000000001,16.285826,2.9330584970584983
1982-10-13,26J/01H,1.6783213000000001,17.316628,2.5069619364240894
1982-10-14,26J/01H,0.0038896122000000003,15.868247,2.0722383167162324
1982-10-15,26J/01H,0.00085532653,14.637219,2.409758707752641
1982-10-16,26J/01H,0.4161211,15.871728,2.626981869648918
1982-10-17,26J/01H,0.20189186,16.87242,1.9294301790320187
1982-10-18,26J/01H,0.7936145,14.883014,1.8270933607200217
1982-10-19,26J/01H,0.0008642672300000001,14.043836,2.1582828555732614
1982-10-20,26J/01H,0.0008523463,14.815239,2.218378888294504
1982-10-21,26J/01H,0.008390693000000001,17.012068,2.3900402029080747
1982-10-22,26J/01H,0.1866567,15.165985,1.6501100642565325
1982-10-23,26J/01H,0.003667859,13.308347,1.6208174122350096
1982-10-24,26J/01H,0.0004351138,13.089223,2.297102653801175
1982-10-25,26J/01H,0.0,14.344504,2.456667561585072
1982-10-26,26J/01H,0.0004351138,15.516586,2.592747508395692
1982-10-27,26J/01H,0.001275539,16.5774,2.6526399728579606
1982-10-28,26J/01H,0.0004351138,17.007984,2.3918285962798285
1982-10-29,26J/01H,0.0012874597000000002,17.248762,2.3384433909714777
1982-10-30,26J/01H,0.0012934207,16.7219,2.5015844371551426
1982-10-31,26J/01H,0.0004351138,16.964342,2.561334998025177
1982-11-01,26J/01H,0.0008688264,17.239971,2.4752568666633668
1982-11-02,26J/01H,0.043660206,18.05139,2.320279358584646
1982-11-03,26J/01H,0.051221043,18.007113,2.025063446260531
1982-11-04,26J/01H,0.25465987,17.032276,1.7736931569279568
1982-11-05,26J/01H,3.1701550000000003,16.219774,1.671996749686982
1982-11-06,26J/01H,20.459604,14.690617,1.0748731150790138
1982-11-07,26J/01H,18.70205,14.046943,1.1087144594631733
1982-11-08,26J/01H,1.9592493,13.813983,1.2976211762159096
1982-11-09,26J/01H,0.013301229500000001,12.535432,1.5179803684020694
1982-11-10,26J/01H,0.0017316394,12.714025,1.6703488890125835
1982-11-11,26J/01H,0.0052990746,13.03299,1.573589036304193
1982-11-12,26J/01H,0.0007822240000000001,13.590514,1.622040730922032
1982-11-13,26J/01H,1.0074109,14.216861,1.4219291355088597
1982-11-14,26J/01H,0.00134919,11.177207,1.1505881379425655
1982-11-15,26J/01H,0.07918416,11.387502,1.2699287556357004
1982-11-16,26J/01H,0.0025779,10.074233,1.447852383319166
1982-11-17,26J/01H,0.0017143358,10.743366,1.6441074866127392
1982-11-18,26J/01H,0.0004351138,11.393205,1.6052031391418675
1982-11-19,26J/01H,0.0060751696,9.599712,1.3243402116456489
1982-11-20,26J/01H,0.0032599010000000004,10.501016,1.478648132348401
1982-11-21,26J/01H,0.08063946500000001,10.757979,1.4097548610563768
1982-11-22,26J/01H,0.036607296,11.32768,1.5459852446967122
1982-11-23,26J/01H,0.11926160000000001,13.489635,1.2952328378713571
1982-11-24,26J/01H,0.06087641,11.956226,1.4234145574863726
1982-11-25,26J/01H,9.426179,12.29297,1.117628701710624
1982-11-26,26J/01H,3.204453,8.925964,0.920398768752626
1982-11-27,26J/01H,4.5909663,10.601317,1.1993749257473096
1982-11-28,26J/01H,0.17197690000000002,12.568622,1.105442783320426
1982-11-29,26J/01H,0.0025756233,9.215251,1.234610608801281
1982-11-30,26J/01H,0.0008625114600000001,7.1808376,1.1018886413836284
1982-12-01,26J/01H,0.001716613,7.173205,1.1348478356170502
1982-12-02,26J/01H,0.0077819123,7.55624,1.2391534869629066
1982-12-03,26J/01H,0.0017142212,8.713552,1.1908242246608285
1982-12-04,26J/01H,0.0,10.5043955,1.1960648618235137
1982-12-12,26J/01H,1.942765,12.226686,1.147805618322531
1982-12-13,26J/01H,0.9055845299999999,10.801703,0.8961047050992929
1982-12-14,26J/01H,0.0021457663,8.463445,0.9280530954946832
1982-12-15,26J/01H,0.0017464248,8.107164,1.2194058735637776
1982-12-16,26J/01H,0.018479198000000002,9.852197,0.9178467789126978
1982-12-17,26J/01H,0.91676794,10.947856,1.0688046461856755
1982-12-18,26J/01H,0.0015113028,8.231074,0.9160925626570692
1982-12-26,26J/01H,0.027004879,7.394521,1.0908282792122446
1982-12-27,26J/01H,0.039596980000000004,7.0609574,1.0962342022546736
1982-12-28,26J/01H,0.0017046922000000001,7.8918433,1.2895998884293902
1982-12-29,26J/01H,0.0008702278000000001,8.881728,1.2844592448741416
1982-12-30,26J/01H,0.00085234636,8.07151,1.2742071533763355
1982-12-31,26J/01H,0.0028260312,7.3322678,1.2353905149063489
1983-01-01,26J/01H,0.0012818837000000002,6.4249015,1.1545851941501162
1983-01-02,26J/01H,0.0017106531000000002,5.384873,1.1623642729568653
1983-01-03,26J/01H,0.0012837263000000001,6.0025806,1.2559275702386974
1983-01-04,26J/01H,0.0004351138,7.6391797,1.3350514926157468
1983-01-05,26J/01H,0.0019391007,7.96575,1.4031889691645292
1983-01-06,26J/01H,0.009530875,9.431638,1.305576194453007
1983-01-07,26J/01H,0.076529015,9.469982,1.265953927684516
1983-01-08,26J/01H,0.004169466500000001,10.765536,1.143400626344945
1983-01-09,26J/01H,0.0021338456,9.220044,1.3348580679731434
1983-01-10,26J/01H,0.002162168,8.97007,1.2888613687203874
1983-01-11,26J/01H,0.0,8.770224,1.2991975616054037
1983-01-12,26J/01H,0.001281136,8.471227,1.3791029926713492
1983-01-13,26J/01H,0.016628452,8.919827,1.4222807886527744
1983-01-14,26J/01H,0.17294717,9.481646,1.1830614369106105
1983-01-15,26J/01H,0.0008583068,8.804804,1.452836565494247
1983-01-16,26J/01H,0.0,9.462971,1.5800868157737256
1983-01-17,26J/01H,0.008125232999999999,9.106574,1.4712049661405426
1983-01-18,26J/01H,0.003651628,10.107782,1.4390081638862835
1983-01-19,26J/01H,0.012406786000000001,9.119722,1.2920629867621534
1983-01-20,26J/01H,0.0010151043,8.919838,1.3456362895313112
1983-01-21,26J/01H,0.25043723,10.428449,1.188236488776239
1983-01-22,26J/01H,2.311556,10.203412,1.1805774322239313
1983-01-23,26J/01H,0.0017107222,11.301083,1.4677953954435916
1983-01-24,26J/01H,0.0017046924000000002,12.014733,1.5673451540984578
1983-01-25,26J/01H,0.0017307513,11.777688,1.5899971024941435
1983-01-26,26J/01H,0.0012730734,11.938056,1.737750039309893
1983-01-27,26J/01H,0.0004351138,10.358668,1.858535853255454
1983-01-28,26J/01H,0.0025968611,10.958518,1.7798411560071978
1983-01-29,26J/01H,0.00043511385,12.003457,1.968602694228376
1983-01-30,26J/01H,2.3557369e-05,11.288002,1.9649628742573737
1983-01-31,26J/01H,0.00043542162000000003,11.223029,1.9779270905619688
1983-02-01,26J/01H,0.0,11.997872,1.7119850059165789
1983-02-02,26J/01H,0.0,10.029239,1.6000563397491716
1983-02-03,26J/01H,0.00042782173,10.46229,1.8931248347865184
1983-02-04,26J/01H,0.0,10.5292,1.9102843867686763
1983-02-05,26J/01H,0.0017046924000000002,10.865592,1.9027281183816969
1983-02-06,26J/01H,0.07865827,10.082038,1.2373032362759602
1983-02-07,26J/01H,0.0010185741,7.95093,1.391786901125991
1983-02-08,26J/01H,0.14681007,6.7306843,1.2617336881518504
1983-02-09,26J/01H,0.037694491999999996,4.246613,1.4169035608665446
1983-02-10,26J/01H,0.02226513,3.667184,1.4427108168388716
1983-02-11,26J/01H,3.6175483,3.7843425,1.2264511593797445
1983-02-12,26J/01H,0.22309462,3.4688156,1.2836558266344544
1983-02-13,26J/01H,0.022781668,3.2396696,1.4122940418627712
1983-02-14,26J/01H,0.45360968,3.957507,1.3724353663049096
1983-02-15,26J/01H,0.49162753,4.719931,1.5462863311898862
1983-02-16,26J/01H,0.018745038999999998,6.3692627,1.7206240376425488
1983-02-17,26J/01H,7.4484146,8.080782,1.2542864565283975
1983-02-18,26J/01H,0.7944572,11.6242485,1.339630249100427
1983-02-19,26J/01H,0.6911176,11.929992,1.6157106292326482
1983-02-20,26J/01H,3.069818,11.567588,1.5862774284978205
1983-02-21,26J/01H,2.5192417000000003,13.216714,1.5955402911433876
1983-02-22,26J/01H,0.13047388000000001,13.855298,1.7190319182314462
1983-02-23,26J/01H,0.0,12.93129,2.27484871475368
1983-02-24,26J/01H,0.0030503995000000002,14.6602335,2.1894272608922067
1983-02-25,26J/01H,1.979605,14.07306,2.263042147918854
1983-02-26,26J/01H,0.20475136000000002,13.364343,1.7957182810726922
1983-02-27,26J/01H,0.0021503282,11.052583,2.0215996016038837
1983-02-28,26J/01H,0.0,11.492885,2.3775117221601865
1983-03-01,26J/01H,0.0017185149,12.637097,2.774319111730592
1983-03-02,26J/01H,0.0012883538000000002,14.492679,3.1344478505263464
1983-03-03,26J/01H,0.10898092,13.632981,2.714711534153925
1983-03-04,26J/01H,0.040167435,15.532918,2.5754935803817225
1983-03-05,26J/01H,0.0021457663,15.802223,3.075630623140021
1983-03-06,26J/01H,0.0021494288,14.390302,2.6902162438515766
1983-03-07,26J/01H,0.46356024,13.740499,2.2792333780593714
1983-03-08,26J/01H,0.0038780687,14.1688,2.32770014749788
1983-03-09,26J/01H,0.03322371,13.110816,2.8531128357229765
1983-03-10,26J/01H,0.0004351138,14.6180725,3.078485009176323
1983-03-11,26J/01H,0.0,15.821973,3.310312586290468
1983-03-12,26J/01H,0.0009332087000000001,14.587475,3.041089389123701
1983-03-13,26J/01H,0.006363269,14.224542,2.699961338188944
1983-03-14,26J/01H,0.0021439028000000003,14.712222,2.708615213978529
1983-03-15,26J/01H,0.0008622734,12.586066,2.3323548227607085
1983-03-16,26J/01H,0.0008523464,12.677303,2.8963422723175687
1983-03-17,26J/01H,0.0017280207999999999,15.062107,3.564745978699157
1983-03-18,26J/01H,0.0,17.689222,3.722694741002268
1983-03-19,26J/01H,0.19818657,17.220203,3.466128336868289
1983-03-20,26J/01H,0.07730013,17.65441,3.2371459455061062
1983-03-21,26J/01H,0.0070209246,16.659292,3.10413965760329
1983-03-22,26J/01H,0.0015570028,16.514265,3.252515533893924
1983-03-23,26J/01H,0.019037933,15.845902,3.282254574744492
1983-03-24,26J/01H,0.22892639,12.517989,2.113984931509646
1983-03-25,26J/01H,0.0017046924000000002,11.215645,2.6565415837129125
1983-03-26,26J/01H,0.00085234636,12.073939,3.133198400059339
1983-03-27,26J/01H,0.09937712000000001,11.775707,2.7191765278935205
1983-03-28,26J/01H,0.20073939999999998,10.819496,2.3601289808219845
1983-03-29,26J/01H,0.0012883394,12.237987,3.129820745974049
1983-03-30,26J/01H,0.00084786713,13.453782,3.5820288495119588
1983-03-31,26J/01H,0.00044107437,13.2229805,3.1340909489503987
1983-04-01,26J/01H,0.21902116000000002,12.579274,2.524183942067756
1983-04-02,26J/01H,0.039571983000000005,10.78094,2.55416292834101
1983-04-03,26J/01H,0.0008523464,11.1954155,3.1225201988734197
1983-04-04,26J/01H,0.0028921628,11.690643,3.3053375216605114
1983-04-05,26J/01H,0.0461744,12.6488085,2.8943854616695344
1983-04-06,26J/01H,0.036328823,12.72821,2.758386715092169
1983-04-07,26J/01H,0.053090843,12.962453,3.131068611760395
1983-04-08,26J/01H,0.0008583069,15.3690605,4.015345718500379
1983-04-09,26J/01H,0.006067185,15.906601,4.37857503236425
1983-04-10,26J/01H,0.002602618,16.035707,4.797988372983485
1983-04-11,26J/01H,0.024271442,15.753076,3.625971639526198
1983-04-12,26J/01H,0.0004351138,17.103071,4.114926699924339
1983-04-13,26J/01H,0.057765873,17.74907,4.186127107885578
1983-04-14,26J/01H,0.006491558000000001,18.28287,4.274914275974372
1983-04-15,26J/01H,0.0034210198,19.296677,4.270801644517599
1983-04-16,26J/01H,0.01752995,18.39038,3.416703407986554
1983-04-17,26J/01H,8.846188,15.459859,2.701268459693025
1983-04-18,26J/01H,0.9160093,12.307906,2.6357868586984865
1983-04-19,26J/01H,5.6645107,11.923901,2.839992282866408
1983-04-20,26J/01H,1.9686128,11.26289,2.238657832251699
1983-04-21,26J/01H,0.71614404,11.533771,2.9385558160183534
1983-04-22,26J/01H,7.9717020000000005,11.833386,2.563094980296664
1983-04-23,26J/01H,1.3581722,11.167103,2.967340551525113
1983-04-24,26J/01H,6.96551,12.650681,2.280995004173685
1983-04-25,26J/01H,3.4682847000000003,12.271568,2.6187539810721807
1983-04-26,26J/01H,0.36719724000000004,11.848887,3.065725578078578
1983-04-27,26J/01H,0.13212447,12.277593,3.3176894652289084
1983-04-28,26J/01H,1.7815094999999999,11.480755,3.377461551123658
1983-04-29,26J/01H,8.905583,12.171173,3.0053927237583173
1983-04-30,26J/01H,8.0445215,12.374339,2.4815613382190205
1983-05-01,26J/01H,0.62672064,12.371876,3.235178443531128
1983-05-02,26J/01H,0.22331517,12.535071,3.649594263067807
1983-05-03,26J/01H,0.002114921,14.0226145,3.9852383571114487
1983-05-04,26J/01H,0.0005151378,14.892929,4.474248663915587
1983-05-05,26J/01H,0.028065037,15.106628,3.722412612091033
1983-05-06,26J/01H,0.25457892000000004,16.736172,4.173808977374832
1983-05-07,26J/01H,0.00044107437,17.459164,4.919521011845632
1983-05-08,26J/01H,0.00044107437,15.829734,4.013656177280601
1983-05-09,26J/01H,0.032614777,16.230303,3.965494355557465
1983-05-10,26J/01H,0.01435408,14.475604,3.147959692088809
1983-05-11,26J/01H,0.010667787000000001,14.6417055,3.5463464604145383
1983-05-12,26J/01H,1.3460342,15.73795,3.449373052095128
1983-05-13,26J/01H,1.2017516000000001,14.338089,3.108766291178438
1983-05-14,26J/01H,4.45817,13.006919,2.9042133736600024
1983-05-15,26J/01H,0.6386357400000001,13.027015,3.4535391212853344
1983-05-16,26J/01H,3.8972130000000003,13.5253,2.816483641730595
1983-05-17,26J/01H,0.6405282999999999,13.686436,3.1536811663129365
1983-05-18,26J/01H,0.0,13.454589,4.041929563815934
1983-05-19,26J/01H,0.0008573577,13.54606,4.006809298098253
1983-05-20,26J/01H,0.24223532,12.258239,3.4414531254902223
1983-05-21,26J/01H,0.66403094,12.069427,3.3236585810347643
1983-05-22,26J/01H,0.0004351138,13.021691,4.081454307709882
1983-05-23,26J/01H,0.019980692,14.382098,4.373453246951785
1983-05-24,26J/01H,0.0,16.503046,5.197219868462056
1983-05-25,26J/01H,0.0,20.430246,5.241781995174975
1983-05-26,26J/01H,0.001528764,19.559008,5.112437609780344
1983-05-27,26J/01H,0.00036041656,18.806871,5.043155225867747
1983-05-28,26J/01H,0.0043713083,16.627571,4.704313236776846
1983-05-29,26J/01H,0.00085234636,16.520979,5.1629073252445
1983-05-30,26J/01H,0.19224962,16.968512,4.5371892041479285
1983-05-31,26J/01H,3.8397607,16.860601,3.6175879628545
1983-06-01,26J/01H,0.023025749999999998,16.64407,3.95121644163027
1983-06-02,26J/01H,0.0021576871999999998,18.250761,5.699392141909238
1983-06-03,26J/01H,0.0012874597000000002,20.920908,6.666378113619565
1983-06-04,26J/01H,0.0008583069,21.764908,5.6247051896277735
1983-06-05,26J/01H,11.869335999999999,19.677065,4.156963091310076
1983-06-06,26J/01H,0.0113896,18.60945,4.217719385783689
1983-06-07,26J/01H,0.010023697,17.963484,4.475739031159164
1983-06-08,26J/01H,0.0009870545,18.785196,5.2870527669876175
1983-06-09,26J/01H,0.0017106531000000002,22.09458,6.382568626027049
1983-06-10,26J/01H,0.0012848577000000002,25.02887,6.8861065355942
1983-06-11,26J/01H,0.0021480749,25.288801,6.507185299975019
1983-06-12,26J/01H,0.0023423185,25.159279,7.062760638982511
1983-06-13,26J/01H,0.0,24.27159,6.5571305760815575
1983-06-14,26J/01H,0.0012874597000000002,28.042292,7.36751715224825
1983-06-15,26J/01H,0.00044107437,28.569185,7.756443201340823
1983-06-16,26J/01H,0.0008561122,29.266336,7.9988167376677906
1983-06-17,26J/01H,0.0012993804,26.837402,6.705660018658938
1983-06-18,26J/01H,0.0012844794,24.331827,6.184104770151441
1983-06-19,26J/01H,0.0016563642,22.594315,5.891381568523645
1983-06-20,26J/01H,0.0137174,21.420801,5.238542738124675
1983-06-21,26J/01H,0.006700963,19.88558,4.707219621708856
1983-06-22,26J/01H,2.4355864,19.431581,5.002995666794566
1983-06-23,26J/01H,0.004916850600000001,20.284044,5.235426010468092
1983-06-24,26J/01H,0.045061893,19.704737,4.958060224991226
1983-06-25,26J/01H,0.006586006,19.638914,5.092805828063894
1983-06-26,26J/01H,0.0032150505,20.647547,5.5955192826933455
1983-06-27,26J/01H,0.00085532665,21.850248,5.927031899827272
1983-06-28,26J/01H,0.0,23.106499,6.212087945425687
1983-06-29,26J/01H,0.005973708,23.767174,6.203319620045218
1983-06-30,26J/01H,0.0052070785,21.601555,5.619075495220873
1983-07-01,26J/01H,0.0018045756,20.47128,5.743442994707926
1983-07-02,26J/01H,0.0,19.43148,5.05247006874484
1983-07-03,26J/01H,0.19650545,19.575964,4.548774386956852
1983-07-04,26J/01H,0.006892367400000001,20.415297,5.255394016304446
1983-07-05,26J/01H,0.055211773,20.674685,5.453876486047117
1983-07-06,26J/01H,0.0025676453,20.302599,5.242584602302722
1983-07-07,26J/01H,0.04517977,19.1568,4.4809370221576605
1983-07-08,26J/01H,0.0030100336,19.875242,5.556413163434544
1983-07-09,26J/01H,0.00048142183,21.139643,5.597718946991107
1983-07-10,26J/01H,0.18512251000000002,21.715887,4.968916614286665
1983-07-11,26J/01H,0.021841955,21.750605,5.081347490308253
1983-07-12,26J/01H,0.0012882019,21.827494,5.959900323279787
1983-07-13,26J/01H,0.0008642672300000001,22.817656,6.219871426578532
1983-07-14,26J/01H,0.0020259643,21.94953,6.040947626653567
1983-07-15,26J/01H,0.00085234636,20.743155,5.5382045569501575
1983-07-16,26J/01H,0.17220596000000002,21.016577,4.971779249216583
1983-07-17,26J/01H,0.6312389500000001,20.613745,4.767600405542809
1983-07-18,26J/01H,0.2881113,20.277449,4.620962188884031
1983-07-19,26J/01H,0.0027659660000000003,20.569952,5.089952262229419
1983-07-20,26J/01H,0.0017037237,21.031675,5.377958777304304
1983-07-21,26J/01H,0.0031585522,21.009605,5.267684664954558
1983-07-22,26J/01H,0.0027390354,21.203781,5.384667877392833
1983-07-23,26J/01H,0.0012814989000000001,21.380493,5.468190943994351
1983-07-24,26J/01H,0.0048990393000000005,21.209326,4.781348297139554
1983-07-25,26J/01H,0.15495274,20.441126,3.946244921223047
1983-07-26,26J/01H,0.11310189,20.484982,4.675276961927998
1983-07-27,26J/01H,0.028161839,21.830267,5.077796105691313
1983-07-28,26J/01H,0.0017600894,22.669306,5.866475396590752
1983-07-29,26J/01H,0.0013200645,23.61413,5.927401663391893
1983-07-30,26J/01H,0.06935084999999999,21.452597,5.091446655860401
1983-07-31,26J/01H,0.16625053,22.334623,4.883097180671496
1983-08-01,26J/01H,0.00041723250000000003,22.997149,5.697574905949296
1983-08-02,26J/01H,0.002147749,23.407492,5.884212888939985
1983-08-03,26J/01H,0.0012934207,24.396566,6.228626514059693
1983-08-04,26J/01H,0.0008553266000000001,23.780294,5.87870923502625
1983-08-05,26J/01H,0.0027777853,22.809204,6.028349695558483
1983-08-06,26J/01H,9.807741,22.661596,5.140139187174099
1983-08-07,26J/01H,0.2168707,22.2052,4.460992630753266
1983-08-08,26J/01H,0.6595998,20.391104,3.5617496428715847
1983-08-09,26J/01H,1.0914903999999999,20.166212,4.327522461568472
1983-08-10,26J/01H,0.038155994,19.935896,4.200563311399005
1983-08-11,26J/01H,0.008010363999999999,19.730968,4.26873430963154
1983-08-12,26J/01H,0.041632976999999995,20.004614,4.323389012890562
1983-08-13,26J/01H,0.027362085,20.083492,4.273756906276498
1983-08-14,26J/01H,0.0025119877,20.254269,4.408470041290254
1983-08-15,26J/01H,0.0033027060000000003,20.370804,4.477170432348315
1983-08-16,26J/01H,0.04892855,20.1484,4.171276873325862
1983-08-17,26J/01H,0.0,21.708063,5.335432892269115
1983-08-18,26J/01H,0.09688946,21.290985,3.881650856017738
1983-08-19,26J/01H,0.0075150843,21.14698,4.301118401740987
1983-08-20,26J/01H,0.0013665847,21.311733,4.878333478082448
1983-08-21,26J/01H,0.0014179636,21.969187,4.481003432923648
1983-08-22,26J/01H,0.005014703800000001,21.763868,4.932320771080892
1983-08-23,26J/01H,0.00084554845,24.296625,4.991616501178697
1983-08-24,26J/01H,0.00044107437,25.14537,5.37875103272897
1983-08-25,26J/01H,0.019724035,22.490335,4.533832858625362
1983-08-26,26J/01H,0.05805032,23.299887,5.11107857422925
1983-08-27,26J/01H,0.0,24.702406,5.20538870378696
1983-08-28,26J/01H,0.0012430447,25.093224,5.161492216696926
1983-08-29,26J/01H,0.0073276052,25.059479,4.93736074483606
1983-08-30,26J/01H,0.24277695,23.485445,4.433833304648169
1983-08-31,26J/01H,25.000613,19.56891,2.156881831374275
1983-09-01,26J/01H,0.10176797000000001,19.546583,3.28547279797131
1983-09-02,26J/01H,0.20472139000000003,21.19724,3.835559880627016
1983-09-03,26J/01H,0.0008583069,22.305029,4.967669541421355
1983-09-04,26J/01H,0.0004351138,24.350882,5.374915202131702
1983-09-05,26J/01H,0.001710856,25.222662,5.300388036515883
1983-09-06,26J/01H,0.0012976916000000001,26.028475,5.3351394967676855
1983-09-07,26J/01H,0.033362392,26.757524,5.238409109636779
1983-09-08,26J/01H,0.0017073562,25.981178,5.023643843273814
1983-09-09,26J/01H,0.0017172579,22.312555,4.535368781865869
1983-09-10,26J/01H,0.011211131999999999,20.340443,3.7515464662383295
1983-09-11,26J/01H,0.0012984593,19.165876,4.195680274584936
1983-09-12,26J/01H,0.0012865002000000002,20.124224,4.540317639280453
1983-09-13,26J/01H,0.0004351138,21.540434,4.700553703219994
1983-09-14,26J/01H,0.0025988338,23.054415,4.64017342992906
1983-09-15,26J/01H,0.0017693985,21.86582,4.128175790844928
1983-09-16,26J/01H,0.0013464856000000001,20.720074,3.6587454120192913
1983-09-17,26J/01H,0.0057159777,21.361868,3.8792703745911674
1983-09-18,26J/01H,0.0035174692,22.501585,4.027052452225064
1983-09-19,26J/01H,0.00085381925,22.345263,4.048673534069225
1983-09-20,26J/01H,0.0012925739,24.04223,4.56536490642735
1983-09-21,26J/01H,0.001309535,25.460497,4.828933518759963
1983-09-22,26J/01H,0.0017136316000000002,25.472143,4.38846854844489
1983-09-23,26J/01H,0.008968292000000001,23.831137,3.3164593971290257
1983-09-24,26J/01H,0.0012993805,24.289703,3.701459133570805
1983-09-25,26J/01H,0.0004351138,25.345953,4.767418501780755
1983-09-26,26J/01H,0.0,27.022408,5.014652258747661
1983-09-27,26J/01H,0.0025689597000000002,27.04061,4.75632304703184
1983-09-28,26J/01H,0.00044107437,24.057402,3.7117723664904654
1983-09-29,26J/01H,0.6805033600000001,21.725327,2.983745498724575
1983-09-30,26J/01H,0.019574215,20.491838,3.1832013524630907
1983-10-01,26J/01H,0.0017046924000000002,21.287703,3.790555664120517
1983-10-02,26J/01H,0.0017106531000000002,23.651373,4.213697877051567
1983-10-03,26J/01H,0.0008523464,23.219444,3.755864909891636
1983-10-04,26J/01H,0.0020767956,22.619665,3.0889422553882806
1983-10-05,26J/01H,0.008451032,22.708147,3.483693792576415
1983-10-06,26J/01H,0.0034272661000000005,22.922005,3.5062395596102087
1983-10-07,26J/01H,0.0013071102999999999,22.32818,3.737520691636792
1983-10-08,26J/01H,0.017273825,20.679482,3.315371914354117
1983-10-09,26J/01H,0.023796392000000003,19.562872,3.2738765745415117
1983-10-10,26J/01H,0.0017225739000000001,18.822048,2.833624055999406
1983-10-11,26J/01H,0.0,18.862673,3.2773734764277638
1983-10-12,26J/01H,0.0,20.481813,3.426709208907481
1983-10-13,26J/01H,0.02374863,19.2203,2.968710873270598
1983-10-14,26J/01H,0.0020633892999999998,17.749779,2.2919075844434507
1983-10-15,26J/01H,0.0,16.777323,2.676785779455447
1983-10-16,26J/01H,0.49883206,16.684942,2.3686781822831624
1983-10-17,26J/01H,0.029895630000000003,18.175978,2.2350588555059967
1983-10-18,26J/01H,0.002141438,18.37884,3.087786429693129
1983-10-19,26J/01H,0.0008574319000000001,19.64673,3.13354779801682
1983-10-20,26J/01H,0.0008642672300000001,20.256674,3.178162038275303
1983-10-21,26J/01H,0.0012874597000000002,21.208683,2.992322185421024
1983-10-22,26J/01H,0.0,19.586226,2.727844605669896
1983-10-23,26J/01H,0.0007005589,16.142118,2.270518603444136
1983-10-24,26J/01H,0.014016401000000001,15.2548065,2.1369242258947336
1983-10-25,26J/01H,2.9046472,17.052656,2.1745715363703253
1983-10-26,26J/01H,0.050871742,18.146912,1.985113652412648
1983-10-27,26J/01H,8.1869585,17.559103,1.5809353268453727
1983-10-28,26J/01H,26.008387,15.820084,0.8974816977791265
1983-10-29,26J/01H,10.0941875,16.64836,1.4299035437376024
1983-10-30,26J/01H,9.81842,16.653643,1.751818011092031
1983-10-31,26J/01H,0.014110231,16.179678,1.7646883372331177
1983-11-01,26J/01H,0.0008642672300000001,15.818099,2.200944755562317
1983-11-02,26J/01H,1.7017018000000002,17.094017,1.8278742475106904
1983-11-03,26J/01H,7.0187515000000005,16.634123,1.4947395874118483
1983-11-04,26J/01H,11.02239,15.911527,1.4253019638997435
1983-11-05,26J/01H,3.8475771,16.05836,1.355799607001678
1983-11-06,26J/01H,0.546396,16.173866,1.5833829959587178
1983-11-07,26J/01H,2.8213367,15.218823,1.595209079412555
1983-11-08,26J/01H,21.051643000000002,16.211489,1.1834650197787346
1983-11-09,26J/01H,15.354205,15.030239,1.2278789658807487
1983-11-10,26J/01H,2.1669146,14.537312,1.356155741579962
1983-11-11,26J/01H,2.8344111,15.896182,1.170904788255226
1983-11-12,26J/01H,1.1590948,16.640417,1.1312975997963046
1983-11-13,26J/01H,11.660659,15.764302,1.1480061661856475
1983-11-14,26J/01H,6.941637,14.769578,1.1056172912328384
1983-11-15,26J/01H,15.3732705,14.004926,1.019481388873411
1983-11-16,26J/01H,4.15241,13.932263,1.2007244554207437
1983-11-17,26J/01H,0.5534501000000001,14.069397,1.191496595526906
1983-11-18,26J/01H,3.6936655000000003,13.940796,1.5744037308768553
1983-11-19,26J/01H,17.421830000000003,16.554316,1.0683554688215513
1983-11-20,26J/01H,14.658686,17.197517,0.8383405094203024
1983-11-21,26J/01H,6.6301606,16.40502,0.8904824555318293
1983-11-22,26J/01H,0.9117442,15.79478,1.0112702025558478
1983-11-23,26J/01H,0.055737705,14.650719,1.229209900061708
1983-11-24,26J/01H,0.325123,14.417731,1.516638514095111
1983-11-25,26J/01H,0.0017080511000000002,14.87326,1.5964276524017271
1983-11-26,26J/01H,0.0017177817,14.60506,1.5571978785495462
1983-11-27,26J/01H,0.06636078999999999,15.1985655,1.4909409155259743
1983-11-28,26J/01H,0.04703339,15.395199,1.2662221713084143
1983-11-29,26J/01H,0.001716613,14.246329,1.6387926254738172
1983-11-30,26J/01H,0.00085234636,15.035274,1.7572617116265687
1983-12-01,26J/01H,0.0051528206,15.448771,1.7389527350609522
1983-12-02,26J/01H,0.0017044195,13.981742,1.355826160023131
1983-12-03,26J/01H,0.0014796977000000001,12.293076,1.364569675863328
1983-12-04,26J/01H,0.0013301938,11.500882,1.369234118322113
1983-12-05,26J/01H,0.0,11.05402,1.3258809476026092
1983-12-06,26J/01H,0.0008612636,9.651248,1.3399135187786102
1983-12-07,26J/01H,0.0008642672999999999,8.848044,1.3061758303591462
1983-12-08,26J/01H,0.0017325875,8.438603,1.268612909622676
1983-12-09,26J/01H,1.4445223,9.196005,1.2295168369786664
1983-12-10,26J/01H,0.045591934,10.427009,0.9935766735413047
1983-12-11,26J/01H,0.0018728185,8.216803,1.135902661940705
1983-12-12,26J/01H,0.002573949,9.841985,1.054522653899872
1983-12-13,26J/01H,0.0021439283,6.8447957,1.1051800384329116
1983-12-14,26J/01H,8.569901,8.144202,1.253727050813856
1983-12-15,26J/01H,12.024903,9.664621,1.040726423732472
1983-12-16,26J/01H,7.7608413,8.699758,0.7331032120341009
1983-12-17,26J/01H,8.1184434,9.172717,0.807027971625028
1983-12-18,26J/01H,6.866447,13.060548,1.1108715431309988
1983-12-19,26J/01H,4.536753,11.88651,0.7616088013519899
1983-12-20,26J/01H,15.830723,13.750049,1.0114512497545518
1983-12-21,26J/01H,2.4769167000000003,10.909095,0.9802706259729056
1983-12-22,26J/01H,0.027949099,12.390204,1.1312300170121663
1983-12-23,26J/01H,6.237898e-05,11.59825,1.164418015128916
1983-12-24,26J/01H,0.0004261732,12.757569,1.2787391553232674
1983-12-25,26J/01H,0.00085532653,13.29068,1.3301624918608783
1983-12-26,26J/01H,0.00085234636,11.138316,1.4282817504971617
1983-12-27,26J/01H,0.00085234636,11.365476,1.487094631533088
1983-12-28,26J/01H,0.0012874599,11.541537,1.328128027821125
1983-12-29,26J/01H,0.0021412518,11.329056,1.2057376844466512
1983-12-30,26J/01H,0.11307033500000001,11.034066,1.1812812033619997
1983-12-31,26J/01H,0.031955559,11.977334,0.9014846133873192
1984-01-01,26J/01H,0.029273834000000002,10.489017,1.0740042845478697
1984-01-02,26J/01H,0.0012840647000000001,8.953884,1.0953795512626052
1984-01-03,26J/01H,0.024336701999999998,8.197066,1.2698438493269075
1984-01-04,26J/01H,0.002382551,8.720419,0.96544933409564
1984-01-05,26J/01H,0.0,6.3194294,1.0891771252283928
1984-01-06,26J/01H,0.09091766,9.478332,1.2785345042865988
1984-01-07,26J/01H,0.13539561,11.977864,0.9659768439380958
1984-01-08,26J/01H,6.4812944,11.719142,0.6580714761235897
1984-01-09,26J/01H,0.4615148,9.14345,0.9517340352786108
1984-01-10,26J/01H,0.0021517270000000004,5.517887,0.9482990589215166
1984-01-11,26J/01H,0.0008523463,4.535931,1.1416969775077028
1984-01-12,26J/01H,0.066679886,9.203269,1.247628119701495
1984-01-13,26J/01H,0.00043511385,8.645992,1.2480941961981198
1984-01-14,26J/01H,0.019383944,8.876666,1.2615768005285897
1984-01-15,26J/01H,0.009595145000000001,11.025868,1.2880716266981542
1984-01-16,26J/01H,0.0012691817,8.176799,1.447528285832426
1984-01-17,26J/01H,0.0011696684,7.986215,1.4026528739790711
1984-01-18,26J/01H,0.039408154,9.967166,1.4094609707192591
1984-01-19,26J/01H,0.43778500000000004,12.895442,1.1030665116362173
1984-01-20,26J/01H,6.4912603,11.863437,1.149975493245717
1984-01-21,26J/01H,0.4080155,10.548307,1.0698090892907357
1984-01-22,26J/01H,0.3994861,13.400112,1.3140116657225869
1984-01-23,26J/01H,0.37280508,13.516158,0.9897494708207456
1984-01-24,26J/01H,0.07517543,12.503272,1.2858744426145745
1984-01-25,26J/01H,0.0004351138,9.33775,1.4485254651804722
1984-01-26,26J/01H,2.6715635000000004,9.1441965,1.1617010064484876
1984-01-27,26J/01H,0.062092945000000004,6.805702,1.1551429753040754
1984-01-28,26J/01H,0.00043511385,5.931825,1.2758920491250842
1984-01-29,26J/01H,0.48433377000000005,7.231464,1.4349945066414855
1984-01-30,26J/01H,0.0039712532,8.1316,1.4299844234581591
1984-01-31,26J/01H,0.73693665,12.226128,1.336021612718641
1984-02-01,26J/01H,0.44092250000000005,11.604831,1.1877447879461225
1984-02-02,26J/01H,0.018509716000000002,10.099222,1.0901895748996038
1984-02-03,26J/01H,0.0061721300000000005,10.412093,1.545096052038166
1984-02-04,26J/01H,0.009221443000000001,10.170825,1.2123030324727682
1984-02-05,26J/01H,0.0023150344000000002,9.714881,1.4986820611383438
1984-02-06,26J/01H,0.0012986189,10.212302,1.718535872600671
1984-02-07,26J/01H,0.0004351138,9.334673,1.773866158615924
1984-02-08,26J/01H,0.0030159833,11.861655,1.8217057537299104
1984-02-09,26J/01H,0.0017531348,12.661059,1.696351621855845
1984-02-10,26J/01H,0.0008642672300000001,10.823306,1.6778153235980722
1984-02-11,26J/01H,0.0,10.09311,1.9275027929314852
1984-02-12,26J/01H,0.0017046924000000002,9.575889,2.024570602555509
1984-02-13,26J/01H,0.0008571402999999999,8.887588,1.896436332736395
1984-02-14,26J/01H,0.0,8.308267,1.949066090645812
1984-02-15,26J/01H,0.0008578907000000001,7.677918,1.8622032958714387
1984-02-16,26J/01H,0.0012900702,9.118473,1.756235035356626
1984-02-17,26J/01H,0.0021457663,9.494887,2.098592101154545
1984-02-18,26J/01H,0.015288936,10.016408,1.961660980180829
1984-02-19,26J/01H,3.0635415,11.807666,1.8229640771649795
1984-02-20,26J/01H,0.001322064,8.411563,1.8104532010956595
1984-02-21,26J/01H,0.032211143,9.219853,1.705592407904536
1984-02-22,26J/01H,0.044570625,8.503811,1.6678355058295748
1984-02-23,26J/01H,0.5262617,9.735827,1.69195675960614
1984-02-24,26J/01H,0.020092061999999997,7.5750446,1.7040837498938188
1984-02-25,26J/01H,0.0017106531000000002,5.946081,1.7367815035488192
1984-02-26,26J/01H,0.5281037000000001,7.1787686,1.7883439711756843
1984-02-27,26J/01H,12.940784,7.1024113,1.2801737791931844
1984-02-28,26J/01H,0.05640048,7.3390927,1.8493931474140777
1984-02-29,26J/01H,4.6599346,6.8151555,1.583544970225918
1984-03-01,26J/01H,0.00085096437,6.5294423,2.072242250050238
1984-03-02,26J/01H,0.0017106532000000002,9.029474,2.4515303264570725
1984-03-03,26J/01H,0.0035687845,11.988388,2.4033291422416365
1984-03-04,26J/01H,0.0029923198,10.770985,2.439147687003756
1984-03-05,26J/01H,0.0,11.446647,1.9903196731301676
1984-03-06,26J/01H,0.0012904404,11.319756,2.4154272747794465
1984-03-07,26J/01H,0.0012814989000000001,11.220368,2.4877233319926604
1984-03-08,26J/01H,0.00044107437,11.09285,2.935210936790808
1984-03-09,26J/01H,0.0008642672300000001,11.397029,2.748746646087386
1984-03-10,26J/01H,0.003004229,9.511988,2.3138019137148147
1984-03-11,26J/01H,0.00044478527,9.055591,2.391501541529843
1984-03-12,26J/01H,0.0004351138,8.47148,2.4312830066025737
1984-03-13,26J/01H,2.8326458,7.21857,1.8316462254841763
1984-03-14,26J/01H,5.901135,6.8276253,1.7984735430108605
1984-03-15,26J/01H,2.2197590000000003,8.223044,1.7370762089122194
1984-03-16,26J/01H,4.3976313000000005,8.789644,1.684617257398482
1984-03-17,26J/01H,0.6484055,9.529721,2.201029905030533
1984-03-18,26J/01H,0.14778906,11.391511,2.3931667121724693
1984-03-19,26J/01H,10.546469,11.1131735,1.8951204415771905
1984-03-20,26J/01H,1.5727053000000002,11.506099,2.009820123749784
1984-03-21,26J/01H,6.5207188,10.446892,2.2811687303142114
1984-03-22,26J/01H,0.031898499000000004,10.384362,2.0126161008573358
1984-03-23,26J/01H,0.0068708425,10.210571,2.351415012220621
1984-03-24,26J/01H,9.110011,12.869185,1.8417743819093528
1984-03-25,26J/01H,0.87928125,11.81774,1.9858235893243557
1984-03-26,26J/01H,0.5701550999999999,11.077277,2.394528411905172
1984-03-27,26J/01H,0.26399347,10.933812,2.766964245464341
1984-03-28,26J/01H,2.9460625,13.119275,2.339771675867065
1984-03-29,26J/01H,0.05450412,12.548024,2.7312149521230755
1984-03-30,26J/01H,0.11670925,14.273934,2.711642182307976
1984-03-31,26J/01H,6.3298877000000005,12.083069,2.3796608381839275
1984-04-01,26J/01H,0.6637791,12.501872,2.3755821182873884
1984-04-02,26J/01H,0.13928558000000002,13.925843,2.6552651463462364
1984-04-03,26J/01H,0.29536470000000004,15.190774,2.243072982115593
1984-04-04,26J/01H,0.1957367,14.208263,2.75680377307089
1984-04-05,26J/01H,0.0,13.026612,3.046771407789919
1984-04-06,26J/01H,0.00085234636,14.495612,4.028420758769491
1984-04-07,26J/01H,0.0012814989000000001,16.998293,4.258606830637207
1984-04-08,26J/01H,0.0005156285,16.900824,3.295945921383924
1984-04-09,26J/01H,0.004294002,15.966583,3.613585251320554
1984-04-10,26J/01H,0.19468793,15.280955,3.377686519715448
1984-04-11,26J/01H,3.1936109999999998,15.189805,3.1980371530483023
1984-04-12,26J/01H,3.5837104,15.853463,3.051902773047786
1984-04-13,26J/01H,2.090423,14.922013,3.290993110668408
1984-04-14,26J/01H,8.373868,13.725857,3.2014663772688867
1984-04-15,26J/01H,0.68458344,14.010964,3.096405005863187
1984-04-16,26J/01H,0.0017092415000000002,14.426495,3.83120988759754
1984-04-17,26J/01H,0.0017184075,16.539133,4.540479543349689
1984-04-18,26J/01H,0.0032421763000000004,17.904364,4.428066159918973
1984-04-19,26J/01H,0.0017106531000000002,18.483416,4.790964149866918
1984-04-20,26J/01H,0.0012874599,18.712269,4.653217014765945
1984-04-21,26J/01H,0.49873013,17.386631,3.326960691535104
1984-04-22,26J/01H,3.850497,16.41781,3.4484237428294016
1984-04-23,26J/01H,1.5157736,15.707909,3.594814949706789
1984-04-24,26J/01H,8.425683000000001,15.486531,3.434709572926377
1984-04-25,26J/01H,2.1858538,15.9294,3.6027339192347805
1984-04-26,26J/01H,0.16013785,17.319693,4.195371974018268
1984-04-27,26J/01H,3.5909727,15.941251,2.989015894888105
1984-04-28,26J/01H,0.30540927,16.149672,3.567129368927204
1984-04-29,26J/01H,4.9186293999999995,15.344506,3.5550270852270125
1984-04-30,26J/01H,0.9582614,15.23117,2.990278653098457
1984-05-01,26J/01H,3.4226785,13.659186,2.888235381735033
1984-05-02,26J/01H,0.8984664,13.326473,3.0825460548619747
1984-05-03,26J/01H,0.007358307,14.134732,3.273696464068886
1984-05-04,26J/01H,0.0015973676000000001,13.317363,3.4228557243955224
1984-05-05,26J/01H,0.030559011000000004,13.9734535,3.457893048541305
1984-05-06,26J/01H,0.6392263,14.215623,3.345200797703946
1984-05-07,26J/01H,0.014940163000000001,14.704292,3.8079106468123727
1984-05-08,26J/01H,4.150592,13.383663,3.2323102895984164
1984-05-09,26J/01H,0.6264535,14.748985,4.209213280279477
1984-05-10,26J/01H,0.013875282000000001,15.875675,4.375317645961303
1984-05-11,26J/01H,0.0013048759000000001,15.944379,4.692780551432869
1984-05-12,26J/01H,0.0012904402,16.901201,4.817248337410901
1984-05-13,26J/01H,0.013401675,16.004145,4.111828088518069
1984-05-14,26J/01H,0.64775555,13.273229,3.1020068890720265
1984-05-15,26J/01H,0.063894234,12.742875,3.1423925602394758
1984-05-16,26J/01H,0.3228409,12.442344,3.012065855573522
1984-05-17,26J/01H,15.263267,12.192822,2.690435260013147
1984-05-18,26J/01H,6.077985,11.282269,2.8088344472714697
1984-05-19,26J/01H,2.9165823,11.217046,3.4599784526229254
1984-05-20,26J/01H,6.549207000000001,11.787095,2.23632817149157
1984-05-21,26J/01H,3.600843,11.331718,3.0250913060768445
1984-05-22,26J/01H,1.3462057,11.5757,3.1491740199158254
1984-05-23,26J/01H,0.23393991,12.0873375,3.223022802572975
1984-05-24,26J/01H,0.8707792,13.811573,3.1546439523655763
1984-05-25,26J/01H,0.0026983552,14.536579,3.9475938762846616
1984-05-26,26J/01H,0.38677448,13.724069,3.8150168314425272
1984-05-27,26J/01H,0.0017195934,14.90338,4.319368531473826
1984-05-28,26J/01H,0.0025863783,14.099308,3.958827238175716
1984-05-29,26J/01H,8.244209000000001,13.502354,2.9474688248084377
1984-05-30,26J/01H,0.06930776000000001,16.248375,4.760266379454386
1984-05-31,26J/01H,0.00045298398,14.818707,3.7962501784339047
1984-06-01,26J/01H,0.19060161,13.987147,3.645836270459576
1984-06-02,26J/01H,1.8179718,12.683951,2.758781694011459
1984-06-03,26J/01H,0.48691748,13.025544,3.1978368030175126
1984-06-04,26J/01H,1.0516066000000002,16.322958,2.8339244331514943
1984-06-05,26J/01H,0.0008797728000000001,15.270832,3.62104886044377
1984-06-06,26J/01H,0.36895612,14.392376,4.03568316108469
1984-06-07,26J/01H,0.83962915,15.34854,4.110189753360916
1984-06-08,26J/01H,0.0008642672999999999,17.509554,5.30980882915878
1984-06-09,26J/01H,0.0017721393000000002,19.063057,5.503729250600647
1984-06-10,26J/01H,0.0017294204,21.164488,6.173958245981
1984-06-11,26J/01H,0.0004351138,23.950476,6.649618718847332
1984-06-12,26J/01H,0.0004351138,24.065275,6.07060250781328
1984-06-13,26J/01H,0.0004351138,24.49346,6.833391797889536
1984-06-14,26J/01H,0.0021594641000000003,24.450174,6.604417692300015
1984-06-15,26J/01H,0.0012826521,24.34941,6.717144729694487
1984-06-16,26J/01H,0.00084179497,23.217163,6.272771875365959
1984-06-17,26J/01H,0.074273544,21.8162,5.627744162837519
1984-06-18,26J/01H,1.4386736000000002,20.305098,4.556977456638167
1984-06-19,26J/01H,0.48351956,20.943556,4.869422578038894
1984-06-20,26J/01H,0.055565372,20.146078,5.131307448820382
1984-06-21,26J/01H,0.012965222,19.578442,4.674632043249516
1984-06-22,26J/01H,0.0012738432,21.59141,5.775796735991192
1984-06-23,26J/01H,0.0017183820999999999,24.34001,6.320700945585284
1984-06-24,26J/01H,0.0017225739000000001,24.65216,6.486491913030747
1984-06-25,26J/01H,0.0,24.096733,6.012358843366065
1984-06-26,26J/01H,0.008802877,22.57905,5.345504396427553
1984-06-27,26J/01H,0.0017922381999999999,21.331036,5.521985363155524
1984-06-28,26J/01H,0.014735825000000001,20.581715,5.0185876509066825
1984-06-29,26J/01H,0.001369189,20.486109,5.440883063368193
1984-06-30,26J/01H,0.033300130000000004,18.905066,4.443122813721132
1984-07-01,26J/01H,0.049664192,19.092182,5.065620833751172
1984-07-02,26J/01H,0.0008702277,21.266556,6.081010215688387
1984-07-03,26J/01H,0.0016069025999999999,23.255583,6.937094452245946
1984-07-04,26J/01H,0.0042857265,23.366898,6.567221194063389
1984-07-05,26J/01H,0.0005339348000000001,23.132202,6.648834100203173
1984-07-06,26J/01H,0.00045892817,23.022438,6.427984577850215
1984-07-07,26J/01H,0.0020498445,22.257242,6.090481946852086
1984-07-08,26J/01H,0.0025794806,21.969093,6.247276570580066
1984-07-09,26J/01H,0.0012550856,21.437769,6.28981686754916
1984-07-10,26J/01H,0.012165575999999999,21.338408,5.27529553746881
1984-07-11,26J/01H,0.013222301,20.308094,4.727623372815289
1984-07-12,26J/01H,0.0012814989000000001,21.017458,5.752561827748116
1984-07-13,26J/01H,0.0012844793000000001,24.066704,6.901690178352072
1984-07-14,26J/01H,0.0008642672300000001,25.665268,6.824290073920102
1984-07-15,26J/01H,0.0,25.717934,6.879987253311138
1984-07-16,26J/01H,0.0025749207,24.013023,6.613125806995965
1984-07-17,26J/01H,0.001006144,22.899569,6.411210949715874
1984-07-18,26J/01H,0.0012754462,23.027657,6.109889897365534
1984-07-19,26J/01H,0.0018209705,21.844133,6.271715520794349
1984-07-20,26J/01H,0.0016814701999999999,22.019571,6.011315597449154
1984-07-21,26J/01H,0.0017106532000000002,24.156515,6.977251455124394
1984-07-22,26J/01H,0.00992817,26.417135,7.313266553257412
1984-07-23,26J/01H,0.0012890341000000001,26.282156,6.461483964041571
1984-07-24,26J/01H,0.00086306655,24.312653,6.319045836487896
1984-07-25,26J/01H,0.00044236758,23.1993,5.986374004674896
1984-07-26,26J/01H,0.0,23.037712,6.161481777235801
1984-07-27,26J/01H,0.0008604537,24.585197,6.876454360079464
1984-07-28,26J/01H,0.00044107437,28.697462,7.74802816653138
1984-07-29,26J/01H,0.008699838,28.927473,6.911968752029635
1984-07-30,26J/01H,0.0008822566,23.05778,5.180856946569508
1984-07-31,26J/01H,0.055273594,22.980667,5.197340636888256
1984-08-01,26J/01H,0.0021524267,25.476252,6.790762393130697
1984-08-02,26J/01H,0.001716613,26.588326,6.348828487311969
1984-08-03,26J/01H,0.0012865477,22.560547,5.434587412522544
1984-08-04,26J/01H,0.0025721722,21.465097,5.573542415927435
1984-08-05,26J/01H,0.0008555897500000001,24.709068,6.460747179269315
1984-08-06,26J/01H,0.0004351138,26.488775,6.684996011000842
1984-08-07,26J/01H,0.0,25.585863,6.355557714569652
1984-08-08,26J/01H,0.0,23.914507,6.328229535154563
1984-08-09,26J/01H,0.0008583069,26.381441,6.318694488867592
1984-08-10,26J/01H,0.0,25.022535,5.773393718494087
1984-08-11,26J/01H,0.0007661363500000001,25.111982,5.4352451871609615
1984-08-12,26J/01H,2.8757576e-05,25.474356,5.794956059759073
1984-08-13,26J/01H,5.7515150000000004e-05,24.016775,5.47438506046652
1984-08-14,26J/01H,0.0018536363,22.916296,5.669784168745676
1984-08-15,26J/01H,0.0008612870000000001,22.056059,5.365389334035744
1984-08-16,26J/01H,0.0030559418,20.412249,4.842468117998319
1984-08-17,26J/01H,0.00085234636,21.93189,5.50190446075009
1984-08-18,26J/01H,0.0008642672300000001,23.71826,5.961130936324312
1984-08-19,26J/01H,0.00044107437,24.347178,5.84099094080068
1984-08-20,26J/01H,4.7114737e-05,22.7791,5.335688736718641
1984-08-21,26J/01H,0.3024871,20.657158,3.822917329273732
1984-08-22,26J/01H,1.2196437,19.384336,3.5795968733415133
1984-08-23,26J/01H,0.26591556000000005,19.8147,3.703259072765092
1984-08-24,26J/01H,0.06284972400000001,21.131643,4.482244026193078
1984-08-25,26J/01H,0.0017582313000000002,24.674528,5.288406001924779
1984-08-26,26J/01H,0.0,25.691559,5.383464420394858
1984-08-27,26J/01H,0.017017447,22.54267,4.977485634819367
1984-08-28,26J/01H,0.0008583069,24.690863,5.499617707763777
1984-08-29,26J/01H,0.0,25.9345,5.288974851740343
1984-08-30,26J/01H,0.0004261732,26.760214,5.601006579192685
1984-08-31,26J/01H,0.00089395833,25.56642,5.4782225986908095
1984-09-01,26J/01H,0.122452225,24.424192,4.550856674573898
1984-09-02,26J/01H,0.00898739,22.470648,4.310134999770041
1984-09-03,26J/01H,0.0008583069,22.729218,4.822173388789703
1984-09-04,26J/01H,0.0012886667000000002,22.337957,4.747062179293584
1984-09-05,26J/01H,0.0015884638,22.021502,4.174353450287327
1984-09-06,26J/01H,0.00076227725,22.696556,4.955016316100671
1984-09-07,26J/01H,0.3897931,22.65198,3.4131967727556582
1984-09-08,26J/01H,0.08880160499999999,23.922266,4.39041147527602
1984-09-09,26J/01H,0.0004261732,24.510279,4.788945858570633
1984-09-10,26J/01H,0.0013113197999999999,22.197989,4.524673300051336
1984-09-11,26J/01H,0.00044107437,23.382776,4.786988805002057
1984-09-12,26J/01H,0.0017144283000000001,22.986368,4.4149748626902925
1984-09-13,26J/01H,0.0012993805,22.364862,4.655657782795502
1984-09-14,26J/01H,0.0021457663,23.089407,4.883250242011171
1984-09-15,26J/01H,0.0012639976,23.501734,4.84735292864163
1984-09-16,26J/01H,0.001716613,23.932138,4.930781789855185
1984-09-17,26J/01H,0.0004351138,24.543283,4.780230896016774
1984-09-18,26J/01H,0.0004351138,21.519693,4.13060725858936
1984-09-19,26J/01H,0.00044107437,22.976494,4.063597878154749
1984-09-20,26J/01H,0.00042764744,22.52738,4.45871655446744
1984-09-21,26J/01H,0.0020221680000000004,20.680925,3.8665226835782898
1984-09-22,26J/01H,0.0004351138,20.335665,4.419529099769933
1984-09-23,26J/01H,0.0029813747,19.294344,3.5570491892128384
1984-09-24,26J/01H,0.020703974,19.674593,3.033388607342388
1984-09-25,26J/01H,0.0008583068,18.528982,3.781359763185405
1984-09-26,26J/01H,0.0008594996000000001,19.638887,3.870331606085296
1984-09-27,26J/01H,0.04920113,20.174675,3.394114709062184
1984-09-28,26J/01H,1.1500427,17.431135,2.8160857493087104
1984-09-29,26J/01H,0.048081040000000005,17.668911,2.635701108302957
1984-09-30,26J/01H,0.0012934206,18.110142,3.2784188782232757
1984-10-01,26J/01H,0.97637915,18.02369,2.46473017535413
1984-10-02,26J/01H,3.1236062,16.735691,2.4255598031066232
1984-10-03,26J/01H,0.053686543,15.61983,2.421503083083853
1984-10-04,26J/01H,2.1967659,17.402641,2.2195997473897515
1984-10-05,26J/01H,0.016857018,15.243558,2.1986971606275216
1984-10-06,26J/01H,0.0004261732,14.652976,2.5921789085639926
1984-10-07,26J/01H,0.001280735,15.8133545,2.8889332422055043
1984-10-08,26J/01H,0.00043511385,16.995792,3.2942978731269337
1984-10-09,26J/01H,0.0004261732,18.197914,3.405103213737783
1984-10-10,26J/01H,0.0017285339,18.0925,3.206574199475059
1984-10-11,26J/01H,0.0015824387,18.200466,3.271536802141068
1984-10-12,26J/01H,0.003395337,18.476221,3.4559723416029478
1984-10-13,26J/01H,0.0025740262999999998,20.30813,3.3256960222484744
1984-10-14,26J/01H,0.001297588,20.261093,3.303857825843474
1984-10-15,26J/01H,0.0012944894,19.729132,3.040216869015692
1984-10-16,26J/01H,0.0025719392,19.745556,3.1953892788666765
1984-10-17,26J/01H,0.0004351138,18.599827,2.9515354715369218
1984-10-18,26J/01H,0.0011912363,16.038237,2.3522273792217567
1984-10-19,26J/01H,10.015209,16.421373,1.7163688120469318
1984-10-20,26J/01H,0.10058745999999999,15.452868,1.977482410487572
1984-10-21,26J/01H,0.0017195934,14.712139,2.3323827019811314
1984-10-22,26J/01H,0.0004261732,17.10449,2.795725855953768
1984-10-23,26J/01H,0.0004351138,18.301699,2.792116503104289
1984-10-24,26J/01H,0.00085234636,17.476439,2.6263773276853444
1984-10-25,26J/01H,0.13959145,16.04933,2.177672789203317
1984-10-26,26J/01H,0.36433942,17.206114,2.0647021008800097
1984-10-27,26J/01H,1.3085282,18.545078,1.878405397048802
1984-10-28,26J/01H,0.03635004,18.340143,2.200257010373598
1984-10-29,26J/01H,0.0,18.249569,2.548659979893225
1984-10-30,26J/01H,0.00044122827,17.479006,2.300688129125616
1984-10-31,26J/01H,0.003956019,16.866861,2.185465156483112
1984-11-01,26J/01H,0.7308804,16.92408,1.6102453719067422
1984-11-02,26J/01H,5.473389600000001,14.420783,1.691226983765428
1984-11-03,26J/01H,1.0149783,12.724584,1.8671562862827704
1984-11-04,26J/01H,15.53882,12.50219,1.167811516923813
1984-11-05,26J/01H,0.08744852400000001,12.235692,1.4082524930427125
1984-11-06,26J/01H,4.5811459999999995,14.182715,1.0606049284675336
1984-11-07,26J/01H,15.004127,12.4360075,0.988895227539265
1984-11-08,26J/01H,2.7338435,12.364839,1.3082991107962867
1984-11-09,26J/01H,6.8123994,11.611024,1.273112897531213
1984-11-10,26J/01H,0.0017135134000000002,10.943588,1.626178562009973
1984-11-11,26J/01H,0.0004261732,12.298302,1.5535230754963478
1984-11-12,26J/01H,8.902996,11.879959,1.4887452167095283
1984-11-13,26J/01H,0.0075206566,10.778314,1.174880344069101
1984-11-14,26J/01H,1.211364,11.951768,1.146687603868494
1984-11-15,26J/01H,1.5916987,13.199487,1.1649710359314558
1984-11-16,26J/01H,10.069616,15.618168,0.885171606750782
1984-11-17,26J/01H,1.3142301,16.102047,1.2148431899167738
1984-11-18,26J/01H,2.5722226999999998,14.753224,1.0571297478175137
1984-11-19,26J/01H,0.02408686,13.63621,1.1729363594214788
1984-11-20,26J/01H,0.20055931000000002,12.911682,1.395523818288176
1984-11-21,26J/01H,0.23159442000000002,13.649737,1.2375520212789373
1984-11-22,26J/01H,0.019029116,13.417022,1.370698138535274
1984-11-23,26J/01H,0.019755362999999998,11.408585,1.3937405889330654
1984-11-24,26J/01H,0.0049214644,12.571342,1.4847530945677885
1984-11-25,26J/01H,0.0027458737,13.663399,1.550592746750756
1984-11-26,26J/01H,0.11337167,14.02501,1.5016172926769664
1984-11-27,26J/01H,0.0021487467,14.343387,1.7027993281287457
1984-11-28,26J/01H,0.0017198755,12.931497,1.6216655453403594
1984-11-29,26J/01H,1.6182769000000001,12.330353,1.3024155027632498
1984-11-30,26J/01H,4.4856846,12.544803,0.8958929300304636
1984-12-01,26J/01H,1.7843317,10.660132,0.9466590487127948
1984-12-02,26J/01H,1.1754567999999999,11.096782,1.0914630745764498
1984-12-03,26J/01H,1.7310702000000002,13.951598,1.0079809935489006
1984-12-04,26J/01H,0.3429261,13.907275,0.9976410373962502
1984-12-05,26J/01H,0.3966194,14.043384,1.1855938011126437
1984-12-06,26J/01H,25.765934,12.676751,0.7756358641287988
1984-12-07,26J/01H,2.811958,11.352069,1.163805486980813
1984-12-08,26J/01H,0.7636628,12.954534,0.9396587823859722
1984-12-09,26J/01H,0.0017195935000000001,13.734058,1.308628564840496
1984-12-10,26J/01H,0.0004261732,13.147237,1.1625273695499063
1984-12-11,26J/01H,0.0,13.68098,1.1100182620971448
1984-12-12,26J/01H,7.8288184,13.711342,0.982232063195464
1984-12-13,26J/01H,0.8026702,11.709838,1.000323551409935
1984-12-14,26J/01H,0.046039692,10.950387,1.244087447326758
1984-12-15,26J/01H,1.934838,13.149917,0.9862682477187168
1984-12-16,26J/01H,0.119262726,13.064693,1.2967291437172817
1984-12-17,26J/01H,0.023288843,10.022094,0.9804672544449754
1984-12-18,26J/01H,0.38001083,10.657077,1.1217021355856722
1984-12-19,26J/01H,0.0004351138,8.577608,1.214579261032817
1984-12-20,26J/01H,0.0017177218,8.834477,1.141097903594375
1984-12-21,26J/01H,0.0023819180000000002,11.932248,1.238507494845705
1984-12-22,26J/01H,0.0004261732,11.073125,1.3345873068634015
1984-12-23,26J/01H,0.0017536904,10.270432,1.2493634485671077
1984-12-24,26J/01H,0.00085532665,9.746642,1.15892866438415
1984-12-25,26J/01H,0.0017280754,8.215169,1.0793948173900805
1984-12-26,26J/01H,0.0065212740000000005,8.192175,0.9628394504916508
1984-12-27,26J/01H,0.32325160000000003,8.38218,0.9380904362390254
1984-12-28,26J/01H,0.15811066,9.55671,1.2226095094630942
1984-12-29,26J/01H,0.018071774000000002,11.249611,1.207812444188481
1984-12-30,26J/01H,0.0008642672300000001,7.284748,1.2605480017042985
1984-12-31,26J/01H,0.0008607650999999999,7.175612,1.167749339838824
1985-01-01,26J/01H,0.0,7.4364,1.2719540902184483
1985-01-02,26J/01H,0.0038653607,9.085731,1.1645380915309071
1985-01-03,26J/01H,0.42859857,7.864378,1.3088360183167709
1985-01-04,26J/01H,13.809387000000001,12.33685,1.0622116258885672
1985-01-05,26J/01H,10.371463,10.399234,1.038265330979397
1985-01-06,26J/01H,1.4471307,9.184091,1.0118462849366294
1985-01-07,26J/01H,0.00085532653,6.7623177,1.086501558257334
1985-01-08,26J/01H,0.0004351138,3.351134,1.081127294530558
1985-01-09,26J/01H,0.0021517272,2.6615992,1.0238413978485394
1985-01-10,26J/01H,0.001281499,3.9792607,1.0563299875598855
1985-01-11,26J/01H,0.0,3.303689,1.127772910448679
1985-01-12,26J/01H,0.0,4.230165,1.0129079163649537
1985-01-13,26J/01H,11.32628,3.76054,0.7673870036352669
1985-01-14,26J/01H,0.0053486166,3.7593067,1.0442492362524012
1985-01-15,26J/01H,0.0012946774999999999,1.7669598,0.8361968111262494
1985-01-16,26J/01H,0.07239136,3.5473554,1.125868197242757
1985-01-17,26J/01H,11.790301,11.47684,0.9963379663018914
1985-01-18,26J/01H,0.053304831999999996,9.848061,1.257302405582636
1985-01-19,26J/01H,8.7986045,10.465604,1.5083198810810796
1985-01-20,26J/01H,23.87551,13.601311,0.6358430750578858
1985-01-21,26J/01H,19.021371,14.11877,0.8536166364582746
1985-01-22,26J/01H,9.960256,12.54288,1.0951278417566237
1985-01-23,26J/01H,2.5833557000000003,9.80645,1.1514699377536233
1985-01-24,26J/01H,0.0030040736,7.1788116,1.1793984707339786
1985-01-25,26J/01H,10.1543,9.067,1.471447521334352
1985-01-26,26J/01H,0.8386319600000001,10.015842,1.2321575497199029
1985-01-27,26J/01H,0.002153193,7.63454,1.3778306677108745
1985-01-28,26J/01H,0.0028403160000000003,9.281977,1.5094632099561194
1985-01-29,26J/01H,0.006474041,9.373687,1.4446999300731176
1985-01-30,26J/01H,0.0,10.5201025,1.7689177290812996
1985-01-31,26J/01H,0.00085234636,11.599223,1.9114847801851205
1985-02-01,26J/01H,0.0004351138,11.800618,1.9265024571396236
1985-02-02,26J/01H,0.0008702277499999999,10.407161,1.8059769292112744
1985-02-03,26J/01H,0.0012814989000000001,11.344344,2.0285935334502105
1985-02-04,26J/01H,0.26286847,13.157716,1.5637034322152077
1985-02-05,26J/01H,0.04547933,13.156981,1.6294226580832345
1985-02-06,26J/01H,1.2571226,14.068673,1.650524009499392
1985-02-07,26J/01H,7.5711533,13.00124,1.4421194537131423
1985-02-08,26J/01H,5.0109775,12.193283,1.4901014103453525
1985-02-09,26J/01H,19.67882,13.958871,1.114482944891333
1985-02-10,26J/01H,9.01726,13.679749,1.506319767520059
1985-02-11,26J/01H,7.222785,15.000847,1.0787884865558908
1985-02-12,26J/01H,4.557454,14.582973,1.114260374017534
1985-02-13,26J/01H,4.860877,13.98656,1.0698091205305829
1985-02-14,26J/01H,0.0673188,13.223943,1.3117778197891012
1985-02-15,26J/01H,0.004470503,12.743613,1.5920220893028676
1985-02-16,26J/01H,5.2600806,12.494954,1.5434119603783272
1985-02-17,26J/01H,7.205832000000001,11.50753,1.4036912495078588
1985-02-18,26J/01H,0.7272709,9.996698,1.710374875998032
1985-02-19,26J/01H,1.2143462999999999,10.058578,1.8677398751869445
1985-02-20,26J/01H,21.752706999999997,9.5767565,0.9364425927083077
1985-02-21,26J/01H,2.385468,10.592177,1.2442777084509975
1985-02-22,26J/01H,0.0032693910000000004,10.853532,1.705562441100079
1985-02-23,26J/01H,0.015433566000000001,11.317123,1.8390047569429164
1985-02-24,26J/01H,0.09816526,11.76629,1.838369632760988
1985-02-25,26J/01H,1.5943186,12.393821,1.655947660807494
1985-02-26,26J/01H,1.3753942,12.3348465,1.606851816161447
1985-02-27,26J/01H,3.0869268,12.0858965,1.3345803855522418
1985-02-28,26J/01H,2.7362454,13.313809,1.8007041222047957
1985-03-01,26J/01H,0.030406834,10.917111,1.66652485578451
1985-03-02,26J/01H,0.0008642672999999999,9.315236,2.02165056197414
1985-03-03,26J/01H,0.0052629037,9.907453,1.895713249259168
1985-03-04,26J/01H,0.035534289999999996,9.301894,1.6613140535456723
1985-03-05,26J/01H,0.0004351138,9.063714,1.9457887945586425
1985-03-06,26J/01H,0.0017237362,8.99736,2.2454535693098245
1985-03-07,26J/01H,0.0014736725,9.62976,2.4398807627675314
1985-03-08,26J/01H,0.02770086,11.764512,2.018199065551124
1985-03-09,26J/01H,0.004378971,11.502907,2.404865521296557
1985-03-10,26J/01H,0.0008463859,13.188479,2.8427112547765248
1985-03-11,26J/01H,0.0004351138,12.306567,2.6876520023825288
1985-03-12,26J/01H,0.0004276632,11.662396,2.38900633163548
1985-03-13,26J/01H,0.0004261732,9.249382,2.10298016034788
1985-03-14,26J/01H,0.0012922192,9.51616,2.63852664004838
1985-03-15,26J/01H,0.0007271322,9.671773,2.632753823785124
1985-03-16,26J/01H,0.001716613,10.398406,2.4810252584620653
1985-03-17,26J/01H,0.0021398065000000003,10.019806,2.3456686731008785
1985-03-18,26J/01H,0.008419893,11.075275,2.6693357388055468
1985-03-19,26J/01H,1.6748599,11.913827,2.0103750056780463
1985-03-20,26J/01H,0.5233457,11.096589,1.969202191027505
1985-03-21,26J/01H,2.1254705,13.687755,1.8784789704043523
1985-03-22,26J/01H,1.2542596000000001,13.245976,2.097297675221201
1985-03-23,26J/01H,0.0037986917,10.911237,2.41261129215793
1985-03-24,26J/01H,0.0024272907,10.779888,2.560874810603708
1985-03-25,26J/01H,0.9397989,12.536572,2.401838879480492
1985-03-26,26J/01H,0.0017152643,11.509057,3.0083442179338364
1985-03-27,26J/01H,0.013741154,11.185945,2.8114745340206646
1985-03-28,26J/01H,0.0012898655000000002,11.037663,2.670498473126816
1985-03-29,26J/01H,0.00431502,10.841785,3.0943617651011963
1985-03-30,26J/01H,0.0017255288,12.6975975,3.1447861835803192
1985-03-31,26J/01H,0.0019984851,12.940823,3.448341812516463
1985-04-01,26J/01H,0.0,15.086717,3.798798725546151
1985-04-02,26J/01H,0.0017062865000000002,16.372755,4.323897508159556
1985-04-03,26J/01H,0.0,16.889967,4.463341017533206
1985-04-04,26J/01H,3.9328655,14.439988,2.615478502901481
1985-04-05,26J/01H,2.4255645,13.502038,2.395803820737423
1985-04-06,26J/01H,0.6150962,15.114677,2.3939038633023784
1985-04-07,26J/01H,0.8793576000000001,15.826248,2.6932830034103032
1985-04-08,26J/01H,1.9202605000000001,14.125954,2.490113079729456
1985-04-09,26J/01H,0.92364594,11.331372,2.53402537684137
1985-04-10,26J/01H,0.7885735,11.114528,2.9023893602731734
1985-04-11,26J/01H,0.0008702278000000001,12.758346,3.652398093140738
1985-04-12,26J/01H,0.0008687269,15.805102,4.048520766052593
1985-04-13,26J/01H,0.0004351138,15.208283,3.901734832483663
1985-04-14,26J/01H,0.0008593077700000001,15.002463,4.09546636261499
1985-04-15,26J/01H,0.0,16.324455,4.499525486975513
1985-04-16,26J/01H,0.0,18.077314,4.892674466844235
1985-04-17,26J/01H,0.0017208768000000001,18.1913,4.80875111737335
1985-04-18,26J/01H,0.0076543374,18.276342,4.889464280825006
1985-04-19,26J/01H,0.64290094,18.38635,4.311097402300722
1985-04-20,26J/01H,14.594747,14.049407,2.588483649307885
1985-04-21,26J/01H,1.3089967999999998,12.741857,2.661089798281417
1985-04-22,26J/01H,6.148131,11.299094,2.4451812385644875
1985-04-23,26J/01H,16.64151,8.983262,2.3886197890659897
1985-04-24,26J/01H,4.1383657000000005,10.130427,2.691131849140467
1985-04-25,26J/01H,4.6240806,11.05285,3.1444171473661884
1985-04-26,26J/01H,2.9203123,12.938294,3.8487040011854416
1985-04-27,26J/01H,8.7355625,13.475581,3.3202238063430314
1985-04-28,26J/01H,0.24087651,13.637671,3.6234014905235794
1985-04-29,26J/01H,0.106486496,15.748795,4.455067992494463
1985-04-30,26J/01H,0.012478301,18.686964,5.046012777477305
1985-05-01,26J/01H,0.05856389,18.750238,4.420329069509556
1985-05-02,26J/01H,2.843113,16.114576,3.5469768217141944
1985-05-03,26J/01H,0.29707104,15.446132,3.5012219180553794
1985-05-04,26J/01H,0.11235947400000001,15.886165,3.5967277697699047
1985-05-05,26J/01H,0.29911996,12.9768715,2.6597395822351344
1985-05-06,26J/01H,4.3112943999999995,10.832519,2.609129210207482
1985-05-07,26J/01H,0.0023059764,11.643311,3.7075631861884415
1985-05-08,26J/01H,0.001281499,13.408927,4.068734832619927
1985-05-09,26J/01H,0.0,15.740365,4.724571682487741
1985-05-10,26J/01H,0.0030106113,15.717274,4.19544933280525
1985-05-11,26J/01H,0.0012934206,15.093159,4.008404109743106
1985-05-12,26J/01H,0.12398411000000001,14.412686,4.224170486125632
1985-05-13,26J/01H,0.089399826,13.27727,3.386049830447608
1985-05-14,26J/01H,0.46214844,12.929696,3.3182663945596715
1985-05-15,26J/01H,0.44173500000000004,13.070788,3.1126757793665987
1985-05-16,26J/01H,0.00093233806,12.888852,3.34585968356958
1985-05-17,26J/01H,0.00044107437,15.566731,4.945416985946672
1985-05-18,26J/01H,0.005410991,17.507463,5.048816389093944
1985-05-19,26J/01H,4.1930977,17.465189,4.817038237161992
1985-05-20,26J/01H,0.0030345883,15.865128,4.024698240338829
1985-05-21,26J/01H,0.001281499,15.289729,4.368935785689085
1985-05-22,26J/01H,0.6130712,14.775447,4.483582904502543
1985-05-23,26J/01H,0.41163965,14.146762,3.5028459516266928
1985-05-24,26J/01H,0.030378813,14.726962,4.392256850434098
1985-05-25,26J/01H,0.0025749203999999998,15.830692,4.836618197416493
1985-05-26,26J/01H,8.1703013,16.10599,3.248314636619442
1985-05-27,26J/01H,0.50849844,15.5513115,3.5696483194231377
1985-05-28,26J/01H,4.0170148e-05,17.059547,5.128539569782856
1985-05-29,26J/01H,0.22360855000000002,16.457628,3.941732355193264
1985-05-30,26J/01H,5.294378,18.071983,4.140484014450705
1985-05-31,26J/01H,0.25563591,18.069273,4.122619938943138
1985-06-01,26J/01H,10.564673,16.718035,3.8690414927237047
1985-06-02,26J/01H,0.9257673,16.794916,4.007500286756334
1985-06-03,26J/01H,0.07176967000000001,16.826204,3.767321076872665
1985-06-04,26J/01H,0.10738929,17.309309,4.475282954395636
1985-06-05,26J/01H,0.8402611000000001,18.278538,3.812373566076748
1985-06-06,26J/01H,1.3369760000000002,17.044733,4.159902686342502
1985-06-07,26J/01H,0.08155424,17.097794,4.457531901618741
1985-06-08,26J/01H,0.00046445218,17.782076,4.396271878024405
1985-06-09,26J/01H,0.00044107437,20.328623,5.859635315139931
1985-06-10,26J/01H,0.0004261732,22.363,6.205040169320594
1985-06-11,26J/01H,0.0,23.643517,6.148235315126496
1985-06-12,26J/01H,0.0025821335,22.267853,5.8632435371105
1985-06-13,26J/01H,0.0025301404000000003,18.645742,4.8550578108186295
1985-06-14,26J/01H,0.61391833,18.4572,4.845901541627005
1985-06-15,26J/01H,6.5990519999999995,18.839056,4.950675886617306
1985-06-16,26J/01H,0.38753043000000004,20.524395,5.132933208596304
1985-06-17,26J/01H,0.14531573,23.600494,6.301780462809819
1985-06-18,26J/01H,5.346523400000001,23.05443,5.32699222062938
1985-06-19,26J/01H,0.6888968999999999,20.078289,4.806473841010468
1985-06-20,26J/01H,0.0,20.838873,5.966872323931422
1985-06-21,26J/01H,0.001287488,20.62571,5.29608664897296
1985-06-22,26J/01H,0.0,19.32431,5.111254728482628
1985-06-23,26J/01H,0.0017116745,19.590473,5.379093202477945
1985-06-24,26J/01H,0.00088136935,21.97241,6.213118592214195
1985-06-25,26J/01H,0.0008463859,24.292269,6.369204716228217
1985-06-26,26J/01H,0.0017109151,25.037924,6.526382499265248
1985-06-27,26J/01H,0.0012934506,26.397917,6.663895449363946
1985-06-28,26J/01H,0.0017240819,24.622185,6.5185906498637145
1985-06-29,26J/01H,0.0004351138,24.313612,6.66058827893061
1985-06-30,26J/01H,0.0004261732,24.573172,6.196727264918166
1985-07-01,26J/01H,0.002097847,23.079262,6.013008945399983
1985-07-02,26J/01H,1.1722025,18.944084,3.9189858693907857
1985-07-03,26J/01H,0.06037485,18.904255,4.324009358834597
1985-07-04,26J/01H,0.0012997208000000001,21.776842,6.232756646406622
1985-07-05,26J/01H,0.00085234636,26.111105,7.153132610477898
1985-07-06,26J/01H,0.0025629978000000003,27.28139,6.96515030992874
1985-07-07,26J/01H,0.008232231000000001,27.262014,6.441514055777972
1985-07-08,26J/01H,0.0017225739000000001,23.571676,5.735539162012116
1985-07-09,26J/01H,0.0029280794000000002,22.219368,5.921942524008818
1985-07-10,26J/01H,0.0029797870000000002,22.794113,6.29537249721568
1985-07-11,26J/01H,0.0039010186000000002,22.578178,6.217468058088337
1985-07-12,26J/01H,0.003210845,24.086388,6.996312283628188
1985-07-13,26J/01H,0.0026486478,22.934875,5.816596829263862
1985-07-14,26J/01H,0.00044107437,22.235018,5.90570847062623
1985-07-15,26J/01H,0.000880253,22.671593,6.17873095878826
1985-07-16,26J/01H,0.0030496678,22.87613,6.503930285734087
1985-07-17,26J/01H,0.0012790806,24.845297,6.661290966070334
1985-07-18,26J/01H,0.008611895000000001,22.750029,5.682202320118357
1985-07-19,26J/01H,0.009072563,22.905508,6.079847165624689
1985-07-20,26J/01H,0.001275539,24.857529,6.698383850352576
1985-07-21,26J/01H,0.0012918818000000002,26.470266,6.908717756905537
1985-07-22,26J/01H,0.0,27.97461,6.9215620913238585
1985-07-23,26J/01H,0.0008503286,29.309969,7.556701286847234
1985-07-24,26J/01H,0.00044107437,29.420448,7.284814644371974
1985-07-25,26J/01H,0.0023708844,23.681856,5.533428524843483
1985-07-26,26J/01H,0.009136308,21.542564,5.070709845549885
1985-07-27,26J/01H,0.0,21.029734,5.540837730072399
1985-07-28,26J/01H,0.00062434536,20.37634,5.065523389286108
1985-07-29,26J/01H,0.27296375,21.161453,4.290115806721933
1985-07-30,26J/01H,0.0026076386,20.365288,4.984423740708706
1985-07-31,26J/01H,0.0034411569,21.171785,5.6499701951396215
1985-08-01,26J/01H,0.0015349913,23.108124,6.129639073199116
1985-08-02,26J/01H,0.0017069460000000002,26.820234,7.010812501838753
1985-08-03,26J/01H,0.0017195935000000001,28.849424,7.090250252779292
1985-08-04,26J/01H,0.0048004055,30.304167,7.193476933641974
1985-08-05,26J/01H,0.0013170787,23.641615,5.168748129416128
1985-08-06,26J/01H,0.003867671,22.018562,5.533740482139821
1985-08-07,26J/01H,0.0,24.655159,6.323966629476757
1985-08-08,26J/01H,0.0012763839,24.373825,6.155361581422424
1985-08-09,26J/01H,0.0017160319,22.015852,5.358558470685576
1985-08-10,26J/01H,0.0042643690000000005,21.91555,4.8659236392011005
1985-08-11,26J/01H,0.0008583069,21.434526,5.559448398421917
1985-08-12,26J/01H,0.010512179,22.525518,5.206581036529771
1985-08-13,26J/01H,0.0021377329999999997,22.854546,5.643983586115668
1985-08-14,26J/01H,0.0012755389,23.473251,5.848467955925557
1985-08-15,26J/01H,0.0008655855,24.118582,5.765816568260991
1985-08-16,26J/01H,0.0,22.156685,5.514353407794233
1985-08-17,26J/01H,0.0008583069,23.94013,6.141594495931999
1985-08-18,26J/01H,0.00086095095,23.827768,5.692970731413637
1985-08-19,26J/01H,0.0013078829,23.960205,5.522527735605967
1985-08-20,26J/01H,0.00046767437,24.520844,5.964998054904039
1985-08-21,26J/01H,0.0012988422,25.233795,6.133431923684554
1985-08-22,26J/01H,0.0008548284000000001,25.504732,6.126923780179046
1985-08-23,26J/01H,0.0,23.893057,5.243518522959644
1985-08-24,26J/01H,0.0021388395,20.739988,4.727728968062757
1985-08-25,26J/01H,0.0008583069,19.807676,4.443351779109447
1985-08-26,26J/01H,0.0,21.734446,5.43831184959771
1985-08-27,26J/01H,0.0,24.77214,5.771881863202045
1985-08-28,26J/01H,0.0004351138,24.517363,5.6084102627126695
1985-08-29,26J/01H,0.0017048833000000002,23.826736,5.48564761133361
1985-08-30,26J/01H,0.0008527612700000001,22.706682,5.279581125023748
1985-08-31,26J/01H,0.0020062400000000003,23.899057,5.415277285226654
1985-09-01,26J/01H,0.0030004458000000003,25.696129,5.954989202775136
1985-09-02,26J/01H,0.002570274,26.188477,5.667032505770191
1985-09-03,26J/01H,0.0008665033,25.068956,5.103336559267376
1985-09-04,26J/01H,0.0004351138,25.646812,5.85313482172359
1985-09-05,26J/01H,0.0004351138,26.056692,5.410723171582323
1985-09-06,26J/01H,0.00043511385,25.903658,5.2531728907734
1985-09-07,26J/01H,0.026354662,24.195045,4.311360340719687
1985-09-08,26J/01H,0.028715998,23.991127,4.849994174272723
1985-09-09,26J/01H,0.030921032,23.738916,4.888484645661984
1985-09-10,26J/01H,0.10211714000000001,25.388361,4.718521826405709
1985-09-11,26J/01H,0.032382767,25.325167,4.866019714375532
1985-09-12,26J/01H,0.8827053,24.342285,3.730525102646144
1985-09-13,26J/01H,0.6669216,26.028399,4.604934301758631
1985-09-14,26J/01H,0.048407604,28.030441,5.451649951725178
1985-09-15,26J/01H,0.0,28.918589,5.656974203902469
1985-09-16,26J/01H,0.0,26.632172,5.077039246983621
1985-09-17,26J/01H,0.038365585,23.055986,3.808129128905978
1985-09-18,26J/01H,0.0017842247,23.000689,4.188204668132817
1985-09-19,26J/01H,1.2356844,21.96721,3.376898321287662
1985-09-20,26J/01H,3.5333828,20.76924,3.281320497093018
1985-09-21,26J/01H,0.16519467000000002,20.066093,3.456263173468764
1985-09-22,26J/01H,0.0017268950000000002,20.76354,3.609848101298084
1985-09-23,26J/01H,0.0090551195,21.260868,3.918128009187727
1985-09-24,26J/01H,0.003473233,20.66435,3.594110560824632
1985-09-25,26J/01H,0.0040053120000000005,21.755783,4.102568954798564
1985-09-26,26J/01H,0.0009093082999999999,23.924416,4.180032480968018
1985-09-27,26J/01H,0.0017200902000000001,24.240936,4.221238363260173
1985-09-28,26J/01H,0.00042045244999999997,23.664948,4.196825644048457
1985-09-29,26J/01H,0.0,25.811827,4.523231117555829
1985-09-30,26J/01H,0.0,25.008766,3.3291741686727185
1985-10-01,26J/01H,0.006862596500000001,23.939085,3.6247094429197526
1985-10-02,26J/01H,0.0050705523,20.470934,2.9554862537492927
1985-10-03,26J/01H,0.04114767,19.735573,3.3200868480571217
1985-10-04,26J/01H,0.21607327,19.73052,2.217789209960594
1985-10-05,26J/01H,0.0008523464,18.30652,2.95582119283552
1985-10-06,26J/01H,0.0,18.321188,3.233436902801823
1985-10-07,26J/01H,0.0008463859,18.988283,3.3533443649866688
1985-10-08,26J/01H,0.0008523463,19.298296,2.8772124003577133
1985-10-09,26J/01H,0.00086226517,18.66659,3.3178607788879533
1985-10-10,26J/01H,0.0008583068,21.366495,3.6079112243880105
1985-10-11,26J/01H,0.0,22.233042,3.44652078420168
1985-10-12,26J/01H,0.00041951254,23.173727,3.0853219563311693
1985-10-13,26J/01H,0.0017537527,22.347406,3.284300481095097
1985-10-14,26J/01H,0.0,22.746658,3.6018842057897817
1985-10-15,26J/01H,0.0017152460000000001,22.046394,3.3007746371243107
1985-10-16,26J/01H,0.0012957754,21.728666,3.310847457353785
1985-10-17,26J/01H,0.00085234636,20.90536,3.2740482028948965
1985-10-18,26J/01H,0.0019820174,20.411192,3.079875752562508
1985-10-19,26J/01H,0.0017569864,19.752909,2.925704370314845
1985-10-20,26J/01H,0.0021796422,19.647783,2.988913791261133
1985-10-21,26J/01H,0.0,20.078844,2.8348401753441834
1985-10-22,26J/01H,0.06847997,20.147995,2.695382457380008
1985-10-23,26J/01H,0.011717167,19.679157,2.7126262280475872
1985-10-24,26J/01H,0.0012827513,20.077913,2.563873984844885
1985-10-25,26J/01H,0.0004261732,19.23884,2.5788683446621743
1985-10-26,26J/01H,0.0025808794,16.39663,2.4141849694300204
1985-10-27,26J/01H,0.0,16.2592,2.5246755333140225
1985-10-28,26J/01H,0.003012892,16.64718,2.358031129822635
1985-10-29,26J/01H,0.0006449353700000001,17.623047,2.4698129725807094
1985-10-30,26J/01H,0.47250277999999996,16.919092,2.080443879361052
1985-10-31,26J/01H,0.00890077,15.6188135,2.0321623820871664
1985-11-01,26J/01H,0.06978184,15.730067,1.999091873088692
1985-11-02,26J/01H,3.7380764,16.611189,1.5255988874452595
1985-11-03,26J/01H,0.6281083,15.885085,1.794783021495678
1985-11-04,26J/01H,15.686479,17.665657,1.1726824164148075
1985-11-05,26J/01H,2.5973047,20.41774,1.5248699468543885
1985-11-06,26J/01H,0.20123428000000002,20.144613,1.723325108176335
1985-11-07,26J/01H,0.16082547,18.932013,2.002437149819112
1985-11-08,26J/01H,0.0054044228,19.780539,2.325942041088849
1985-11-09,26J/01H,0.18361073,19.08459,2.101924420358773
1985-11-10,26J/01H,0.0031975465,18.033308,2.0802412275096454
1985-11-11,26J/01H,3.2528667,17.415236,1.648305521212299
1985-11-12,26J/01H,0.59580975,13.350948,1.2993869525536823
1985-11-13,26J/01H,0.0039097126,11.3048935,1.4957487677102377
1985-11-14,26J/01H,0.056439434,12.27534,1.4483024093807475
1985-11-15,26J/01H,0.0051464515,13.063024,1.4142012010766627
1985-11-16,26J/01H,0.0010227349999999999,11.9896345,1.3278845536908337
1985-11-17,26J/01H,0.0034380174000000004,12.058044,1.4781737551324217
1985-11-18,26J/01H,0.0004351138,11.347938,1.4823775635942966
1985-11-19,26J/01H,0.0004261732,9.523953,1.4856705862911628
1985-11-20,26J/01H,0.10710966999999999,9.868907,1.2874244184669084
1985-11-21,26J/01H,0.00044107434,9.062275,1.2177737504865012
1985-11-22,26J/01H,0.00047298010000000005,9.928198,1.3177411509327344
1985-11-23,26J/01H,0.0004261732,9.180396,1.452139660324687
1985-11-24,26J/01H,0.0038199797000000005,9.820174,1.138811897770399
1985-11-25,26J/01H,9.976498,12.626331,1.0618295773309423
1985-11-26,26J/01H,2.9653254000000002,13.974469,1.0417749091662174
1985-11-27,26J/01H,0.6859403,12.026726,1.1748110970929555
1985-11-28,26J/01H,0.000858768,8.073817,1.2072900824362394
1985-11-29,26J/01H,0.0034604583,10.196027,1.5305950957954166
1985-11-30,26J/01H,0.0024504602000000003,13.809711,1.367224117939538
1985-12-01,26J/01H,0.0,16.147276,1.4067970428497958
1985-12-02,26J/01H,0.0004351138,17.125967,1.4009201064606387
1985-12-03,26J/01H,0.0012946049,16.164824,1.4310927806863156
1985-12-04,26J/01H,1.4110013,15.5853815,1.2837243931951954
1985-12-05,26J/01H,9.206466,13.509521,1.075041270209545
1985-12-06,26J/01H,0.006282282,11.6094885,1.2950621652280188
1985-12-07,26J/01H,8.2113955,11.311592,1.2074773676643673
1985-12-08,26J/01H,1.0927202,10.392622,0.9665189937653872
1985-12-09,26J/01H,0.0004351138,7.948597,1.0190236718059713
1985-12-10,26J/01H,1.7509688,8.161513,0.9770866808100964
1985-12-11,26J/01H,1.9033529000000002,12.198697,1.1197701113195997
1985-12-12,26J/01H,0.00044107434,9.111338,1.2836392304622313
1985-12-13,26J/01H,0.0038685465,8.583763,1.3644829055818817
1985-12-14,26J/01H,0.0012814989000000001,9.309512,1.4403008026814008
1985-12-15,26J/01H,0.0,10.073253,1.264832398811861
1985-12-16,26J/01H,0.0008569135,10.262554,1.351214086544561
1985-12-17,26J/01H,0.0,9.167553,1.27988075307334
1985-12-18,26J/01H,0.0017098956000000001,9.94427,1.3034140294532923
1985-12-19,26J/01H,0.08847533,10.348433,1.194703347783321
1985-12-20,26J/01H,0.03882562,10.224038,1.2923376463768634
1985-12-21,26J/01H,0.35794266,11.864033,1.015087746141506
1985-12-22,26J/01H,11.745528,11.73582,1.025992856024607
1985-12-23,26J/01H,0.2886762,10.764588,1.026706469895126
1985-12-24,26J/01H,1.0888722,14.412785,0.8676068304490177
1985-12-25,26J/01H,2.4009652999999997,13.570099,0.9618314744271346
1985-12-26,26J/01H,0.5413597,11.301621,1.0029972925536954
1985-12-27,26J/01H,7.846264000000001,12.124954,0.7790920285780011
1985-12-28,26J/01H,4.856690400000001,10.3830595,0.7929109902252611
1985-12-29,26J/01H,0.3357442,9.172319,0.9091912444458904
1985-12-30,26J/01H,0.0012844794,5.8468223,0.7889327045765466
1985-12-31,26J/01H,0.6006153000000001,9.1499815,1.270208936196827
1986-01-01,26J/01H,0.83210077,13.54155,1.14450805010993
1986-01-02,26J/01H,3.983303,11.535161,0.95859073747695
1986-01-03,26J/01H,1.2977550000000002,9.023564,0.9489924228803196
1986-01-04,26J/01H,0.0,8.143308,0.9951315848272354
1986-01-05,26J/01H,1.890072,9.962386,1.1390504780198571
1986-01-06,26J/01H,0.0017085559,8.407166,1.12319405433796
1986-01-07,26J/01H,6.6929814,9.925404,0.9235243454634192
1986-01-08,26J/01H,1.8447849,11.010886,1.0077524801294926
1986-01-09,26J/01H,0.5154238,11.708634,1.0388339372412514
1986-01-10,26J/01H,0.0021799095,8.689296,1.2978891261531065
1986-01-11,26J/01H,0.0015777484,8.159809,1.3382671670013533
1986-01-12,26J/01H,0.006461121,10.214917,1.125006074393918
1986-01-13,26J/01H,0.0008523464,8.668254,1.4085031119131977
1986-01-14,26J/01H,0.0004351138,7.705828,1.4471257582968955
1986-01-15,26J/01H,0.005837888,8.519722,1.39685101914067
1986-01-16,26J/01H,0.09265704,11.543843,1.1493041922561336
1986-01-17,26J/01H,0.0021805775,10.160835,1.3381462840624525
1986-01-18,26J/01H,0.0021460671,9.506434,1.4176842701486188
1986-01-19,26J/01H,0.0008583068,8.904884,1.4954315787587282
1986-01-20,26J/01H,0.06948403,9.347806,1.2315963019222598
1986-01-21,26J/01H,3.5140496,10.958469,0.9025387527588056
1986-01-22,26J/01H,0.00044107437,8.885467,1.249812942528497
1986-01-23,26J/01H,0.19405501000000003,9.686291,1.3593068973650444
1986-01-24,26J/01H,0.12649073,10.928653,1.2529528003006936
1986-01-25,26J/01H,0.0025732234,8.478767,1.5054607298779108
1986-01-26,26J/01H,0.0008555120000000001,7.592788,1.3495855897224425
1986-01-27,26J/01H,0.00042915702,7.305729,1.4780934189765125
1986-01-28,26J/01H,0.017937773,7.2839527,1.12475668572299
1986-01-29,26J/01H,5.722295,9.825646,1.1833595177476506
1986-01-30,26J/01H,6.4219897,8.322216,1.2187204510805278
1986-01-31,26J/01H,0.345322,6.2879353,1.1654701951513262
1986-02-01,26J/01H,0.365592,7.457876,1.1535874338669538
1986-02-02,26J/01H,0.042876514000000004,5.9047627,1.3414970513617812
1986-02-03,26J/01H,0.75209326,6.865175,1.357246704105762
1986-02-04,26J/01H,1.7711800000000002,7.7057395,1.2531644898046863
1986-02-05,26J/01H,0.18931436,7.269056,1.2000186208100616
1986-02-06,26J/01H,0.17783142000000002,6.0545726,1.338610592561149
1986-02-07,26J/01H,5.381387,7.574894,1.4686220892488295
1986-02-08,26J/01H,7.473375,10.089775,0.9710556140844452
1986-02-09,26J/01H,0.0049790525,6.8531556,1.4272994427994108
1986-02-10,26J/01H,0.0029926527,7.116052,1.5307730909628283
1986-02-11,26J/01H,1.3883907,10.189533,1.90836711385014
1986-02-12,26J/01H,0.14506804,10.948917,1.7367346712567686
1986-02-13,26J/01H,14.108907,12.489217,0.5824777151407619
1986-02-14,26J/01H,13.005346,14.074181,1.2364549959638074
1986-02-15,26J/01H,0.47640417,12.38023,1.574482780239401
1986-02-16,26J/01H,3.3821067,13.49044,1.4930434914578732
1986-02-17,26J/01H,12.233971,9.693889,1.0435213664727163
1986-02-18,26J/01H,1.9048889999999998,10.348119,1.257819583623777
1986-02-19,26J/01H,9.408887,10.769189,1.4644052524455626
1986-02-20,26J/01H,10.153332,12.198205,1.4107494044286146
1986-02-21,26J/01H,12.215250000000001,12.886547,1.097972984593629
1986-02-22,26J/01H,0.35741037000000003,13.541462,1.3130870293068375
1986-02-23,26J/01H,0.03351651,13.272545,1.9046598219890143
1986-02-24,26J/01H,1.5741406,12.832702,1.6339259126836252
1986-02-25,26J/01H,0.19122635,11.136748,1.6941302351566183
1986-02-26,26J/01H,0.005429621700000001,10.927043,1.9781719005091365
1986-02-27,26J/01H,0.4402319,11.564137,2.017075022806554
1986-02-28,26J/01H,2.2116824000000004,11.749092,1.6123850587467898
1986-03-01,26J/01H,3.0184714,10.72544,1.664380113014021
1986-03-02,26J/01H,2.6858074000000003,10.80107,1.8816122503171329
1986-03-03,26J/01H,16.991816,11.051125,1.4479486053834874
1986-03-04,26J/01H,4.6987993,12.030067,1.6806423706265274
1986-03-05,26J/01H,0.056839810000000004,12.359783,2.4152733762344774
1986-03-06,26J/01H,0.023381763,12.280513,2.092056668314103
1986-03-07,26J/01H,4.587775400000001,9.91564,1.663333044432304
1986-03-08,26J/01H,0.048991516,10.280843,1.8067423631151471
1986-03-09,26J/01H,0.0012934207,9.728482,2.2693924854463683
1986-03-10,26J/01H,0.0012917198,9.83858,2.096275589752378
1986-03-11,26J/01H,0.00043511385,9.598115,2.544256793969921
1986-03-12,26J/01H,0.93829987,10.207213,2.242534093271655
1986-03-13,26J/01H,0.16283702,9.580444,1.959850995431101
1986-03-14,26J/01H,0.0017225739000000001,9.894944,2.557644299928717
1986-03-15,26J/01H,0.00044107437,10.939685,2.873837968114336
1986-03-16,26J/01H,0.0017166129,11.984597,2.785341512114563
1986-03-17,26J/01H,0.08077880999999999,12.038569,2.7097864705093317
1986-03-18,26J/01H,0.0079743333,11.391891,2.526083018085637
1986-03-19,26J/01H,0.13058609999999998,12.518317,2.4048566974954944
1986-03-20,26J/01H,0.0004351138,12.815248,3.0628090814929374
1986-03-21,26J/01H,0.0029050283,14.121692,2.8741288313547555
1986-03-22,26J/01H,0.0,13.907818,3.149014281447033
1986-03-23,26J/01H,0.0053356166,13.530274,3.121522060201991
1986-03-24,26J/01H,0.22362880999999998,12.351086,2.2972430575158804
1986-03-25,26J/01H,0.29151645000000004,10.362,1.809070893726989
1986-03-26,26J/01H,0.0012890942,9.713681,2.5640706977059127
1986-03-27,26J/01H,0.0025783103,11.84555,3.2702897806595823
1986-03-28,26J/01H,0.08061484000000001,11.385915,2.3790783035520096
1986-03-29,26J/01H,0.22972617,10.940833,2.730782075400729
1986-03-30,26J/01H,0.0012844794,12.321116,3.035029774147311
1986-03-31,26J/01H,0.0017299963,13.432236,3.6006402068982557
1986-04-01,26J/01H,0.051438910000000004,14.495946,3.8177374094817296
1986-04-02,26J/01H,1.1666936,12.084151,2.289703382562832
1986-04-03,26J/01H,0.29128506,11.325977,2.482633714256992
1986-04-04,26J/01H,1.4773720000000001,11.468076,2.9363622470773327
1986-04-05,26J/01H,16.085674,12.635196,2.443691685718862
1986-04-06,26J/01H,10.810294,11.727383,2.319099042151465
1986-04-07,26J/01H,0.04538385,9.199431,2.375447958812744
1986-04-08,26J/01H,1.1225042,7.9478188,2.325638799515504
1986-04-09,26J/01H,0.0017136317000000002,8.264237,2.8182293630502757
1986-04-10,26J/01H,0.0004351138,10.019973,3.1482058511170603
1986-04-11,26J/01H,0.4948875,9.7075615,2.55828471449521
1986-04-12,26J/01H,0.027487518000000002,9.69292,2.4940282714016755
1986-04-13,26J/01H,0.0,9.224108,3.303612071692525
1986-04-14,26J/01H,3.4772092,8.685676,2.0118400034861543
1986-04-15,26J/01H,0.6513306,9.958871,2.841339473682424
1986-04-16,26J/01H,3.3224104000000003,11.20647,2.511644912125027
1986-04-17,26J/01H,0.7532951000000001,9.191398,2.590329150065519
1986-04-18,26J/01H,0.32590988,9.184033,2.793472785580186
1986-04-19,26J/01H,0.48489499999999996,10.779716,3.105390199958515
1986-04-20,26J/01H,0.017618704000000002,11.119553,3.1737961712141507
1986-04-21,26J/01H,2.9427730000000003,12.024879,3.1625247958828084
1986-04-22,26J/01H,0.9833922,11.414238,2.467705075046939
1986-04-23,26J/01H,0.58146454,11.439445,2.538993979871601
1986-04-24,26J/01H,10.280115,11.29546,2.9454613924200834
1986-04-25,26J/01H,1.7082129,10.627057,2.8872826967299416
1986-04-26,26J/01H,1.4945148,10.55335,2.847869785169899
1986-04-27,26J/01H,0.009934723,11.024666,3.2220349406699413
1986-04-28,26J/01H,0.050886257000000004,12.52024,3.485653178035682
1986-04-29,26J/01H,0.0,14.095062,4.282856770775133
1986-04-30,26J/01H,0.0016310669000000001,17.827126,5.1896657832164825
1986-05-01,26J/01H,0.00046790576,18.125872,4.894546855278217
1986-05-02,26J/01H,0.0015074527,14.655465,3.845764384496244
1986-05-03,26J/01H,0.08950323,12.001512,3.4927142521949457
1986-05-04,26J/01H,2.3136223,12.526835,2.7764828066231613
1986-05-05,26J/01H,8.7273955,14.0288925,2.8205049232953905
1986-05-06,26J/01H,0.39257077,13.528333,2.984855250597958
1986-05-07,26J/01H,0.0264408,13.306073,3.9017314479455374
1986-05-08,26J/01H,0.0012938799,15.668975,4.638435030415224
1986-05-09,26J/01H,0.0025608814000000002,19.952124,5.70434125157704
1986-05-10,26J/01H,0.0,22.527132,6.133180102460217
1986-05-11,26J/01H,0.003710124,23.361496,6.113404330111468
1986-05-12,26J/01H,0.2828675,22.727514,5.690304804348184
1986-05-13,26J/01H,0.17114868000000003,18.073645,4.357954460029018
1986-05-14,26J/01H,0.0008583069,15.032684,4.012712034569671
1986-05-15,26J/01H,0.0008642672300000001,17.07834,5.073924547771048
1986-05-16,26J/01H,0.0012825513,18.778992,5.065487971311568
1986-05-17,26J/01H,0.0022099245,19.555784,5.415505497974767
1986-05-18,26J/01H,0.05718207,19.719244,4.745037828354842
1986-05-19,26J/01H,0.0,19.35862,5.08509760491615
1986-05-20,26J/01H,0.0008526541,16.477272,4.3977135763943815
1986-05-21,26J/01H,0.0013076869,17.76695,5.317788913186159
1986-05-22,26J/01H,0.003447537,20.802916,6.250308642350552
1986-05-23,26J/01H,0.004168809000000001,20.35939,5.528968995401828
1986-05-24,26J/01H,0.015125533000000002,22.33255,6.311572542989167
1986-05-25,26J/01H,0.0008585894,23.487127,6.4075963116358885
1986-05-26,26J/01H,0.0028468049,20.941423,6.024054597076745
1986-05-27,26J/01H,0.003864035,22.408606,6.391326063284298
1986-05-28,26J/01H,0.0025685658,22.773638,6.081088075386901
1986-05-29,26J/01H,0.0,19.25795,5.530808666534589
1986-05-30,26J/01H,0.7683680399999999,20.216904,4.338532704125658
1986-05-31,26J/01H,0.0010022042,21.110363,5.521208403392223
1986-06-01,26J/01H,0.0008474121,22.38177,6.285145317294475
1986-06-02,26J/01H,0.07532749,21.644022,5.4128269692057325
1986-06-03,26J/01H,1.225355,20.636152,5.029332884992449
1986-06-04,26J/01H,0.010708627,21.731771,5.647567489702132
1986-06-05,26J/01H,0.4440388,23.531088,6.5596001518818765
1986-06-06,26J/01H,0.060116558,23.681046,6.03142124095805
1986-06-07,26J/01H,0.0017551787,22.271471,5.433194682042128
1986-06-08,26J/01H,0.0013258972,21.48878,5.786491473147898
1986-06-09,26J/01H,0.0,22.418518,6.224398405342295
1986-06-10,26J/01H,0.0021432397,20.23647,5.315326495627556
1986-06-11,26J/01H,0.00044107437,21.148966,6.178829982104595
1986-06-12,26J/01H,0.0004351138,25.154398,7.052172345066995
1986-06-13,26J/01H,0.0017285337,28.6112,7.486990186499501
1986-06-14,26J/01H,0.0012934207,25.900629,6.290034767253337
1986-06-15,26J/01H,0.0010745301,24.263916,5.910279123332126
1986-06-16,26J/01H,0.004534147,22.277891,5.805902216944246
1986-06-17,26J/01H,0.0021607823,20.683838,5.622843504013601
1986-06-18,26J/01H,0.00017684378000000001,20.7135,5.872508345194166
1986-06-19,26J/01H,0.00047644478000000005,19.600376,5.437037269203645
1986-06-20,26J/01H,0.0022629764,17.100275,4.062310133627974
1986-06-21,26J/01H,0.020918076,16.93214,4.598775043295238
1986-06-22,26J/01H,0.0048623519999999995,17.995054,5.02466920910775
1986-06-23,26J/01H,0.5274394499999999,19.855307,4.655369696308001
1986-06-24,26J/01H,0.0010002972,19.146662,5.484115913059873
1986-06-25,26J/01H,0.001715729,20.726063,6.043713600858321
1986-06-26,26J/01H,0.8343157,20.503122,5.14702633940625
1986-06-27,26J/01H,0.001275539,20.432474,5.384841606183884
1986-06-28,26J/01H,0.0,20.64698,5.620838967094891
1986-06-29,26J/01H,0.002136556,19.370787,5.265377429906496
1986-06-30,26J/01H,0.00036190056999999996,21.126741,5.7551958472833
1986-07-01,26J/01H,0.0017195935000000001,23.825499,7.085274555792185
1986-07-02,26J/01H,0.0,24.866117,6.760271122540617
1986-07-03,26J/01H,0.00085532665,24.118492,6.837307427572479
1986-07-04,26J/01H,0.00044107437,25.7836,7.036768028776656
1986-07-05,26J/01H,0.0012844794,27.125937,7.40467076812563
1986-07-06,26J/01H,0.0,25.93888,6.642569261826504
1986-07-07,26J/01H,0.0022042353000000002,23.626753,6.290989307752991
1986-07-08,26J/01H,0.0009507510999999999,24.62279,7.030152395146321
1986-07-09,26J/01H,0.0066062264,22.947851,6.785150878260485
1986-07-10,26J/01H,0.0045514627,21.705688,6.369059778847936
1986-07-11,26J/01H,0.013405417,22.332617,6.241997237055813
1986-07-12,26J/01H,0.00401521,21.82886,5.79298064542641
1986-07-13,26J/01H,0.0004261732,25.285864,7.139541414707031
1986-07-14,26J/01H,0.0,25.981134,6.614746591610434
1986-07-15,26J/01H,0.0008583069,26.755,6.864662608107031
1986-07-16,26J/01H,0.0017246349000000002,28.192354,6.916595571049477
1986-07-17,26J/01H,0.00085234636,28.716394,7.356677113033786
1986-07-18,26J/01H,0.0008364590400000001,29.466604,7.287252200869898
1986-07-19,26J/01H,0.00085532665,29.738321,6.264785626298014
1986-07-20,26J/01H,0.0,27.429537,6.804579277989355
1986-07-21,26J/01H,0.0004261732,27.459793,7.318365549009304
1986-07-22,26J/01H,0.008687471,22.178629,5.4090087439595145
1986-07-23,26J/01H,0.033850998,20.873224,4.890932899318677
1986-07-24,26J/01H,0.0013422285000000002,20.695822,5.160785772375327
1986-07-25,26J/01H,0.00077515167,20.371927,5.127864023064126
1986-07-26,26J/01H,0.0015570741,21.51771,5.601188219414428
1986-07-27,26J/01H,0.0017162738,24.89801,6.765404417021283
1986-07-28,26J/01H,0.0012874599,26.875122,6.788033529422669
1986-07-29,26J/01H,0.00043511385,28.850965,7.250816107977478
1986-07-30,26J/01H,0.0,26.355629,6.025036889528909
1986-07-31,26J/01H,0.0008788839600000001,22.395994,5.482370575836834
1986-08-01,26J/01H,0.0004351138,22.444803,5.888550687556266
1986-08-02,26J/01H,0.0013607672,24.182518,6.182793057768911
1986-08-03,26J/01H,0.029498495,21.849852,4.442496106418923
1986-08-04,26J/01H,0.00085234636,19.772686,4.891691522496609
1986-08-05,26J/01H,0.0017225739000000001,21.209158,5.8332235579694
1986-08-06,26J/01H,0.0008583068,23.157524,6.174600594511451
1986-08-07,26J/01H,0.012962808000000001,22.895721,5.608988523256511
1986-08-08,26J/01H,0.0010900795,22.165436,5.211631035748598
1986-08-09,26J/01H,0.05461367,22.091118,4.742159892588532
1986-08-10,26J/01H,0.31256628000000003,21.229416,4.337151879313661
1986-08-11,26J/01H,0.0008642672999999999,20.079206,4.785262517706637
1986-08-12,26J/01H,0.0,21.606606,5.616473177508428
1986-08-13,26J/01H,0.0008511073,22.559021,5.861527802578491
1986-08-14,26J/01H,0.00085490906,24.320791,6.305186233276988
1986-08-15,26J/01H,0.00043511385,24.069216,6.097560467428138
1986-08-16,26J/01H,0.015286505,21.992752,5.429482198814412
1986-08-17,26J/01H,0.014196985,21.800196,5.104696274885707
1986-08-18,26J/01H,0.5360326,21.300573,3.711535838346731
1986-08-19,26J/01H,2.3531716e-05,22.334242,4.91520454433727
1986-08-20,26J/01H,0.0012874599,23.523424,5.936176328035198
1986-08-21,26J/01H,0.0012874597000000002,23.366915,6.082437709811574
1986-08-22,26J/01H,0.0025751414,23.95433,5.927570750899831
1986-08-23,26J/01H,0.022472897,22.345423,4.465564775783928
1986-08-24,26J/01H,0.0012743785,21.305614,5.243615689628933
1986-08-25,26J/01H,0.0017171079000000001,22.480324,5.29399368445134
1986-08-26,26J/01H,0.24031729999999998,21.982687,4.161548705272988
1986-08-27,26J/01H,0.0017221173,20.286976,3.9098771908313776
1986-08-28,26J/01H,0.00085234636,20.375391,4.522887229296871
1986-08-29,26J/01H,0.0,21.453497,5.37785824212352
1986-08-30,26J/01H,0.027256908,23.43663,5.326904682868845
1986-08-31,26J/01H,0.7636036,23.454193,3.2843764544000127
1986-09-01,26J/01H,0.052184658,24.257914,4.609527534010974
1986-09-02,26J/01H,0.0012755389,24.874489,5.412714361312842
1986-09-03,26J/01H,0.0008523463,25.796272,5.502514976127375
1986-09-04,26J/01H,0.000865285,24.656767,5.025268439750589
1986-09-05,26J/01H,0.0004351138,24.109873,5.34193339161949
1986-09-06,26J/01H,0.0004351138,23.997858,5.088443828630561
1986-09-07,26J/01H,0.0,22.264969,4.59765030667697
1986-09-08,26J/01H,0.06823296999999999,21.012606,4.446698699595203
1986-09-09,26J/01H,3.1296826,21.109917,3.3449582957778654
1986-09-10,26J/01H,0.78463715,23.402655,3.4103310164847844
1986-09-11,26J/01H,6.167194,22.036247,3.4400227916747355
1986-09-12,26J/01H,0.5254905,22.30693,3.3214817332240263
1986-09-13,26J/01H,0.08805401,22.639673,3.580472086329492
1986-09-14,26J/01H,0.90005084,21.080803,3.833920571432742
1986-09-15,26J/01H,17.470639,21.11126,2.0953460053312605
1986-09-16,26J/01H,4.582554,20.994898,3.029469532412804
1986-09-17,26J/01H,4.290468,19.297915,3.177256109665967
1986-09-18,26J/01H,2.6351868,19.119894,3.374921152033625
1986-09-19,26J/01H,0.028486559,21.277601,3.6891780940608734
1986-09-20,26J/01H,0.8451514,22.230446,2.9357225124959703
1986-09-21,26J/01H,2.1711187,22.462296,3.1907077352501423
1986-09-22,26J/01H,0.23906548000000002,22.89477,3.630981050222164
1986-09-23,26J/01H,3.1332856000000002,20.79165,3.0086022129596275
1986-09-24,26J/01H,0.00617969,18.216787,2.944294155160013
1986-09-25,26J/01H,0.0018884835,18.135935,2.891673756830819
1986-09-26,26J/01H,0.0017096535,17.820784,3.1658315727557857
1986-09-27,26J/01H,0.0,19.33591,3.4154530481314413
1986-09-28,26J/01H,0.0,20.815058,3.7665940535324895
1986-09-29,26J/01H,0.0015677978,20.758121,3.3545230269005883
1986-09-30,26J/01H,0.0,20.70928,3.341796670148677
1986-10-01,26J/01H,0.0,20.991167,3.642395211764968
1986-10-02,26J/01H,0.009280677000000001,21.473724,3.422902494216835
1986-10-03,26J/01H,0.26043735,20.603033,3.147529257097883
1986-10-04,26J/01H,0.0012360035,20.295725,3.176491021370705
1986-10-05,26J/01H,0.43233463,19.810902,3.030895180047508
1986-10-06,26J/01H,2.3388739999999997,20.703205,3.162363200652296
1986-10-07,26J/01H,9.532821,19.270815,2.3855785697912752
1986-10-08,26J/01H,0.76203046,18.537592,2.242406348381416
1986-10-09,26J/01H,0.05222385,20.48926,3.117107744047781
1986-10-10,26J/01H,5.1399307,19.962038,2.9112036943246844
1986-10-11,26J/01H,18.988877000000002,17.551432,2.20368235272876
1986-10-12,26J/01H,3.2639920000000004,17.449724,2.0134677076400105
1986-10-13,26J/01H,1.6266344,16.652882,1.9839223944012463
1986-10-14,26J/01H,10.191066999999999,16.471634,1.853713279664618
1986-10-15,26J/01H,1.6982659000000002,16.48867,1.8078227020842308
1986-10-16,26J/01H,0.07722994,16.451128,2.082259157674362
1986-10-17,26J/01H,0.2117376,16.6956,2.377491360373128
1986-10-18,26J/01H,0.0036468153,16.64805,2.180201500222754
1986-10-19,26J/01H,0.0008523464,15.919685,2.3057715411807247
1986-10-20,26J/01H,0.0004351138,16.865595,2.638111164204378
1986-10-21,26J/01H,0.0017136327000000001,18.291685,2.753521917783404
1986-10-22,26J/01H,0.001243866,16.694387,2.387925637191837
1986-10-23,26J/01H,0.6338816,16.81619,1.8540969279149933
1986-10-24,26J/01H,1.01759314,17.918772,1.5190418440060136
1986-10-25,26J/01H,0.1639791,17.03802,1.7406464391931642
1986-10-26,26J/01H,0.0004231929,15.741104,2.3213036356389605
1986-10-27,26J/01H,0.0008571602000000001,16.009527,2.542210234395104
1986-10-28,26J/01H,0.0,16.76834,2.5788131341507525
1986-10-29,26J/01H,0.00047298010000000005,16.55906,2.4374681193711067
1986-10-30,26J/01H,0.0039022143,15.165364,2.099427905373537
1986-10-31,26J/01H,0.00044107437,15.693421,2.341537857670499
1986-11-01,26J/01H,0.040913176999999995,16.318712,2.112794784234286
1986-11-02,26J/01H,0.0037815628000000003,15.169792,1.9135701891035863
1986-11-03,26J/01H,0.0017232671,15.057343,2.2154772599787207
1986-11-04,26J/01H,0.00085378647,14.518082,2.2815675124155925
1986-11-05,26J/01H,0.0008627392,13.85032,2.196313508438024
1986-11-06,26J/01H,0.0021403522000000004,14.362798,2.230685223652958
1986-11-07,26J/01H,0.00085532653,15.635395,2.0856904807100154
1986-11-08,26J/01H,0.0016553009,13.619782,1.601732502248713
1986-11-09,26J/01H,0.058429806,13.725003,1.496037907847476
1986-11-10,26J/01H,0.15774385000000002,13.946544,1.8999591555486857
1986-11-11,26J/01H,21.542809000000002,13.37922,1.0990300839323772
1986-11-12,26J/01H,0.05319301,12.700955,1.401652119534968
1986-11-13,26J/01H,10.259667,14.082686,1.395641820564465
1986-11-14,26J/01H,9.000472,12.866241,1.3834169430825831
1986-11-15,26J/01H,0.00023652483999999998,10.304385,1.20051088618304
1986-11-16,26J/01H,0.0,9.847672,1.5630247876900747
1986-11-17,26J/01H,0.0,11.036344,1.6309690716999237
1986-11-18,26J/01H,0.0012874597000000002,12.011948,1.5977082063348822
1986-11-19,26J/01H,0.0012814999,11.701369,1.5792913279248162
1986-11-20,26J/01H,0.008843697000000001,11.385033,1.6921650820935183
1986-11-21,26J/01H,0.1611026,12.769017,0.9480708569501104
1986-11-22,26J/01H,0.7185610400000001,15.122573,1.2009859762000066
1986-11-23,26J/01H,0.1474707,12.115113,1.107334692320975
1986-11-24,26J/01H,0.0008583069,11.440948,1.36831843821316
1986-11-25,26J/01H,0.0,11.993842,1.6893545460152943
1986-11-26,26J/01H,0.002581749,12.598195,1.4446173171846344
1986-11-27,26J/01H,0.0021514635000000003,12.517592,1.5103016068897703
1986-11-28,26J/01H,0.002144492,12.324025,1.4705812713837745
1986-11-29,26J/01H,0.00042319295,12.504907,1.3975247570308476
1986-11-30,26J/01H,0.0,11.260034,1.4682415635236044
1986-12-01,26J/01H,0.00043511385,11.055225,1.34837281033057
1986-12-02,26J/01H,0.031387922,12.075784,1.0901285613850953
1986-12-03,26J/01H,0.0,12.67482,1.3107406609767098
1986-12-04,26J/01H,0.0004351138,11.889447,1.3461389345105363
1986-12-05,26J/01H,0.0008583069,12.208005,1.284384197276802
1986-12-06,26J/01H,0.0019954384999999997,12.334973,1.1788377831822423
1986-12-07,26J/01H,0.0008821261,13.014923,1.2341552698706697
1986-12-08,26J/01H,7.156007300000001,13.4643135,1.2024685667432888
1986-12-09,26J/01H,0.0025762610000000003,9.467313,1.066776702977714
1986-12-10,26J/01H,0.0025868413,7.4029994,1.2663534736267177
1986-12-11,26J/01H,0.0008523464,8.364134,1.348840693832152
1986-12-12,26J/01H,0.0,10.143189,1.294789433720387
1986-12-13,26J/01H,7.1643237,10.994596,1.1556384675421685
1986-12-14,26J/01H,0.39697058,12.612073,1.0419832997782776
1986-12-15,26J/01H,0.5226237,13.87283,1.0513784486295854
1986-12-16,26J/01H,0.07437361,11.970572,1.0399745274778065
1986-12-17,26J/01H,0.0012874597000000002,8.402637,1.238111509921507
1986-12-18,26J/01H,0.0004351138,8.887172,1.3395868519450365
1986-12-19,26J/01H,0.012056417,8.32851,1.1790783973643553
1986-12-20,26J/01H,0.10375786,11.040252,0.95247320194144
1986-12-21,26J/01H,1.0588716,11.921692,0.7899773776728911
1986-12-22,26J/01H,0.18549727,11.982381,1.097119564502489
1986-12-23,26J/01H,0.00085726905,6.568044,0.9089754417236192
1986-12-24,26J/01H,0.00043511385,4.5845423,1.025029180548527
1986-12-25,26J/01H,0.00085234636,5.3199124,1.1107156968470917
1986-12-26,26J/01H,0.00257194,6.9663215,1.22910755139228
1986-12-27,26J/01H,0.0016506145,10.922877,1.2030537364562546
1986-12-28,26J/01H,1.4284178999999999e-05,9.310822,1.3355514681097915
1986-12-29,26J/01H,0.0017173598000000002,8.549925,1.355705005878179
1986-12-30,26J/01H,0.0024989197000000003,8.7743845,1.2689114502166463
1986-12-31,26J/01H,0.0016629020000000002,8.25833,0.999278443044869
1987-01-01,26J/01H,0.05370124,9.326597,1.2975833949947493
1987-01-02,26J/01H,0.1232785,10.891667,1.1438060300659816
1987-01-03,26J/01H,0.0020755332,8.367341,1.2727594504124575
1987-01-04,26J/01H,0.0030134215000000002,7.865209,1.2627245186509932
1987-01-05,26J/01H,0.0021338456,7.729648,1.3286695703195883
1987-01-06,26J/01H,0.0,7.9757686,1.356440555623036
1987-01-07,26J/01H,0.08945159,8.919543,1.4040957848862128
1987-01-08,26J/01H,4.0933489,11.927734,0.9986944541488936
1987-01-09,26J/01H,14.150020000000001,12.743476,0.8241676795859775
1987-01-10,26J/01H,0.04439216,10.223079,0.9638458685619248
1987-01-11,26J/01H,3.1751958,8.544156,1.1051309890102865
1987-01-12,26J/01H,38.85358,12.454972,1.0064190912922923
1987-01-13,26J/01H,3.1946873,10.494619,1.16458023749009
1987-01-14,26J/01H,0.10897756,4.742574,0.8048225393325924
1987-01-15,26J/01H,5.994687,5.381426,0.8592196724805483
1987-01-16,26J/01H,0.0004351138,3.8892624,1.1915865522614737
1987-01-17,26J/01H,0.0017200227,4.9865694,1.2658795147415978
1987-01-18,26J/01H,0.0,5.8295045,1.3203077817974114
1987-01-19,26J/01H,0.00085646284,6.9708786,1.3812848720625426
1987-01-20,26J/01H,0.0008680237,6.2784753,1.3700603885375
1987-01-21,26J/01H,0.0,6.8049283,1.3251655894226102
1987-01-22,26J/01H,0.08593735,8.599328,1.3152338959429626
1987-01-23,26J/01H,0.016665274,11.6668625,1.2213404753496888
1987-01-24,26J/01H,0.015957117,12.37971,0.9765886378144172
1987-01-25,26J/01H,0.66953094,13.335007,1.0665854056806017
1987-01-26,26J/01H,14.021846,14.117433,0.9991824869446314
1987-01-27,26J/01H,5.1007383,14.4358635,0.8871153466463003
1987-01-28,26J/01H,11.907779000000001,12.692631,0.9877163987818236
1987-01-29,26J/01H,7.285239,10.66192,0.9560797001580416
1987-01-30,26J/01H,2.4063164,10.960542,1.249782528973599
1987-01-31,26J/01H,0.48706192,12.191196,1.2804383055990676
1987-02-01,26J/01H,3.9887505,12.830552,1.289886142143152
1987-02-02,26J/01H,8.426695,12.536599,1.200103296099836
1987-02-03,26J/01H,0.98017145,11.019113,1.237193175730679
1987-02-04,26J/01H,0.0004351138,9.646504,1.7133821624550525
1987-02-05,26J/01H,0.0009517613000000001,9.21156,1.4998928807201388
1987-02-06,26J/01H,0.0022713928,9.047206,1.6921882742911316
1987-02-07,26J/01H,0.0004351138,9.555948,1.800533650914919
1987-02-08,26J/01H,0.0021395319000000004,10.828835,2.0228916390487504
1987-02-09,26J/01H,1.5360609,9.5507965,1.3353130795372334
1987-02-10,26J/01H,7.6800723,9.003266,1.3374388443834937
1987-02-11,26J/01H,4.9186000000000005,10.814525,1.1489830779361294
1987-02-12,26J/01H,0.2996321,9.84125,1.2738940517103023
1987-02-13,26J/01H,0.7238511999999999,12.913888,1.2848135792731892
1987-02-14,26J/01H,0.031787,11.810078,1.426286184982982
1987-02-15,26J/01H,0.021658584999999998,10.891051,1.4041785293262246
1987-02-16,26J/01H,0.6174007,12.209506,1.4903477133045324
1987-02-17,26J/01H,2.9214326,12.9517355,1.4977695787459038
1987-02-18,26J/01H,1.5961085000000002,9.192714,1.4016289388598255
1987-02-19,26J/01H,0.0014158666,5.8752327,1.544342472729843
1987-02-20,26J/01H,0.7083273000000001,5.726852,1.47851692359902
1987-02-21,26J/01H,7.3530537,6.4773116,0.9962219141597988
1987-02-22,26J/01H,0.0031388433,7.570519,1.9633727215285264
1987-02-23,26J/01H,11.261847,9.906089,1.5184757987036632
1987-02-24,26J/01H,9.420966,14.29556,1.7098166575260787
1987-02-25,26J/01H,2.3795076,12.473081,1.869375113088216
1987-02-26,26J/01H,0.013348067,11.449819,2.273486100729593
1987-02-27,26J/01H,0.005403573500000001,13.244016,2.589811308382863
1987-02-28,26J/01H,0.0004351138,15.728275,3.017412863267787
1987-03-01,26J/01H,0.00341916,16.489801,3.1561369206179792
1987-03-02,26J/01H,0.00044107437,17.294554,3.0749315588760253
1987-03-03,26J/01H,0.00085234636,16.839437,2.975582751080055
1987-03-04,26J/01H,0.0025689597000000002,15.205135,3.042584281219649
1987-03-05,26J/01H,0.0017225739000000001,16.290236,3.151681210342866
1987-03-06,26J/01H,0.0017235634,16.958588,2.925087566154656
1987-03-07,26J/01H,0.0004351138,15.130474,2.876741205241111
1987-03-08,26J/01H,0.017950752,14.50668,2.663191836562384
1987-03-09,26J/01H,0.012745777,14.551137,2.5571877097318554
1987-03-10,26J/01H,0.052390070000000004,15.791291,2.485021659086436
1987-03-11,26J/01H,0.051549137,16.058151,2.9521172951722234
1987-03-12,26J/01H,0.5027309,14.757289,2.093587235011511
1987-03-13,26J/01H,0.29579892,14.7162695,2.062178455910351
1987-03-14,26J/01H,0.0012934206,14.554794,2.7922933377361767
1987-03-15,26J/01H,0.9009652,13.2313385,2.3140114418873954
1987-03-16,26J/01H,0.26935727000000004,12.86713,2.388940354202484
1987-03-17,26J/01H,0.0004351138,12.753258,2.9307835570046983
1987-03-18,26J/01H,0.0041871567,12.37264,2.92264799210559
1987-03-19,26J/01H,0.00049987388,11.332952,2.4827658558066177
1987-03-20,26J/01H,0.0012851988,10.140321,2.440598419780421
1987-03-21,26J/01H,0.45080035,10.062039,2.523756991138984
1987-03-22,26J/01H,0.0033303110000000003,11.13029,2.547281486620838
1987-03-23,26J/01H,0.0035231538,11.652115,2.8352419816027266
1987-03-24,26J/01H,3.4253850000000003,12.491802,2.765965493387195
1987-03-25,26J/01H,5.5406070000000005,14.476902,2.2246385507734763
1987-03-26,26J/01H,0.0025359497000000003,13.594642,2.9123497778636867
1987-03-27,26J/01H,0.0025972114,12.741313,3.160688193441018
1987-03-28,26J/01H,0.11095471999999999,12.846627,2.5253627334695072
1987-03-29,26J/01H,0.0017136326,10.463817,2.442628873048546
1987-03-30,26J/01H,0.0,10.580637,2.863577116858392
1987-03-31,26J/01H,0.0004351138,11.873718,3.3981448328442703
1987-04-01,26J/01H,0.16120522,11.993337,2.9897630675885623
1987-04-02,26J/01H,3.5208850000000003,11.578118,2.012668082564028
1987-04-03,26J/01H,19.410205,9.234214,1.8290008237088036
1987-04-04,26J/01H,3.9453139999999998,10.532054,2.401557223096828
1987-04-05,26J/01H,1.2679688000000002,12.8482065,2.512370719841091
1987-04-06,26J/01H,4.589695300000001,14.840488,3.045984092627429
1987-04-07,26J/01H,11.805642,15.2714205,1.7432359335280538
1987-04-08,26J/01H,18.802234000000002,14.328004,2.556798032471072
1987-04-09,26J/01H,0.127567856,12.058139,2.668852774183892
1987-04-10,26J/01H,0.045690468000000005,11.313378,2.809238006854609
1987-04-11,26J/01H,0.31551504999999996,12.831638,3.133088514877312
1987-04-12,26J/01H,0.0008523464,13.628024,3.764215830291689
1987-04-13,26J/01H,0.0024332645,16.612303,4.262505767828772
1987-04-14,26J/01H,0.00085234636,18.469627,4.227436628552852
1987-04-15,26J/01H,0.0,17.010756,3.3740393116677856
1987-04-16,26J/01H,0.9939609400000001,15.720108,2.970660490528131
1987-04-17,26J/01H,0.0022971787,16.982748,3.520988725708811
1987-04-18,26J/01H,0.00096031696,16.0987,3.449764917328135
1987-04-19,26J/01H,0.0008612873599999999,17.096779,4.131703897851795
1987-04-20,26J/01H,0.003885455,18.173283,4.669381241474092
1987-04-21,26J/01H,0.13494746000000002,17.444363,4.145281417435656
1987-04-22,26J/01H,0.0008558217,17.022058,4.645461884961149
1987-04-23,26J/01H,4.904115,16.941015,4.322375145311375
1987-04-24,26J/01H,7.3366025,14.647911,2.8755258201310654
1987-04-25,26J/01H,0.007708086,15.523681,3.994727096849464
1987-04-26,26J/01H,0.0014712924999999999,18.024214,5.023402100614407
1987-04-27,26J/01H,0.052993607,16.628204,3.7354801670445066
1987-04-28,26J/01H,0.28354640000000003,15.514816,3.252799326073172
1987-04-29,26J/01H,0.012310246,15.333198,4.162899491842026
1987-04-30,26J/01H,0.00085803384,17.872389,4.913318960060203
1987-05-01,26J/01H,0.0012838537000000002,18.219318,4.928413322832674
1987-05-02,26J/01H,0.0049082856,18.870111,4.646048386440802
1987-05-03,26J/01H,0.001716613,19.993925,4.69760442712419
1987-05-04,26J/01H,0.060902752,20.924704,4.9280119715829205
1987-05-05,26J/01H,0.002141922,18.057785,3.957850645668585
1987-05-06,26J/01H,0.00085830677,18.540651,4.699191060194866
1987-05-07,26J/01H,0.0004261732,19.80882,5.562507312814152
1987-05-08,26J/01H,0.0025902054,18.723122,5.091787820222506
1987-05-09,26J/01H,0.010398897,17.924236,4.834503523317002
1987-05-10,26J/01H,1.7277255,16.874073,4.030014520720959
1987-05-11,26J/01H,0.08211795,17.120419,4.134690154942211
1987-05-12,26J/01H,0.0030418267000000003,17.310713,4.564915373457607
1987-05-13,26J/01H,0.0024324882,15.974622,4.261592050173395
1987-05-14,26J/01H,0.02667905,15.446515,3.641848534269966
1987-05-15,26J/01H,0.06809234,15.376477,3.8922916891722954
1987-05-16,26J/01H,0.4611616,14.961788,3.206196637924392
1987-05-17,26J/01H,0.07095873,14.058894,3.4513919163028057
1987-05-18,26J/01H,0.08160784,15.735089,4.1361138798047365
1987-05-19,26J/01H,0.0012772516,16.59415,4.761044570207276
1987-05-20,26J/01H,0.00085269755,19.37628,6.101180823886188
1987-05-21,26J/01H,0.0017195935000000001,21.117765,5.780970657111577
1987-05-22,26J/01H,0.5482060000000001,18.17307,3.649561669750389
1987-05-23,26J/01H,0.25229839000000004,17.153137,3.941015831115424
1987-05-24,26J/01H,0.0033033085,15.786834,4.419382395321652
1987-05-25,26J/01H,0.0,16.660772,4.748722783647188
1987-05-26,26J/01H,0.13887842,17.672207,4.2466390763589885
1987-05-27,26J/01H,0.0032386262,17.626637,4.312777605011432
1987-05-28,26J/01H,0.0008671176,18.602926,5.4468572980580925
1987-05-29,26J/01H,0.0017106531000000002,20.724041,6.311041161325832
1987-05-30,26J/01H,0.00086426735,22.744875,6.323677430882562
1987-05-31,26J/01H,0.0012638438999999998,21.584524,6.411491810770787
1987-06-01,26J/01H,0.002143567,22.408178,6.227739114721671
1987-06-02,26J/01H,0.0008583069,22.411482,6.115997704269888
1987-06-03,26J/01H,0.0092714815,20.794,5.159432221234138
1987-06-04,26J/01H,0.03522898,20.801321,4.678404426582633
1987-06-05,26J/01H,0.0017211087,21.913124,5.783256128387465
1987-06-06,26J/01H,0.0008463859,22.08483,5.980217197307446
1987-06-07,26J/01H,0.0030040736,20.666178,5.09763390357024
1987-06-08,26J/01H,0.0,17.41279,4.3021026617013245
1987-06-09,26J/01H,0.0036661713,15.787869,4.065879060961426
1987-06-10,26J/01H,0.063615112,17.210388,4.47054788044235
1987-06-11,26J/01H,0.8033833600000001,18.352442,4.702871051988141
1987-06-12,26J/01H,0.0015817766,19.452742,5.568309543086102
1987-06-13,26J/01H,1.5358743,19.289927,4.157714923666973
1987-06-14,26J/01H,0.004965651000000001,16.004927,3.727463623833574
1987-06-15,26J/01H,0.13880746,16.546564,4.512729051683439
1987-06-16,26J/01H,0.001716613,18.564287,5.582520424475618
1987-06-17,26J/01H,0.0017165103,21.846884,6.601481462160178
1987-06-18,26J/01H,0.034365723,21.439737,6.009024638210245
1987-06-19,26J/01H,0.0015668645000000002,19.909601,5.619435755188094
1987-06-20,26J/01H,0.03502149,21.940193,5.292983195143969
1987-06-21,26J/01H,0.0008642672300000001,24.493286,7.160628319435474
1987-06-22,26J/01H,0.0013939149,26.17393,6.533690087617617
1987-06-23,26J/01H,0.006193077,25.147566,6.043619787210736
1987-06-24,26J/01H,0.03709212,24.451853,6.338992138294703
1987-06-25,26J/01H,0.7192584000000001,25.658693,6.8934683244145285
1987-06-26,26J/01H,0.023498516,26.094458,6.767171490041728
1987-06-27,26J/01H,0.0015688083,28.279366,7.33017187017516
1987-06-28,26J/01H,0.03936508,27.974892,6.584097908095391
1987-06-29,26J/01H,0.09639697,27.571424,6.539738762113005
1987-06-30,26J/01H,2.5727388,27.212858,6.206321348706189
1987-07-01,26J/01H,2.3964314,26.798813,5.903276671850459
1987-07-02,26J/01H,0.32449973,27.53245,6.24505658735893
1987-07-03,26J/01H,0.49989972,27.32666,6.5200340617253785
1987-07-04,26J/01H,0.52344104,26.09696,5.907217971703576
1987-07-05,26J/01H,0.22314330000000002,24.393082,4.872740874379331
1987-07-06,26J/01H,0.11450923,24.602102,6.135114863661885
1987-07-07,26J/01H,0.027052622,27.38154,6.43895277833836
1987-07-08,26J/01H,0.14435423,28.702059,6.501918759057569
1987-07-09,26J/01H,0.8983099999999999,25.840492,4.765456433845824
1987-07-10,26J/01H,2.1846375,25.994446,5.938616661431821
1987-07-11,26J/01H,0.14134642,26.860163,6.359118213514583
1987-07-12,26J/01H,1.7056198999999999,25.86513,6.5919326326891685
1987-07-13,26J/01H,5.187819999999999,25.441381,5.719800278795771
1987-07-14,26J/01H,0.0008612871,23.485567,5.5008172345715725
1987-07-15,26J/01H,0.0017341526,21.524887,5.364052259126977
1987-07-16,26J/01H,0.12623392,20.956545,4.662822884980583
1987-07-17,26J/01H,0.55222565,21.630829,4.056119562266877
1987-07-18,26J/01H,0.0025828443,21.063957,4.762702944891414
1987-07-19,26J/01H,0.0008583069,21.478966,5.825156048060388
1987-07-20,26J/01H,0.0,22.54455,6.1118019831076165
1987-07-21,26J/01H,0.0,23.914732,6.477083803411785
1987-07-22,26J/01H,0.00043511385,22.32753,5.756336455181923
1987-07-23,26J/01H,0.0048386497,19.712706,4.293746110744747
1987-07-24,26J/01H,0.12014591000000001,20.178495,4.767596880409831
1987-07-25,26J/01H,0.04412557,22.74092,5.672532337665487
1987-07-26,26J/01H,0.0012961164,25.601524,6.50499264641584
1987-07-27,26J/01H,0.0,27.715536,6.609449873703669
1987-07-28,26J/01H,0.0008582729000000001,26.066317,6.16478209653576
1987-07-29,26J/01H,0.0025477011,22.924934,5.3956887389062125
1987-07-30,26J/01H,0.00044232792,24.362204,6.156125526911377
1987-07-31,26J/01H,0.0017285337,27.853752,6.86852906908717
1987-08-01,26J/01H,0.00085311145,28.065424,6.608977499399296
1987-08-02,26J/01H,0.0008583069,29.383097,7.076960165905547
1987-08-03,26J/01H,0.0,29.195389,6.712815748661887
1987-08-04,26J/01H,0.005841254000000001,26.240074,6.409131352407172
1987-08-05,26J/01H,0.026605906999999998,21.495554,4.676288911900518
1987-08-06,26J/01H,0.27016977000000003,21.213915,4.458970680719062
1987-08-07,26J/01H,0.37681516,21.154568,4.139514624772806
1987-08-08,26J/01H,0.0046763754,21.660942,4.904716040574401
1987-08-09,26J/01H,0.0008523464,22.80085,5.377545157385416
1987-08-10,26J/01H,0.0,24.429392,6.054898536105774
1987-08-11,26J/01H,0.0,26.966026,6.486370413951732
1987-08-12,26J/01H,0.0005812127,26.650198,5.301813347911184
1987-08-13,26J/01H,0.007908269,24.695084,5.1377553296750165
1987-08-14,26J/01H,0.116500854,22.822252,4.548581428292241
1987-08-15,26J/01H,0.0041616883,22.768343,5.106384952485442
1987-08-16,26J/01H,0.025874777,22.494856,4.672451937699784
1987-08-17,26J/01H,0.0004351138,24.996803,5.9825703262764005
1987-08-18,26J/01H,0.0,27.484444,6.5857951761258375
1987-08-19,26J/01H,0.0017027433000000002,27.83811,6.678895185794788
1987-08-20,26J/01H,0.0,29.131441,6.848702949329932
1987-08-21,26J/01H,0.013996353,26.576967,5.622810776679401
1987-08-22,26J/01H,0.007507677,22.568521,4.922294706970381
1987-08-23,26J/01H,0.00044107437,21.8613,4.923354735737105
1987-08-24,26J/01H,0.00044107437,21.050955,4.589872450853041
1987-08-25,26J/01H,0.0017303464,21.821424,5.178449141278469
1987-08-26,26J/01H,0.0,23.794754,5.546170795152775
1987-08-27,26J/01H,0.0,23.913864,5.233904627465235
1987-08-28,26J/01H,15.066748,22.111155,3.2815429172514428
1987-08-29,26J/01H,8.369721,21.107094,3.213457523444291
1987-08-30,26J/01H,2.1500945000000002,20.742678,3.3055984790539985
1987-08-31,26J/01H,0.7087044,21.405409,3.2578916961025675
1987-09-01,26J/01H,0.04466106,21.452768,3.841189558337533
1987-09-02,26J/01H,1.19096115e-05,22.364386,4.363516122514866
1987-09-03,26J/01H,0.00043511385,22.414055,4.624251357721651
1987-09-04,26J/01H,0.0030097410000000002,21.3604,4.47802175413431
1987-09-05,26J/01H,0.0017285339,22.434801,4.752637339839016
1987-09-06,26J/01H,0.00083644754,25.826246,5.63584558443296
1987-09-07,26J/01H,0.0,27.448486,5.9369625834116535
1987-09-08,26J/01H,0.002143761,27.9317,5.747113939369944
1987-09-09,26J/01H,0.0,25.638563,4.692812124166364
1987-09-10,26J/01H,0.0,26.010244,5.295410714573436
1987-09-11,26J/01H,0.0,27.219492,5.264978299811231
1987-09-12,26J/01H,0.0013012341,27.843836,5.735589631799465
1987-09-13,26J/01H,0.00044107437,29.46138,5.383370132657003
1987-09-14,26J/01H,0.0008583223,28.278723,5.177665509865397
1987-09-15,26J/01H,0.0,27.837645,5.005644276810441
1987-09-16,26J/01H,0.0008702277499999999,27.08674,5.095190782394195
1987-09-17,26J/01H,0.0,28.092316,5.409689396707302
1987-09-18,26J/01H,0.0012252635999999999,27.427176,4.621090797472175
1987-09-19,26J/01H,0.050504677000000005,26.433104,4.299186107786032
1987-09-20,26J/01H,1.8288091,23.835556,3.902233115956199
1987-09-21,26J/01H,0.0054752292999999995,21.912554,3.498230136470501
1987-09-22,26J/01H,0.004925456,21.386679,3.642596990207882
1987-09-23,26J/01H,0.0048114305,22.2517,3.499476659013171
1987-09-24,26J/01H,0.014756611,22.897528,3.5004034358244613
1987-09-25,26J/01H,7.858022,20.796236,2.590135393640231
1987-09-26,26J/01H,0.007850649,20.36439,2.6323895735610097
1987-09-27,26J/01H,0.15222497999999998,20.862562,2.8469670114149066
1987-09-28,26J/01H,0.0021338456,21.719893,3.489615524027544
1987-09-29,26J/01H,0.3657384,22.690348,3.889123704752005
1987-09-30,26J/01H,0.07492873400000001,21.734093,3.538309890353301
1987-10-01,26J/01H,0.009755439000000001,20.39844,3.1283814032280177
1987-10-02,26J/01H,0.10484434000000001,18.963062,2.6212723217535925
1987-10-03,26J/01H,0.07661876,17.927479,2.58276810455804
1987-10-04,26J/01H,7.132715,16.348196,1.7629487115273934
1987-10-05,26J/01H,0.54867444,16.980612,2.2381357260631227
1987-10-06,26J/01H,0.31523486,17.050766,2.5467422562873825
1987-10-07,26J/01H,0.25979352,17.525587,2.6022073467626705
1987-10-08,26J/01H,0.7576711,18.52505,2.618783323933114
1987-10-09,26J/01H,7.8424326,16.388298,2.543925041827769
1987-10-10,26J/01H,0.20909865,14.261222,1.8576646878887253
1987-10-11,26J/01H,0.34765753,14.475177,2.64932454798614
1987-10-12,26J/01H,0.00085234636,14.940171,2.611543091819516
1987-10-13,26J/01H,0.0,15.024738,2.5452057677595485
1987-10-14,26J/01H,0.058159054,15.913083,2.5657616679106447
1987-10-15,26J/01H,2.8912063,18.92051,1.848036759621283
1987-10-16,26J/01H,3.1019346000000003,16.913738,2.109675430888496
1987-10-17,26J/01H,0.0,15.749181,2.278539490676522
1987-10-18,26J/01H,1.0323186,15.797629,2.199619892247318
1987-10-19,26J/01H,13.418156000000002,16.148252,1.421082395491981
1987-10-20,26J/01H,1.2013134,14.256664,1.671989681354802
1987-10-21,26J/01H,0.0,13.776744,2.108144676388765
1987-10-22,26J/01H,6.6216846,12.759373,1.624200183063021
1987-10-23,26J/01H,0.015192713,12.560699,2.168928518779162
1987-10-24,26J/01H,1.2373953,14.6363,1.8845391980469184
1987-10-25,26J/01H,4.2300044,16.126642,2.0296715417923816
1987-10-26,26J/01H,9.805824000000001,16.855665,1.8476479481355053
1987-10-27,26J/01H,9.378236000000001,14.708121,1.7060117626084008
1987-10-28,26J/01H,0.0004351138,12.015744,1.6774735104681826
1987-10-29,26J/01H,0.07913947,12.124161,1.9163965964191163
1987-10-30,26J/01H,8.011816,16.460234,1.631929033542015
1987-10-31,26J/01H,5.904416,16.257792,1.1244598993435586
1987-11-01,26J/01H,1.3108092,16.946404,1.703408116943645
1987-11-02,26J/01H,9.913621,16.655596,1.2502548205640909
1987-11-03,26J/01H,10.290888,15.6287565,0.9411079711851048
1987-11-04,26J/01H,4.103964,16.212076,1.3229995385147473
1987-11-05,26J/01H,0.8102123,17.04214,1.4280623095077365
1987-11-06,26J/01H,11.372327,15.8442955,0.940184237516592
1987-11-07,26J/01H,11.650982,15.0329275,0.9645250808967882
1987-11-08,26J/01H,2.7297659,14.537084,1.2182510341846773
1987-11-09,26J/01H,0.027239317,14.253303,1.3436609700265474
1987-11-10,26J/01H,0.015637685,14.221002,1.5381154533285049
1987-11-11,26J/01H,0.0016781607000000002,12.900254,1.497156362627739
1987-11-12,26J/01H,0.0017453307,11.117797,1.6618741786232325
1987-11-13,26J/01H,0.32972617000000004,12.407893,1.5939004649307686
1987-11-14,26J/01H,0.030482666,13.383712,1.2936420090470264
1987-11-15,26J/01H,0.00085234636,11.294286,1.5389268674384369
1987-11-16,26J/01H,0.0010522772,12.512315,1.7159712221088703
1987-11-17,26J/01H,0.00044107437,13.695808,1.8007581963873265
1987-11-18,26J/01H,0.0017139701,13.464377,1.8211987001536227
1987-11-19,26J/01H,0.0,13.2798395,1.8064525985923172
1987-11-20,26J/01H,0.00085234636,13.032486,1.7558118165963783
1987-11-21,26J/01H,0.0008523463,12.946111,1.6965685415630574
1987-11-22,26J/01H,0.0021361375,11.162545,1.495710790751243
1987-11-23,26J/01H,0.3838281,10.559784,1.0796131575616046
1987-11-24,26J/01H,0.053658855000000005,8.556941,1.0822326092660774
1987-11-25,26J/01H,0.04372262,8.565406,1.0606867081744338
1987-11-26,26J/01H,0.0004351138,7.820745,1.279868014418727
1987-11-27,26J/01H,0.0,7.9849496,1.187562770294618
1987-11-28,26J/01H,0.00085234636,7.2136636,1.2802053887839189
1987-11-29,26J/01H,0.0008583069,7.671063,1.2567275454045537
1987-11-30,26J/01H,0.6866941000000001,9.121998,0.936045113195197
1987-12-01,26J/01H,3.959868,11.881164,1.0519795380911678
1987-12-02,26J/01H,9.930848000000001,13.176955,0.9217430570406918
1987-12-03,26J/01H,8.347728,13.7944145,0.825409425092471
1987-12-04,26J/01H,1.5621452999999998,12.142198,1.0212427811675555
1987-12-05,26J/01H,1.9837335,11.534866,1.0812552227082997
1987-12-06,26J/01H,0.80980084,12.389735,1.003594379498887
1987-12-07,26J/01H,0.9092624,13.193356,0.8877087425271586
1987-12-08,26J/01H,41.00336,11.936217,0.4453224039235428
1987-12-09,26J/01H,2.1088105,11.988322,0.9911243333028256
1987-12-10,26J/01H,4.543888,14.866904,1.0365843419790617
1987-12-11,26J/01H,32.486290000000004,14.923447,0.6098497581697628
1987-12-12,26J/01H,14.730575000000002,14.997681,0.7420559680620423
1987-12-13,26J/01H,11.513721,13.524223,0.7877182361696722
1987-12-14,26J/01H,0.977996,13.776584,0.9684521216241206
1987-12-15,26J/01H,5.9858384,16.494162,0.8245072520098415
1987-12-16,26J/01H,0.6853187000000001,17.3669,1.0062043191212806
1987-12-17,26J/01H,0.08534304000000001,16.396269,1.2022000007096316
1987-12-18,26J/01H,0.9696659,15.218879,1.1486353654661412
1987-12-19,26J/01H,0.6968594,14.992573,1.1559739115325984
1987-12-20,26J/01H,0.20130719,12.986505,1.109985915400213
1987-12-21,26J/01H,0.079347725,12.484345,1.277633372852786
1987-12-22,26J/01H,0.0038001127000000003,11.8817,1.193029541342857
1987-12-23,26J/01H,0.016115795,10.568442,0.8387774908666751
1987-12-24,26J/01H,0.005009584399999999,9.14452,1.2277995345954869
1987-12-25,26J/01H,0.003010916,9.695349,1.2529207757226462
1987-12-26,26J/01H,0.0008537785,10.314481,1.308777384589363
1987-12-27,26J/01H,0.0021398063000000003,10.758794,1.0945188661142806
1987-12-28,26J/01H,0.0030010934,11.320563,1.1326121069496942
1987-12-29,26J/01H,0.00023565115000000002,10.953536,1.209310477083115
1987-12-30,26J/01H,0.020408016,9.769759,1.2813726679732658
1987-12-31,26J/01H,3.2416460000000002,10.936774,0.9301243570541532
1988-01-01,26J/01H,0.0004261732,9.865382,1.063761142398714
1988-01-02,26J/01H,0.27224344,10.961371,1.293395811688406
1988-01-03,26J/01H,0.6344023999999999,12.470946,1.08605347371947
1988-01-04,26J/01H,0.08633271000000001,10.264825,1.0627111674036631
1988-01-05,26J/01H,1.4191732,12.718083,1.129666854660765
1988-01-06,26J/01H,1.4317635,11.222752,1.0249445825258476
1988-01-07,26J/01H,0.0008523464,7.999241,1.0971054900828603
1988-01-08,26J/01H,0.001281499,7.5228577,1.2561901287967645
1988-01-09,26J/01H,0.0,8.693526,1.3868027611241
1988-01-10,26J/01H,0.0008523464,9.583131,1.226099977420544
1988-01-11,26J/01H,0.09172033,9.219771,1.052021786996487
1988-01-12,26J/01H,1.6176325999999999,7.709514,1.051912512599522
1988-01-13,26J/01H,11.728918,10.578576,1.0455790965658396
1988-01-14,26J/01H,7.408847,8.62388,0.979759980923892
1988-01-15,26J/01H,6.3619873,8.827231,0.9637400108570467
1988-01-16,26J/01H,1.6188984000000002,8.435003,1.134037018423563
1988-01-17,26J/01H,0.50775565,10.364259,1.1948945325563254
1988-01-18,26J/01H,0.011709249,10.29716,1.309158348034096
1988-01-19,26J/01H,6.614775400000001,9.896931,0.8416666011010597
1988-01-20,26J/01H,0.023756464,9.181611,1.121431138970476
1988-01-21,26J/01H,0.1745564,9.551209,1.1487024503811345
1988-01-22,26J/01H,0.08150360999999999,10.067956,1.237874715124561
1988-01-23,26J/01H,0.015004241000000001,10.642152,1.0142653703045847
1988-01-24,26J/01H,0.5343554699999999,12.06198,1.1944916355953057
1988-01-25,26J/01H,0.85087524,13.583522,0.8843508507018804
1988-01-26,26J/01H,0.6869057000000001,14.077447,0.9364138949255691
1988-01-27,26J/01H,11.8483125,12.870968,1.2074820976641036
1988-01-28,26J/01H,0.35322046,11.091504,1.1236078459661607
1988-01-29,26J/01H,1.2882052000000002,12.69128,1.2661750686265871
1988-01-30,26J/01H,0.0063078218,12.023511,1.2751875161101671
1988-01-31,26J/01H,0.01517202,9.991402,1.4987737943992114
1988-02-01,26J/01H,0.65732336,10.7797,1.4429932878363854
1988-02-02,26J/01H,0.0,8.397352,1.3944354879116565
1988-02-03,26J/01H,0.6685724000000001,8.941785,1.4975703372693268
1988-02-04,26J/01H,0.592309,11.690749,1.2091906110492403
1988-02-05,26J/01H,0.30523572000000004,12.44317,1.2300332309483015
1988-02-06,26J/01H,3.0872297,10.30302,1.1247653863125529
1988-02-07,26J/01H,0.0012882483,8.65355,1.3989538884827015
1988-02-08,26J/01H,0.021021366,9.6829195,1.59244312034711
1988-02-09,26J/01H,0.25643119999999997,11.678285,1.3542913389391822
1988-02-10,26J/01H,0.0040104475,10.067914,1.473145518780263
1988-02-11,26J/01H,0.00041649055,8.072606,1.6371421551283596
1988-02-12,26J/01H,0.031920738000000004,10.234696,1.5901759050161146
1988-02-13,26J/01H,0.0012962292,9.255269,1.9536877802885464
1988-02-14,26J/01H,0.0004351138,12.8994665,1.8902269595427437
1988-02-15,26J/01H,8.130308,10.594495,1.225451434507805
1988-02-16,26J/01H,0.34566382,9.625188,1.2566574407479305
1988-02-17,26J/01H,0.37042606,9.463536,1.6370637818577018
1988-02-18,26J/01H,0.2771771,9.725894,1.908537741495244
1988-02-19,26J/01H,0.0,10.859431,2.155121743766124
1988-02-20,26J/01H,0.29323032,12.335654,1.9964011252349856
1988-02-21,26J/01H,3.0700700000000003,13.678146,1.4234219581963594
1988-02-22,26J/01H,0.04959486,12.999639,1.2825030789854237
1988-02-23,26J/01H,0.59809424,12.243572,1.9263921572036968
1988-02-24,26J/01H,0.0077074485,11.593159,1.914276893185772
1988-02-25,26J/01H,0.0012301427,10.894015,1.848475604313184
1988-02-26,26J/01H,0.00085234636,8.248675,1.7244432196866837
1988-02-27,26J/01H,0.00085234636,6.111982,1.4509560695840766
1988-02-28,26J/01H,0.0,5.5709386,1.5881489931916413
1988-02-29,26J/01H,0.00085234636,6.9423375,2.015335285806529
1988-03-01,26J/01H,0.0,9.548456,2.1050811381844587
1988-03-02,26J/01H,5.381294,8.150083,1.0824548581939593
1988-03-03,26J/01H,1.786654,10.378416,1.7705370980479715
1988-03-04,26J/01H,0.42745553999999997,10.636311,1.8385791505048488
1988-03-05,26J/01H,0.0,7.8638053,1.7957690344877366
1988-03-06,26J/01H,0.0,8.958776,2.172756426203018
1988-03-07,26J/01H,0.0,10.376221,2.6219336192479505
1988-03-08,26J/01H,0.00086128706,12.475884,2.7959961982941284
1988-03-09,26J/01H,0.0017225739000000001,13.327807,2.879977778236462
1988-03-10,26J/01H,0.0009023286700000001,13.583206,2.831057254077765
1988-03-11,26J/01H,0.0021599126,14.113135,2.787163735082477
1988-03-12,26J/01H,0.00085234636,12.997421,3.043043275768387
1988-03-13,26J/01H,0.560385,12.961894,2.826321192320487
1988-03-14,26J/01H,0.0025791985999999998,12.303413,2.49057127126071
1988-03-15,26J/01H,0.00044107437,11.5389595,2.7823696374227933
1988-03-16,26J/01H,0.026753317,13.091935,2.7119384353609863
1988-03-17,26J/01H,0.005054343,12.450755,3.2073153872528373
1988-03-18,26J/01H,0.0021398065000000003,14.993093,3.381666785903352
1988-03-19,26J/01H,0.0013005447,16.676882,3.569716014539832
1988-03-20,26J/01H,0.00085415316,16.769724,3.587514879293686
1988-03-21,26J/01H,1.2469457,13.387447,2.4627109087738543
1988-03-22,26J/01H,0.0021416657,12.491857,2.6254340794762805
1988-03-23,26J/01H,0.045161804,14.13211,2.9080204473763827
1988-03-24,26J/01H,0.0,15.221793,3.8164916007002505
1988-03-25,26J/01H,0.0,15.879208,3.981147132766582
1988-03-26,26J/01H,0.0008422780600000001,15.270184,3.7233340335416094
1988-03-27,26J/01H,0.0021338456,15.307068,3.7726936389036494
1988-03-28,26J/01H,0.00085234636,15.127576,3.684253029992026
1988-03-29,26J/01H,0.009233092,14.022918,3.4496386110266544
1988-03-30,26J/01H,0.004306293,12.240593,2.627424006909982
1988-03-31,26J/01H,0.0008642672999999999,12.282082,2.6618980005346824
1988-04-01,26J/01H,0.0004351138,12.386876,3.2709395342728262
1988-04-02,26J/01H,0.9982883,10.958116,2.4616052827924446
1988-04-03,26J/01H,2.8313987000000003,9.655814,2.1548589324934
1988-04-04,26J/01H,0.15827615,11.909768,2.6816058672215237
1988-04-05,26J/01H,0.352266,11.608491,2.100068169380145
1988-04-06,26J/01H,0.08519793,11.875545,2.656389621173064
1988-04-07,26J/01H,0.016229443,12.000552,3.2023066163500604
1988-04-08,26J/01H,0.003439188,12.354897,3.241803335449758
1988-04-09,26J/01H,0.0008702277499999999,12.270264,3.3673605828506705
1988-04-10,26J/01H,0.004338154,12.910721,3.646035048425512
1988-04-11,26J/01H,3.5565571,13.788426,2.9049834756796105
1988-04-12,26J/01H,0.39054825,16.118773,3.1541823212084488
1988-04-13,26J/01H,0.03470732000000001,16.196625,3.8952123098614657
1988-04-14,26J/01H,0.0021497471,18.418316,4.429720408596418
1988-04-15,26J/01H,0.14146063,18.735441,4.350537412561573
1988-04-16,26J/01H,0.6358498,15.771259,3.79155978302954
1988-04-17,26J/01H,2.1214045,17.32785,3.279387563354208
1988-04-18,26J/01H,6.512741,16.575504,3.327556870750486
1988-04-19,26J/01H,5.057164,16.068384000000002,3.2646497934577634
1988-04-20,26J/01H,0.0008523463,16.255362,4.487982919956078
1988-04-21,26J/01H,0.2794385,16.21898,3.680008238029439
1988-04-22,26J/01H,0.69567444,15.737297,3.125068684018818
1988-04-23,26J/01H,0.0056339865,14.237046,3.46261042538383
1988-04-24,26J/01H,0.34538715000000003,14.834662,3.4683729603384337
1988-04-25,26J/01H,0.15218921000000002,12.757342,2.902044964486303
1988-04-26,26J/01H,0.012331172000000001,13.341304,3.3394096719988693
1988-04-27,26J/01H,0.00038094246,14.511069,3.781505328532549
1988-04-28,26J/01H,0.002564455,14.2573,4.109649226161367
1988-04-29,26J/01H,0.08654192999999999,15.092216,3.678571025254737
1988-04-30,26J/01H,0.0009402055,14.489052,4.127209505493343
1988-05-01,26J/01H,0.3756058,15.122143,3.011062848111264
1988-05-02,26J/01H,0.75211096,14.217288,3.052046386456193
1988-05-03,26J/01H,1.3261454000000001,14.537532,3.559797499193245
1988-05-04,26J/01H,9.328979499999999,14.590304,3.2685864989384537
1988-05-05,26J/01H,11.767089,14.598062,2.2594229200199387
1988-05-06,26J/01H,4.0066873,15.113674,2.961566266580657
1988-05-07,26J/01H,0.9045213,15.668937,3.437173996354881
1988-05-08,26J/01H,0.3661468,15.739334,3.809215556871625
1988-05-09,26J/01H,0.047513165,15.975742,4.065603402193027
1988-05-10,26J/01H,0.5851860000000001,17.242785,4.324319264475088
1988-05-11,26J/01H,0.5080204,15.37242,3.5839704542113875
1988-05-12,26J/01H,4.502474599999999,12.870828,2.820564474235772
1988-05-13,26J/01H,1.6658475000000001,13.110608,2.8279349604060244
1988-05-14,26J/01H,0.0009060782,13.165511,3.969613054323975
1988-05-15,26J/01H,1.4278705,14.435867,4.146666291672941
1988-05-16,26J/01H,0.19238364000000002,15.52282,3.619724955931072
1988-05-17,26J/01H,0.13610501,14.321987,3.670341389761867
1988-05-18,26J/01H,0.035483020000000004,14.62856,4.214476439240281
1988-05-19,26J/01H,0.0017006779000000001,15.95563,4.380462885049188
1988-05-20,26J/01H,0.0012864594000000001,18.528708,5.49253106147298
1988-05-21,26J/01H,0.011028835,21.01375,5.507116930306015
1988-05-22,26J/01H,0.19083571000000002,18.482069,4.428513276212757
1988-05-23,26J/01H,0.016009876,18.316574,4.357897280527891
1988-05-24,26J/01H,0.48955405,18.88376,4.998277597802664
1988-05-25,26J/01H,0.06482883,18.187548,4.722624738138693
1988-05-26,26J/01H,0.0012518920000000001,17.207336,4.657713872576226
1988-05-27,26J/01H,0.49119775,16.615889,4.168196272819944
1988-05-28,26J/01H,0.0025685503000000003,15.74461,4.394958553224887
1988-05-29,26J/01H,0.3418859,17.58238,4.030473288226358
1988-05-30,26J/01H,0.00042174962,18.018005,4.857387311934078
1988-05-31,26J/01H,0.0012887849,18.902172,5.716568432662368
1988-06-01,26J/01H,0.0,21.648804,6.270340915879659
1988-06-02,26J/01H,0.0008630075,24.860718,6.799711193179127
1988-06-03,26J/01H,0.062755028,24.519585,6.219289357876367
1988-06-04,26J/01H,0.0016921811,20.08476,5.383041040681984
1988-06-05,26J/01H,0.0012988422,21.33458,6.356651866693105
1988-06-06,26J/01H,0.0008583069,22.391672,5.867187267414307
1988-06-07,26J/01H,0.0033429515,21.301851,5.50484179744951
1988-06-08,26J/01H,0.7946468999999999,16.233145,3.200964796449345
1988-06-09,26J/01H,3.7175361,16.082403,3.344984444291625
1988-06-10,26J/01H,6.705402,16.073399,3.3545542420258383
1988-06-11,26J/01H,1.8757603,16.618122,3.945542546479651
1988-06-12,26J/01H,6.7719326,16.484327,3.886852803978997
1988-06-13,26J/01H,5.777239300000001,16.10457,3.363785602174971
1988-06-14,26J/01H,7.968001,15.587181,3.511395788336485
1988-06-15,26J/01H,0.02525969,15.796738,4.237425944680957
1988-06-16,26J/01H,1.4115668000000001,16.508574,3.6402468894104967
1988-06-17,26J/01H,0.93113806,17.28371,3.9073459539000543
1988-06-18,26J/01H,0.012677296999999999,18.88427,4.674891457916023
1988-06-19,26J/01H,0.002387968,21.993073,5.833015518845683
1988-06-20,26J/01H,0.27608398,21.090847,4.9206070862085785
1988-06-21,26J/01H,0.1484846,20.425148,5.1348025503429255
1988-06-22,26J/01H,33.540805,19.588602,3.763819790473757
1988-06-23,26J/01H,2.7587175000000004,19.208696,3.819951335976741
1988-06-24,26J/01H,0.27115674,18.434258,3.868785934577966
1988-06-25,26J/01H,0.58635846,18.77727,4.333234553439191
1988-06-26,26J/01H,5.9399824,18.458944,3.917904079891606
1988-06-27,26J/01H,0.751413,18.28544,3.788414119613809
1988-06-28,26J/01H,1.3173445,17.60496,3.5683787154219546
1988-06-29,26J/01H,6.221235399999999,17.291292,3.5049861614555566
1988-06-30,26J/01H,0.5538346000000001,17.67962,4.236901737157261
1988-07-01,26J/01H,0.25267064,18.302015,4.021642158165731
1988-07-02,26J/01H,0.10698175000000001,18.297464,4.3437638792148645
1988-07-03,26J/01H,0.073415596,18.482296,3.703782784862381
1988-07-04,26J/01H,17.12894,16.991947,2.910992941876167
1988-07-05,26J/01H,0.76998975,16.715559,4.170091280370818
1988-07-06,26J/01H,0.08562958000000001,17.221056,4.520299316901644
1988-07-07,26J/01H,0.0017136327000000001,17.850842,4.724644291003703
1988-07-08,26J/01H,0.0013052787,18.971912,5.146293281942568
1988-07-09,26J/01H,0.0012934206,21.710869,6.223262686081831
1988-07-10,26J/01H,0.0,25.196466,6.873397909655097
1988-07-11,26J/01H,0.0021456127,27.285887,6.942813982612169
1988-07-12,26J/01H,0.0017265575,26.805641,6.701107979200717
1988-07-13,26J/01H,0.0017152052,24.19461,6.273415480150201
1988-07-14,26J/01H,0.0004351138,23.479324,6.202282550987586
1988-07-15,26J/01H,0.0030123332,24.599627,6.673427956115929
1988-07-16,26J/01H,0.0,25.931763,6.875518294372611
1988-07-17,26J/01H,0.0012755389,23.572641,5.946234299291785
1988-07-18,26J/01H,0.0008702277499999999,21.5438,5.5976576394406745
1988-07-19,26J/01H,0.070233925,20.297787,4.600810796704143
1988-07-20,26J/01H,0.0033607628,22.81893,5.900548426729376
1988-07-21,26J/01H,4.6806912999999996e-05,26.18979,6.836516999248657
1988-07-22,26J/01H,0.06316205999999999,26.658812,6.44080623969974
1988-07-23,26J/01H,0.0053477410000000005,24.387884,5.506329558612849
1988-07-24,26J/01H,0.00092183465,22.867323,5.8507284212141135
1988-07-25,26J/01H,0.0012934207,25.63225,7.146861899905692
1988-07-26,26J/01H,0.0008583069,27.289652,6.908014817618848
1988-07-27,26J/01H,0.00083957237,26.610094,6.960821747992687
1988-07-28,26J/01H,0.0012814989000000001,25.789537,6.586612006147414
1988-07-29,26J/01H,0.0007229063500000001,23.864601,6.161059500564373
1988-07-30,26J/01H,0.0012853599000000001,23.417147,6.229036729640793
1988-07-31,26J/01H,0.0008523464,25.917078,6.967471264317497
1988-08-01,26J/01H,0.0008642672999999999,28.896456,7.688481494208246
1988-08-02,26J/01H,0.0,27.982035,6.6274069709399726
1988-08-03,26J/01H,0.0017118329000000002,23.14994,5.964260368151448
1988-08-04,26J/01H,0.0008553266000000001,25.67359,6.775134034185264
1988-08-05,26J/01H,0.0008732082000000001,24.996965,6.20224313164667
1988-08-06,26J/01H,0.0066689463,22.210028,4.964618374490877
1988-08-07,26J/01H,0.0017562150000000002,22.520966,5.462961582303768
1988-08-08,26J/01H,0.00085234636,24.072683,6.309934215062837
1988-08-09,26J/01H,0.002157688,23.695467,6.164143967012822
1988-08-10,26J/01H,0.0009997353,23.024649,5.126474706241582
1988-08-11,26J/01H,0.0012993805,21.916857,5.50416783335278
1988-08-12,26J/01H,0.004209548,22.214342,5.462164614830445
1988-08-13,26J/01H,0.002343604,23.816652,5.923196282548766
1988-08-14,26J/01H,0.0015977558999999998,23.434443,5.520966095065496
1988-08-15,26J/01H,0.0004261732,23.830507,5.9218808601309965
1988-08-16,26J/01H,0.0012887549000000001,23.768272,5.735621504487524
1988-08-17,26J/01H,0.0012866868,24.196142,6.081758045114138
1988-08-18,26J/01H,0.001725347,24.968695,6.05649207253518
1988-08-19,26J/01H,0.00043511385,24.828539,5.871583184143349
1988-08-20,26J/01H,0.0017046924000000002,22.683538,5.29743286038345
1988-08-21,26J/01H,0.0025686376,22.469275,5.3501204548207175
1988-08-22,26J/01H,0.001716613,24.914642,6.012623196285323
1988-08-23,26J/01H,0.0021455827,25.515884,5.693580726074842
1988-08-24,26J/01H,0.0,24.320145,5.977110647928303
1988-08-25,26J/01H,0.0017043493999999999,27.154943,6.412387888669888
1988-08-26,26J/01H,0.0012821501,28.182981,6.227920354726176
1988-08-27,26J/01H,0.0013314779999999999,26.173851,5.938236767291759
1988-08-28,26J/01H,0.011159182,22.052694,4.726051323045572
1988-08-29,26J/01H,0.0004351138,20.184551,4.25507883751631
1988-08-30,26J/01H,0.0004261732,19.831846,4.804328857806029
1988-08-31,26J/01H,0.0004351138,19.362928,4.475866277975267
1988-09-01,26J/01H,0.39009235000000003,20.339602,4.180671178650032
1988-09-02,26J/01H,0.09780735,20.609295,3.367245323553976
1988-09-03,26J/01H,0.0,21.876358,5.19840605242628
1988-09-04,26J/01H,0.0021353836,25.799866,5.798481295161076
1988-09-05,26J/01H,0.0,28.081179,5.9764476560195945
1988-09-06,26J/01H,0.00085234636,29.030214,6.008539178342067
1988-09-07,26J/01H,0.0017125058,30.028252,5.775453310520048
1988-09-08,26J/01H,0.001275539,30.579813,6.170584648151036
1988-09-09,26J/01H,0.535539,30.311808,6.345495616267168
1988-09-10,26J/01H,0.0,26.41915,5.203471534407036
1988-09-11,26J/01H,0.00044107437,26.517204,5.423304740491356
1988-09-12,26J/01H,0.0004349362,27.019472,5.049897190322094
1988-09-13,26J/01H,0.0004351138,25.149643,4.783204969801951
1988-09-14,26J/01H,0.0007041309500000001,23.418314,4.6338243598217055
1988-09-15,26J/01H,0.0004261732,22.56661,3.490111750725974
1988-09-16,26J/01H,0.0,20.877901,3.726211613343024
1988-09-17,26J/01H,0.0034439410000000003,21.667732,3.787930282524695
1988-09-18,26J/01H,0.0004261732,22.215105,3.849087270525749
1988-09-19,26J/01H,0.0012870388,22.355318,4.351192585225171
1988-09-20,26J/01H,0.0,22.337502,4.281697842933669
1988-09-21,26J/01H,0.002156663,22.028124,4.247756590511117
1988-09-22,26J/01H,0.0007238011399999999,18.65402,3.4401557437416206
1988-09-23,26J/01H,0.0008523464,19.365515,3.618392174847015
1988-09-24,26J/01H,0.0038504586,21.658264,4.255321153322982
1988-09-25,26J/01H,0.002584652,23.370285,4.615584160311261
1988-09-26,26J/01H,0.0,25.148603,4.908976762313645
1988-09-27,26J/01H,0.0,25.516342,4.593603442562447
1988-09-28,26J/01H,0.0004351138,24.563562,4.730778020484483
1988-09-29,26J/01H,0.000881789,23.049128,3.936915837276836
1988-09-30,26J/01H,0.0,19.502628,3.505279073260542
1988-10-01,26J/01H,0.1461586,21.40979,3.2625993612287427
1988-10-02,26J/01H,0.00085234636,23.322836,3.670965785110675
1988-10-03,26J/01H,0.0021538281,24.02456,3.724078080334924
1988-10-04,26J/01H,0.020092188,23.62944,3.5653378055843308
1988-10-05,26J/01H,0.00044107437,22.728148,3.4083537066625422
1988-10-06,26J/01H,0.0004351138,19.540777,3.412912285910428
1988-10-07,26J/01H,0.0008583069,19.344622,3.5044821659350154
1988-10-08,26J/01H,0.0008523463,21.342829,3.848290069485487
1988-10-09,26J/01H,1.8477811,22.562914,3.13461012880527
1988-10-10,26J/01H,0.057817284000000004,18.878927,2.6646360023224465
1988-10-11,26J/01H,3.7937083,16.714163,1.852756986289943
1988-10-12,26J/01H,0.0012844794,13.968123,1.9288031979733784
1988-10-13,26J/01H,3.0193884,14.773274,2.422296239857011
1988-10-14,26J/01H,16.552342,15.317998,2.078825338301422
1988-10-15,26J/01H,0.24933076,14.213914,2.1225260871831977
1988-10-16,26J/01H,0.04119524,15.301169,2.3044427331997444
1988-10-17,26J/01H,0.9187867000000001,15.990973,2.16782205251919
1988-10-18,26J/01H,5.9230547,15.598564,1.5523861933839618
1988-10-19,26J/01H,1.2920791999999999,14.740367,1.7636307061987109
1988-10-20,26J/01H,0.00057027406,14.617227,2.456885317937895
1988-10-21,26J/01H,0.0017106531000000002,15.278796,2.5736348311781247
1988-10-22,26J/01H,0.008236556,17.09839,2.401457690115649
1988-10-23,26J/01H,0.75831055,18.045197,2.2004875944440343
1988-10-24,26J/01H,0.006648508,18.68834,2.656726577961928
1988-10-25,26J/01H,0.0017191879000000001,20.235455,2.425013200026961
1988-10-26,26J/01H,0.026875656,20.278786,2.2120348102274683
1988-10-27,26J/01H,0.20622295,18.782623,1.802273145996288
1988-10-28,26J/01H,0.06378166,19.568052,2.12792325475707
1988-10-29,26J/01H,1.2847424,19.726986,1.9250692669116796
1988-10-30,26J/01H,5.1695903,17.436914,1.4520268163604788
1988-10-31,26J/01H,1.1030349000000002,16.777514,1.7562401781159502
1988-11-01,26J/01H,1.0700295000000002,16.747496,2.033570212322059
1988-11-02,26J/01H,5.2548843,17.404192,1.596579164550082
1988-11-03,26J/01H,13.773385000000001,16.796217,1.300666418264664
1988-11-04,26J/01H,8.856174999999999,16.123024,0.8273345232080375
1988-11-05,26J/01H,13.741708000000001,16.760435,0.747215545722276
1988-11-06,26J/01H,13.917664,16.931868,1.011442211729092
1988-11-07,26J/01H,10.039453,17.19192,1.208934010074606
1988-11-08,26J/01H,7.4596763,16.704649,1.1653451274396995
1988-11-09,26J/01H,1.0174249,16.89219,1.2757999844535184
1988-11-10,26J/01H,7.4228696,16.463764,1.345889512281332
1988-11-11,26J/01H,15.934534,15.9323225,1.103955917130324
1988-11-12,26J/01H,0.38361044,16.727041,1.309198762769024
1988-11-13,26J/01H,0.01639231,15.782909,1.6413303305860256
1988-11-14,26J/01H,0.013360147,15.822192,1.663577241994828
1988-11-15,26J/01H,0.005118743,15.78733,1.6732547860072593
1988-11-16,26J/01H,0.0,15.405609,1.7912923504792515
1988-11-17,26J/01H,0.0022174032000000002,14.733227,1.78638227502209
1988-11-18,26J/01H,0.0,14.290382,1.664107002961837
1988-11-19,26J/01H,0.0,13.954221,1.710655537191052
1988-11-20,26J/01H,2.0068948,12.852492,1.509583480853304
1988-11-21,26J/01H,0.9882975,13.801189,1.293546249951192
1988-11-22,26J/01H,0.010100701000000002,10.890911,1.2514180250558595
1988-11-23,26J/01H,11.569193,10.089208,1.2644733344228758
1988-11-24,26J/01H,14.869078,11.781609,0.9686524306785096
1988-11-25,26J/01H,26.978643,12.225144,0.6147580812610085
1988-11-26,26J/01H,0.40806644000000003,11.973437,0.9526892862952452
1988-11-27,26J/01H,0.0004351138,11.093643,1.2786343241338247
1988-11-28,26J/01H,0.0008611024,10.664006,1.4135394320226908
1988-11-29,26J/01H,0.001281499,10.2548,1.4099120682155215
1988-11-30,26J/01H,1.1135153,11.695453,1.4834567883259704
1988-12-01,26J/01H,1.379076,12.9507,1.014263291131689
1988-12-02,26J/01H,0.29171564,11.593938,1.1658533986921744
1988-12-03,26J/01H,0.0070856886,11.2717705,1.0876402947467063
1988-12-04,26J/01H,0.0008553266000000001,10.393407,1.361933880662574
1988-12-05,26J/01H,0.0,9.783269,1.358877084571524
1988-12-06,26J/01H,0.00084032077,10.91138,1.2182842342962084
1988-12-07,26J/01H,0.0,9.862622,1.1878317790956856
1988-12-08,26J/01H,0.0017214061,8.536923,1.1365765636251683
1988-12-09,26J/01H,0.0008523463,8.249392,1.1932505187680178
1988-12-10,26J/01H,0.00086047035,8.048851,1.340675873754138
1988-12-11,26J/01H,0.00085966367,8.70042,1.3127081616454583
1988-12-12,26J/01H,0.00043511385,9.438563,1.356988947775571
1988-12-13,26J/01H,0.0008510933499999999,8.384072,1.292114864922962
1988-12-14,26J/01H,0.00042915338,7.0874925,1.1836329409223094
1988-12-15,26J/01H,0.0021487467,6.460678,1.130023013035803
1988-12-16,26J/01H,0.00086426735,7.197101,1.0495898106400754
1988-12-17,26J/01H,0.0017102658,6.8639655,1.1871737564637737
1988-12-18,26J/01H,0.0004351138,6.521484,1.259379482626443
1988-12-19,26J/01H,0.0012827203,6.962397,1.256651344585839
1988-12-20,26J/01H,0.0,8.114344,1.401056431398789
1988-12-21,26J/01H,0.0004351138,10.194371,1.3692458724389471
1988-12-22,26J/01H,0.0030119509999999997,9.195515,1.1884927278031003
1988-12-23,26J/01H,0.021130476000000002,9.503259,1.092690113290595
1988-12-24,26J/01H,0.2026521,11.700638,0.9806757536971668
1988-12-25,26J/01H,0.006383860999999999,11.564873,1.182128602921502
1988-12-26,26J/01H,0.0013747928000000002,9.762096,1.3117986596985989
1988-12-27,26J/01H,0.0021432242,8.812356,1.309200796828135
1988-12-28,26J/01H,0.0012844801,8.765275,1.280736802411833
1988-12-29,26J/01H,0.0008203573,9.670751,1.247734215883651
1988-12-30,26J/01H,0.0,9.624818,1.2767288128773773
1988-12-31,26J/01H,0.0008523463,10.152898,1.338610518611927
1989-01-01,26J/01H,0.00085532653,8.830628,1.314069281075347
1989-01-02,26J/01H,0.0,8.747774,1.2056374077016396
1989-01-03,26J/01H,0.0,8.669604,1.3229300234455048
1989-01-04,26J/01H,0.00084659576,8.4544935,1.1752768687796555
1989-01-05,26J/01H,0.00086558276,7.8119164,1.3238950762639758
1989-01-06,26J/01H,2.394404,10.596549,1.185035346411372
1989-01-07,26J/01H,1.0821516,7.1053524,0.6962258555289882
1989-01-08,26J/01H,0.0012934207,10.328149,1.3252971232385031
1989-01-09,26J/01H,0.9841413999999999,10.863406,1.174290585547059
1989-01-10,26J/01H,10.547753,11.395795,1.030196211080637
1989-01-11,26J/01H,9.221926999999999,10.036138,0.984205429523347
1989-01-12,26J/01H,0.3833808,11.570886,1.194693855091192
1989-01-13,26J/01H,0.0004351138,10.4162445,1.4839477877020066
1989-01-14,26J/01H,0.0008523464,10.011923,1.404577703818182
1989-01-15,26J/01H,0.0,8.408509,1.413152733901176
1989-01-16,26J/01H,0.0017160829,8.082991,1.4482045418449536
1989-01-17,26J/01H,0.0004351138,8.660151,1.432020292186412
1989-01-18,26J/01H,0.0,9.050443,1.4084514078013313
1989-01-19,26J/01H,0.0345023,9.266366,1.3794875056414746
1989-01-20,26J/01H,0.0017204348000000001,9.2784395,1.3676796319815747
1989-01-21,26J/01H,0.0012844794,8.664546,1.239865919155272
1989-01-22,26J/01H,0.0012814999,8.354628,1.5009418299926995
1989-01-23,26J/01H,0.00085234636,7.852194,1.5393301500900427
1989-01-24,26J/01H,0.0017069706000000001,9.416992,1.422783690992736
1989-01-25,26J/01H,0.16976799,10.758906,1.2566388218960816
1989-01-26,26J/01H,13.7825205,9.834548,0.94151500772483
1989-01-27,26J/01H,0.0008702277499999999,8.630858,1.5095469571389046
1989-01-28,26J/01H,0.0017007705,9.731893,1.4858506087172865
1989-01-29,26J/01H,0.0004351138,8.836173,1.4958262139464933
1989-01-30,26J/01H,0.4798185,9.893182,1.3465574795419282
1989-01-31,26J/01H,0.7575065,10.168233,1.1087763746857016
1989-02-01,26J/01H,0.11000856,11.174781,1.4946050172544618
1989-02-02,26J/01H,0.07003287500000001,9.81167,1.6328634728547915
1989-02-03,26J/01H,0.005032145,10.478653,1.7150144741893334
1989-02-04,26J/01H,0.0,10.6171255,1.6369175821201856
1989-02-05,26J/01H,0.0,9.393482,1.790220216681848
1989-02-06,26J/01H,0.00044107437,9.290912,1.5959448882788363
1989-02-07,26J/01H,0.13285643,8.437405,1.4433070309928009
1989-02-08,26J/01H,0.3274878,7.9067044,1.4982636565836778
1989-02-09,26J/01H,6.265509,8.813877,1.3778719582727263
1989-02-10,26J/01H,8.798848,9.785467,1.172633713269303
1989-02-11,26J/01H,0.0050445064999999996,11.823384,1.696925793994824
1989-02-12,26J/01H,0.0012862073999999999,11.816257,1.7677570633376098
1989-02-13,26J/01H,0.0,11.208051,1.9199472800263764
1989-02-14,26J/01H,0.00085777986,12.464481,2.21793582895092
1989-02-15,26J/01H,0.0008523463,11.790254,2.0476021039013106
1989-02-16,26J/01H,0.0012873197000000001,11.061489,2.2964382829890817
1989-02-17,26J/01H,0.0,11.141487,2.313440547660667
1989-02-18,26J/01H,0.0017130361,13.087582,2.47011942013212
1989-02-19,26J/01H,0.0008523463,13.462585,2.527119403645428
1989-02-20,26J/01H,0.0028546743000000003,12.206761,2.0335418089115094
1989-02-21,26J/01H,4.7137124,12.798634,1.6117006134722305
1989-02-22,26J/01H,0.17317464000000002,11.101418,1.5820464184142184
1989-02-23,26J/01H,3.6291133,9.757223,1.4330956041718586
1989-02-24,26J/01H,9.858359,11.144425,1.8064244323541987
1989-02-25,26J/01H,3.1064937,13.828416,1.4359039310115576
1989-02-26,26J/01H,0.5652892500000001,12.91855,1.4486049628277289
1989-02-27,26J/01H,0.42710754,11.909188,1.6015458992684035
1989-02-28,26J/01H,0.93944366,13.830753,1.599690774675318
1989-03-01,26J/01H,0.6469693999999999,13.384571,1.811126487584743
1989-03-02,26J/01H,0.09522722,12.789894,1.7579213979626578
1989-03-03,26J/01H,0.20748625,13.386228,2.190328155544344
1989-03-04,26J/01H,0.0021421030000000002,13.514476,2.7903988819899017
1989-03-05,26J/01H,0.009560067,13.251718,2.571201036146296
1989-03-06,26J/01H,0.13287932000000002,14.070138,2.336438904905543
1989-03-07,26J/01H,0.16620985,13.496693,2.391780175548352
1989-03-08,26J/01H,0.0017039454999999998,13.791427,2.7919281664444178
1989-03-09,26J/01H,0.00085234636,14.520126,2.991463893488574
1989-03-10,26J/01H,0.0,15.225102,3.294672400129543
1989-03-11,26J/01H,0.0017085057,15.764995,3.226005985282939
1989-03-12,26J/01H,0.0017231406000000002,15.21714,3.3903957406507703
1989-03-13,26J/01H,0.0008583069,13.452106,2.222425668931562
1989-03-14,26J/01H,0.007413380000000001,14.712867,2.8025559674200835
1989-03-15,26J/01H,0.0004351138,14.69686,2.807800530726972
1989-03-16,26J/01H,0.28380264,12.270762,2.64708043019006
1989-03-17,26J/01H,3.251314,10.374725,1.9420631106392945
1989-03-18,26J/01H,0.0021564946,10.869666,2.4093865535875683
1989-03-19,26J/01H,0.0,11.126681,2.7201191786553136
1989-03-20,26J/01H,0.0017593228999999999,12.00761,2.505735116761449
1989-03-21,26J/01H,0.0012886466999999999,14.349959,3.1539815083755154
1989-03-22,26J/01H,0.0021517270000000004,15.664798,3.62091154264452
1989-03-23,26J/01H,0.001278071,16.750658,4.033431962863939
1989-03-24,26J/01H,0.0017225740000000002,15.270621,3.5338528761307666
1989-03-25,26J/01H,0.0004351138,16.131298,3.71216870277501
1989-03-26,26J/01H,0.008226316000000001,15.307912,3.1544375218513507
1989-03-27,26J/01H,9.396786,13.848781,2.646398848302997
1989-03-28,26J/01H,7.3546436,8.885602,2.034441622865338
1989-03-29,26J/01H,0.0004351138,10.186296,2.741458314869593
1989-03-30,26J/01H,0.4204401,13.631232,3.3600781494841456
1989-03-31,26J/01H,0.0054560126999999995,13.744775,2.8772108340602487
1989-04-01,26J/01H,0.0012814989000000001,12.938285,3.2311460302448314
1989-04-02,26J/01H,2.4467495,11.283813,2.198087837878848
1989-04-03,26J/01H,2.7360732,8.260186,2.140709042095883
1989-04-04,26J/01H,1.3885491,9.920316,2.385958158413263
1989-04-05,26J/01H,0.8492929,10.387913,2.25320945385554
1989-04-06,26J/01H,4.772620600000001,11.648826,2.433590973130441
1989-04-07,26J/01H,13.330316000000002,11.527976,2.106097259615449
1989-04-08,26J/01H,18.528154,11.597922,1.668103285435781
1989-04-09,26J/01H,5.123945,12.554811,2.2927907038784814
1989-04-10,26J/01H,0.58016644,12.332797,2.6471354034583245
1989-04-11,26J/01H,0.6031074,13.130677,2.865749325718123
1989-04-12,26J/01H,0.19442523,13.405914,2.414262981107812
1989-04-13,26J/01H,0.4446842,13.057889,2.702153774893914
1989-04-14,26J/01H,0.7562686,12.999505,3.1793604214152427
1989-04-15,26J/01H,0.124464455,13.768056,2.699577660999471
1989-04-16,26J/01H,0.0,11.330268,2.499129808515334
1989-04-17,26J/01H,0.0008626793600000001,10.840495,3.186478781538224
1989-04-18,26J/01H,0.002141175,13.112374,4.1167131337278215
1989-04-19,26J/01H,0.103030075,13.101433,3.47160413232703
1989-04-20,26J/01H,0.04202418,13.94817,3.124192720843913
1989-04-21,26J/01H,0.00062434536,14.294624,3.960612155330877
1989-04-22,26J/01H,0.0016348634,14.378037,3.8437517257461096
1989-04-23,26J/01H,0.0013115641000000001,13.7217455,3.5502106604188253
1989-04-24,26J/01H,3.70046,12.130546,2.7743892930374905
1989-04-25,26J/01H,10.88909,12.542183,2.550651378240653
1989-04-26,26J/01H,0.014557988000000001,11.789708,3.052721495004305
1989-04-27,26J/01H,0.16062379999999998,11.889703,3.604858111711836
1989-04-28,26J/01H,0.46202652,14.316715,2.875914465318857
1989-04-29,26J/01H,0.0039040887000000002,16.005003,4.424036023711342
1989-04-30,26J/01H,0.01745928,17.392382,4.334025225488771
1989-05-01,26J/01H,0.00085234636,18.157877,5.185119977284022
1989-05-02,26J/01H,0.00085234636,18.660425,5.253357414523889
1989-05-03,26J/01H,0.001281499,20.446852,5.3020455089202585
1989-05-04,26J/01H,0.0,20.567884,5.073414131035655
1989-05-05,26J/01H,0.0,20.66347,5.29384109302303
1989-05-06,26J/01H,0.0,21.969542,5.623053923400658
1989-05-07,26J/01H,0.0166311,20.260872,4.530081581546988
1989-05-08,26J/01H,0.057681255,17.791628,4.382510382091748
1989-05-09,26J/01H,0.031799671,17.529198,3.863554259892329
1989-05-10,26J/01H,0.0,17.615425,4.5376025472149415
1989-05-11,26J/01H,0.019743504000000002,17.624228,4.530217981561205
1989-05-12,26J/01H,4.4695547,16.820312,3.971081111917747
1989-05-13,26J/01H,0.30351392,17.278112,3.966408841408581
1989-05-14,26J/01H,0.0,18.614416,5.471922464839001
1989-05-15,26J/01H,0.0012969185000000002,21.615183,5.927452371357546
1989-05-16,26J/01H,0.0,21.548052,6.062570554086998
1989-05-17,26J/01H,0.0013681153,21.985819,6.046129340760063
1989-05-18,26J/01H,0.5535906,19.947632,5.481372963113941
1989-05-19,26J/01H,0.0031333465999999997,19.480314,5.302655340345823
1989-05-20,26J/01H,0.0034529507,20.198545,5.548472482554258
1989-05-21,26J/01H,0.062831833,18.055565,4.706584938774341
1989-05-22,26J/01H,4.82358,15.876148,3.8859151355139057
1989-05-23,26J/01H,5.746775400000001,14.990365,3.403458214587678
1989-05-24,26J/01H,6.0044146000000005,14.466751,3.934919738786689
1989-05-25,26J/01H,16.060671,15.604877,3.142993519352461
1989-05-26,26J/01H,9.309025,16.824202,3.365161647496687
1989-05-27,26J/01H,8.338353,16.40526,3.866899150469263
1989-05-28,26J/01H,10.683643,16.694845,3.8770269280958503
1989-05-29,26J/01H,10.628645500000001,16.845829,3.978166419372893
1989-05-30,26J/01H,2.1774,17.168613,3.467419773191648
1989-05-31,26J/01H,1.1700519999999999,17.331982,3.431302623052608
1989-06-01,26J/01H,0.088899086,16.800152,3.848682256425256
1989-06-02,26J/01H,0.3406537,16.656347,3.722605852809852
1989-06-03,26J/01H,0.0071893735,16.598944,4.352635176758463
1989-06-04,26J/01H,2.3973135e-05,16.838743,4.888521773045559
1989-06-05,26J/01H,0.0016754596,17.153154,4.453869038527545
1989-06-06,26J/01H,0.00085234636,17.075348,4.621765685529302
1989-06-07,26J/01H,0.0,17.438242,4.714080176610561
1989-06-08,26J/01H,0.00084882414,16.998224,4.505733633608185
1989-06-09,26J/01H,0.0,16.455263,4.609436669743347
1989-06-10,26J/01H,0.00044107437,18.850538,5.481874355336839
1989-06-11,26J/01H,0.0,22.698713,6.508467133381915
1989-06-12,26J/01H,0.0008620401600000001,23.15325,6.132403048296372
1989-06-13,26J/01H,0.0,23.337473,6.3218121690237306
1989-06-14,26J/01H,0.21028517,22.7753,6.099654542866574
1989-06-15,26J/01H,0.040903587000000005,25.880775,6.089743038373329
1989-06-16,26J/01H,0.03694825,26.65954,6.781142882894891
1989-06-17,26J/01H,0.027368780000000002,24.787283,5.849534905126972
1989-06-18,26J/01H,0.29714478000000005,21.31139,5.079356333612007
1989-06-19,26J/01H,0.8543852500000001,21.015352,5.237783920339482
1989-06-20,26J/01H,4.482941,22.182749,5.5178654183588165
1989-06-21,26J/01H,0.047795155,24.168549,5.984099854910983
1989-06-22,26J/01H,0.0012814989000000001,25.912802,6.641923331321604
1989-06-23,26J/01H,0.0,27.745848,6.77631011245733
1989-06-24,26J/01H,0.0004266249,28.414984,7.03021060066824
1989-06-25,26J/01H,0.0021409833,27.21672,7.001549416133974
1989-06-26,26J/01H,0.0,25.22684,6.147041747389998
1989-06-27,26J/01H,0.0012938544999999998,22.008972,5.782396469743875
1989-06-28,26J/01H,0.0012113774,22.103758,5.990608640805891
1989-06-29,26J/01H,0.00043511385,23.971727,6.968452221806165
1989-06-30,26J/01H,0.0021398872999999997,26.262705,6.916232442562019
1989-07-01,26J/01H,0.0017290775,23.970255,6.261278751794533
1989-07-02,26J/01H,0.0012761093,24.594666,7.00417409351138
1989-07-03,26J/01H,0.0022731764,21.527857,5.036309857445893
1989-07-04,26J/01H,0.116672874,19.80225,4.382063721722324
1989-07-05,26J/01H,0.07032361000000001,20.052584,5.03046578152498
1989-07-06,26J/01H,0.17920503,20.725319,5.166826422094149
1989-07-07,26J/01H,0.0008642672999999999,22.04225,5.735348502369119
1989-07-08,26J/01H,0.0008553266000000001,22.120728,5.926346634028143
1989-07-09,26J/01H,0.00091741997,23.094818,6.442982519731287
1989-07-10,26J/01H,0.0030050168,27.248909,7.63366131818158
1989-07-11,26J/01H,0.0018712448,28.347656,6.812227695364649
1989-07-12,26J/01H,0.0017046924000000002,28.272781,7.247301409300162
1989-07-13,26J/01H,0.0017125611999999999,27.55274,6.419263498598278
1989-07-14,26J/01H,0.002998112,28.40833,7.379973305152795
1989-07-15,26J/01H,0.0008548715000000001,27.702684,6.974800713388842
1989-07-16,26J/01H,0.0016875273,24.876951,7.125487974494761
1989-07-17,26J/01H,0.0017082630000000002,27.067156,7.812484419820688
1989-07-18,26J/01H,0.0004351138,29.843882,7.6327938126194175
1989-07-19,26J/01H,0.0,29.059746,6.512037486087361
1989-07-20,26J/01H,0.12808383,28.43402,7.099124246217906
1989-07-21,26J/01H,0.50301135,27.608803,6.526198139246914
1989-07-22,26J/01H,0.0025170064,22.905098,5.398898782047159
1989-07-23,26J/01H,0.0034350667000000003,22.463968,5.298636242034673
1989-07-24,26J/01H,0.00085444987,24.314423,6.402845635595853
1989-07-25,26J/01H,0.0012875718,27.985487,7.2350278919079
1989-07-26,26J/01H,0.0008702277,29.154425,7.137590255596806
1989-07-27,26J/01H,0.0008401983400000001,29.824265,7.004142348252542
1989-07-28,26J/01H,0.0025629987999999998,29.495398,6.480108234026155
1989-07-29,26J/01H,0.0017058936,28.386095,6.230484372978669
1989-07-30,26J/01H,0.0008583069,28.583128,6.777824555651831
1989-07-31,26J/01H,0.0017211277,29.697075,6.965634240560091
1989-08-01,26J/01H,0.019924753,29.919554,7.213248974899825
1989-08-02,26J/01H,0.003635718,25.112022,5.541916236615539
1989-08-03,26J/01H,0.49008957,22.55411,3.93133788752344
1989-08-04,26J/01H,0.109695526,22.601006,4.768709872187184
1989-08-05,26J/01H,0.004370559,21.763458,4.79595674962382
1989-08-06,26J/01H,0.0004997137,22.194063,5.123530100320693
1989-08-07,26J/01H,0.0013652575,23.012777,5.49708094873657
1989-08-08,26J/01H,0.0,24.709105,5.819260165086424
1989-08-09,26J/01H,0.12503071,25.467033,5.873053733542159
1989-08-10,26J/01H,6.9968455e-05,23.859816,5.491555160387352
1989-08-11,26J/01H,0.005110026,23.439293,5.399653451813408
1989-08-12,26J/01H,0.011981866,23.369257,5.381087504059254
1989-08-13,26J/01H,0.0008702278000000001,23.56265,5.302851999548426
1989-08-14,26J/01H,0.0056527195,22.843115,5.003774436305672
1989-08-15,26J/01H,0.011976829000000001,23.193743,4.971499641782082
1989-08-16,26J/01H,0.012285977000000002,23.534935,4.765179448075707
1989-08-17,26J/01H,0.0,23.124548,5.423607844816128
1989-08-18,26J/01H,0.0012848723,23.579706,5.820799148481037
1989-08-19,26J/01H,0.001729737,23.23066,5.491601124287709
1989-08-20,26J/01H,0.0008583069,24.17154,5.780486671619483
1989-08-21,26J/01H,0.001706384,26.238798,6.409311478554707
1989-08-22,26J/01H,0.0004351138,27.886246,6.472919559634625
1989-08-23,26J/01H,0.08790702,28.267164,6.038186454106433
1989-08-24,26J/01H,0.0,27.218628,5.230982509985589
1989-08-25,26J/01H,0.004027648,24.901634,5.329060917079392
1989-08-26,26J/01H,0.003119583,23.0271,5.181532867910777
1989-08-27,26J/01H,0.004025013000000001,22.285658,4.559132621772185
1989-08-28,26J/01H,0.00089389884,22.18086,4.101066452421503
1989-08-29,26J/01H,1.3509525000000002,20.666376,2.927912269404888
1989-08-30,26J/01H,0.99002246,20.886385,3.5029104394666164
1989-08-31,26J/01H,0.0020555658000000004,22.733446,4.381181913772763
1989-09-01,26J/01H,0.0008612872,24.278036,5.195386779454926
1989-09-02,26J/01H,0.43558005000000005,24.101683,5.004067645896118
1989-09-03,26J/01H,3.1611458,23.60984,4.572427797060839
1989-09-04,26J/01H,5.408599000000001,22.59754,3.811957640962946
1989-09-05,26J/01H,5.5507285,21.857977,3.807466468079248
1989-09-06,26J/01H,6.1719062000000005,20.317356,3.3847235762239247
1989-09-07,26J/01H,13.339628000000001,19.095987,3.0517398391256667
1989-09-08,26J/01H,0.008504106,19.795908,3.3460437403347694
1989-09-09,26J/01H,0.06747161,18.936218,3.2324652197471844
1989-09-10,26J/01H,0.006041315,17.588991,3.093722407387879
1989-09-11,26J/01H,0.00085234636,18.34965,3.738943787686797
1989-09-12,26J/01H,0.0004351138,19.682594,4.042914078598368
1989-09-13,26J/01H,0.0,20.789316,4.108952999360087
1989-09-14,26J/01H,0.00048940298,21.833,4.536612163474482
1989-09-15,26J/01H,0.0021591532,22.155901,4.2582779376074
1989-09-16,26J/01H,0.0015441712999999999,20.742884,3.911570675829666
1989-09-17,26J/01H,0.40826566000000003,20.08092,3.633999847669189
1989-09-18,26J/01H,0.5904684,21.067186,3.1829203850130434
1989-09-19,26J/01H,0.010754146000000001,20.447065,3.283886759691024
1989-09-20,26J/01H,0.0008523463,21.142431,4.294628871878014
1989-09-21,26J/01H,0.0017335718,20.58042,3.923386310150716
1989-09-22,26J/01H,0.0017758130000000002,19.096521,3.27577289794761
1989-09-23,26J/01H,0.0012892708,19.389006,4.167529728004888
1989-09-24,26J/01H,0.011197734,20.553205,4.015523531414793
1989-09-25,26J/01H,0.0037243357000000003,20.13452,3.6164133763561512
1989-09-26,26J/01H,0.0017100137,21.756063,3.939408926071448
1989-09-27,26J/01H,0.0008553266000000001,24.182991,4.440672513429161
1989-09-28,26J/01H,0.00085292584,24.413857,4.676748656963234
1989-09-29,26J/01H,0.14336879,26.113203,4.499939170628827
1989-09-30,26J/01H,0.2672277,23.159454,3.286410032457177
1989-10-01,26J/01H,9.589656000000002,20.249908,2.4772177692351462
1989-10-02,26J/01H,0.13350029000000002,20.725676,3.020034805729079
1989-10-03,26J/01H,0.009760555,21.584284,3.359846423375503
1989-10-04,26J/01H,0.002666097,22.41365,3.5256190185112435
1989-10-05,26J/01H,0.06395278,21.858269,3.485735172133825
1989-10-06,26J/01H,0.0004351138,22.688019,3.4361723707364638
1989-10-07,26J/01H,0.0021487465,23.759933,3.722459561127884
1989-10-08,26J/01H,0.0,22.183481,3.6037460165096338
1989-10-09,26J/01H,0.0012993805,20.775097,3.336343279465401
1989-10-10,26J/01H,0.0012874599,20.366854,3.4409158334200454
1989-10-11,26J/01H,0.0012756164000000002,19.570717,3.317242376441408
1989-10-12,26J/01H,0.37631143,19.442091,2.705641446636855
1989-10-13,26J/01H,18.610467,17.67222,1.5699139872142036
1989-10-14,26J/01H,6.829725000000001,16.926252,1.8608820835134088
1989-10-15,26J/01H,0.48746555,17.646881,1.9114155455595316
1989-10-16,26J/01H,10.495356,16.794722,1.7249045326781989
1989-10-17,26J/01H,3.4420093,17.304888,1.7249616027660548
1989-10-18,26J/01H,0.13447789000000002,17.515217,2.0511913257191807
1989-10-19,26J/01H,0.0113608675,16.620089,2.0421975789849705
1989-10-20,26J/01H,0.0,15.993098,2.562347540532525
1989-10-21,26J/01H,0.0012990321000000001,17.570318,2.9199109341652347
1989-10-22,26J/01H,0.21179416,19.954908,2.376409500950416
1989-10-23,26J/01H,7.551309000000001,18.986256,1.548442319229559
1989-10-24,26J/01H,0.46314966,20.382357,1.997662245475032
1989-10-25,26J/01H,0.0022969592,20.394405,2.1370190557581448
1989-10-26,26J/01H,0.54114685,19.159681,2.0467689780627576
1989-10-27,26J/01H,3.4677043,17.163137,1.52673930408683
1989-10-28,26J/01H,0.0017158530999999999,15.46429,1.6424078819889687
1989-10-29,26J/01H,0.0004351138,16.251492,2.305428749672665
1989-10-30,26J/01H,0.0012934207,17.856485,2.586114987800329
1989-10-31,26J/01H,0.0,18.56051,2.573578214590103
1989-11-01,26J/01H,0.00085234636,17.251211,2.239550940254105
1989-11-02,26J/01H,0.19487096,15.812515,1.5722011216252263
1989-11-03,26J/01H,0.07111818,14.136531,1.538888489470863
1989-11-04,26J/01H,0.00044107437,11.662402,1.7490408593594156
1989-11-05,26J/01H,0.025988556,12.763215,1.5116737720564792
1989-11-06,26J/01H,0.0390188,13.830067,1.7117253753220376
1989-11-07,26J/01H,0.04384104,14.580218,1.4569932071101002
1989-11-08,26J/01H,0.3306297,14.776029,1.451547573755308
1989-11-09,26J/01H,0.0021844213,14.828583,1.6484488394641688
1989-11-10,26J/01H,0.0025771806000000003,14.997991,1.884111474430351
1989-11-11,26J/01H,0.9646591,16.467688,1.5089438910946027
1989-11-12,26J/01H,8.480585999999999,16.770182,1.3808389270014598
1989-11-13,26J/01H,0.46357056,18.822618,1.7156240067181316
1989-11-14,26J/01H,5.191866699999999,14.051225,1.2034728857661892
1989-11-15,26J/01H,1.8148737000000001,12.122294,1.284409902599681
1989-11-16,26J/01H,1.5127797,13.124188,1.3692166176608616
1989-11-17,26J/01H,6.915792499999999,11.821406,1.1118526521726175
1989-11-18,26J/01H,10.333801,12.13947,1.1789003654052412
1989-11-19,26J/01H,23.361066,13.5315485,0.7287389030261492
1989-11-20,26J/01H,4.4924688,13.39328,0.95616920320933
1989-11-21,26J/01H,2.6257642000000003,14.031814,1.1070993145181038
1989-11-22,26J/01H,23.64357,13.745683,1.1300147393309776
1989-11-23,26J/01H,3.4952688,13.066502,0.9681751701066053
1989-11-24,26J/01H,0.920785,13.207274,1.0807955305920374
1989-11-25,26J/01H,10.313243,14.182869,1.0460316616588772
1989-11-26,26J/01H,19.548773,14.636725,0.6392652682647217
1989-11-27,26J/01H,1.3351515999999999,14.685994,1.1374327570041212
1989-11-28,26J/01H,0.12816557,12.51154,1.1976851996466409
1989-11-29,26J/01H,3.5490808,12.5943,1.1079016058305444
1989-11-30,26J/01H,0.13789432,12.063994,1.1938782035502982
1989-12-01,26J/01H,0.0,11.02316,1.319461136502644
1989-12-02,26J/01H,0.0016053717000000002,11.894294,1.367439843240878
1989-12-03,26J/01H,25.13625,12.249103,0.618406524496421
1989-12-04,26J/01H,21.450494,14.490178,1.0529461511014957
1989-12-05,26J/01H,18.69913,15.164258,0.7612202108544394
1989-12-06,26J/01H,17.636078,13.674327,0.6669322820758704
1989-12-07,26J/01H,6.014575700000001,14.288598,0.7325418979050319
1989-12-08,26J/01H,3.2980178,13.924903,0.7037467587729248
1989-12-09,26J/01H,2.1224602,13.635724,0.8797252873306108
1989-12-10,26J/01H,0.09053918,13.093465,1.089044054008811
1989-12-11,26J/01H,2.4844346,11.910104,1.215399574093324
1989-12-12,26J/01H,3.6824502000000003,15.954952,1.0563147463041525
1989-12-13,26J/01H,4.407906,16.251783,0.5399747949814986
1989-12-14,26J/01H,8.798999,16.249655,0.4846041751108549
1989-12-15,26J/01H,0.21408719,16.884144,0.907878982892426
1989-12-16,26J/01H,26.567107,15.653507,0.837353382228017
1989-12-17,26J/01H,4.7502485,14.913793,0.8747165797603818
1989-12-18,26J/01H,11.300432,12.78098,0.7088310280940925
1989-12-19,26J/01H,0.14415387999999998,13.431854,1.1098663355585756
1989-12-20,26J/01H,0.06935076999999999,14.877919,0.9489795593603082
1989-12-21,26J/01H,7.4985474000000005,14.806098,1.1173205118578922
1989-12-22,26J/01H,2.4993195999999998,11.987015,1.052210025957046
1989-12-23,26J/01H,0.0005305556,10.425258,1.2109026167717338
1989-12-24,26J/01H,0.043585953000000004,9.232064,1.255047766899854
1989-12-25,26J/01H,54.78586,11.911746,0.7130273845227773
1989-12-26,26J/01H,3.5874026,10.77771,0.9105001160647488
1989-12-27,26J/01H,1.0948043,9.248803,1.1195008562884967
1989-12-28,26J/01H,11.403576,10.962209,0.5858773862301352
1989-12-29,26J/01H,0.33202692,10.67017,1.0045691926054907
1989-12-30,26J/01H,0.28147098,9.840613,1.1019436339189443
1989-12-31,26J/01H,0.041157179999999995,11.077442,1.0685035933285971
1990-01-01,26J/01H,2.9202588,10.919024,1.0504892881830292
1990-01-02,26J/01H,7.829128,9.267943,1.2045737249927138
1990-01-03,26J/01H,1.8164147000000002,8.655638,0.7993810796741361
1990-01-04,26J/01H,0.30808987000000004,9.442502,1.0428538969548755
1990-01-05,26J/01H,0.3892403,11.169915,0.9884167461378184
1990-01-06,26J/01H,0.7152785,10.445671,1.18149309705227
1990-01-07,26J/01H,0.020716984,10.396456,1.1750113432740517
1990-01-08,26J/01H,0.00085532653,7.722751,1.2131250489424026
1990-01-09,26J/01H,0.0021405094,8.417972,1.2177165522788125
1990-01-10,26J/01H,0.0008702277499999999,7.2656655,1.2494102556333715
1990-01-11,26J/01H,0.0008523463,6.673486,1.15140255859296
1990-01-12,26J/01H,0.00044107437,7.804355,1.2925692654816447
1990-01-13,26J/01H,0.0004351138,8.030491,1.2876046760196147
1990-01-14,26J/01H,0.00085532653,8.061007,1.2917111749236585
1990-01-15,26J/01H,0.0012934206,7.5232544,1.38775694336963
1990-01-16,26J/01H,0.0037204423,8.614057,1.4095196892378596
1990-01-17,26J/01H,0.5354449499999999,8.220975,1.322133890845083
1990-01-18,26J/01H,0.0017177073,8.175368,1.309313791872683
1990-01-19,26J/01H,0.0012777519,7.1224504,1.3435149605455463
1990-01-20,26J/01H,0.0,7.1877894,1.3950653791397865
1990-01-21,26J/01H,0.00085234636,7.816063,1.3334895427361846
1990-01-22,26J/01H,0.00085234636,7.4274063,1.40303930788144
1990-01-23,26J/01H,0.0017046922000000001,8.910966,1.5491572603013264
1990-01-24,26J/01H,0.3605589,12.892795,1.1481518617642423
1990-01-25,26J/01H,0.34689233,12.932179,1.0293081520806782
1990-01-26,26J/01H,0.8352339500000001,11.998096,1.0465435880099647
1990-01-27,26J/01H,8.040243,12.196372,1.1555707248549316
1990-01-28,26J/01H,1.5405631000000002,8.570786,1.1133233049037476
1990-01-29,26J/01H,2.701288,8.535824,1.4799496619962478
1990-01-30,26J/01H,0.0038590622,10.451466,1.4227501088830763
1990-01-31,26J/01H,4.90012,10.2053175,1.1166341818410357
1990-02-01,26J/01H,0.16351419,9.539715,1.477770117258541
1990-02-02,26J/01H,0.018479454,11.825089,1.4276902183347104
1990-02-03,26J/01H,0.013266970000000001,11.303871,1.649350586780825
1990-02-04,26J/01H,0.0065292826,12.23725,1.697237881888634
1990-02-05,26J/01H,0.0009448760000000001,12.745442,1.6129887125162792
1990-02-06,26J/01H,0.66147925,13.429269,1.7052281096361868
1990-02-07,26J/01H,0.00021307280000000002,12.80033,1.885988285111164
1990-02-08,26J/01H,0.18476231,13.477233,1.3164904900478756
1990-02-09,26J/01H,0.0012086788,13.022765,1.8570274218550549
1990-02-10,26J/01H,0.21967746,12.811881,1.4720284227385088
1990-02-11,26J/01H,0.054101654000000006,11.478631,1.1972560113041104
1990-02-12,26J/01H,0.023183994,11.608224,1.497369949834292
1990-02-13,26J/01H,0.0049875016,12.031124,1.5371738558798926
1990-02-14,26J/01H,0.0008523463,10.571601,1.9515291248705529
1990-02-15,26J/01H,0.0004351138,10.509398,1.901823697823986
1990-02-16,26J/01H,0.0025689597000000002,10.232665,1.8125481456428056
1990-02-17,26J/01H,0.0027140636,10.473479,2.100937999348657
1990-02-18,26J/01H,0.5451869,10.63572,1.8471596813513904
1990-02-19,26J/01H,0.0021467520000000005,12.892783,2.38283078994241
1990-02-20,26J/01H,0.035083866,13.623951,2.440323429860427
1990-02-21,26J/01H,0.009575319,14.683881,2.312755955415198
1990-02-22,26J/01H,0.0012867404000000001,14.321681,2.186442902671036
1990-02-23,26J/01H,0.0012898035000000001,14.5128565,2.2905970332373955
1990-02-24,26J/01H,0.0,13.950463,2.488612728343736
1990-02-25,26J/01H,0.182284,12.558642,1.6884833070807228
1990-02-26,26J/01H,0.0001382001,12.313737,2.3451948389271773
1990-02-27,26J/01H,0.0014973619,12.958327,2.2663181693842938
1990-02-28,26J/01H,0.0010328445,12.479207,2.120212576109315
1990-03-01,26J/01H,0.0012814989000000001,11.396901,2.220321906711942
1990-03-02,26J/01H,0.08653796,12.828549,2.286314384017295
1990-03-03,26J/01H,25.738063999999998,8.254105,1.6277174963757473
1990-03-04,26J/01H,6.3161890000000005,11.170463,1.875388605943496
1990-03-05,26J/01H,10.125306,12.005515,1.8688369397877045
1990-03-06,26J/01H,3.0727239,12.58331,2.195284071662515
1990-03-07,26J/01H,8.899533,12.533764,2.1312807156624807
1990-03-08,26J/01H,1.6093921,12.6172495,2.2562815572545984
1990-03-09,26J/01H,0.0012863129,13.495368,2.705110549972816
1990-03-10,26J/01H,2.2197036,14.564492,2.585053653878921
1990-03-11,26J/01H,0.5052784,14.682607,1.9479199614558091
1990-03-12,26J/01H,0.21378149999999999,13.879998,2.2729191186915965
1990-03-13,26J/01H,0.005067583,13.305903,1.8476559019393344
1990-03-14,26J/01H,0.0012874597000000002,13.03437,2.701862974404281
1990-03-15,26J/01H,0.0030062547,14.611516,3.203836996657329
1990-03-16,26J/01H,0.0,15.2109785,3.002145098376668
1990-03-17,26J/01H,0.0021364758,14.983365,2.7675058409774214
1990-03-18,26J/01H,0.0,15.314351,2.933806651311793
1990-03-19,26J/01H,0.0004351138,16.039476,3.142465372175672
1990-03-20,26J/01H,0.0,16.146252,3.16470069325948
1990-03-21,26J/01H,0.0017285339,15.918065,3.3796641643232244
1990-03-22,26J/01H,0.0,16.652996,3.628818434372008
1990-03-23,26J/01H,0.08183938,13.412929,2.6145502984833024
1990-03-24,26J/01H,0.18428606,13.966984,2.610576963403192
1990-03-25,26J/01H,0.0010826465,15.377255,3.4815435908000483
1990-03-26,26J/01H,0.0017225739000000001,15.694715,3.0380948884701864
1990-03-27,26J/01H,0.0008583069,13.528766,3.391044026468661
1990-03-28,26J/01H,0.0017227566000000002,13.154331,3.317677343756402
1990-03-29,26J/01H,0.0008523463,13.283801,3.251731973449553
1990-03-30,26J/01H,2.5814355,13.297484,2.8120492017526773
1990-03-31,26J/01H,1.6422139,14.565296,2.694457642550784
1990-04-01,26J/01H,7.3085977,13.993584,2.1520460583647454
1990-04-02,26J/01H,0.42222192000000003,12.374493,2.3572782018166643
1990-04-03,26J/01H,0.059598396000000005,11.676853,2.649945973104734
1990-04-04,26J/01H,4.1605527,12.855553,2.43201123258062
1990-04-05,26J/01H,29.915668000000004,13.312366,2.1509003418444266
1990-04-06,26J/01H,5.5149634,11.324688,2.056026848721348
1990-04-07,26J/01H,6.4258403,11.464475,2.808096867381005
1990-04-08,26J/01H,6.064105,11.674377,2.3529255784836933
1990-04-09,26J/01H,1.1199716000000002,11.123155,2.960209054000732
1990-04-10,26J/01H,0.00043511385,11.496277,2.9251340584865475
1990-04-11,26J/01H,0.0021473517000000003,13.299404,3.43909838095676
1990-04-12,26J/01H,0.0,14.839413,4.041003660732372
1990-04-13,26J/01H,0.19884975,13.317959,2.8626665609009
1990-04-14,26J/01H,0.0,13.209023,3.3094460048341103
1990-04-15,26J/01H,0.00085234636,14.445537,3.568907484484222
1990-04-16,26J/01H,0.0025749197000000004,14.50554,3.7810734500434497
1990-04-17,26J/01H,0.0012892797,15.271888,4.038353214615889
1990-04-18,26J/01H,0.0,15.61234,3.845027618801775
1990-04-19,26J/01H,0.0,15.520305,3.9143980332091215
1990-04-20,26J/01H,0.0,12.902424,3.1309671936986043
1990-04-21,26J/01H,0.66336414,11.142159,2.846148877295297
1990-04-22,26J/01H,0.5901982400000001,11.464005,2.9626206837599414
1990-04-23,26J/01H,0.19321091999999998,12.668307,3.6526193685128994
1990-04-24,26J/01H,0.59568195,13.115638,3.3940333600376915
1990-04-25,26J/01H,2.3239954,13.443314,3.7694727583073786
1990-04-26,26J/01H,1.8634323,13.259826,3.798748199676696
1990-04-27,26J/01H,1.0451320000000002,17.304224,4.377789059741501
1990-04-28,26J/01H,18.351615000000002,14.881907,3.097197103241103
1990-04-29,26J/01H,5.1457666,14.178174,3.3441978477196472
1990-04-30,26J/01H,5.909936,15.075696,3.130494113812748
1990-05-01,26J/01H,6.0296177,15.087212,3.6822988500937046
1990-05-02,26J/01H,1.8942115,16.32746,3.9509998588702393
1990-05-03,26J/01H,0.00239397,17.048178,4.330059122155973
1990-05-04,26J/01H,0.0015086464,17.425417,4.412641951925329
1990-05-05,26J/01H,0.0017103713000000001,17.767214,4.503503297365289
1990-05-06,26J/01H,0.005990217000000001,18.311691,4.77805883479453
1990-05-07,26J/01H,0.034227833,18.413826,4.614663881620065
1990-05-08,26J/01H,0.006089491,18.144552,4.473518844886719
1990-05-09,26J/01H,0.556089,18.17723,4.322912817785167
1990-05-10,26J/01H,0.012042921,19.182146,4.979121389651874
1990-05-11,26J/01H,0.58733466,18.964544,4.3995481865449975
1990-05-12,26J/01H,0.8109393300000001,17.107563,3.087180621773672
1990-05-13,26J/01H,0.38524075,17.232439,3.593235866249564
1990-05-14,26J/01H,0.0073201640000000005,16.743284,4.499827319708269
1990-05-15,26J/01H,0.000884255,18.194891,4.769658389376498
1990-05-16,26J/01H,0.0571734,18.159746,4.746230938751578
1990-05-17,26J/01H,0.001281499,16.81988,4.347989013451904
1990-05-18,26J/01H,0.08603893,17.636133,4.365782258012357
1990-05-19,26J/01H,0.0009415276,17.11012,4.386433643505177
1990-05-20,26J/01H,0.012511307000000001,16.760399,4.0953048601834645
1990-05-21,26J/01H,0.0048735647,16.605333,4.4424874884739936
1990-05-22,26J/01H,0.000907852,16.129747,4.204545945757475
1990-05-23,26J/01H,0.084207825,16.079832,3.8165746383388544
1990-05-24,26J/01H,0.0069618816,17.31465,4.747520350616858
1990-05-25,26J/01H,0.19180994999999998,18.401525,5.085444083579257
1990-05-26,26J/01H,0.30523502,19.037714,5.080024757906783
1990-05-27,26J/01H,0.009306527000000002,20.268719,4.980370533658083
1990-05-28,26J/01H,0.0004261732,22.096182,6.0905440337521535
1990-05-29,26J/01H,0.0,22.339037,6.050542128507237
1990-05-30,26J/01H,0.0008583069,24.144758,6.609218277798723
1990-05-31,26J/01H,0.0,23.649292,5.861469228457191
1990-06-01,26J/01H,0.09814187,23.553202,6.034549680578763
1990-06-02,26J/01H,1.4441145,21.438421,4.320890565783306
1990-06-03,26J/01H,0.49051880000000003,21.095245,4.872338195651351
1990-06-04,26J/01H,0.00072171664,20.405045,4.981865241841526
1990-06-05,26J/01H,0.00086426735,19.066626,4.395263660527635
1990-06-06,26J/01H,0.0008523464,19.341097,5.374825003101249
1990-06-07,26J/01H,0.0,20.80969,5.810197248992358
1990-06-08,26J/01H,0.0017075626,21.449898,6.062916122606684
1990-06-09,26J/01H,0.0,20.146555,5.254318917910259
1990-06-10,26J/01H,0.001578649,18.33062,4.6244140728563865
1990-06-11,26J/01H,0.046216946,19.591097,5.229758926693656
1990-06-12,26J/01H,0.0019668485,19.934214,5.28791511675982
1990-06-13,26J/01H,0.05849735,18.609873,4.486608693556931
1990-06-14,26J/01H,0.1190025,18.910604,4.5168475087206446
1990-06-15,26J/01H,0.0048087034,18.840525,5.465507535310243
1990-06-16,26J/01H,0.0014382724000000001,17.954313,4.222315673330432
1990-06-17,26J/01H,0.03978081000000001,18.567059,4.438803178061737
1990-06-18,26J/01H,0.0004261732,18.82709,5.374262924297677
1990-06-19,26J/01H,0.28207645000000003,19.316076,4.587249212917071
1990-06-20,26J/01H,0.010392766999999999,19.246038,4.844103576956619
1990-06-21,26J/01H,0.034442856,18.858372,5.164255434443375
1990-06-22,26J/01H,0.10607586000000001,20.763596,4.747481983723877
1990-06-23,26J/01H,0.0013422605,23.591661,6.9899068673073215
1990-06-24,26J/01H,0.00044107437,25.15236,6.825148429681152
1990-06-25,26J/01H,0.006108215,24.175194,5.168422174301209
1990-06-26,26J/01H,0.00099877304,23.279732,6.43840010886705
1990-06-27,26J/01H,0.0053040442,21.68604,5.278937123512364
1990-06-28,26J/01H,0.001716613,20.71974,5.560229686356503
1990-06-29,26J/01H,0.0,20.735645,5.543775781857565
1990-06-30,26J/01H,0.0,21.473425,5.839016992904486
1990-07-01,26J/01H,0.001274154,21.161098,6.1766978037850535
1990-07-02,26J/01H,0.0,22.391012,6.229964258332936
1990-07-03,26J/01H,0.0012993805,22.502373,5.541841707792351
1990-07-04,26J/01H,0.00084638596,23.685455,6.400855200586531
1990-07-05,26J/01H,0.0054868574,24.304739,6.471479639548623
1990-07-06,26J/01H,0.0012800128,23.489601,6.3656368729883805
1990-07-07,26J/01H,0.00085234636,25.41282,6.642453987073617
1990-07-08,26J/01H,0.0012781593,26.914217,6.616689442317296
1990-07-09,26J/01H,0.0008463859,28.54187,7.457295877954411
1990-07-10,26J/01H,0.0004351138,28.666536,7.111468615445517
1990-07-11,26J/01H,0.0021448931999999998,27.480536,6.789251369843477
1990-07-12,26J/01H,0.001727366,25.116814,5.955374486072082
1990-07-13,26J/01H,0.0064707017,22.124651,5.428942445616984
1990-07-14,26J/01H,0.0012619716000000002,20.443174,4.850710983112225
1990-07-15,26J/01H,0.0014309739,22.631723,5.967520030666922
1990-07-16,26J/01H,0.003016382,27.400347,7.498283406747989
1990-07-17,26J/01H,0.00044107437,28.533401,7.456851236312536
1990-07-18,26J/01H,0.00044107437,29.171816,7.355367676738599
1990-07-19,26J/01H,0.001716613,29.945374,6.731821202051345
1990-07-20,26J/01H,0.0,29.074404,6.851666021251874
1990-07-21,26J/01H,0.0054618950000000005,28.44255,6.870100569850234
1990-07-22,26J/01H,0.001534115,29.618645,7.041747760539256
1990-07-23,26J/01H,0.001281499,29.266619,7.305003605714255
1990-07-24,26J/01H,0.0,28.19692,6.947862910370096
1990-07-25,26J/01H,0.0015926145000000002,22.825495,5.095704480412165
1990-07-26,26J/01H,0.016256226000000002,22.621065,5.124473347328807
1990-07-27,26J/01H,0.00089208245,21.985825,5.051490744598424
1990-07-28,26J/01H,0.0012837654,21.759117,5.049653072976684
1990-07-29,26J/01H,0.0,23.87945,6.484726245955076
1990-07-30,26J/01H,0.0,25.193415,6.323242105727277
1990-07-31,26J/01H,0.0012708707,25.613398,6.593155644718589
1990-08-01,26J/01H,0.0008583069,25.999702,6.567138331317253
1990-08-02,26J/01H,0.0048436847,25.654398,6.717229537174145
1990-08-03,26J/01H,0.0008547892000000001,28.709244,7.526853592350482
1990-08-04,26J/01H,0.00044133097,30.660837,7.294650185405115
1990-08-05,26J/01H,0.120302986,30.221693,7.17026347306526
1990-08-06,26J/01H,0.0008910644,28.308847,7.051936648844234
1990-08-07,26J/01H,0.00085234636,27.139076,6.201565787043441
1990-08-08,26J/01H,0.00043511385,26.520815,5.858068478708925
1990-08-09,26J/01H,0.028112879,26.710875,5.27673815891494
1990-08-10,26J/01H,0.0,27.033852,6.283044683789818
1990-08-11,26J/01H,0.0,26.780474,6.544926554171137
1990-08-12,26J/01H,0.0025718426999999998,26.460127,6.285002735965833
1990-08-13,26J/01H,0.0008583069,23.422735,5.562735202225078
1990-08-14,26J/01H,0.0012874597000000002,23.074118,5.376857209488514
1990-08-15,26J/01H,0.00043511385,23.085066,5.406810025133378
1990-08-16,26J/01H,0.0009029658000000001,24.180311,5.787833545380624
1990-08-17,26J/01H,0.001714774,26.029562,6.244555266190605
1990-08-18,26J/01H,0.0017046922000000001,27.751816,6.328229492722046
1990-08-19,26J/01H,0.38228870000000004,24.633575,4.742294447246649
1990-08-20,26J/01H,0.048043236,22.319773,4.475377103019419
1990-08-21,26J/01H,0.16058482000000002,22.238358,4.439663897034189
1990-08-22,26J/01H,1.5793126,22.194962,4.015125997636224
1990-08-23,26J/01H,0.0017513809,22.622171,4.82297655916428
1990-08-24,26J/01H,0.00014183103,22.49397,4.8397991135662215
1990-08-25,26J/01H,2.3814399e-05,23.00598,5.080909064592192
1990-08-26,26J/01H,0.0,24.317987,5.8338998221224605
1990-08-27,26J/01H,0.0,25.813845,5.87382790436638
1990-08-28,26J/01H,0.0021717997,24.89641,5.056079482627144
1990-08-29,26J/01H,0.0020249736,22.104225,4.383196219772475
1990-08-30,26J/01H,0.032444473,22.210054,3.9064328134290656
1990-08-31,26J/01H,0.00085532665,22.79671,4.76366291072775
1990-09-01,26J/01H,0.0,23.276117,4.972647782106939
1990-09-02,26J/01H,0.00046488875000000004,22.700722,4.713944560940333
1990-09-03,26J/01H,0.008788935000000001,23.13223,4.897680422585208
1990-09-04,26J/01H,0.0008583069,25.011103,5.206470774297557
1990-09-05,26J/01H,0.0021487467,25.19185,5.345354425308323
1990-09-06,26J/01H,0.0,23.62457,4.842325794460192
1990-09-07,26J/01H,0.0025017467000000002,21.926706,4.426344804025471
1990-09-08,26J/01H,0.00047262028,21.64102,4.329970287958095
1990-09-09,26J/01H,0.0015961032,21.53264,4.211895027634767
1990-09-10,26J/01H,0.5829538599999999,22.729467,4.535630518096373
1990-09-11,26J/01H,0.015022403,22.672577,4.2577195748345735
1990-09-12,26J/01H,0.23923021,21.958971,3.932360652081595
1990-09-13,26J/01H,0.041556168,21.395752,3.837924293099345
1990-09-14,26J/01H,0.00043511385,22.422836,4.16046612361546
1990-09-15,26J/01H,0.014278189,22.486048,4.146246681096868
1990-09-16,26J/01H,0.15963315,22.521063,4.060529654387779
1990-09-17,26J/01H,0.025502434,21.781126,3.963048488523594
1990-09-18,26J/01H,4.5451464999999995,22.051386,4.209840200533235
1990-09-19,26J/01H,4.3901655,22.140585,3.300873795395587
1990-09-20,26J/01H,0.007342430600000001,20.61582,3.632064318249565
1990-09-21,26J/01H,0.0012940018,20.79609,3.6314858400612864
1990-09-22,26J/01H,0.43929404,19.340784,3.35334024210682
1990-09-23,26J/01H,0.059964695,18.774544,2.954202068138469
1990-09-24,26J/01H,0.022275097,19.498795,3.172091870912061
1990-09-25,26J/01H,0.07888876,19.28884,3.4384078442045367
1990-09-26,26J/01H,0.0014460331,20.768244,3.53294917379071
1990-09-27,26J/01H,0.023415980000000003,24.105835,3.824561318963565
1990-09-28,26J/01H,0.31543338,25.51074,3.80101889290666
1990-09-29,26J/01H,0.55632245,23.595327,3.2007512750211644
1990-09-30,26J/01H,0.7646116,21.086256,2.6113794131031645
1990-10-01,26J/01H,0.034516975000000005,20.630419,3.1182845886736428
1990-10-02,26J/01H,0.00085234636,19.798246,3.0869124732558944
1990-10-03,26J/01H,2.6228552,17.54404,2.680332974343298
1990-10-04,26J/01H,0.15159265,18.263613,2.400652326563257
1990-10-05,26J/01H,0.0017150661000000002,20.901201,3.400735974615211
1990-10-06,26J/01H,0.00085234636,20.94776,3.491000816956661
1990-10-07,26J/01H,0.0012996198000000002,17.894594,2.7037671237037464
1990-10-08,26J/01H,0.0017124085,16.941565,2.640895523034624
1990-10-09,26J/01H,0.0017429984,17.462126,3.091373243861803
1990-10-10,26J/01H,0.0017288431,18.68967,3.312168126247051
1990-10-11,26J/01H,0.0034299603,19.68477,3.262281862726232
1990-10-12,26J/01H,0.37258569999999996,18.326494,2.4187930066167023
1990-10-13,26J/01H,6.997955,19.26442,1.9964323108420177
1990-10-14,26J/01H,8.663378000000002,20.21657,2.2708033362152125
1990-10-15,26J/01H,1.3714751,16.92715,1.7042209675641489
1990-10-16,26J/01H,7.22737,16.634523,1.7559044799663872
1990-10-17,26J/01H,0.98145746,15.70282,1.862343305206136
1990-10-18,26J/01H,6.0767827,15.338586,1.8057429206407212
1990-10-19,26J/01H,0.11586259,15.641941,1.8350448336928105
1990-10-20,26J/01H,2.552679,14.999573,2.1257305906058623
1990-10-21,26J/01H,9.448885,13.968053,1.644886637897564
1990-10-22,26J/01H,3.9259084,14.219109,1.6389795982764788
1990-10-23,26J/01H,1.0279408,16.553831,1.968842372565032
1990-10-24,26J/01H,0.8133683,15.680859,1.653467300623663
1990-10-25,26J/01H,0.2623532,14.452187,1.9138560735866013
1990-10-26,26J/01H,4.273180999999999,15.276088,1.5015379790443206
1990-10-27,26J/01H,0.001293226,13.790545,1.9608657337814728
1990-10-28,26J/01H,0.7065572499999999,15.484647,2.0284881667694905
1990-10-29,26J/01H,0.3574488,16.879932,1.6285767628340466
1990-10-30,26J/01H,0.80401624,17.804539,1.4592489231930608
1990-10-31,26J/01H,6.2521587,15.716507,1.8402416490444704
1990-11-01,26J/01H,0.0008557007,12.539872,1.891044426227724
1990-11-02,26J/01H,0.0017046922000000001,12.302357,1.7802419842096089
1990-11-03,26J/01H,0.0008523463,11.116572,1.824682280878512
1990-11-04,26J/01H,0.0008523464,10.6011305,1.8180399712200368
1990-11-05,26J/01H,0.53714105,12.058742,1.9510288823174295
1990-11-06,26J/01H,1.4370228,14.687797,1.3338302019541028
1990-11-07,26J/01H,23.886537,16.549364,1.0890251870569136
1990-11-08,26J/01H,7.372279300000001,16.36595,1.1273850426772878
1990-11-09,26J/01H,0.02413873,14.248505,1.4901270744383623
1990-11-10,26J/01H,0.0077686000000000005,14.164945,1.8229005608604647
1990-11-11,26J/01H,0.0030667434,14.064145,1.8554910198939665
1990-11-12,26J/01H,0.001716613,14.272369,1.89766056569184
1990-11-13,26J/01H,0.0,14.662955,1.9176837835005305
1990-11-14,26J/01H,0.0008523463,13.860851,1.7736575467438451
1990-11-15,26J/01H,0.00085234636,15.311297,1.959722301827112
1990-11-16,26J/01H,0.0012874599,14.556293,2.019380965113156
1990-11-17,26J/01H,0.0012871232,15.360454,1.9693891579791272
1990-11-18,26J/01H,0.002486694,13.155281,1.7848652704437966
1990-11-19,26J/01H,0.0028802547000000003,12.22746,1.6414917360791532
1990-11-20,26J/01H,0.008667548,11.651061,1.2257569567919806
1990-11-21,26J/01H,6.3419300000000005,10.854957,1.1564276666002078
1990-11-22,26J/01H,0.1270802,8.450572,1.0634493059218668
1990-11-23,26J/01H,0.9921862,9.080346,1.3801898435523006
1990-11-24,26J/01H,5.8124307,13.659626,0.9282387158620304
1990-11-25,26J/01H,2.4585403,10.663915,0.929822589200726
1990-11-26,26J/01H,0.18248032,9.276072,0.9912859270866516
1990-11-27,26J/01H,0.035824955000000006,8.702077,1.1943492170677614
1990-11-28,26J/01H,0.26065137,7.783195,1.1120734405324464
1990-11-29,26J/01H,0.0,7.567944,1.147131193863281
1990-11-30,26J/01H,0.0008523463,6.3263335,1.2750119809516918
1990-12-01,26J/01H,0.0021487467,8.246372,1.335591489747622
1990-12-02,26J/01H,0.912509,10.065259,1.2332549617220234
1990-12-03,26J/01H,3.61554,11.90821,1.0765704865391144
1990-12-04,26J/01H,5.0824277,12.800888,0.7873004140212588
1990-12-05,26J/01H,2.0550167999999998,13.260239,0.8565348762150534
1990-12-06,26J/01H,0.36321033,12.651776,1.0622019636059306
1990-12-07,26J/01H,0.061510307,11.972621,1.20859014437829
1990-12-08,26J/01H,5.9457656,10.026113,1.0334320286760768
1990-12-09,26J/01H,0.48040067,6.0998225,0.8699446480743332
1990-12-10,26J/01H,1.0000573000000001,6.869955,1.0726624568139542
1990-12-11,26J/01H,0.00043655562,8.191829,0.9070973729167756
1990-12-12,26J/01H,0.0,7.6381626,1.1097106029132633
1990-12-13,26J/01H,0.0,7.683134,1.2444984303227686
1990-12-14,26J/01H,5.2161034000000004e-05,8.702004,1.2778430496073658
1990-12-15,26J/01H,0.0012989682,8.276826,1.078127173692496
1990-12-16,26J/01H,0.7946028,8.987826,1.0581377975721278
1990-12-17,26J/01H,0.77088513,9.963188,1.0583567678157688
1990-12-18,26J/01H,5.6373594,10.313916,0.6995575015884159
1990-12-19,26J/01H,2.546453,9.927792,0.7978820436488496
1990-12-20,26J/01H,0.0028661242,8.766797,0.9671951596130014
1990-12-21,26J/01H,0.0012874599,7.764894,1.107235388574378
1990-12-22,26J/01H,0.0,6.5576606,1.183357861586246
1990-12-23,26J/01H,0.0,6.9615207,0.9724996827025648
1990-12-24,26J/01H,0.012321707,8.142711,1.1982398314877891
1990-12-25,26J/01H,1.5873414000000001,9.623115,1.1493096949044466
1990-12-26,26J/01H,0.46888025,12.301871,0.8640991344819559
1990-12-27,26J/01H,0.22457066,12.743691,1.009191446464397
1990-12-28,26J/01H,0.5312307,13.9726715,0.8280206273265819
1990-12-29,26J/01H,0.2282392,13.549647,1.0959628644262416
1990-12-30,26J/01H,0.029702091,12.653062,1.0211349889989525
1990-12-31,26J/01H,0.29608166999999996,12.268807,1.192162444191615
1991-01-01,26J/01H,0.0018458072000000002,10.371927,1.2018203533903309
1991-01-02,26J/01H,0.0004351138,8.329759,1.308949077408348
1991-01-03,26J/01H,0.0008712519,8.874743,1.2896367437775738
1991-01-04,26J/01H,0.028963999,9.136573,1.0441339211250082
1991-01-05,26J/01H,0.0021391106,8.091144,1.0919067192711545
1991-01-06,26J/01H,0.022117096,8.38024,1.2646148904769845
1991-01-07,26J/01H,5.2279883,11.974332,1.1069665080455615
1991-01-08,26J/01H,0.06544768999999999,11.491498,1.1072390110481365
1991-01-09,26J/01H,0.03543316,13.067501,1.194620205349999
1991-01-10,26J/01H,0.46250076,14.274934,1.0337830097241485
1991-01-11,26J/01H,6.1829785,13.54955,1.042806527586674
1991-01-12,26J/01H,0.43779803,9.247421,1.0583601385426638
1991-01-13,26J/01H,0.0017370194000000002,6.537515,1.2510977098815557
1991-01-14,26J/01H,0.001275539,5.278068,1.1099356805044969
1991-01-15,26J/01H,0.0,5.267961,1.250746944257937
1991-01-16,26J/01H,0.10124375000000001,6.9072604,1.2332003629400312
1991-01-17,26J/01H,0.12567434,11.497707,1.1438084411539988
1991-01-18,26J/01H,0.0054255766999999995,10.247354,1.2483833225916263
1991-01-19,26J/01H,4.7114734e-05,9.825565,1.3304153628972193
1991-01-20,26J/01H,0.0012925229,10.114032,1.4775088177109468
1991-01-21,26J/01H,0.0004351138,9.408291,1.355235785776948
1991-01-22,26J/01H,0.0004351138,7.6310554,1.3772526339175686
1991-01-23,26J/01H,0.07905258000000001,7.1551995,1.2201835469788986
1991-01-24,26J/01H,0.0012871851000000002,8.525068,1.249956166863016
1991-01-25,26J/01H,0.0004351138,7.5400147,1.3543086294003115
1991-01-26,26J/01H,0.00085234636,7.544964,1.4145436079197573
1991-01-27,26J/01H,0.0017166122,8.473409,1.373324282247692
1991-01-28,26J/01H,0.0012819171,8.991333,1.43920230746148
1991-01-29,26J/01H,0.96069824,7.823548,1.345505760756356
1991-01-30,26J/01H,0.0010279155,7.54319,1.26359775892384
1991-01-31,26J/01H,0.052483856,7.8888493,1.5684189744735415
1991-02-01,26J/01H,5.043803700000001,9.883747,1.2064515693533249
1991-02-02,26J/01H,3.081426,6.709213,1.1691497005849043
1991-02-03,26J/01H,0.0021406703,6.738622,1.5403011267300648
1991-02-04,26J/01H,0.0017225739000000001,7.2536597,1.599785306469372
1991-02-05,26J/01H,0.003003368,9.277799,1.7743776100984967
1991-02-06,26J/01H,7.6457817,10.863625,1.197607271100154
1991-02-07,26J/01H,0.5566073,9.56928,1.1619438637060855
1991-02-08,26J/01H,0.7694919,8.36457,1.3648240615019314
1991-02-09,26J/01H,1.0329061,9.563062,1.366221546464044
1991-02-10,26J/01H,0.93439844,9.3158045,1.3183875603167217
1991-02-11,26J/01H,0.0005079775,6.713713,1.598755434415493
1991-02-12,26J/01H,10.304058000000001,8.172893,0.807792104363898
1991-02-13,26J/01H,0.060394579999999996,8.564483,1.5194485033088163
1991-02-14,26J/01H,0.0004351138,6.347426,1.6571600768002066
1991-02-15,26J/01H,0.0021422620000000002,6.524126,1.6658195615757203
1991-02-16,26J/01H,4.331123,7.8428206,1.2970085527379225
1991-02-17,26J/01H,8.736568,5.6736197,0.6540903357804676
1991-02-18,26J/01H,6.7474717,7.7680087,1.3740360747555995
1991-02-19,26J/01H,0.45874036,9.2427435,1.434329874232239
1991-02-20,26J/01H,0.0031786666000000003,10.065714,2.0264860490214
1991-02-21,26J/01H,1.6974681,10.370434,1.5879494527042146
1991-02-22,26J/01H,0.06805369,9.843796,1.9372201421606043
1991-02-23,26J/01H,0.0013156188,10.854672,2.2231619330718955
1991-02-24,26J/01H,0.0020379472,11.913831,2.2243620266172632
1991-02-25,26J/01H,2.4050945,11.738216,1.4334967748523035
1991-02-26,26J/01H,0.04752996,11.520947,1.9666109745585152
1991-02-27,26J/01H,0.528064,10.878123,1.7540583467970734
1991-02-28,26J/01H,7.3898574,11.356509,1.3541478550562958
1991-03-01,26J/01H,1.7998236,11.480079,1.7472228887929295
1991-03-02,26J/01H,0.019078522,10.46256,1.803368298051388
1991-03-03,26J/01H,0.0017698708,11.161542,2.396543167606506
1991-03-04,26J/01H,1.3377000000000001,14.224808,2.097610760593394
1991-03-05,26J/01H,18.082062,11.805308,1.554015782629894
1991-03-06,26J/01H,10.401639,10.4140415,1.424326572301854
1991-03-07,26J/01H,7.5926616000000005,9.493702,1.5331790143361306
1991-03-08,26J/01H,2.8976300000000004,11.222766,1.788610302981129
1991-03-09,26J/01H,1.2694863,13.487106,1.7971918007242724
1991-03-10,26J/01H,0.6178493700000001,14.788114,1.7698712102773808
1991-03-11,26J/01H,0.46497726,14.982929,2.207979164168022
1991-03-12,26J/01H,6.210525,12.88627,1.978555670458035
1991-03-13,26J/01H,0.46610773,11.640896,2.174459510283126
1991-03-14,26J/01H,0.0010114415,13.360966,2.772561748282134
1991-03-15,26J/01H,0.010711816,13.314977,2.475771469322268
1991-03-16,26J/01H,0.7235086700000001,13.362042,1.984903451851996
1991-03-17,26J/01H,0.44428113,12.025285,1.9315681354197032
1991-03-18,26J/01H,0.0008523463,12.554687,2.7262296615737083
1991-03-19,26J/01H,0.0004746223,14.194251,3.3227269012818264
1991-03-20,26J/01H,0.0025740736000000003,15.957981,3.711851846751903
1991-03-21,26J/01H,0.579885,11.892339,2.1580909886159305
1991-03-22,26J/01H,3.726442,9.480276,1.9118441664415016
1991-03-23,26J/01H,0.061499794,9.688126,2.429783587657359
1991-03-24,26J/01H,0.025299322,9.304883,2.248952890978901
1991-03-25,26J/01H,0.0,10.1146,2.6474550799704275
1991-03-26,26J/01H,0.059280804000000006,10.758248,2.462867539405268
1991-03-27,26J/01H,0.43456635,11.48228,2.493102829246548
1991-03-28,26J/01H,0.003505635,14.125337,3.4935654443269226
1991-03-29,26J/01H,0.027908846,15.039181,3.425531640440684
1991-03-30,26J/01H,4.559558600000001,14.129975,2.6942706778100853
1991-03-31,26J/01H,1.1707808,13.974522,2.3795243823171144
1991-04-01,26J/01H,5.009483,12.619122,2.717213136308405
1991-04-02,26J/01H,0.06855656,12.478768,3.1255274605938963
1991-04-03,26J/01H,0.5254979,11.984254,2.399700054361219
1991-04-04,26J/01H,0.7201620000000001,10.919047,2.5691664349151564
1991-04-05,26J/01H,0.0012814989000000001,11.609504,2.2971613688589767
1991-04-06,26J/01H,0.004306664,11.896564,3.416695060431541
1991-04-07,26J/01H,0.0,14.931024,4.020322338258415
1991-04-08,26J/01H,0.0,16.714464,3.8235645898976176
1991-04-09,26J/01H,0.0,16.192762,4.145373932824556
1991-04-10,26J/01H,0.14362679,16.716593,4.165739963782129
1991-04-11,26J/01H,0.0013845624000000001,18.088167,4.158505352295241
1991-04-12,26J/01H,0.0021860263,16.878904,4.03013323766308
1991-04-13,26J/01H,0.0032992332000000004,11.368258,2.879620887530475
1991-04-14,26J/01H,2.1952627000000002,11.2611885,3.097582322417125
1991-04-15,26J/01H,9.519457000000001,11.721802,2.527301319143988
1991-04-16,26J/01H,3.4104710000000003,12.375567,2.7822414438249634
1991-04-17,26J/01H,5.135045,12.847272,2.7045881912269287
1991-04-18,26J/01H,0.44049637,12.900516,3.5837263894543963
1991-04-19,26J/01H,0.030482996000000002,13.622018,3.427750604782461
1991-04-20,26J/01H,0.25700403,14.267922,3.313897433676901
1991-04-21,26J/01H,10.197957,13.247991,3.063960704545831
1991-04-22,26J/01H,1.9114302,13.097107,3.267701002298917
1991-04-23,26J/01H,0.26724377,14.071141,3.711043384470317
1991-04-24,26J/01H,0.009350093,11.895356,2.877294526431848
1991-04-25,26J/01H,0.00043511385,11.711528,2.986841991963165
1991-04-26,26J/01H,0.10153834,11.866692,2.769921412837856
1991-04-27,26J/01H,0.005345099000000001,12.202584,3.3517504254975856
1991-04-28,26J/01H,0.36349887000000003,14.522702,3.275126353820694
1991-04-29,26J/01H,0.0027659938,17.101938,4.427544168324209
1991-04-30,26J/01H,0.0013540137999999999,18.296751,4.948028647514732
1991-05-01,26J/01H,0.0030748773,14.965463,3.618868895306549
1991-05-02,26J/01H,0.0,13.541869,3.738514284058596
1991-05-03,26J/01H,0.0004231929,13.448903,3.677999194008553
1991-05-04,26J/01H,0.0,14.279896,4.077911220751239
1991-05-05,26J/01H,0.0,14.247818,4.029539088358145
1991-05-06,26J/01H,0.00085234636,15.008435,4.203491576665567
1991-05-07,26J/01H,0.0030159945000000003,14.746802,4.478387594625127
1991-05-08,26J/01H,0.00085234636,13.910455,3.542932487998293
1991-05-09,26J/01H,0.0004351138,13.530682,3.888504401829138
1991-05-10,26J/01H,0.03815482,13.906391,4.002648451129796
1991-05-11,26J/01H,0.0017265103,16.133821,4.93219909515523
1991-05-12,26J/01H,0.0,17.709562,4.874966859852447
1991-05-13,26J/01H,0.00257194,19.395918,5.5712040374917855
1991-05-14,26J/01H,0.001716613,20.497538,5.771169250232749
1991-05-15,26J/01H,0.0018343587,18.299463,5.105036041210363
1991-05-16,26J/01H,0.19000304,19.638819,5.708278280436798
1991-05-17,26J/01H,0.0019038272000000001,19.773643,5.46589408184508
1991-05-18,26J/01H,0.0017106532000000002,21.422089,5.876657205560101
1991-05-19,26J/01H,0.00085234636,22.480757,5.751105484393441
1991-05-20,26J/01H,0.0012940764,21.447195,5.663466479207063
1991-05-21,26J/01H,0.0004261732,21.555342,5.744834746418068
1991-05-22,26J/01H,0.0004351138,21.37874,5.689942633620826
1991-05-23,26J/01H,0.0,21.980558,6.287943024907832
1991-05-24,26J/01H,0.0017099047000000002,23.742922,6.874553851446009
1991-05-25,26J/01H,0.0021517272,24.339317,5.882806379427743
1991-05-26,26J/01H,0.0030040736,24.267355,6.472887755509308
1991-05-27,26J/01H,0.21710045,22.86677,5.567417073237923
1991-05-28,26J/01H,0.0003830514,21.337412,5.37178915636932
1991-05-29,26J/01H,0.012670589,19.246725,4.223674979339013
1991-05-30,26J/01H,0.59484467,18.165756,4.258072212954857
1991-05-31,26J/01H,0.3564911,17.972822,4.175443977644648
1991-06-01,26J/01H,5.916262,18.097034,4.334456976957924
1991-06-02,26J/01H,5.017779000000001,18.497057,4.227824430812567
1991-06-03,26J/01H,0.25719812000000003,19.128557,4.6763425366668825
1991-06-04,26J/01H,0.0026101544,17.043163,4.443349324833019
1991-06-05,26J/01H,0.018179377,17.5048,4.773690038749455
1991-06-06,26J/01H,0.32555612,19.39689,4.03690294206904
1991-06-07,26J/01H,0.59063806,18.025377,3.5593832375383587
1991-06-08,26J/01H,0.0016801909,18.81065,4.846810129670252
1991-06-09,26J/01H,0.00085914946,21.141209,5.892073876757484
1991-06-10,26J/01H,0.0,20.989363,5.803190523773703
1991-06-11,26J/01H,0.0,22.324873,6.687011215301476
1991-06-12,26J/01H,0.0017133579,25.084387,7.1643105682728345
1991-06-13,26J/01H,0.0017328503,25.148767,6.976599781916828
1991-06-14,26J/01H,0.0,25.550203,7.174937474747332
1991-06-15,26J/01H,0.0017093216,24.515276,6.20748112739284
1991-06-16,26J/01H,0.008257329,20.808292,5.724298593159912
1991-06-17,26J/01H,0.0012814989000000001,20.561516,6.133918048148538
1991-06-18,26J/01H,0.0004351138,21.768175,6.120102011143519
1991-06-19,26J/01H,0.0008583069,21.974005,6.025444086282636
1991-06-20,26J/01H,0.0,21.369654,6.087720432173974
1991-06-21,26J/01H,0.0026042583,22.476824,6.105525620827649
1991-06-22,26J/01H,0.003433227,22.701727,6.293147206341747
1991-06-23,26J/01H,0.0008523464,24.312922,7.0020142449628935
1991-06-24,26J/01H,0.0,27.275904,7.755165843478211
1991-06-25,26J/01H,2.8260533000000002e-05,27.705431,7.578725521181543
1991-06-26,26J/01H,4.6806912999999996e-05,26.184221,6.985731582082458
1991-06-27,26J/01H,0.00042841544999999996,23.821684,6.883392056733072
1991-06-28,26J/01H,0.0008655125500000001,26.226067,7.176287162737274
1991-06-29,26J/01H,0.00085234636,26.735415,6.606841304068052
1991-06-30,26J/01H,0.0004351138,27.179026,6.600381491666815
1991-07-01,26J/01H,0.001275539,26.38189,6.376769835607351
1991-07-02,26J/01H,0.001716613,23.087248,5.700625548842358
1991-07-03,26J/01H,0.0013484195000000002,19.45207,4.81581707303343
1991-07-04,26J/01H,0.0025047636,18.377499,4.625201561771464
1991-07-05,26J/01H,0.00057739234,18.133955,4.636731834070193
1991-07-06,26J/01H,0.0034344893000000003,19.231932,5.149111124564765
1991-07-07,26J/01H,0.022930674,22.587255,5.63245531341725
1991-07-08,26J/01H,0.002583469,25.898546,6.7583827952479645
1991-07-09,26J/01H,0.0008583068,28.388815,7.541610750962947
1991-07-10,26J/01H,0.0008583069,28.227564,7.067477305879196
1991-07-11,26J/01H,0.0018739709,26.802221,6.706498212748059
1991-07-12,26J/01H,0.0,29.696642,8.094482163966047
1991-07-13,26J/01H,0.0008523464,31.414835,8.092376299419632
1991-07-14,26J/01H,0.00044107437,32.44286,8.268758192030969
1991-07-15,26J/01H,0.0062418303,32.526493,8.234808614406942
1991-07-16,26J/01H,0.0069978776,31.67417,8.210572044336097
1991-07-17,26J/01H,0.014529892,33.756172,8.497178739433604
1991-07-18,26J/01H,0.6340226,33.88879,8.041070050442219
1991-07-19,26J/01H,0.0,27.656332,6.839257027371506
1991-07-20,26J/01H,0.0026680524000000003,22.701235,5.421911739122747
1991-07-21,26J/01H,0.0016735355,22.260237,5.7033413179628045
1991-07-22,26J/01H,0.00088213736,23.31708,5.957382961381179
1991-07-23,26J/01H,0.0063480625,24.883078,6.543325118592617
1991-07-24,26J/01H,0.0017189378,24.00222,6.079714322737643
1991-07-25,26J/01H,0.0025666041,23.805239,6.45093002834474
1991-07-26,26J/01H,0.0,26.87472,7.294854719828626
1991-07-27,26J/01H,0.0,27.34092,6.850704499262673
1991-07-28,26J/01H,0.0016364689,23.343079,5.517029592797124
1991-07-29,26J/01H,0.3417384,20.600025,4.09926574752499
1991-07-30,26J/01H,0.06911943,19.318102,4.155426429783185
1991-07-31,26J/01H,0.0017297572000000002,20.848055,5.2987064450717885
1991-08-01,26J/01H,0.0,25.536451,6.663674849349695
1991-08-02,26J/01H,0.0008587513,29.135847,7.2462077125679905
1991-08-03,26J/01H,0.0008629725,29.318895,7.022805940992249
1991-08-04,26J/01H,0.007059577,27.48851,6.635911818976269
1991-08-05,26J/01H,0.0017531871,27.799547,7.139656665573754
1991-08-06,26J/01H,0.0016920694000000002,28.13124,6.8151069894169245
1991-08-07,26J/01H,0.001716613,24.901207,5.793242327991017
1991-08-08,26J/01H,0.0012818909999999998,25.271963,6.3395703409701145
1991-08-09,26J/01H,0.00042126808,28.049574,5.742577592741128
1991-08-10,26J/01H,0.0025830540000000004,27.214834,5.95803881379321
1991-08-11,26J/01H,0.00085926974,27.837427,6.384947362129456
1991-08-12,26J/01H,0.0,28.566881,6.570051184922277
1991-08-13,26J/01H,0.0,29.604006,6.72221020624193
1991-08-14,26J/01H,0.0008773997,27.058275,5.614594352928177
1991-08-15,26J/01H,0.0004351138,26.915977,6.469221949445891
1991-08-16,26J/01H,0.0,29.937593,6.585227383770755
1991-08-17,26J/01H,0.0012802620000000001,29.830658,6.805605892639047
1991-08-18,26J/01H,0.16957714999999998,26.307222,4.922808556238778
1991-08-19,26J/01H,7.903325999999999e-05,25.957895,6.199971898411945
1991-08-20,26J/01H,0.35572482000000005,28.952028,6.997699268396971
1991-08-21,26J/01H,0.005905592,23.135902,4.36195218617104
1991-08-22,26J/01H,0.19562316999999999,22.217064,4.226334964782105
1991-08-23,26J/01H,0.00085234636,22.729425,4.910569884233896
1991-08-24,26J/01H,0.00043511385,23.201353,5.623046328352388
1991-08-25,26J/01H,0.0004261732,24.079771,5.690015154980167
1991-08-26,26J/01H,0.10225635500000001,23.829775,4.443178735851927
1991-08-27,26J/01H,0.09439892600000001,22.913633,4.109735622112242
1991-08-28,26J/01H,0.05068374,22.542402,4.378399918966232
1991-08-29,26J/01H,0.02700845,21.727488,4.050987269146617
1991-08-30,26J/01H,0.09918354,21.459078,4.05466564696731
1991-08-31,26J/01H,2.396831e-05,22.294289,4.451075638139174
1991-09-01,26J/01H,0.0012814989000000001,23.965487,5.330196116216798
1991-09-02,26J/01H,0.0012838400999999999,23.801971,5.148086267161789
1991-09-03,26J/01H,0.0012904302,21.879698,4.328990923068699
1991-09-04,26J/01H,0.0025611246,21.905317,4.734828978800164
1991-09-05,26J/01H,0.021479824,23.314867,4.790070608263112
1991-09-06,26J/01H,0.0011299348,23.979189,4.4705617014457655
1991-09-07,26J/01H,0.0004261732,23.812902,4.8748854263731785
1991-09-08,26J/01H,0.16096459999999999,22.485275,4.086018205402187
1991-09-09,26J/01H,0.0007951098,22.462801,4.154985067902663
1991-09-10,26J/01H,0.14511601,23.017859,4.358716077193181
1991-09-11,26J/01H,0.37093988,22.376648,3.2222363950932524
1991-09-12,26J/01H,0.048640003,21.921064,3.477952769356474
1991-09-13,26J/01H,0.0013669627,22.67156,4.288699667752082
1991-09-14,26J/01H,0.0,24.989578,4.748535350248512
1991-09-15,26J/01H,0.0,26.205927,5.1299763076091445
1991-09-16,26J/01H,0.0021409307000000003,27.739424,5.260426759420182
1991-09-17,26J/01H,0.0004351138,28.435434,5.29779229237569
1991-09-18,26J/01H,0.0,28.738863,5.179291355271029
1991-09-19,26J/01H,0.26236777,28.651453,5.395286268763372
1991-09-20,26J/01H,0.16161903000000002,25.650444,4.106135414990176
1991-09-21,26J/01H,0.5524380999999999,24.223986,3.2416890014230977
1991-09-22,26J/01H,0.022854803,24.566637,4.039301857469643
1991-09-23,26J/01H,0.0017225739000000001,24.82023,4.263678537018686
1991-09-24,26J/01H,0.46345886000000003,23.212883,3.4372485844438
1991-09-25,26J/01H,0.18190388,20.09668,2.943612958104968
1991-09-26,26J/01H,0.0004351138,18.221132,2.753854072681364
1991-09-27,26J/01H,0.0004261732,17.274183,3.1090063410660416
1991-09-28,26J/01H,7.165028,16.62568,2.366870055060162
1991-09-29,26J/01H,0.32215481999999995,15.50373,2.265437883826554
1991-09-30,26J/01H,0.0,16.627932,2.912863419662922
1991-10-01,26J/01H,0.0,18.387589,3.4325040085280865
1991-10-02,26J/01H,0.0,21.43757,3.816447102123903
1991-10-03,26J/01H,0.0017292997000000001,20.425982,3.603314664889286
1991-10-04,26J/01H,0.0,20.889359,3.465095166721098
1991-10-05,26J/01H,0.0010723922,20.549818,3.399139153361334
1991-10-06,26J/01H,0.0008642672999999999,21.128534,3.839958127201245
1991-10-07,26J/01H,0.004877805000000001,20.349625,3.462756868143541
1991-10-08,26J/01H,0.03913022,15.568124,2.13615080614391
1991-10-09,26J/01H,9.608405000000001,14.115735,1.842639402151484
1991-10-10,26J/01H,5.939845,13.116122,1.7643117075764765
1991-10-11,26J/01H,7.072555,13.83139,1.6592561438451428
1991-10-12,26J/01H,8.499548,14.684745,1.835361010908297
1991-10-13,26J/01H,0.35666278,14.321696,1.9225192112840104
1991-10-14,26J/01H,0.41121387,14.823657,1.8966534461225204
1991-10-15,26J/01H,0.0020092292,14.550453,2.0434085053725424
1991-10-16,26J/01H,0.0,15.119694,2.515587495698496
1991-10-17,26J/01H,0.0012903656,15.933471,2.57519665580317
1991-10-18,26J/01H,0.0012899536000000001,16.549147,2.7010858323786
1991-10-19,26J/01H,0.003554341,15.06229,1.974703721999474
1991-10-20,26J/01H,0.00044107437,14.344162,2.160223887657996
1991-10-21,26J/01H,0.00043521386000000003,13.030514,2.222068101927383
1991-10-22,26J/01H,0.00085830677,12.827366,2.189572916157754
1991-10-23,26J/01H,0.25339674,13.01432,2.2031742895709296
1991-10-24,26J/01H,1.5471406,15.121505,2.0594534050057662
1991-10-25,26J/01H,18.337238000000003,14.699916,1.4117695477661307
1991-10-26,26J/01H,0.057495260000000006,14.257464,1.7315159311977038
1991-10-27,26J/01H,0.19342902,13.110906,1.8850489025094836
1991-10-28,26J/01H,0.14981438,14.025405,2.087548541650744
1991-10-29,26J/01H,0.01352585,15.317561,2.086949832134351
1991-10-30,26J/01H,0.0007740082,14.698466,2.092288817405279
1991-10-31,26J/01H,0.0022426238000000003,15.280955,2.174249613503336
1991-11-01,26J/01H,0.001393017,14.299843,2.140851540413461
1991-11-02,26J/01H,0.000606471,14.891158,2.2438636084351984
1991-11-03,26J/01H,0.006553186,15.952888,2.137950861678644
1991-11-04,26J/01H,0.64151636,15.85744,1.5315085697216666
1991-11-05,26J/01H,0.0013345232,12.100556,1.608683422243484
1991-11-06,26J/01H,0.0012855144,12.258438,1.929864514199389
1991-11-07,26J/01H,0.0017136327000000001,12.665498,1.9672158273111788
1991-11-08,26J/01H,0.0004351138,11.969787,1.926719362907911
1991-11-09,26J/01H,0.0008553266000000001,12.044949,1.9327117257647048
1991-11-10,26J/01H,0.0017099055,12.720486,1.958176537703869
1991-11-11,26J/01H,0.0017188294,12.680394,1.8777891918917151
1991-11-12,26J/01H,0.0,12.467307,1.7432268800463595
1991-11-13,26J/01H,3.011597,12.893093,1.5250069610531567
1991-11-14,26J/01H,0.09176103000000001,13.243462,1.3209275341420534
1991-11-15,26J/01H,1.4523706,16.008142,1.3832792009511132
1991-11-16,26J/01H,0.041423367,14.7156725,1.2899947897149997
1991-11-17,26J/01H,0.0020808692,13.80951,1.54757643394204
1991-11-18,26J/01H,0.15152591,13.417545,1.5902074970434443
1991-11-19,26J/01H,0.30704572,12.52049,1.1958702321993353
1991-11-20,26J/01H,0.001716613,10.396808,1.148790938927179
1991-11-21,26J/01H,0.0012934207,8.301376,1.1594061919781489
1991-11-22,26J/01H,0.00085905856,7.3458285,1.329293507040587
1991-11-23,26J/01H,0.00043511385,8.379336,1.4699272680292268
1991-11-24,26J/01H,0.023178106,10.912903,1.5598349399821705
1991-11-25,26J/01H,0.10169784500000001,14.520144,1.1362102839788986
1991-11-26,26J/01H,6.0399424,15.66238,1.3159725144995098
1991-11-27,26J/01H,1.02276337,12.98384,1.2964781993573378
1991-11-28,26J/01H,0.13570607,12.211148,1.3635090354633863
1991-11-29,26J/01H,0.48182100000000005,11.527764,1.2557919498631358
1991-11-30,26J/01H,2.7836790000000002,12.074761,0.8918002190775198
1991-12-01,26J/01H,2.1205718,11.050498,0.9293461576609244
1991-12-02,26J/01H,0.21173635999999998,11.211072,1.0398521875250366
1991-12-03,26J/01H,0.0006182355,10.725099,1.183761011995383
1991-12-04,26J/01H,1.8984724000000002,11.321423,1.14539716529218
1991-12-05,26J/01H,7.8841342999999995,12.61954,0.8458672441749718
1991-12-06,26J/01H,0.001386761,15.415349,1.0079598859497436
1991-12-07,26J/01H,2.4619128,14.273948,0.8518869611575985
1991-12-08,26J/01H,9.228628,11.531452,0.8790365469763924
1991-12-09,26J/01H,0.0004351138,10.259385,1.2627191284377268
1991-12-10,26J/01H,0.0731519,10.891894,1.3245311794349932
1991-12-11,26J/01H,0.012170080000000002,12.003159,1.1070064992017246
1991-12-12,26J/01H,0.0021430552,10.904389,1.2123826620153566
1991-12-13,26J/01H,0.66505963,11.138541,1.170024668941284
1991-12-14,26J/01H,19.773130000000002,12.371598,0.8743570668512705
1991-12-15,26J/01H,0.39908596999999996,13.343467,0.9147605517480992
1991-12-16,26J/01H,5.303150400000001,11.578963,1.0854379781991992
1991-12-17,26J/01H,1.7609865,12.76224,1.0891443709833872
1991-12-18,26J/01H,0.0,10.278337,1.2644028328352237
1991-12-19,26J/01H,0.0028100185000000002,10.349201,1.284495676947709
1991-12-20,26J/01H,0.0017136326,10.950915,1.1981322085623467
1991-12-21,26J/01H,0.0017175816,8.807393,1.3239066640138475
1991-12-22,26J/01H,0.0008583069,9.380778,1.4525603785081729
1991-12-23,26J/01H,0.0017106531000000002,10.274928,1.5305114275802694
1991-12-24,26J/01H,0.0008702277,10.27753,1.4637090403702442
1991-12-25,26J/01H,0.00042319295,9.250135,1.4117932430196778
1991-12-26,26J/01H,0.00085234636,8.974408,1.2002142027701337
1991-12-27,26J/01H,0.00085532653,7.3335986,1.253064618787325
1991-12-28,26J/01H,0.00085234636,8.842573,1.1516327775859936
1991-12-29,26J/01H,0.0013344382,8.630621,1.3437107751034392
1991-12-30,26J/01H,0.0008574695,8.213535,1.2505504426398597
1991-12-31,26J/01H,0.0008702277499999999,8.123069,1.1831643005960022
1992-01-01,26J/01H,0.0012850587,6.5323906,1.2616765420417937
1992-01-02,26J/01H,0.0008583069,8.319228,1.1981626604952489
1992-01-03,26J/01H,0.0012814989000000001,7.9681854,1.2537256013692988
1992-01-04,26J/01H,0.0,7.082531,1.2691628432597415
1992-01-05,26J/01H,0.0017106532000000002,6.9137573,1.2981167280512578
1992-01-06,26J/01H,0.0021594732,9.643509,1.1591073358957915
1992-01-07,26J/01H,0.029167929000000002,12.304013,1.163001673501768
1992-01-08,26J/01H,1.0473212,14.132126,1.112266096881119
1992-01-09,26J/01H,0.63219714,10.400568,1.1280634999763115
1992-01-10,26J/01H,0.0027193425,7.4273076,1.101383444803451
1992-01-11,26J/01H,0.58127136,5.909368,1.1597710650685906
1992-01-12,26J/01H,3.032051,7.398847,1.0485575528213142
1992-01-13,26J/01H,1.3836188999999999,9.670957,1.089459970939469
1992-01-14,26J/01H,8.843964,11.79187,0.8973107640552095
1992-01-15,26J/01H,0.41695212,11.230184,1.3146065743791602
1992-01-16,26J/01H,0.0008612871,8.484211,1.35823858178074
1992-01-17,26J/01H,0.0,7.7706933,1.3430608040569736
1992-01-18,26J/01H,0.0012814989000000001,8.149566,1.502576765452001
1992-01-19,26J/01H,0.0021402175,7.9359264,1.2996173134308393
1992-01-20,26J/01H,0.0017226739,5.430258,1.2507834641112603
1992-01-21,26J/01H,0.0009156806,5.0137177,1.227457280701471
1992-01-22,26J/01H,0.00085234636,5.334171,1.2007893250583317
1992-01-23,26J/01H,0.0008702277499999999,3.7233493,1.0921874028132137
1992-01-24,26J/01H,0.0008523464,4.289686,1.2604841342821267
1992-01-25,26J/01H,0.0025823312000000003,5.7062774,1.5083377147966397
1992-01-26,26J/01H,0.0,7.860964,1.532429207718776
1992-01-27,26J/01H,0.0,6.9905033,1.323953037227815
1992-01-28,26J/01H,0.0,7.7020035,1.4969120095864197
1992-01-29,26J/01H,1.6071497,9.87341,1.401633204539818
1992-01-30,26J/01H,0.023691438999999998,9.973053,1.6099833414576237
1992-01-31,26J/01H,0.34047797,8.378964,1.540217431384742
1992-02-01,26J/01H,0.002255333,9.942188,1.6623776420639254
1992-02-02,26J/01H,0.009905443,11.052339,1.498376613444181
1992-02-03,26J/01H,0.0008523463,10.435908,1.7214014309866763
1992-02-04,26J/01H,0.0,9.677649,1.8941012760088929
1992-02-05,26J/01H,0.0,9.614761,1.995483870429705
1992-02-06,26J/01H,0.0008597969,10.4059925,2.112588734822615
1992-02-07,26J/01H,0.001284506,10.115641,2.1057989177957075
1992-02-08,26J/01H,0.0010893629,10.337918,2.05180488849652
1992-02-09,26J/01H,0.07672081,9.425048,1.618113979535711
1992-02-10,26J/01H,0.0021452062000000003,11.295704,1.911485782331831
1992-02-11,26J/01H,0.011749467,10.902925,1.8740754095701075
1992-02-12,26J/01H,4.0449285,11.644508,1.7156683208200538
1992-02-13,26J/01H,0.00048189503,10.136897,1.6948888337660433
1992-02-14,26J/01H,0.0,9.97668,2.026065685173498
1992-02-15,26J/01H,0.07848201,10.561021,2.221472497725674
1992-02-16,26J/01H,0.03879889,12.678231,2.302327727014921
1992-02-17,26J/01H,1.1551943000000002,12.657937,1.6793584847196406
1992-02-18,26J/01H,4.3085747,11.899002,1.5555488318501234
1992-02-19,26J/01H,0.05035785,8.028857,1.538745919055983
1992-02-20,26J/01H,0.108392525,7.4895053,1.3321497309436905
1992-02-21,26J/01H,0.0012948157,8.402148,1.842572286299832
1992-02-22,26J/01H,0.0012874599,9.895293,1.9661016020587088
1992-02-23,26J/01H,1.6618286,10.897721,2.0226260242196643
1992-02-24,26J/01H,12.85429,11.039108,1.533362459988998
1992-02-25,26J/01H,0.10613716,10.247105,1.9129011251449608
1992-02-26,26J/01H,0.044479750000000005,10.20126,1.8728839723541857
1992-02-27,26J/01H,0.0008523464,10.780131,2.267761724141362
1992-02-28,26J/01H,0.003436766,11.551942,2.3947817732719536
1992-02-29,26J/01H,0.003449496,11.858001,2.5078917317461413
1992-03-01,26J/01H,0.16946234000000002,12.655617,2.239517492389437
1992-03-02,26J/01H,0.35283594,13.715089,2.1975008797710087
1992-03-03,26J/01H,0.009193250000000002,13.020631,2.389333349784999
1992-03-04,26J/01H,0.5524951,12.396745,2.291710283775388
1992-03-05,26J/01H,0.0017107805,13.248439,2.607901035437886
1992-03-06,26J/01H,0.0,13.885324,3.0389859782467874
1992-03-07,26J/01H,0.0004261732,13.649003,3.0226519891931773
1992-03-08,26J/01H,0.008904031,14.144359,2.817822086334174
1992-03-09,26J/01H,0.0012615400000000002,14.67804,3.251012254110578
1992-03-10,26J/01H,0.0017055336000000002,13.874001,2.853447644076313
1992-03-11,26J/01H,0.0008523463,14.170162,2.8793574146284326
1992-03-12,26J/01H,0.025255167000000002,13.851781,3.00229675290868
1992-03-13,26J/01H,0.0008702277,14.117543,3.1581042683453444
1992-03-14,26J/01H,2.3814399e-05,13.468484,3.1979801162113857
1992-03-15,26J/01H,0.00085234636,15.582118,3.470790517774692
1992-03-16,26J/01H,0.001281499,16.504305,3.660921469697745
1992-03-17,26J/01H,0.00042632710000000003,15.369725,3.445981845266898
1992-03-18,26J/01H,0.0008583069,14.888022,3.2670734663190304
1992-03-19,26J/01H,0.0012631072000000001,17.163042,3.931349020591703
1992-03-20,26J/01H,0.0034451468,17.0944,3.5621566531582896
1992-03-21,26J/01H,0.0017209442,19.454268,4.080739986846762
1992-03-22,26J/01H,0.0,19.446169,4.440873818389243
1992-03-23,26J/01H,0.004553083,16.884453,3.4804670015253323
1992-03-24,26J/01H,0.0019680334,12.164485,2.394394846803733
1992-03-25,26J/01H,0.014978219,11.084418,2.611877033017713
1992-03-26,26J/01H,0.093470345,11.239278,2.911614899726428
1992-03-27,26J/01H,0.18839174,11.816989,2.2296652415535343
1992-03-28,26J/01H,0.0008583069,11.018329,2.773020493575525
1992-03-29,26J/01H,0.8367913,10.828175,2.5390997212278714
1992-03-30,26J/01H,15.176442999999999,10.829009,2.131896235379488
1992-03-31,26J/01H,7.2961357,9.686196,2.1217962325270245
1992-04-01,26J/01H,4.671792000000001,11.476849,2.436539294384503
1992-04-02,26J/01H,12.317901,12.910985,1.763060670178259
1992-04-03,26J/01H,8.539975,12.334702,2.1778439717327887
1992-04-04,26J/01H,4.1467544,11.775231,2.161292349456914
1992-04-05,26J/01H,0.09988736000000001,12.473522,3.043280219382407
1992-04-06,26J/01H,2.8397502,11.204602,2.5793168887147955
1992-04-07,26J/01H,1.2097175,13.790696,2.2451133868623003
1992-04-08,26J/01H,0.25738065,12.697335,2.5306012216159925
1992-04-09,26J/01H,0.0017216798,12.610385,3.3349559490287537
1992-04-10,26J/01H,0.0004351138,13.294487,3.858075762111334
1992-04-11,26J/01H,0.0017328639,13.876262,3.7832538022074185
1992-04-12,26J/01H,0.0017107033000000002,14.867808,4.126127339609767
1992-04-13,26J/01H,0.010693531000000001,15.142074,4.098438498770198
1992-04-14,26J/01H,0.005484434000000001,15.660352,4.067308557670053
1992-04-15,26J/01H,0.051026985000000004,14.001106,3.5811945313605267
1992-04-16,26J/01H,0.0,14.241052,3.888283101888024
1992-04-17,26J/01H,0.0,15.257603,3.953899559877886
1992-04-18,26J/01H,0.0,18.279684,4.517425637696404
1992-04-19,26J/01H,0.0013076259999999999,20.00451,4.858218909922929
1992-04-20,26J/01H,8.346508399999999e-05,19.545057,5.168890960544645
1992-04-21,26J/01H,0.0009417720000000001,19.879797,5.074802384174992
1992-04-22,26J/01H,0.0017210678,18.541067,5.01869306075242
1992-04-23,26J/01H,0.0004351138,16.212759,4.584114358920736
1992-04-24,26J/01H,0.0027519493,15.825269,4.170509590010352
1992-04-25,26J/01H,0.0008653602000000001,16.1602,4.432783789920828
1992-04-26,26J/01H,0.0,17.753601,4.779191303763676
1992-04-27,26J/01H,0.0,19.494087,5.349787841967631
1992-04-28,26J/01H,0.0069585896,18.01885,4.846029738516065
1992-04-29,26J/01H,0.0004351138,18.114946,5.059941866789857
1992-04-30,26J/01H,0.0,20.17039,5.330351805853398
1992-05-01,26J/01H,0.0017198855,20.937689,5.564525337298515
1992-05-02,26J/01H,4.1732541999999995e-05,17.076845,4.303762339208703
1992-05-03,26J/01H,0.0004351138,15.89537,3.673703476598752
1992-05-04,26J/01H,0.0008523464,17.269964,4.609394143454002
1992-05-05,26J/01H,0.00035048342,18.976072,5.118049237757985
1992-05-06,26J/01H,0.71501044,19.178392,4.805515532121302
1992-05-07,26J/01H,2.012321,19.898718,5.140271759517613
1992-05-08,26J/01H,0.0079589186,20.30982,5.150983107228098
1992-05-09,26J/01H,0.0,20.294573,5.69337654404765
1992-05-10,26J/01H,0.0025790670000000004,18.982134,5.26769125898284
1992-05-11,26J/01H,0.0017182438,19.009604,5.6680668026505305
1992-05-12,26J/01H,0.0008583069,22.237257,6.505727182068704
1992-05-13,26J/01H,0.6766947,20.51594,3.98168522232266
1992-05-14,26J/01H,0.12004888,20.0147,4.646167816812821
1992-05-15,26J/01H,0.22938140999999998,21.473686,6.135554444474568
1992-05-16,26J/01H,0.0017296052,24.639357,5.831995404319665
1992-05-17,26J/01H,0.040714810000000004,24.892717,6.00721417312029
1992-05-18,26J/01H,0.00077531683,23.582754,6.346904585110673
1992-05-19,26J/01H,0.6959813,23.073236,6.165112130404717
1992-05-20,26J/01H,0.19377956000000002,24.985115,6.36980316029015
1992-05-21,26J/01H,0.017760433,21.46061,4.943367734598466
1992-05-22,26J/01H,0.97972174,17.489698,4.105050737012782
1992-05-23,26J/01H,1.8320087,17.376123,3.406239150612942
1992-05-24,26J/01H,0.16653184999999998,17.577784,4.113311923494993
1992-05-25,26J/01H,0.0025709531,17.980188,4.983500833198894
1992-05-26,26J/01H,0.0012937163,18.909472,5.003921715599435
1992-05-27,26J/01H,0.11679625,18.070425,3.856628220575925
1992-05-28,26J/01H,2.4782856000000004,16.8062,2.708497816930504
1992-05-29,26J/01H,5.1664525999999995,17.37893,2.479630017317118
1992-05-30,26J/01H,0.17262334000000001,18.085827,4.131661100841639
1992-05-31,26J/01H,1.9305598,16.272198,3.649810444243922
1992-06-01,26J/01H,0.7326908,16.303972,3.8249634934972137
1992-06-02,26J/01H,0.24370715,15.936395,3.6979341039024622
1992-06-03,26J/01H,0.024416311,15.399814,4.061013943302959
1992-06-04,26J/01H,0.001716613,15.98705,4.366425880213758
1992-06-05,26J/01H,0.0016486723000000002,16.288912,4.61820418423503
1992-06-06,26J/01H,0.21959222,16.595057,4.267900522845663
1992-06-07,26J/01H,0.0,16.221865,4.6181308749123735
1992-06-08,26J/01H,0.7595581,15.945736,4.162971231554498
1992-06-09,26J/01H,0.025507782,15.200952,3.613860067969023
1992-06-10,26J/01H,1.3468345,16.321486,4.24700584305971
1992-06-11,26J/01H,2.9915388,16.895514,4.529186166355332
1992-06-12,26J/01H,1.4937909999999999,17.194914,3.282969480743559
1992-06-13,26J/01H,11.466692,17.182878,3.820227037811397
1992-06-14,26J/01H,9.650287,16.01014,2.9240175549316936
1992-06-15,26J/01H,6.650227,16.730907,3.437853603806485
1992-06-16,26J/01H,0.08095010000000001,18.701189,4.594149831814909
1992-06-17,26J/01H,0.19870346,19.484869,4.773290496229232
1992-06-18,26J/01H,0.19928008,20.279322,4.931598275152215
1992-06-19,26J/01H,0.00370087,21.035135,5.350394435013689
1992-06-20,26J/01H,0.0008601989,20.807299,5.38590044174947
1992-06-21,26J/01H,0.8950052,20.069324,5.177971742539465
1992-06-22,26J/01H,0.08717799,19.261374,4.756503827867987
1992-06-23,26J/01H,0.4617176,17.521364,3.627906335819109
1992-06-24,26J/01H,0.042868130000000004,18.944223,4.7609134838365055
1992-06-25,26J/01H,0.0008523464,19.672995,5.26598604470894
1992-06-26,26J/01H,0.0008285045599999999,21.064764,6.194030435956882
1992-06-27,26J/01H,0.0,22.060303,6.529924544495145
1992-06-28,26J/01H,0.0,21.16084,5.893272205663767
1992-06-29,26J/01H,0.021664680000000002,20.069067,4.949633765501018
1992-06-30,26J/01H,0.17142284000000002,19.608128,4.596862090106837
1992-07-01,26J/01H,0.009697519,20.244001,4.973732739799029
1992-07-02,26J/01H,0.0,23.312963,6.7143629343565925
1992-07-03,26J/01H,0.0,24.90732,6.6970930436899945
1992-07-04,26J/01H,0.0,23.265732,6.201370826862953
1992-07-05,26J/01H,0.0008583069,23.402985,6.144394791118863
1992-07-06,26J/01H,0.0053965225,23.835106,6.277919205686798
1992-07-07,26J/01H,0.10851902,23.029306,5.039688007734457
1992-07-08,26J/01H,0.001916949,24.008486,5.923834603793504
1992-07-09,26J/01H,0.0,23.781458,6.257761793492223
1992-07-10,26J/01H,0.0055733843,21.483805,5.381196089337986
1992-07-11,26J/01H,0.0,23.342798,6.541853379667229
1992-07-12,26J/01H,0.0012963629000000002,25.764952,7.0950980856521575
1992-07-13,26J/01H,0.0008702278000000001,28.812822,7.64947018417581
1992-07-14,26J/01H,0.0012769451,29.028595,7.263046117512337
1992-07-15,26J/01H,0.19520961,28.052574,6.708653154796153
1992-07-16,26J/01H,0.0036597939,25.80194,6.584023549900594
1992-07-17,26J/01H,0.0008583069,26.750336,7.038042384899787
1992-07-18,26J/01H,6.6573516e-05,28.559074,7.291567681322744
1992-07-19,26J/01H,0.00017220247,27.279161,6.584557727965739
1992-07-20,26J/01H,0.0072565780000000005,22.650515,5.2023684353628585
1992-07-21,26J/01H,0.0074984417000000005,22.552664,5.003382623216182
1992-07-22,26J/01H,0.00085234636,23.277365,6.334150643746514
1992-07-23,26J/01H,0.0012870668000000002,22.89102,5.841820874010855
1992-07-24,26J/01H,0.00044354352000000006,22.840986,6.267240453298283
1992-07-25,26J/01H,0.0004351138,24.936724,6.861076059800027
1992-07-26,26J/01H,0.0,27.870138,7.135159636040069
1992-07-27,26J/01H,0.0008427812500000001,28.770187,7.264071413003267
1992-07-28,26J/01H,0.0008807784,29.084425,6.864089229611222
1992-07-29,26J/01H,0.19410336,27.512026,6.319245637748189
1992-07-30,26J/01H,0.0009055754000000001,24.727842,5.813585771564964
1992-07-31,26J/01H,0.18074336,24.511942,6.149451425901722
1992-08-01,26J/01H,0.2030982,27.681791,6.657141991052969
1992-08-02,26J/01H,0.7170064,30.607187,7.290164725627641
1992-08-03,26J/01H,2.4405635,29.919205,6.787756372471525
1992-08-04,26J/01H,1.5151646,30.90915,7.415752317973738
1992-08-05,26J/01H,0.001275539,31.535635,6.792560379331798
1992-08-06,26J/01H,0.0054165506,31.429785,7.343949290328996
1992-08-07,26J/01H,0.0016463054,26.884508,6.059581122183888
1992-08-08,26J/01H,0.0068786964,20.698198,3.903028427263751
1992-08-09,26J/01H,0.0025824470000000003,20.508806,4.465848845728748
1992-08-10,26J/01H,0.00085234636,21.624075,5.109729091837771
1992-08-11,26J/01H,0.0,21.870077,5.224936018677376
1992-08-12,26J/01H,0.0,23.331686,6.009249051134009
1992-08-13,26J/01H,0.0008523464,22.628647,5.459333811873506
1992-08-14,26J/01H,0.0021343446,21.285265,5.158638567478628
1992-08-15,26J/01H,0.004923803300000001,23.985931,5.923847950914931
1992-08-16,26J/01H,0.00085234636,26.804039,6.302371421943353
1992-08-17,26J/01H,0.0004261732,28.26581,6.765226318000362
1992-08-18,26J/01H,0.683748,28.41271,6.1347781001237385
1992-08-19,26J/01H,0.12704013,23.675604,4.384254089605347
1992-08-20,26J/01H,0.063663734,21.87037,4.142039788939686
1992-08-21,26J/01H,0.0012844795,21.999449,5.096782807940898
1992-08-22,26J/01H,0.00085234636,22.429161,5.059312082584601
1992-08-23,26J/01H,0.00085234636,24.806604,5.729163114945186
1992-08-24,26J/01H,0.0,28.316734,6.688685367717999
1992-08-25,26J/01H,0.0017100765,24.686617,4.597231905928674
1992-08-26,26J/01H,0.0030181308,23.045588,5.021735504239421
1992-08-27,26J/01H,0.0,22.261164,5.394286449654516
1992-08-28,26J/01H,2.522484,18.798603,3.1676748132699792
1992-08-29,26J/01H,0.0035847026999999997,18.571875,3.642939910331485
1992-08-30,26J/01H,0.008068372,19.130638,4.001330527498432
1992-08-31,26J/01H,0.77871155,20.64317,3.884822704004365
1992-09-01,26J/01H,0.0,19.775932,4.627877609765482
1992-09-02,26J/01H,0.0008583069,21.856003,5.164951407816379
1992-09-03,26J/01H,0.0008523464,23.683065,5.275051671719151
1992-09-04,26J/01H,0.0,25.36143,5.548041447625358
1992-09-05,26J/01H,0.0008583069,25.898203,5.53091173097211
1992-09-06,26J/01H,0.0043173847,24.855982,4.982381825258633
1992-09-07,26J/01H,0.005872840400000001,21.994692,4.1358701142801575
1992-09-08,26J/01H,0.0,19.576563,3.708002058305481
1992-09-09,26J/01H,0.0008523464,19.447224,4.164627433721957
1992-09-10,26J/01H,0.0012934207,19.973463,4.334307864949142
1992-09-11,26J/01H,0.0008583069,21.493187,4.671450892660873
1992-09-12,26J/01H,0.0008523464,22.846544,4.695683166032648
1992-09-13,26J/01H,0.00044107437,21.36278,4.594309755375549
1992-09-14,26J/01H,0.0,24.530947,5.571879633250757
1992-09-15,26J/01H,0.03969711,27.95318,5.595704521779668
1992-09-16,26J/01H,0.0012993535,25.872023,4.4893833321682655
1992-09-17,26J/01H,0.004013068,22.455904,4.099632970973555
1992-09-18,26J/01H,0.00085234636,21.811874,4.423570081516679
1992-09-19,26J/01H,0.00085320807,20.316486,4.169958571904462
1992-09-20,26J/01H,0.0073424480000000006,19.663698,3.77018097734822
1992-09-21,26J/01H,0.0054530997,18.132944,3.082292835798729
1992-09-22,26J/01H,0.048312107,18.078096,2.8238007622976764
1992-09-23,26J/01H,0.0004351138,19.02417,3.6631430631473
1992-09-24,26J/01H,0.0,20.35244,4.015943827653746
1992-09-25,26J/01H,0.00067275715,18.56212,3.425842502465501
1992-09-26,26J/01H,17.153258,16.01444,2.1329439727139023
1992-09-27,26J/01H,0.047461433,15.646843,2.5650215602826134
1992-09-28,26J/01H,0.00085750335,16.884388,3.2342938706762543
1992-09-29,26J/01H,1.0504806000000002,18.348366,2.7731321101329693
1992-09-30,26J/01H,0.016896183000000002,19.961737,3.121194523372489
1992-10-01,26J/01H,0.0,20.476759,3.641235769975646
1992-10-02,26J/01H,0.0,21.477089,3.710299279372132
1992-10-03,26J/01H,0.0027096677,19.376034,2.911364935631547
1992-10-04,26J/01H,0.0008527424999999999,16.774817,2.534771328997984
1992-10-05,26J/01H,0.0012971641,16.373741,2.808864185229911
1992-10-06,26J/01H,0.0,16.400007,2.913791216771058
1992-10-07,26J/01H,0.0,16.039343,3.0319859365996824
1992-10-08,26J/01H,0.29986755,15.266956,2.5241074026819663
1992-10-09,26J/01H,0.24398947,14.699183,2.503039430587865
1992-10-10,26J/01H,0.5864342,15.275725,2.150498252898443
1992-10-11,26J/01H,1.1665178,14.084104,1.8841829898074327
1992-10-12,26J/01H,0.37859103,13.192574,2.006935403730289
1992-10-13,26J/01H,0.0,14.021217,2.607967840447344
1992-10-14,26J/01H,0.0010149752,15.988083,2.926374293217032
1992-10-15,26J/01H,4.863216,16.286543,1.8743022866985224
1992-10-16,26J/01H,5.9877839999999996,16.583033,1.9086989458693984
1992-10-17,26J/01H,0.39182202,13.425319,1.6351131802643888
1992-10-18,26J/01H,17.507832,11.930954,1.3659207433949498
1992-10-19,26J/01H,1.6349425000000002,15.534287,1.6224165000480162
1992-10-20,26J/01H,0.4287353,13.218913,1.95646653761686
1992-10-21,26J/01H,0.35889438,11.499584,1.757337281767634
1992-10-22,26J/01H,0.07965616,11.804738,1.9609313914406807
1992-10-23,26J/01H,0.010686591,14.365678,1.923619930659414
1992-10-24,26J/01H,0.00085234636,14.805995,2.150695552655292
1992-10-25,26J/01H,0.0005121287,14.835942,2.278269341665788
1992-10-26,26J/01H,0.0008523463,14.0171175,2.08493601420144
1992-10-27,26J/01H,0.41710962,15.326081,1.5427656876512994
1992-10-28,26J/01H,0.7341925,16.76407,1.3800497054121634
1992-10-29,26J/01H,2.236451,17.087908,1.3728363361919442
1992-10-30,26J/01H,1.377574,14.439502,1.5761880346243802
1992-10-31,26J/01H,0.0018460350000000002,11.258811,1.5661213225923247
1992-11-01,26J/01H,0.0,10.4824915,1.8021292094875685
1992-11-02,26J/01H,0.0008523463,11.818836,1.9211941983217784
1992-11-03,26J/01H,0.0,14.14476,1.9094127391988969
1992-11-04,26J/01H,0.0017106532000000002,15.489803,2.1549762765783584
1992-11-05,26J/01H,0.0,16.508537,2.148597533244871
1992-11-06,26J/01H,0.0,16.319605,2.0773037049264835
1992-11-07,26J/01H,0.0008522433,15.713078,2.1430278087551
1992-11-08,26J/01H,0.0004351138,15.755397,2.0555255222033506
1992-11-09,26J/01H,0.0017522988,15.068329,2.0544545092072646
1992-11-10,26J/01H,0.0030393425999999998,14.340619,1.9153453982084183
1992-11-11,26J/01H,0.022808807,14.643752,1.649365998629026
1992-11-12,26J/01H,0.005986181,15.865697,1.5863692995742626
1992-11-13,26J/01H,0.02669418,14.08411,1.6583091924144229
1992-11-14,26J/01H,0.014630774499999999,14.763141,1.5608524715981882
1992-11-15,26J/01H,5.10429,13.826781,1.166018902851583
1992-11-16,26J/01H,0.04360156,12.262038,1.2508483573912663
1992-11-17,26J/01H,0.058614586,13.942838,1.4763429666061512
1992-11-18,26J/01H,0.06654349999999999,14.15483,1.1258637515968868
1992-11-19,26J/01H,0.0008583069,12.638822,1.5114442328107334
1992-11-20,26J/01H,0.00079257774,11.660214,1.5422398165869016
1992-11-21,26J/01H,0.0,13.319542,1.8499250774666145
1992-11-22,26J/01H,0.0042880583000000005,13.07846,1.9103909567491224
1992-11-23,26J/01H,0.0013289609,12.23542,1.7014376409227483
1992-11-24,26J/01H,0.0004231929,12.486095,1.763754297397954
1992-11-25,26J/01H,0.030719456000000003,13.646207,1.4859474309735552
1992-11-26,26J/01H,0.095032196,12.437801,1.385254595912779
1992-11-27,26J/01H,0.003036784,12.046752,1.521110657548845
1992-11-28,26J/01H,0.002562504,13.07005,1.6394544119313708
1992-11-29,26J/01H,0.0022852898,12.013402,1.5608423786933945
1992-11-30,26J/01H,0.018332184,12.225163,1.5958476411895843
1992-12-01,26J/01H,0.83777985,14.654832,1.0027299244104828
1992-12-02,26J/01H,0.38327423,14.667163,1.1580886645223367
1992-12-03,26J/01H,0.43119604,14.340121,1.0909133744730424
1992-12-04,26J/01H,3.5595425,14.966132,1.1690748110667055
1992-12-05,26J/01H,0.075329285,13.354507,1.0250152646107211
1992-12-06,26J/01H,0.120183426,13.870168,1.4001389950948868
1992-12-07,26J/01H,0.21603896,14.109899,0.973397759960332
1992-12-08,26J/01H,0.0004351138,11.001515,0.9911885712938718
1992-12-09,26J/01H,0.0048235464,9.798841,1.2581114308018186
1992-12-10,26J/01H,0.17884633,11.536496,0.9578410376551272
1992-12-11,26J/01H,0.0004351138,10.036931,1.1815743244263013
1992-12-12,26J/01H,0.0,10.172143,1.3006749760856604
1992-12-13,26J/01H,0.0012964774,9.256298,1.3434454442291763
1992-12-14,26J/01H,0.0004351138,9.119204,1.3542550900624424
1992-12-15,26J/01H,9.127893,11.975301,1.0411540730498952
1992-12-16,26J/01H,0.61900323,10.70649,1.0294113455590648
1992-12-17,26J/01H,0.00044107437,8.640771,1.1976927844215102
1992-12-18,26J/01H,0.6773490000000001,10.9882765,0.9994997634847788
1992-12-19,26J/01H,25.763008000000003,13.544187,0.8552850117066786
1992-12-20,26J/01H,7.421939500000001,12.466625,1.020331718060429
1992-12-21,26J/01H,3.5724363,13.006702,0.6873375965193498
1992-12-22,26J/01H,9.030447,12.826783,0.6649451614596197
1992-12-23,26J/01H,1.1207153,12.680182,0.9818013698920914
1992-12-24,26J/01H,6.8623467,10.5999775,1.1539693988988382
1992-12-25,26J/01H,0.85210675,11.576843,1.043457208533821
1992-12-26,26J/01H,0.0077058215000000005,10.47567,1.0948478650139897
1992-12-27,26J/01H,0.010494764,9.284064,1.2408431084695286
1992-12-28,26J/01H,0.0013840215,9.316278,1.2298265199935774
1992-12-29,26J/01H,0.00085834354,7.983778,1.166129738256032
1992-12-30,26J/01H,0.0009642353,8.018928,1.0275056510215814
1992-12-31,26J/01H,0.0012201673,6.971148,1.0519371638747472
1993-01-01,26J/01H,0.00085234636,6.369608,1.0404339789554995
1993-01-02,26J/01H,0.0008526541600000001,5.4694943,1.035351546777986
1993-01-03,26J/01H,0.0,5.387964,1.125907531595868
1993-01-04,26J/01H,0.0030730813,7.859117,1.2601500318319738
1993-01-05,26J/01H,0.0018059744,9.279331,1.2805517725639948
1993-01-06,26J/01H,0.001280678,9.061734,1.1855420079815362
1993-01-07,26J/01H,0.0012710307,7.66217,1.308359136351571
1993-01-08,26J/01H,0.001289439,8.468638,1.3097411300829538
1993-01-09,26J/01H,0.003380342,7.7936215,1.317826845443554
1993-01-10,26J/01H,0.056978188000000006,7.586039,1.2960589926901314
1993-01-11,26J/01H,0.24343846,10.04432,1.2462020897752253
1993-01-12,26J/01H,0.0031891012000000002,11.284118,1.3286492318942054
1993-01-13,26J/01H,0.062517353,10.971183,1.169792689549458
1993-01-14,26J/01H,0.0,10.280444,1.4315781556130045
1993-01-15,26J/01H,0.0004351138,9.316535,1.4182726527194736
1993-01-16,26J/01H,5.402783e-05,8.479277,1.4641785277307522
1993-01-17,26J/01H,0.002800058,9.749378,1.3774886553580084
1993-01-18,26J/01H,0.0017463883,9.053334,1.3552248315705295
1993-01-19,26J/01H,0.00085234636,8.860996,1.4855510063220425
1993-01-20,26J/01H,0.0012734135,9.276337,1.5480577252556111
1993-01-21,26J/01H,0.0,8.631003,1.544063614980928
1993-01-22,26J/01H,0.0,8.869796,1.6054137654349
1993-01-23,26J/01H,0.0012855706,8.836839,1.637385548009266
1993-01-24,26J/01H,0.0017136772,8.532889,1.6467794414648904
1993-01-25,26J/01H,0.0017106532000000002,7.668459,1.6434479050284336
1993-01-26,26J/01H,0.0017166138,8.275386,1.7328469780139288
1993-01-27,26J/01H,0.0,9.338029,1.7033943945436576
1993-01-28,26J/01H,0.005321729000000001,9.152591,1.5675786348660798
1993-01-29,26J/01H,16.086282999999998,9.674066,1.020753638911298
1993-01-30,26J/01H,1.7394464,8.654454,1.1493786625582267
1993-01-31,26J/01H,2.1229019,8.506383,1.1293751979621989
1993-02-01,26J/01H,0.031448572,9.725793,1.54624386212274
1993-02-02,26J/01H,0.008330349,10.796928,1.6029864979044124
1993-02-03,26J/01H,0.017455933000000003,10.20539,1.5437256352088145
1993-02-04,26J/01H,0.0078245373,9.413663,1.574590738513559
1993-02-05,26J/01H,0.0017195934,9.213024,1.6631034407659566
1993-02-06,26J/01H,2.5654163,9.631033,1.579365243026368
1993-02-07,26J/01H,0.06647149000000001,10.401973,1.6338689328299578
1993-02-08,26J/01H,0.41782053,9.199355,1.7833034803478431
1993-02-09,26J/01H,7.400217,11.443942,1.4890850117178929
1993-02-10,26J/01H,2.6167102,12.132709,1.420441214709765
1993-02-11,26J/01H,4.819791,11.726154,1.2351972280243446
1993-02-12,26J/01H,0.18404315,10.691162,1.5857516851291418
1993-02-13,26J/01H,0.0,10.7597885,1.8969891789106623
1993-02-14,26J/01H,0.0036377504,11.404004,1.8001832478937028
1993-02-15,26J/01H,0.0,11.798179,2.041331244402992
1993-02-16,26J/01H,0.00085234636,11.349925,1.986850579287817
1993-02-17,26J/01H,0.0008702277,10.063455,2.011606247969562
1993-02-18,26J/01H,0.00083180183,9.466161,2.1358286378750173
1993-02-19,26J/01H,0.0,10.342758,2.24563664492294
1993-02-20,26J/01H,0.0025629987999999998,11.657262,2.4388859547525
1993-02-21,26J/01H,0.00169119,11.214154,2.316662177741662
1993-02-22,26J/01H,0.00043511385,11.373455,2.2976198725605284
1993-02-23,26J/01H,0.001275539,9.830224,1.8475169355097727
1993-02-24,26J/01H,0.16332697,9.275718,2.0438901732950545
1993-02-25,26J/01H,0.00085234636,10.298607,2.096438925574083
1993-02-26,26J/01H,0.0043166165,10.063224,2.1109617272905155
1993-02-27,26J/01H,0.26298306000000005,10.305951,1.519982377918723
1993-02-28,26J/01H,0.1476098,7.121617,1.5807634405394702
1993-03-01,26J/01H,0.11734643,4.6310406,1.5474059428176503
1993-03-02,26J/01H,0.09219725,5.929407,1.943737971400092
1993-03-03,26J/01H,2.7338682,7.279097,2.133466896690611
1993-03-04,26J/01H,1.9604517000000001,11.422652,2.2225917047796817
1993-03-05,26J/01H,1.3568761,11.866257,1.4602303464448014
1993-03-06,26J/01H,3.2992683,12.078522,2.084691322128624
1993-03-07,26J/01H,0.0028770375,11.732419,2.188071688377322
1993-03-08,26J/01H,0.08059549,10.594615,2.360548736119323
1993-03-09,26J/01H,0.44902682,11.332471,2.432558484881327
1993-03-10,26J/01H,0.9942793000000001,11.304401,2.476978810397823
1993-03-11,26J/01H,4.7343066,12.281178,1.963655198160169
1993-03-12,26J/01H,3.6563374,12.786752,2.1190597570178533
1993-03-13,26J/01H,5.4670015,12.350459,1.9768801604621853
1993-03-14,26J/01H,1.1097238,11.4434395,2.1789774516352547
1993-03-15,26J/01H,0.00085234636,12.3068,2.993942302627098
1993-03-16,26J/01H,0.0004351138,15.315689,3.1435158439857624
1993-03-17,26J/01H,0.0,16.099936,2.898648286198215
1993-03-18,26J/01H,0.0079854307,15.457118,2.5331468245992017
1993-03-19,26J/01H,0.125612366,16.345423,2.6270115174771007
1993-03-20,26J/01H,1.2526669000000002e-05,16.06206,3.562137327279568
1993-03-21,26J/01H,0.0017962197,14.282224,2.9487210475607046
1993-03-22,26J/01H,0.046523026,15.039601,2.660427248682888
1993-03-23,26J/01H,0.05447289,17.027828,3.382257877690665
1993-03-24,26J/01H,0.005588382700000001,16.144178,3.124465078564229
1993-03-25,26J/01H,0.0012934208,14.029797,2.7495699422252864
1993-03-26,26J/01H,0.00042617318,13.160617,3.207943472474356
1993-03-27,26J/01H,0.0012799019,13.9184065,3.6538280076502367
1993-03-28,26J/01H,0.0004261732,13.267212,3.153955651257497
1993-03-29,26J/01H,0.0012782347,13.049641,3.4173248554632862
1993-03-30,26J/01H,0.0004351138,14.134059,3.684926164397516
1993-03-31,26J/01H,0.0013312863,14.286256,3.5680641514796285
1993-04-01,26J/01H,0.012207154,12.901733,2.519418939361432
1993-04-02,26J/01H,0.0012814997,12.085473,3.0709056410268154
1993-04-03,26J/01H,0.0022504559,13.308563,3.516575521793256
1993-04-04,26J/01H,0.08892934,15.1241865,3.0343510415521777
1993-04-05,26J/01H,0.0012874599,14.227317,3.699205936627292
1993-04-06,26J/01H,0.0017161655000000001,15.98813,4.015402792556064
1993-04-07,26J/01H,0.0,17.95534,4.629535078253151
1993-04-08,26J/01H,0.013307326,15.746277,3.3823492312568177
1993-04-09,26J/01H,0.027602114,16.565344,3.180733758266348
1993-04-10,26J/01H,0.20700712999999998,14.705345,2.81147788800905
1993-04-11,26J/01H,0.574428,13.773154,2.6248721469701795
1993-04-12,26J/01H,2.8192269999999997,12.20328,2.622973530772597
1993-04-13,26J/01H,1.2096097,11.725965,2.7161260802249005
1993-04-14,26J/01H,8.894485000000001,10.611951,2.7058354485739664
1993-04-15,26J/01H,0.007756779,12.354442,3.5356801069882806
1993-04-16,26J/01H,0.00085234636,14.134196,4.1167088162016325
1993-04-17,26J/01H,0.0,15.961597,4.460367765594382
1993-04-18,26J/01H,0.001716613,16.531666,4.309379797721233
1993-04-19,26J/01H,0.0004351138,16.929142,4.725395664725726
1993-04-20,26J/01H,0.17907292000000002,16.130083,4.008600059421912
1993-04-21,26J/01H,0.35235556,13.921987,2.851832431464372
1993-04-22,26J/01H,0.0,13.756404,3.8004913365398423
1993-04-23,26J/01H,3.1408867000000003,11.922344,2.850391095349711
1993-04-24,26J/01H,9.202816,10.281212,2.2386807219805296
1993-04-25,26J/01H,2.9521300000000004,10.697827,2.58622043487833
1993-04-26,26J/01H,0.42385449999999997,12.190488,3.334511148472297
1993-04-27,26J/01H,7.64217,11.36383,2.99516308678818
1993-04-28,26J/01H,10.099016,12.198293,2.9343999323366066
1993-04-29,26J/01H,0.8245821,12.277839,3.290517525341012
1993-04-30,26J/01H,9.735472,13.767495,3.0314056985785776
1993-05-01,26J/01H,0.024936787,13.994115,3.3917825884009485
1993-05-02,26J/01H,0.002137229,13.983722,3.774165512051609
1993-05-03,26J/01H,1.370713,14.416485,3.772841318529001
1993-05-04,26J/01H,10.821494000000001,12.930596,2.170242875289772
1993-05-05,26J/01H,5.034344,14.222363,3.7576026512582175
1993-05-06,26J/01H,1.3161707,15.018769,3.1414020332896357
1993-05-07,26J/01H,8.346508399999999e-05,15.6054945,4.232936130961558
1993-05-08,26J/01H,0.15419267,16.548323,4.350514392645401
1993-05-09,26J/01H,1.6250521000000002,16.461176,4.426725246299964
1993-05-10,26J/01H,9.514901,14.799424,3.317357957402132
1993-05-11,26J/01H,12.609923,14.619839,3.122925493474139
1993-05-12,26J/01H,8.899707000000001,14.357124,3.0313511821361425
1993-05-13,26J/01H,0.7719095,14.200573,3.178622067395117
1993-05-14,26J/01H,1.3183539000000002,14.54464,3.3944079481757976
1993-05-15,26J/01H,0.32767804,15.010929,3.62639737811865
1993-05-16,26J/01H,0.001281499,16.01671,4.883698958557689
1993-05-17,26J/01H,6.721114,15.784783,3.463146111908376
1993-05-18,26J/01H,0.4266278,13.7291975,2.8259718070522863
1993-05-19,26J/01H,0.08791744,13.045867,3.225919008913596
1993-05-20,26J/01H,0.0004819207,13.643764,4.0070576142673495
1993-05-21,26J/01H,0.0,15.288975,4.857343519661168
1993-05-22,26J/01H,0.0,15.847904,4.582356374744985
1993-05-23,26J/01H,2.6318516,15.972031,4.296976320885036
1993-05-24,26J/01H,4.8870747,15.6666155,2.713187336488264
1993-05-25,26J/01H,6.1498335,14.243499,3.649833515073913
1993-05-26,26J/01H,6.3695884,15.335809,3.314023313122396
1993-05-27,26J/01H,2.2521012999999996,16.148947,3.567173074271736
1993-05-28,26J/01H,0.0020680974,15.320054,4.440915147262751
1993-05-29,26J/01H,0.052834488,16.100271,4.667231570124142
1993-05-30,26J/01H,0.1179533,16.320116,4.097328816694522
1993-05-31,26J/01H,0.0,17.53705,5.058920084907338
1993-06-01,26J/01H,0.15913937000000003,16.630127,4.606068086953967
1993-06-02,26J/01H,0.0010112205000000001,17.570585,4.848048707214032
1993-06-03,26J/01H,0.0012938371,18.679815,5.735015220437098
1993-06-04,26J/01H,0.111991615,17.383924,4.568097788774559
1993-06-05,26J/01H,0.030550927999999998,17.309145,3.9367504914709377
1993-06-06,26J/01H,0.36925775,18.348845,4.796142899280572
1993-06-07,26J/01H,5.4349043,19.665812,4.976886474966396
1993-06-08,26J/01H,0.8971409,19.573181,4.091950987397583
1993-06-09,26J/01H,0.21989507,18.39991,4.140097835790066
1993-06-10,26J/01H,0.2789722,16.495544,3.6236886019821792
1993-06-11,26J/01H,0.0017225740000000002,16.967882,4.61150557724161
1993-06-12,26J/01H,0.0017184666,19.224129,5.713701071197109
1993-06-13,26J/01H,0.0008583069,23.113892,6.563147274128775
1993-06-14,26J/01H,0.0017106531000000002,25.65246,6.8473060412492455
1993-06-15,26J/01H,0.0,26.152761,6.954108414366617
1993-06-16,26J/01H,0.0008583069,25.86901,6.3188135314368905
1993-06-17,26J/01H,0.0,26.065825,7.071750838229577
1993-06-18,26J/01H,0.2976938,26.01033,6.78963720942243
1993-06-19,26J/01H,0.0016986516,24.989317,6.207870454679849
1993-06-20,26J/01H,0.13224368,20.927488,4.604339530366833
1993-06-21,26J/01H,1.8525905,18.991045,3.798478767064582
1993-06-22,26J/01H,0.47470944,18.64955,4.124520327540406
1993-06-23,26J/01H,0.6104075,18.925879,4.452711185758663
1993-06-24,26J/01H,0.0017815508,19.94227,5.4008443830174775
1993-06-25,26J/01H,0.0025504878,22.275658,5.917006354022186
1993-06-26,26J/01H,0.010947815999999999,23.160637,5.490625890411139
1993-06-27,26J/01H,0.00797107,21.135485,5.320808027587195
1993-06-28,26J/01H,0.32015063,19.485447,4.352442837288605
1993-06-29,26J/01H,0.09688822999999999,20.536247,4.799811391623882
1993-06-30,26J/01H,0.033762814,19.68654,4.67134461134923
1993-07-01,26J/01H,0.0017865374,20.640614,5.656406957684944
1993-07-02,26J/01H,0.0,23.751768,6.102551471541543
1993-07-03,26J/01H,0.002748852,25.187334,6.05872009355663
1993-07-04,26J/01H,0.0017166505999999999,24.520018,5.64521690169184
1993-07-05,26J/01H,0.0,25.996248,6.82166020403643
1993-07-06,26J/01H,0.00086128706,26.656797,7.124061033077662
1993-07-07,26J/01H,0.0044393187,25.3944,6.779830517969829
1993-07-08,26J/01H,0.002138496,25.283669,6.5639440640068045
1993-07-09,26J/01H,0.047936573,20.859613,4.797121149513815
1993-07-10,26J/01H,0.0054201345,20.253222,5.095532579455372
1993-07-11,26J/01H,0.0,20.732372,5.97017418628264
1993-07-12,26J/01H,0.0,24.555634,6.890610733416957
1993-07-13,26J/01H,0.0012844794,26.249144,7.0273808102520166
1993-07-14,26J/01H,0.0008583068,26.304153,6.6483035586779256
1993-07-15,26J/01H,0.0,26.308365,6.9637325727607005
1993-07-16,26J/01H,0.0004261732,25.642076,6.854719848014802
1993-07-17,26J/01H,0.00049800012,24.57857,6.398560177815131
1993-07-18,26J/01H,0.0004261732,23.832254,6.477840458768172
1993-07-19,26J/01H,0.0004351138,23.241423,6.241814217109573
1993-07-20,26J/01H,0.0016927716,23.478891,6.390578074474937
1993-07-21,26J/01H,0.0,26.275253,6.883870257215777
1993-07-22,26J/01H,0.0012934207,28.185797,7.174772558853135
1993-07-23,26J/01H,0.0015734873,27.871704,6.525194882850079
1993-07-24,26J/01H,0.0067869,25.319647,6.165994575528193
1993-07-25,26J/01H,0.0031590798000000002,23.548967,6.403349903864109
1993-07-26,26J/01H,0.0012814989000000001,25.400763,6.898014113763876
1993-07-27,26J/01H,0.0008612871,27.725382,7.73684285439812
1993-07-28,26J/01H,0.0,28.9723,7.497149744079715
1993-07-29,26J/01H,0.0017225739000000001,24.893213,5.517778299292639
1993-07-30,26J/01H,0.00635646,23.010363,5.29296781197777
1993-07-31,26J/01H,0.00085234636,23.849463,6.248223192420534
1993-08-01,26J/01H,0.0004261732,23.750395,5.8447077318889535
1993-08-02,26J/01H,0.0001459942,23.87044,5.919751536295176
1993-08-03,26J/01H,0.0,25.162033,6.570308214762489
1993-08-04,26J/01H,0.031917065,28.974485,7.265363237669946
1993-08-05,26J/01H,0.016534443,28.729239,6.220928064867502
1993-08-06,26J/01H,0.0014696328999999999,26.076574,6.337024101020815
1993-08-07,26J/01H,0.011795181,22.846863,5.535931470074993
1993-08-08,26J/01H,0.00055559444,21.582808,5.426279983001355
1993-08-09,26J/01H,0.0,24.846771,6.785705422073389
1993-08-10,26J/01H,0.0,27.186823,6.595127444972184
1993-08-11,26J/01H,0.0004351138,27.341055,6.523840356624348
1993-08-12,26J/01H,0.0,24.460451,6.025528280511139
1993-08-13,26J/01H,0.0,22.747606,5.813183310336963
1993-08-14,26J/01H,0.0047441974000000005,21.732302,4.754969902079916
1993-08-15,26J/01H,0.0004351138,22.298218,5.488286567828531
1993-08-16,26J/01H,0.0,21.84318,5.674795104422395
1993-08-17,26J/01H,0.0076783376,22.48568,4.945398416533792
1993-08-18,26J/01H,11.773997,21.738737,3.976205888620017
1993-08-19,26J/01H,4.189256,24.750296,4.792079644976113
1993-08-20,26J/01H,1.9435695000000002,24.005608,4.4940886207207305
1993-08-21,26J/01H,0.0056106343,22.632103,4.38642372611587
1993-08-22,26J/01H,0.05430402,21.984518,4.243803816103014
1993-08-23,26J/01H,0.00085234636,21.691498,4.399272758434316
1993-08-24,26J/01H,0.057450020000000004,20.040695,3.8281185753936406
1993-08-25,26J/01H,0.04363359,17.572308,3.4201162606880326
1993-08-26,26J/01H,0.64624634,17.105206,3.0706552188095166
1993-08-27,26J/01H,0.17395906,18.145365,3.4614706830917723
1993-08-28,26J/01H,0.0008612871,20.709114,5.009934407674532
1993-08-29,26J/01H,0.0008553266000000001,23.407442,4.9874299968620255
1993-08-30,26J/01H,0.0,23.631416,5.202017203427828
1993-08-31,26J/01H,0.010129411,25.13817,5.478077829277591
1993-09-01,26J/01H,0.0004261732,25.754644,5.3872966007238645
1993-09-02,26J/01H,0.0010944939,24.773642,4.3815551250233495
1993-09-03,26J/01H,0.8644942999999999,22.481775,4.08960830881457
1993-09-04,26J/01H,0.0029380422,20.775751,4.0246296268013495
1993-09-05,26J/01H,0.015023649000000002,20.639132,3.6272056345359287
1993-09-06,26J/01H,0.009321247,19.54741,3.42227404462047
1993-09-07,26J/01H,0.6535173999999999,21.024984,3.701927042170984
1993-09-08,26J/01H,0.13768336,20.6162,3.2197100578503486
1993-09-09,26J/01H,0.0023215256000000003,19.38521,3.619960884756188
1993-09-10,26J/01H,0.0,18.778477,3.6822536815259466
1993-09-11,26J/01H,0.0012937671,19.059227,3.806743998132626
1993-09-12,26J/01H,0.5523029,18.814032,3.474668117856847
1993-09-13,26J/01H,0.004464182000000001,17.455812,2.7496511821039893
1993-09-14,26J/01H,0.18067339000000002,16.977743,3.0352588228474757
1993-09-15,26J/01H,0.21447887000000002,19.700033,2.963835719725507
1993-09-16,26J/01H,1.4859791,19.311085,3.597831762285563
1993-09-17,26J/01H,1.7284291,19.500576,2.820289922025893
1993-09-18,26J/01H,0.43476187,18.500391,3.158139249295721
1993-09-19,26J/01H,0.0018324187000000002,17.730448,3.73866245125026
1993-09-20,26J/01H,0.30047382,19.380648,3.7587370743680486
1993-09-21,26J/01H,0.00044014822999999996,18.77112,3.279317521793155
1993-09-22,26J/01H,0.2414331,15.885663,2.6455585040527563
1993-09-23,26J/01H,0.0030196326,16.167786,2.8640157035421554
1993-09-24,26J/01H,0.11048332999999999,16.648966,3.046550545435145
1993-09-25,26J/01H,0.0048307877,18.0566,3.1653994649692128
1993-09-26,26J/01H,0.0012759073999999999,17.466326,3.3706611155950355
1993-09-27,26J/01H,0.00044107437,15.869335,2.927466691025782
1993-09-28,26J/01H,0.22219016,15.345988,2.9060904094667985
1993-09-29,26J/01H,1.5060879,17.832952,2.7436908748463766
1993-09-30,26J/01H,0.0,14.917099,2.7522525890842773
1993-10-01,26J/01H,1.1080132,17.703897,2.640558211169053
1993-10-02,26J/01H,0.41900214,16.454378,2.0617459200878523
1993-10-03,26J/01H,0.0021922715,16.423664,2.7685265869211517
1993-10-04,26J/01H,0.43164197000000004,17.222876,2.876040110271496
1993-10-05,26J/01H,3.5529824,16.483675,1.76950835916739
1993-10-06,26J/01H,1.6767506,15.61758,2.0450733704540247
1993-10-07,26J/01H,2.3751074,14.236325,1.8980884518616008
1993-10-08,26J/01H,0.3541435,15.096164,2.448465902787546
1993-10-09,26J/01H,3.432408,19.295319,2.085167947321508
1993-10-10,26J/01H,3.2458394,19.251007,2.1606327670328653
1993-10-11,26J/01H,13.972421,17.015978,1.7017474991780095
1993-10-12,26J/01H,14.46207,15.736817,1.7998379918540612
1993-10-13,26J/01H,1.7576492000000001,14.409686,1.629657338420709
1993-10-14,26J/01H,0.7371746000000001,13.573363,1.8127924543651648
1993-10-15,26J/01H,18.56138,14.382969,2.1054224841345106
1993-10-16,26J/01H,6.3601562000000005,15.001529,1.4067602827884285
1993-10-17,26J/01H,1.1657607,14.845959,1.797573034039251
1993-10-18,26J/01H,0.00080078167,13.700284,2.0867761689876967
1993-10-19,26J/01H,0.0004351138,15.061582,2.5954703500178185
1993-10-20,26J/01H,0.0012934206,15.738622,2.535100036080467
1993-10-21,26J/01H,0.0,15.339051,2.489229537332106
1993-10-22,26J/01H,0.0004351138,14.051342,2.315381555616906
1993-10-23,26J/01H,0.0008551069,12.355325,2.058907408273923
1993-10-24,26J/01H,0.0,11.915887,1.956375139501361
1993-10-25,26J/01H,0.00085707134,12.063832,2.1361919364380064
1993-10-26,26J/01H,0.0077326064,12.704991,1.9548812624897272
1993-10-27,26J/01H,0.23052028000000002,11.581954,1.9434541952936968
1993-10-28,26J/01H,0.0008642672300000001,12.835324,1.8233146095967967
1993-10-29,26J/01H,1.7628695,14.351232,2.1531988975153973
1993-10-30,26J/01H,30.391535,15.025432,1.4345440321854313
1993-10-31,26J/01H,13.731323,15.1933775,0.7387817844386991
1993-11-01,26J/01H,4.2729067,16.099234,1.1379977961729513
1993-11-02,26J/01H,0.5477548000000001,14.605758,1.3581277502712947
1993-11-03,26J/01H,13.090366,12.767795,1.3344810655725974
1993-11-04,26J/01H,0.0012904402,11.108357,1.7030715302453885
1993-11-05,26J/01H,1.0680474,12.432027,1.376045900798109
1993-11-06,26J/01H,8.490267,11.028611,1.0078325599576243
1993-11-07,26J/01H,0.20701308000000002,11.785024,1.520602298063214
1993-11-08,26J/01H,5.3199536,10.675499,1.1189233987495912
1993-11-09,26J/01H,0.12358401499999999,11.315656,1.7038598496331274
1993-11-10,26J/01H,0.0008583069,12.621772,1.881641886028151
1993-11-11,26J/01H,0.001275539,13.118637,1.798568052072944
1993-11-12,26J/01H,0.00085234636,13.229018,1.6640726082908066
1993-11-13,26J/01H,0.0008523463,13.130477,1.8432483181630328
1993-11-14,26J/01H,0.0021427867,14.13547,1.8534976916284165
1993-11-15,26J/01H,0.0,15.4548645,1.9157521476017256
1993-11-16,26J/01H,0.0021249824,13.324576,1.600135097554514
1993-11-17,26J/01H,0.027905357,12.640487,1.4853128633057526
1993-11-18,26J/01H,0.0020083575,12.292296,1.505581033786029
1993-11-19,26J/01H,0.43497437000000005,10.913373,1.358503188484878
1993-11-20,26J/01H,0.004260099000000001,10.579022,1.1443081274436249
1993-11-21,26J/01H,0.3000393,9.550994,1.3166114096148631
1993-11-22,26J/01H,0.957762,10.323439,1.204582553251922
1993-11-23,26J/01H,9.887459999999999,10.929109,0.9571839405331264
1993-11-24,26J/01H,0.03114866,10.1960535,1.3496067211566176
1993-11-25,26J/01H,0.00085532653,9.224709,1.3988830543954924
1993-11-26,26J/01H,0.040243972999999995,10.409169,1.4308547999836028
1993-11-27,26J/01H,0.004664439,9.756422,1.3129103940173463
1993-11-28,26J/01H,0.33883414,12.418265,1.2301671787696828
1993-11-29,26J/01H,0.0815613,13.622674,1.1735812066821298
1993-11-30,26J/01H,2.0850044,11.992984,0.811808939691802
1993-12-01,26J/01H,0.023925776,11.431376,0.954505281322075
1993-12-02,26J/01H,0.0004351138,10.626748,1.3582417332640186
1993-12-03,26J/01H,0.001281499,10.200471,1.5140550401181143
1993-12-04,26J/01H,0.0013999294,10.181748,1.473124166314182
1993-12-05,26J/01H,0.60406116,12.271564,1.22170994964727
1993-12-06,26J/01H,0.54353125,11.903726,0.9927367932360028
1993-12-07,26J/01H,0.0,9.1416025,1.2051783852813978
1993-12-08,26J/01H,0.003516003,8.705985,1.3298222778285913
1993-12-09,26J/01H,0.0019323106000000002,9.233523,1.1936869872515392
1993-12-10,26J/01H,0.0,9.942942,1.2704604578115286
1993-12-11,26J/01H,0.0012934207,10.817639,1.3310233404188527
1993-12-12,26J/01H,0.001716613,10.251538,1.445006763072481
1993-12-13,26J/01H,0.030283865,10.803374,1.2999445644738936
1993-12-14,26J/01H,1.5357386,8.522821,0.9057855696921636
1993-12-15,26J/01H,0.0016642083,7.538719,1.1278582823209031
1993-12-16,26J/01H,0.046698017,9.774547,1.1300508998379488
1993-12-17,26J/01H,0.005005341999999999,9.120298,1.0756108458940252
1993-12-18,26J/01H,0.002205116,9.009444,1.1794483357381729
1993-12-19,26J/01H,0.0013030703,9.40286,1.3120490184011606
1993-12-20,26J/01H,0.022554766,10.54313,1.1634278541540937
1993-12-21,26J/01H,0.033598072,11.783557,1.0070535528944629
1993-12-22,26J/01H,0.0012874597000000002,8.475958,1.0153727580924647
1993-12-23,26J/01H,0.0,6.2180233,1.1497290857504392
1993-12-24,26J/01H,0.0016109507000000001,8.923015,1.1225744637241308
1993-12-25,26J/01H,0.12431354500000001,10.075864,0.9598035571564972
1993-12-26,26J/01H,0.24755132000000002,11.2414665,0.9234250462476444
1993-12-27,26J/01H,0.08891115000000001,10.27682,0.9162795335005514
1993-12-28,26J/01H,0.36987137000000003,11.059274,1.1670041952540862
1993-12-29,26J/01H,0.46956707999999997,13.492337,0.8965833850139955
1993-12-30,26J/01H,0.055997643,12.693966,0.965494021442999
1993-12-31,26J/01H,0.05463169,11.7967615,1.1512158634946357
1994-01-01,26J/01H,0.074024155,12.945399,1.0135855986028313
1994-01-02,26J/01H,0.12159782,12.592777,1.00788819802854
1994-01-03,26J/01H,2.5153696,13.196609,0.952854079573702
1994-01-04,26J/01H,2.067573,10.234106,1.0594387114032573
1994-01-05,26J/01H,0.39540285999999997,9.286216,1.1807812006028189
1994-01-06,26J/01H,17.963355,9.685559,0.9657203329769152
1994-01-07,26J/01H,0.01528259,8.608934,0.974618475864386
1994-01-08,26J/01H,0.015840443,9.938827,1.2922066624867126
1994-01-09,26J/01H,7.0944644,13.342007,1.0417238886420928
1994-01-10,26J/01H,4.044023,9.921147,0.8364586554947943
1994-01-11,26J/01H,0.10377076,10.995689,1.128085384791527
1994-01-12,26J/01H,0.101337875,12.725966,1.1448222990707722
1994-01-13,26J/01H,0.0043404517,10.538187,1.2529905172984015
1994-01-14,26J/01H,0.016643564000000003,10.139344,1.1256368841094289
1994-01-15,26J/01H,0.1847864,10.365956,0.9762616379426736
1994-01-16,26J/01H,3.47774,7.9791408,0.7607571341682587
1994-01-17,26J/01H,0.0017157689,6.6613164,1.105099058829771
1994-01-18,26J/01H,0.0008523463,5.493254,0.9261955701550628
1994-01-19,26J/01H,0.0,5.3003073,1.0305902926830797
1994-01-20,26J/01H,0.0012904404,5.076032,1.111830493320293
1994-01-21,26J/01H,0.0025850432,5.4161363,1.0975100532786302
1994-01-22,26J/01H,0.0025659930000000004,6.057785,1.2692397822568002
1994-01-23,26J/01H,0.001283206,6.144195,1.385794322823544
1994-01-24,26J/01H,5.8716524e-05,7.366403,1.388338347607074
1994-01-25,26J/01H,0.0017556307,8.524587,1.389521838444966
1994-01-26,26J/01H,0.0012874597000000002,9.248921,1.6069303580632956
1994-01-27,26J/01H,0.001281499,9.036459,1.7410905333398523
1994-01-28,26J/01H,0.0,9.340663,1.796683597497687
1994-01-29,26J/01H,0.001716613,10.097705,1.8656402596364516
1994-01-30,26J/01H,0.0008325327,9.825583,1.7073467221374343
1994-01-31,26J/01H,0.0021265023,10.501815,1.8161519415184448
1994-02-01,26J/01H,0.0021398065000000003,10.254618,1.889428321601585
1994-02-02,26J/01H,0.05575134700000001,10.992631,1.607455310600212
1994-02-03,26J/01H,12.919675,9.42453,1.276244697363099
1994-02-04,26J/01H,2.5005745000000004,5.02607,0.8411692543115443
1994-02-05,26J/01H,0.0014835654,5.6437783,1.3360544324180157
1994-02-06,26J/01H,1.2027051,8.257876,1.5231960501166832
1994-02-07,26J/01H,0.17183089000000001,10.435418,1.323950906645601
1994-02-08,26J/01H,0.0021516817,7.278166,1.4643415392582726
1994-02-09,26J/01H,0.0012801857000000001,7.1701965,1.8782137709783693
1994-02-10,26J/01H,0.00090930927,8.356364,1.8514073956921837
1994-02-11,26J/01H,0.0012934207,8.918886,1.999417144338662
1994-02-12,26J/01H,0.002172167,8.732481,1.963457149549669
1994-02-13,26J/01H,2.8383789999999998,8.758822,2.1187496545089863
1994-02-14,26J/01H,1.5565442,8.92892,1.3219708396887988
1994-02-15,26J/01H,10.027068,7.946081,1.4098641285900102
1994-02-16,26J/01H,0.23439116000000002,7.9024577,1.6750989663268716
1994-02-17,26J/01H,0.005875992,8.488824,1.940142501058076
1994-02-18,26J/01H,0.11631265,11.327254,1.7969052050129366
1994-02-19,26J/01H,0.17908976999999998,9.717539,1.9427848979572644
1994-02-20,26J/01H,0.5314023,12.797768,1.8406660126338732
1994-02-21,26J/01H,0.70551556,12.301331,1.8774842554227416
1994-02-22,26J/01H,0.32076175,13.158512,1.5508588236628382
1994-02-23,26J/01H,0.6736119,12.744999,1.6811940976155262
1994-02-24,26J/01H,0.10906560500000001,12.43463,1.691532515120766
1994-02-25,26J/01H,0.0014092956,12.733354,2.341695780865771
1994-02-26,26J/01H,4.702542,13.034499,1.4972027676357265
1994-02-27,26J/01H,9.244357,11.984367,1.5525257071115182
1994-02-28,26J/01H,6.7094175,10.853718,1.3311215518526534
1994-03-01,26J/01H,0.0006638576000000001,11.443238,2.0486325022911807
1994-03-02,26J/01H,0.0008631223,11.414145,2.497794104603143
1994-03-03,26J/01H,0.00085532653,13.0874405,2.75501718657888
1994-03-04,26J/01H,0.0004231929,14.693013,2.9322870880675103
1994-03-05,26J/01H,2.567691,12.337425,1.7718269317480912
1994-03-06,26J/01H,0.2691234,15.221638,2.655770942302613
1994-03-07,26J/01H,0.0008545633999999999,14.434139,2.9381680604813614
1994-03-08,26J/01H,0.0004351138,14.71202,2.951935235605976
1994-03-09,26J/01H,0.0,14.315621,3.0589202519932157
1994-03-10,26J/01H,0.13488268,14.480622,2.8395166392692275
1994-03-11,26J/01H,0.1647093,12.877053,2.5092981926955584
1994-03-12,26J/01H,0.16007668000000003,13.664649,2.674256381051444
1994-03-13,26J/01H,0.0,14.556518,2.915276076380947
1994-03-14,26J/01H,0.0,15.346288,2.8586061452030918
1994-03-15,26J/01H,0.0021552103,15.361978,3.277099023767457
1994-03-16,26J/01H,0.0004351138,16.248886,3.515316353549666
1994-03-17,26J/01H,0.0017106531000000002,16.125174,3.5768501548469054
1994-03-18,26J/01H,0.00899169,15.657512,3.46988411074818
1994-03-19,26J/01H,0.004178261799999999,13.684692,3.023971871274656
1994-03-20,26J/01H,0.0004351138,12.4143715,2.987562939206881
1994-03-21,26J/01H,0.02000271,14.272423,2.834702378263509
1994-03-22,26J/01H,0.0022587473,15.307359,3.440693369729812
1994-03-23,26J/01H,0.0004351138,16.243704,3.475840765848294
1994-03-24,26J/01H,0.0034459810000000003,18.077904,4.152337973446321
1994-03-25,26J/01H,0.008739065,18.376019,3.992849597826925
1994-03-26,26J/01H,0.008797265,14.756954,3.0336792429746398
1994-03-27,26J/01H,0.00085234636,13.858535,3.231404039870475
1994-03-28,26J/01H,0.12407324,14.451299,2.7736105516724536
1994-03-29,26J/01H,3.7783029999999997,14.216033,2.9369266760954984
1994-03-30,26J/01H,0.0073894849999999995,14.215358,3.292806629093993
1994-03-31,26J/01H,0.009324719,13.871597,3.278750142158224
1994-04-01,26J/01H,0.36104318,14.948447,2.6224289831000385
1994-04-02,26J/01H,0.0004261732,12.024746,2.743385427066731
1994-04-03,26J/01H,0.0017106532000000002,12.359863,3.174226743728938
1994-04-04,26J/01H,0.0008523464,13.9422655,3.441616000032776
1994-04-05,26J/01H,0.00172573,13.482959,3.24870984023876
1994-04-06,26J/01H,0.0017152369999999999,13.723237,3.702945499265001
1994-04-07,26J/01H,0.0030692687,13.370037,3.299378339364904
1994-04-08,26J/01H,0.0017235651,14.445408,4.06586405069987
1994-04-09,26J/01H,0.0030017838000000003,13.900191,3.850417176899613
1994-04-10,26J/01H,0.5078367,13.224313,2.526377688019392
1994-04-11,26J/01H,0.0017174970000000001,14.197205,3.706739424976969
1994-04-12,26J/01H,0.0017143402,14.924213,3.8880278973933855
1994-04-13,26J/01H,0.0,16.422462,4.089786875585265
1994-04-14,26J/01H,1.6668842,14.505008,3.606487528559033
1994-04-15,26J/01H,0.56497003,14.29834,3.32965296316696
1994-04-16,26J/01H,0.0017195934,12.091704,3.2497079958401294
1994-04-17,26J/01H,0.0008583069,12.008663,3.6306582073559626
1994-04-18,26J/01H,3.544668,10.098975,2.8618809978234765
1994-04-19,26J/01H,1.1993275,11.02242,3.377953522131369
1994-04-20,26J/01H,0.70701135,11.706256,3.025399059199084
1994-04-21,26J/01H,0.55368835,11.676875,3.185877146297383
1994-04-22,26J/01H,8.733671000000001,12.6903305,2.7399205669635607
1994-04-23,26J/01H,3.5089321,13.275608,2.94332517028978
1994-04-24,26J/01H,1.8343616999999999,12.472187,2.97262499044484
1994-04-25,26J/01H,0.0009180594,12.4721575,3.4706702423286706
1994-04-26,26J/01H,0.002555421,15.916016,4.745074330331383
1994-04-27,26J/01H,0.0,19.581888,5.559853878700351
1994-04-28,26J/01H,0.0004351138,20.953007,5.586227646667418
1994-04-29,26J/01H,0.00085843265,21.62481,5.3124330801599005
1994-04-30,26J/01H,0.001701992,21.665762,5.760241435128204
1994-05-01,26J/01H,0.0016982268,22.348368,5.426755835828995
1994-05-02,26J/01H,0.0008523463,22.54682,5.982628761808583
1994-05-03,26J/01H,0.0011361841,23.248362,6.121994825490182
1994-05-04,26J/01H,0.0008523464,19.549826,4.987214363182218
1994-05-05,26J/01H,0.00085234636,20.683313,6.014243094485888
1994-05-06,26J/01H,0.005762833,20.768614,5.634193086931938
1994-05-07,26J/01H,0.0014211830000000001,16.095413,3.8498157856083055
1994-05-08,26J/01H,0.0015589640000000001,14.945739,4.137510351196968
1994-05-09,26J/01H,0.24919414,16.487938,3.7320598975033135
1994-05-10,26J/01H,0.13836598,14.837619,4.211986420900214
1994-05-11,26J/01H,0.54066266,13.599243,3.0286222387818125
1994-05-12,26J/01H,11.542284,13.22029,3.175253207963291
1994-05-13,26J/01H,1.8796074,13.492114,3.290048497974176
1994-05-14,26J/01H,1.6163420000000002,14.991802,3.1401003355444943
1994-05-15,26J/01H,23.765919999999998,15.410298,3.4118705215083627
1994-05-16,26J/01H,4.4977793,14.147601,3.1668065900893057
1994-05-17,26J/01H,6.6850166,13.433734,2.8685667317194703
1994-05-18,26J/01H,0.60838416,14.082233,3.422124913594097
1994-05-19,26J/01H,1.8857845,14.330734,2.9428723146721127
1994-05-20,26J/01H,0.14861850000000001,15.629746,3.5944843296021656
1994-05-21,26J/01H,0.7018155500000001,17.494452,3.054601010593262
1994-05-22,26J/01H,1.1748055,17.61215,2.851531998740935
1994-05-23,26J/01H,8.078078000000001,16.271662,2.241250120788375
1994-05-24,26J/01H,0.12384343,17.138674,4.463082097475993
1994-05-25,26J/01H,0.0,16.349607,4.670537404008573
1994-05-26,26J/01H,0.0017642277,17.199553,4.411696478223017
1994-05-27,26J/01H,0.0,17.197773,4.934378574807789
1994-05-28,26J/01H,0.00092296773,17.351835,5.308652186788092
1994-05-29,26J/01H,0.0025771421999999998,19.292892,5.194509202872895
1994-05-30,26J/01H,0.00027900591,17.795362,5.076078701173187
1994-05-31,26J/01H,0.0,18.872475,5.417102403211029
1994-06-01,26J/01H,0.16752861,17.34036,4.590115316573196
1994-06-02,26J/01H,0.036665573,17.353907,4.222195123608272
1994-06-03,26J/01H,0.00043511385,18.152779,5.116806361520725
1994-06-04,26J/01H,0.002132555,20.52409,6.258552983779156
1994-06-05,26J/01H,0.0008583069,24.240747,6.980122003800339
1994-06-06,26J/01H,0.0008583069,24.857527,5.96427212472757
1994-06-07,26J/01H,0.0022672400000000002,22.183653,6.040112843848008
1994-06-08,26J/01H,0.010670232,22.568819,6.334772105833154
1994-06-09,26J/01H,0.00094728327,25.96605,6.738684548661141
1994-06-10,26J/01H,0.7597157,25.858236,6.797573592817479
1994-06-11,26J/01H,0.0,24.853376,6.019510060149586
1994-06-12,26J/01H,0.0,24.26037,6.060296975175405
1994-06-13,26J/01H,0.0,22.52078,5.422122958278599
1994-06-14,26J/01H,0.0017073643000000002,22.861298,6.233727744293882
1994-06-15,26J/01H,0.0025786275999999998,21.520994,5.638781203719515
1994-06-16,26J/01H,0.0004351138,20.688892,5.5349304370852055
1994-06-17,26J/01H,0.023005726,19.892271,4.729786705528535
1994-06-18,26J/01H,0.09417911,19.594116,4.579222869266492
1994-06-19,26J/01H,0.00090908915,19.913578,5.375996159307588
1994-06-20,26J/01H,0.0004261732,20.371698,5.3614129604402505
1994-06-21,26J/01H,0.0017198018,23.610094,6.8113119941680695
1994-06-22,26J/01H,0.00044107437,26.948145,7.12494624110933
1994-06-23,26J/01H,0.0,25.835205,6.583541615686619
1994-06-24,26J/01H,0.009949880000000001,21.924883,5.540565950187547
1994-06-25,26J/01H,0.0012964029,19.157969,5.001677704372201
1994-06-26,26J/01H,0.0012844794,22.863123,6.622358362789238
1994-06-27,26J/01H,0.0021522293,24.99015,6.94425198645917
1994-06-28,26J/01H,0.0021481383,25.49286,7.0539026526286
1994-06-29,26J/01H,0.0004387107,27.257736,7.776754449914258
1994-06-30,26J/01H,0.0017136326,27.105728,7.032472584992049
1994-07-01,26J/01H,0.0008524209000000001,24.5773,6.726612662198935
1994-07-02,26J/01H,0.0,23.267565,6.66264582641809
1994-07-03,26J/01H,0.0008523464,23.688185,7.048593458985458
1994-07-04,26J/01H,0.0008702277,25.53044,7.23740692387279
1994-07-05,26J/01H,0.0008612871,24.707468,6.5529630785307
1994-07-06,26J/01H,0.0017062219999999999,22.268652,6.099307752773395
1994-07-07,26J/01H,0.0,23.536263,6.896064622646812
1994-07-08,26J/01H,0.0,24.106798,6.758569797280263
1994-07-09,26J/01H,0.0,24.641724,7.019638669067546
1994-07-10,26J/01H,0.0,24.862955,7.0815006271072765
1994-07-11,26J/01H,0.0008583069,25.473175,7.122285550297136
1994-07-12,26J/01H,0.0008583069,23.699598,6.4157384289565815
1994-07-13,26J/01H,0.0025188377,23.02233,6.253064112182695
1994-07-14,26J/01H,0.057804176,23.698252,6.301857742066567
1994-07-15,26J/01H,0.3418219,26.087587,6.4237673436819
1994-07-16,26J/01H,0.0018626308000000002,23.434181,5.585948390535985
1994-07-17,26J/01H,9.361382599999999e-05,23.652632,6.0383500817580655
1994-07-18,26J/01H,0.0012814989000000001,26.223482,7.059469762543173
1994-07-19,26J/01H,0.002160722,27.38209,7.168380231956784
1994-07-20,26J/01H,0.004296723400000001,24.332365,6.486866029108608
1994-07-21,26J/01H,0.0043271933000000005,21.733725,5.823433178316545
1994-07-22,26J/01H,0.005026500000000001,22.583643,6.023593331470181
1994-07-23,26J/01H,0.009471476,23.105211,5.940913852896265
1994-07-24,26J/01H,0.009862162,21.470457,5.118370596981842
1994-07-25,26J/01H,0.0,22.235754,5.756987241381839
1994-07-26,26J/01H,0.00085234636,24.352537,6.764550246706397
1994-07-27,26J/01H,0.0,25.553896,6.53424689707877
1994-07-28,26J/01H,0.0028142230000000002,24.666643,6.249570196725771
1994-07-29,26J/01H,0.026382893,24.142288,5.79584268983647
1994-07-30,26J/01H,0.0009002658,20.66171,4.561781696628344
1994-07-31,26J/01H,0.7193537,20.704927,4.394241811140979
1994-08-01,26J/01H,0.0017106531000000002,20.646883,5.065298766883654
1994-08-02,26J/01H,0.0008549127600000001,23.36117,6.080631916756654
1994-08-03,26J/01H,0.0012785213,24.618187,6.043959507152982
1994-08-04,26J/01H,0.0009203344,23.801582,5.43970464775484
1994-08-05,26J/01H,0.0008523464,24.86143,6.216829147592257
1994-08-06,26J/01H,0.0008523464,23.617037,5.824042167158352
1994-08-07,26J/01H,0.004359816000000001,23.094963,6.172772906249522
1994-08-08,26J/01H,0.0,23.423586,6.08124401111398
1994-08-09,26J/01H,0.08623903000000001,20.714739,3.833939781162364
1994-08-10,26J/01H,0.28127362,20.63333,4.0780101738461925
1994-08-11,26J/01H,0.020403913,21.304037,4.840241961271151
1994-08-12,26J/01H,0.0004261732,22.587189,5.426186778808583
1994-08-13,26J/01H,0.00087021655,21.494865,5.14419113688404
1994-08-14,26J/01H,0.0016433995,22.355387,5.4748673904248815
1994-08-15,26J/01H,0.0,24.587679,5.80667084099737
1994-08-16,26J/01H,0.0012874599,24.78099,5.89962582416129
1994-08-17,26J/01H,0.001292904,24.726435,6.176021807956546
1994-08-18,26J/01H,0.00044107437,26.162859,6.727143227893147
1994-08-19,26J/01H,0.18247997000000002,26.980284,6.723215338679067
1994-08-20,26J/01H,0.00092492515,24.228834,5.594668169828721
1994-08-21,26J/01H,0.0032478993,21.590334,4.698538924621936
1994-08-22,26J/01H,0.0004351138,22.43257,5.220114110734076
1994-08-23,26J/01H,0.006752237,23.0934,5.120014193209229
1994-08-24,26J/01H,0.0,20.546007,4.560265565478337
1994-08-25,26J/01H,0.0008757754,22.553102,5.10858945856583
1994-08-26,26J/01H,0.00043511385,27.644135,6.451746434146552
1994-08-27,26J/01H,0.004296938,27.156206,5.770448881726063
1994-08-28,26J/01H,0.0004261732,25.403234,5.645335634977696
1994-08-29,26J/01H,0.014135327000000001,22.907015,4.865751736838085
1994-08-30,26J/01H,0.0033756387,21.60457,4.260386417571252
1994-08-31,26J/01H,0.051254948,21.255503,3.5809783770648678
1994-09-01,26J/01H,0.002146616,21.03598,4.477677566532525
1994-09-02,26J/01H,0.0004351138,23.302628,5.468451568309606
1994-09-03,26J/01H,0.0008444334,23.940699,5.147625608795207
1994-09-04,26J/01H,0.005389758,22.505632,4.271269128699734
1994-09-05,26J/01H,0.00044107437,24.897057,5.332219671221823
1994-09-06,26J/01H,0.0021457663,24.9375,4.938048361175066
1994-09-07,26J/01H,0.0073248825,21.780655,4.225246662072553
1994-09-08,26J/01H,0.00042636123,19.437775,3.723463421185379
1994-09-09,26J/01H,0.0004261732,19.977638,4.03822951724598
1994-09-10,26J/01H,0.024836811,22.033594,4.085533353990005
1994-09-11,26J/01H,0.0075268005999999995,22.33996,4.4630760205446816
1994-09-12,26J/01H,0.21628418,20.620834,3.5643367313689787
1994-09-13,26J/01H,0.0037874460000000003,18.286844,3.3426940542718997
1994-09-14,26J/01H,0.0028426646999999998,18.218445,3.043436847704069
1994-09-15,26J/01H,0.00043511385,17.540638,3.4932824904364823
1994-09-16,26J/01H,0.022917867999999997,19.225828,3.853718289869077
1994-09-17,26J/01H,0.0004351138,20.278982,4.327151967622845
1994-09-18,26J/01H,0.0,21.938036,4.082727024623025
1994-09-19,26J/01H,0.0025888925,22.24869,4.448984083798012
1994-09-20,26J/01H,0.0,21.806046,4.3159852508392005
1994-09-21,26J/01H,0.0021465947999999998,17.020874,2.894526383063112
1994-09-22,26J/01H,0.54279144,15.6700325,2.9066292366276523
1994-09-23,26J/01H,0.0043766828,15.457023,3.1863769215107127
1994-09-24,26J/01H,0.6273421,16.092747,2.8314607912836576
1994-09-25,26J/01H,0.0061545670000000005,16.630623,3.0341802191294294
1994-09-26,26J/01H,1.3485187,16.97934,2.6187684329784395
1994-09-27,26J/01H,0.004826188,18.560135,3.48833445910065
1994-09-28,26J/01H,0.009731743,20.638859,3.233938854162924
1994-09-29,26J/01H,7.9280605,17.925756,3.184087614277796
1994-09-30,26J/01H,0.018742826,18.118818,3.218785652990977
1994-10-01,26J/01H,0.03521267,18.7538,2.9791620925969653
1994-10-02,26J/01H,0.0028343093000000002,18.386106,3.166606880690407
1994-10-03,26J/01H,0.0038375978,18.097387,3.1612376075908206
1994-10-04,26J/01H,0.09203935,18.574095,2.3768155008159733
1994-10-05,26J/01H,10.869546,18.122995,1.9299411683739216
1994-10-06,26J/01H,18.392020000000002,17.729755,2.098854274593067
1994-10-07,26J/01H,0.29435477,19.319613,2.8481827817059333
1994-10-08,26J/01H,3.8313027,17.33979,2.183909140080257
1994-10-09,26J/01H,0.5335665,18.250328,2.8524885459855884
1994-10-10,26J/01H,0.6989524500000001,18.806585,2.6058364378474903
1994-10-11,26J/01H,4.2150110000000005,19.785791,2.447911271764941
1994-10-12,26J/01H,0.36618826000000004,19.045542,2.250982167343102
1994-10-13,26J/01H,0.671199,19.358564,2.55071477300122
1994-10-14,26J/01H,2.2858108,18.902088,2.426169264757108
1994-10-15,26J/01H,0.7813371600000001,18.49879,2.205325538949966
1994-10-16,26J/01H,2.2302060000000004,17.895723,2.223924346332182
1994-10-17,26J/01H,1.9914263,17.706064,1.9085655646260329
1994-10-18,26J/01H,0.96966235,16.938549,1.6600858338385835
1994-10-19,26J/01H,1.9941848,16.59449,1.862116145754436
1994-10-20,26J/01H,0.25722397,15.702222,1.881341492032202
1994-10-21,26J/01H,0.16417188,16.404327,1.9487887417462144
1994-10-22,26J/01H,2.9814735999999997,18.665113,1.7600882963407984
1994-10-23,26J/01H,0.5439094,16.752874,1.8067087861250013
1994-10-24,26J/01H,0.0029104488,15.075959,2.0103410606580296
1994-10-25,26J/01H,0.301026,16.066628,2.2545490695139647
1994-10-26,26J/01H,0.04966813,17.53148,1.9238902470703136
1994-10-27,26J/01H,3.2896868,14.81395,1.539872690532342
1994-10-28,26J/01H,0.0,13.997799,2.117096631509685
1994-10-29,26J/01H,0.0012904402,14.5179825,2.234877771774233
1994-10-30,26J/01H,0.0042372527,15.977872,2.408433376022952
1994-10-31,26J/01H,0.0010182131999999999,16.64779,2.3059561559980315
1994-11-01,26J/01H,0.0,15.467696,1.864328543525636
1994-11-02,26J/01H,4.282885,15.336532,1.7988945918751136
1994-11-03,26J/01H,7.0876836,14.727733,1.4379189425830796
1994-11-04,26J/01H,1.7762977000000002,12.116271,1.1351501302143148
1994-11-05,26J/01H,0.13429984,12.151489,1.531074998192203
1994-11-06,26J/01H,4.6793843,14.170815,1.6671549604896618
1994-11-07,26J/01H,0.72061475,15.117366,1.417903975873584
1994-11-08,26J/01H,2.7606640000000002,16.408188,1.5606409230561469
1994-11-09,26J/01H,4.261890999999999,16.508791,1.4291204820597294
1994-11-10,26J/01H,0.12043926,15.891955,1.7093774676035176
1994-11-11,26J/01H,0.18597775,17.621485,1.4276023501164736
1994-11-12,26J/01H,0.5281282300000001,16.252222,1.5592832015882998
1994-11-13,26J/01H,0.0017046924000000002,13.484405,1.672424796636056
1994-11-14,26J/01H,0.0008702277499999999,13.159141,1.8936698829637773
1994-11-15,26J/01H,0.0008712916,14.076794,1.971415791562682
1994-11-16,26J/01H,0.0,14.888417,1.9137795335935528
1994-11-17,26J/01H,0.009459407000000001,13.334094,1.3972898757191905
1994-11-18,26J/01H,0.0046650243,12.063451,1.5062058641351617
1994-11-19,26J/01H,0.0012904402,14.503882,1.9468410979298645
1994-11-20,26J/01H,0.0,13.913697,1.810927378582054
1994-11-21,26J/01H,0.0,13.810697,1.7736000300071963
1994-11-22,26J/01H,0.00085234636,13.842931,1.7531465914373467
1994-11-23,26J/01H,0.00085837626,14.655552,1.5512294217813605
1994-11-24,26J/01H,0.00085234636,13.997718,1.7955823533929316
1994-11-25,26J/01H,0.0012844794,13.741623,1.6963950632056473
1994-11-26,26J/01H,0.0004351138,13.205116,1.654202313802421
1994-11-27,26J/01H,0.0004351138,13.418397,1.4305952928879824
1994-11-28,26J/01H,0.09761623,11.260391,1.410045278927569
1994-11-29,26J/01H,3.3082317,13.364564,1.1611856710553652
1994-11-30,26J/01H,0.06713272,15.465983,1.209413212084279
1994-12-01,26J/01H,0.17180139,15.009944,1.2675479678067207
1994-12-02,26J/01H,10.110337,14.179198,0.8123563104676538
1994-12-03,26J/01H,0.09266995,14.345433,1.263643726762239
1994-12-04,26J/01H,0.00085234636,12.432862,1.4384397383834102
1994-12-05,26J/01H,1.5074847,13.466297,1.4134713151241365
1994-12-06,26J/01H,0.26160007,15.050017,1.0236368712640205
1994-12-07,26J/01H,3.0103284,14.637146,1.214704856735745
1994-12-08,26J/01H,0.012301729999999999,11.259171,1.2746436896902706
1994-12-09,26J/01H,0.010613830999999999,11.972047,1.365569904562936
1994-12-10,26J/01H,0.010306404,13.478679,1.262892140833325
1994-12-11,26J/01H,0.0004351138,12.653197,1.4848143555950395
1994-12-12,26J/01H,0.001275539,12.93102,1.3452504798000469
1994-12-13,26J/01H,0.0,12.19942,1.375286255823169
1994-12-14,26J/01H,0.003057012,11.4728155,1.3852081613501277
1994-12-15,26J/01H,0.29816965,12.361726,1.128263783454627
1994-12-16,26J/01H,0.2492403,11.339039,1.045333333670142
1994-12-17,26J/01H,0.043740055,11.238229,1.1097196593657377
1994-12-18,26J/01H,0.06543452999999999,10.484204,1.2693126455946122
1994-12-19,26J/01H,0.06563079000000001,10.413475,0.9333517501696932
1994-12-20,26J/01H,0.0012993805,8.127432,1.123744703155835
1994-12-21,26J/01H,0.0,7.8094406,1.2169685383489148
1994-12-22,26J/01H,0.00085234636,9.562179,1.2070160309444735
1994-12-23,26J/01H,0.0022238681,7.959169,1.024614848515381
1994-12-24,26J/01H,0.0008630841,4.2963266,1.0497049813980284
1994-12-25,26J/01H,0.0004351138,3.6530616,1.006252545240682
1994-12-26,26J/01H,0.0008523464,4.4089074,0.9407496155019528
1994-12-27,26J/01H,0.0019749582000000003,6.0585475,1.0740000774757634
1994-12-28,26J/01H,0.0021462092,7.536884,1.266066549637589
1994-12-29,26J/01H,0.2064277,12.363564,1.2070714868463457
1994-12-30,26J/01H,0.32748602,16.050009,0.9011133691369532
1994-12-31,26J/01H,0.60662274,15.797023,0.9193605452309774
1995-01-01,26J/01H,3.1346284,12.362518,1.292067224517648
1995-01-02,26J/01H,0.0021398063000000003,7.20573,1.0580495568012962
1995-01-03,26J/01H,0.0,5.8368144,1.0763457208788472
1995-01-04,26J/01H,0.0,7.30123,1.3010906611365314
1995-01-05,26J/01H,0.038244373000000005,10.727469,1.1091803936960785
1995-01-06,26J/01H,0.005313174,10.542166,1.0416070144858671
1995-01-07,26J/01H,0.0,8.579109,1.1030417612822518
1995-01-08,26J/01H,0.0,7.191073,1.061722647183051
1995-01-09,26J/01H,0.00085347927,7.6205907,1.3268285965231437
1995-01-10,26J/01H,0.0017106532000000002,8.142306,1.3220935225234811
1995-01-11,26J/01H,0.0012851588,7.6825523,1.3777177798258322
1995-01-12,26J/01H,0.00085532665,9.883954,1.4330513565561882
1995-01-13,26J/01H,0.0004351138,8.793416,1.2324887431697922
1995-01-14,26J/01H,0.0004351138,7.401819,1.3654360525956366
1995-01-15,26J/01H,0.0004261732,8.713941,1.484755446937256
1995-01-16,26J/01H,0.0008523463,9.258354,1.6023345349759577
1995-01-17,26J/01H,3.1057102,12.612287,1.11468678591489
1995-01-18,26J/01H,3.1487869,11.384049,1.275886236085965
1995-01-19,26J/01H,0.106344406,9.455518,1.329537872095734
1995-01-20,26J/01H,0.88684875,10.852966,1.3076010987541835
1995-01-21,26J/01H,0.0,8.660635,1.3037279275776517
1995-01-22,26J/01H,4.7628794000000004e-05,9.295661,1.5676486096682536
1995-01-23,26J/01H,0.2234936,11.654755,1.456362811247304
1995-01-24,26J/01H,0.006650751600000001,13.5247345,1.4447924803517012
1995-01-25,26J/01H,0.18079794000000002,12.126163,1.1910522503098158
1995-01-26,26J/01H,2.8330645,12.682346,1.2868411213724695
1995-01-27,26J/01H,0.025027588000000003,11.278443,1.1124224195598549
1995-01-28,26J/01H,0.07760075000000001,12.213871,1.6272806621452334
1995-01-29,26J/01H,0.055139270000000004,14.737506,1.225747462260032
1995-01-30,26J/01H,1.8033912,14.158719,1.3439675991363451
1995-01-31,26J/01H,0.08655626,12.638306,1.6321573822240372
1995-02-01,26J/01H,0.014987638000000001,12.25029,1.6098807554807069
1995-02-02,26J/01H,0.0019548081,12.32788,1.5684480343642515
1995-02-03,26J/01H,0.0028901043,11.970008,1.7905706058787088
1995-02-04,26J/01H,0.00044107434,11.725177,1.9893055377944824
1995-02-05,26J/01H,0.0017095908,11.16454,1.9759590583474893
1995-02-06,26J/01H,0.002245051,11.305739,1.8641250299254049
1995-02-07,26J/01H,0.17271141,12.916522,1.8877372556940728
1995-02-08,26J/01H,1.8085746999999999,13.942883,1.3422970111293937
1995-02-09,26J/01H,11.062272000000002,13.521546,1.5955373962595985
1995-02-10,26J/01H,2.1128744999999998,10.472793,1.3759658117346902
1995-02-11,26J/01H,0.0008523464,10.143973,1.808825198927024
1995-02-12,26J/01H,12.488316000000001,13.340915,1.544958776341764
1995-02-13,26J/01H,14.965809,14.701488,1.5842304876260738
1995-02-14,26J/01H,0.4059201,15.004578,1.5403978851707911
1995-02-15,26J/01H,0.14250566,14.614398,1.5517533365793883
1995-02-16,26J/01H,0.015978129,14.779941,1.8061917710919968
1995-02-17,26J/01H,0.675714,13.371319,1.6612100731153017
1995-02-18,26J/01H,0.0021356547,10.362003,1.6803623679727364
1995-02-19,26J/01H,0.002149336,10.750587,2.205084889825186
1995-02-20,26J/01H,0.020580769000000002,12.167037,2.486955955208136
1995-02-21,26J/01H,0.37720593,11.611764,1.6494666966834295
1995-02-22,26J/01H,0.0,8.965335,1.7571765260649537
1995-02-23,26J/01H,0.0012934207,9.452878,2.1354097300789383
1995-02-24,26J/01H,0.007152327,11.980321,2.2526342375985675
1995-02-25,26J/01H,0.19763651999999998,13.412934,1.543754874127378
1995-02-26,26J/01H,0.48487787,9.545871,1.509671215540292
1995-02-27,26J/01H,0.0008605001,8.0587225,1.7749016169103258
1995-02-28,26J/01H,0.0021427867,8.291526,1.917611522743069
1995-03-01,26J/01H,0.0012844794,10.011304,2.222056274764233
1995-03-02,26J/01H,0.0007229063500000001,10.730487,1.9893688111276988
1995-03-03,26J/01H,0.77485095,10.463007,1.7096469883665073
1995-03-04,26J/01H,0.036931076,10.227291,1.9981489951616895
1995-03-05,26J/01H,0.65692645,13.809773,1.697004152692219
1995-03-06,26J/01H,1.5307571,12.290742,1.9599859400236253
1995-03-07,26J/01H,0.0008583069,10.394976,2.536389630865743
1995-03-08,26J/01H,0.004063702000000001,9.4156685,2.1472714290634807
1995-03-09,26J/01H,0.0006866276,10.376236,2.912810419744833
1995-03-10,26J/01H,5.2928535000000005,11.442105,2.144233203494803
1995-03-11,26J/01H,0.969179,11.188411,1.9705283139338892
1995-03-12,26J/01H,0.033009132000000004,14.532044,2.910753139009883
1995-03-13,26J/01H,0.0964392,14.400743,3.1277011824157044
1995-03-14,26J/01H,0.014867281000000001,14.504636,2.834904043019449
1995-03-15,26J/01H,0.0,13.935096,2.9769792799628587
1995-03-16,26J/01H,0.0,11.64769,2.585400009782836
1995-03-17,26J/01H,0.031013533,11.9052,2.595970561898181
1995-03-18,26J/01H,0.00043823674,12.773575,3.0956575343309063
1995-03-19,26J/01H,0.0004351138,14.1517935,3.29085273108965
1995-03-20,26J/01H,0.0025779,14.654315,3.4822020304317056
1995-03-21,26J/01H,0.00043511385,16.056475,3.673848656839848
1995-03-22,26J/01H,0.00085234636,16.255962,3.147850281304539
1995-03-23,26J/01H,0.0012874597000000002,16.220226,3.242782213688704
1995-03-24,26J/01H,0.0,16.040443,3.9496904078132062
1995-03-25,26J/01H,0.00085234636,16.98162,3.9608176101684487
1995-03-26,26J/01H,0.0,17.05404,4.069490594781855
1995-03-27,26J/01H,0.0017046924000000002,17.719603,4.288441835020822
1995-03-28,26J/01H,0.00085234636,18.354408,4.3614899355484615
1995-03-29,26J/01H,0.0,19.075527,4.510683085084778
1995-03-30,26J/01H,0.00043511385,19.272821,3.918340015082224
1995-03-31,26J/01H,0.0012685366,16.411173,3.4506303152685542
1995-04-01,26J/01H,0.0017225739000000001,16.516651,3.761084831176024
1995-04-02,26J/01H,0.00043511385,17.025549,3.7098170772525214
1995-04-03,26J/01H,1.5335182,15.193677,3.724563682956045
1995-04-04,26J/01H,0.05829476,16.456772,3.9352212554451262
1995-04-05,26J/01H,0.3727466,18.614128,4.581461473316724
1995-04-06,26J/01H,0.0013113469,19.327646,4.689396477253338
1995-04-07,26J/01H,0.0008583069,19.690193,4.710005586807139
1995-04-08,26J/01H,0.0017197309000000001,20.828669,4.958909722720874
1995-04-09,26J/01H,0.011741731,22.3013,5.154147667811307
1995-04-10,26J/01H,0.0017106532000000002,21.506907,5.021818392178048
1995-04-11,26J/01H,0.0048312626,19.165323,3.752719855232996
1995-04-12,26J/01H,5.1398164,18.59146,4.12867617531119
1995-04-13,26J/01H,0.8847674,19.148024,4.518785759519771
1995-04-14,26J/01H,1.7356989,18.16236,4.007617197053103
1995-04-15,26J/01H,0.0030467719999999997,18.05813,3.9919639502215247
1995-04-16,26J/01H,0.00085234636,18.245806,4.58251452930672
1995-04-17,26J/01H,0.001285087,19.222849,4.8207691920294415
1995-04-18,26J/01H,0.4156322,18.312437,4.736500808665564
1995-04-19,26J/01H,0.0017695137000000001,14.740836,3.715627261011407
1995-04-20,26J/01H,0.0025808804,12.281246,3.19102594317623
1995-04-21,26J/01H,0.46246768,10.086871,2.571835500765713
1995-04-22,26J/01H,0.6409133,9.824597,2.862809930312387
1995-04-23,26J/01H,0.9204361,10.257838,2.745749014073935
1995-04-24,26J/01H,0.12041734,10.957127,3.240203660881817
1995-04-25,26J/01H,0.151286,10.995862,3.253313539791745
1995-04-26,26J/01H,1.1227949000000002,12.144551,3.254437436588658
1995-04-27,26J/01H,17.582138999999998,13.670731,3.036500108481171
1995-04-28,26J/01H,1.9562933,15.262853,3.0165641939026195
1995-04-29,26J/01H,0.0037803570000000002,16.949163,4.5765776591819485
1995-04-30,26J/01H,0.0012574306,19.228647,5.055324391826239
1995-05-01,26J/01H,0.012353355000000002,19.987303,5.157521641380392
1995-05-02,26J/01H,0.0003293583,22.313108,5.300833123342699
1995-05-03,26J/01H,0.004489911,21.303192,4.517161626446444
1995-05-04,26J/01H,0.06081225,22.812294,5.477877285864248
1995-05-05,26J/01H,0.9525624,18.84353,2.6061140018036726
1995-05-06,26J/01H,12.153290000000002,16.735373,3.465441076508752
1995-05-07,26J/01H,0.08428711,18.330679,4.432064692032232
1995-05-08,26J/01H,0.24228935000000001,18.25947,4.565519927307097
1995-05-09,26J/01H,0.6728006000000001,18.091244,3.840759639911751
1995-05-10,26J/01H,0.07148961,17.473965,4.037494006748764
1995-05-11,26J/01H,0.89290314,15.511201,3.3159572381185254
1995-05-12,26J/01H,0.58550323,16.002249,3.679717131682819
1995-05-13,26J/01H,0.0008583069,16.291805,5.062804020580335
1995-05-14,26J/01H,0.0017225739000000001,18.487411,5.641261515654332
1995-05-15,26J/01H,0.009041966,18.91974,4.630353177862774
1995-05-16,26J/01H,0.08402975000000001,18.604847,4.150776901632646
1995-05-17,26J/01H,0.08876057,19.826303,4.8768131732505005
1995-05-18,26J/01H,0.004537914,18.75926,4.988734868282496
1995-05-19,26J/01H,0.0042080436,19.735935,5.217842123703326
1995-05-20,26J/01H,0.0,21.835548,6.291544062015413
1995-05-21,26J/01H,0.0017106532000000002,22.401525,5.91281357906891
1995-05-22,26J/01H,0.0017199910000000001,21.927282,5.313732390398349
1995-05-23,26J/01H,0.0017574601000000002,19.819609,5.427293092093356
1995-05-24,26J/01H,0.5189563,17.740664,4.313489562718775
1995-05-25,26J/01H,0.0032019293,17.663897,4.598747413749352
1995-05-26,26J/01H,0.0004351138,18.387053,5.178935335045577
1995-05-27,26J/01H,0.0,20.19841,5.780761533475422
1995-05-28,26J/01H,0.0004261732,21.638369,5.99478041815032
1995-05-29,26J/01H,0.0004261732,20.539984,5.791608165923959
1995-05-30,26J/01H,0.0,21.23506,6.312398589839449
1995-05-31,26J/01H,0.0008523463,23.924095,6.435574780150901
1995-06-01,26J/01H,0.0008583069,24.664093,6.084707523697504
1995-06-02,26J/01H,0.0012874597000000002,23.402435,6.11342943588143
1995-06-03,26J/01H,0.0017106531000000002,22.2931,6.28203134448531
1995-06-04,26J/01H,0.00085234636,24.21168,6.514413043886269
1995-06-05,26J/01H,0.00082371765,25.495386,7.181096728335606
1995-06-06,26J/01H,5.6579939999999995,23.811247,5.24372063811791
1995-06-07,26J/01H,1.8439299000000002,22.171701,4.952281494475822
1995-06-08,26J/01H,0.6752787499999999,20.703638,4.812292222319161
1995-06-09,26J/01H,0.022730885000000003,19.563744,4.9827213465323865
1995-06-10,26J/01H,0.0009710115000000001,18.553087,5.165641678058448
1995-06-11,26J/01H,0.00085234636,18.991337,5.344687770916346
1995-06-12,26J/01H,0.001716767,18.155424,4.724188167929822
1995-06-13,26J/01H,0.0012385911,17.343664,4.333465954685024
1995-06-14,26J/01H,0.0008686075,18.920507,5.471223309341025
1995-06-15,26J/01H,0.0008550411,19.52006,5.527095531684856
1995-06-16,26J/01H,0.0017231241,19.76122,5.597971046563735
1995-06-17,26J/01H,0.0027118232,20.14189,5.35488185842083
1995-06-18,26J/01H,0.0017094237,21.70829,6.254421243276665
1995-06-19,26J/01H,0.00049141294,21.981897,6.208035170370022
1995-06-20,26J/01H,0.0019683875,21.735159,5.869751027023651
1995-06-21,26J/01H,0.0026264734,24.440643,6.999800147689045
1995-06-22,26J/01H,0.0016974910000000002,24.310106,6.222888478353847
1995-06-23,26J/01H,0.014434194000000001,20.381807,4.833099827951865
1995-06-24,26J/01H,0.9531653,20.110855,4.365735382159346
1995-06-25,26J/01H,0.054707317000000005,21.609491,5.4716569626326175
1995-06-26,26J/01H,7.1942344,18.220854,1.9248081835857345
1995-06-27,26J/01H,1.229653,19.879284,4.291978666356925
1995-06-28,26J/01H,0.010422296,19.806128,4.744603213495011
1995-06-29,26J/01H,0.0008523464,19.795069,5.213001651736839
1995-06-30,26J/01H,0.00081633073,19.961933,5.012306979406784
1995-07-01,26J/01H,0.097210976,19.647352,4.446299325810563
1995-07-02,26J/01H,1.4638394000000001,19.522444,4.241232350649252
1995-07-03,26J/01H,0.5937824,19.75182,4.178500382299718
1995-07-04,26J/01H,0.0051617384,19.60386,4.873982407093258
1995-07-05,26J/01H,0.0017263173,21.378988,6.085541139944856
1995-07-06,26J/01H,0.00042915335,23.459541,6.653562099111751
1995-07-07,26J/01H,0.0029754405,24.75841,6.158045966205783
1995-07-08,26J/01H,0.6216825,24.33946,5.386682212562342
1995-07-09,26J/01H,0.06439869000000001,24.463531,5.237004210801927
1995-07-10,26J/01H,0.12286267,22.029709,4.75981479975009
1995-07-11,26J/01H,0.0029183607000000003,21.475008,5.427890805983743
1995-07-12,26J/01H,0.03749312,21.680351,5.099963118066794
1995-07-13,26J/01H,0.023735085000000003,20.923891,4.754160366258286
1995-07-14,26J/01H,0.0008583093,21.488184,5.371097328801424
1995-07-15,26J/01H,0.0012796128000000001,24.33889,6.421635841428312
1995-07-16,26J/01H,0.0013049281,26.41925,6.869752036264554
1995-07-17,26J/01H,0.0,27.209848,7.091858736438406
1995-07-18,26J/01H,0.00043511385,29.177568,7.990279733696787
1995-07-19,26J/01H,0.0,30.328531,7.594909993312833
1995-07-20,26J/01H,0.0012814989000000001,29.15883,7.32700205385499
1995-07-21,26J/01H,0.0015675919,27.577911,7.1878588642924415
1995-07-22,26J/01H,0.000868443,29.149414,7.885330951066812
1995-07-23,26J/01H,0.02891773,32.204296,8.97244959539221
1995-07-24,26J/01H,0.022238676000000002,29.370598,6.817215883594552
1995-07-25,26J/01H,0.20520966000000002,22.202682,4.236505160983876
1995-07-26,26J/01H,0.010563984,22.637472,5.334866939736401
1995-07-27,26J/01H,0.0012993805,25.988787,7.317781126861585
1995-07-28,26J/01H,0.0012874599,28.481443,7.451939921701546
1995-07-29,26J/01H,0.00049214157,25.627464,6.358552977680096
1995-07-30,26J/01H,0.00045075533000000004,23.593275,6.054425520999838
1995-07-31,26J/01H,0.01171369,22.93216,5.7144426101748165
1995-08-01,26J/01H,0.006636182,23.159615,5.729242761183866
1995-08-02,26J/01H,0.00089394194,22.400213,5.437072292591899
1995-08-03,26J/01H,0.0004351138,20.499336,5.305576730369501
1995-08-04,26J/01H,0.017121336,20.795553,4.980381923314689
1995-08-05,26J/01H,0.001726109,22.837389,5.488266367583056
1995-08-06,26J/01H,0.0008968277,23.463491,5.596747104461027
1995-08-07,26J/01H,0.0004351138,22.357674,5.322142117825144
1995-08-08,26J/01H,0.0026087174,23.373026,5.725991518511288
1995-08-09,26J/01H,0.0,24.369398,5.918121111403745
1995-08-10,26J/01H,0.023198421,24.268753,5.524544713460373
1995-08-11,26J/01H,0.0012814989000000001,25.977228,6.297685149656364
1995-08-12,26J/01H,0.001281499,28.335686,7.100409039024246
1995-08-13,26J/01H,0.0038743002,29.681595,7.190491269939217
1995-08-14,26J/01H,0.0,28.79081,6.425765948454694
1995-08-15,26J/01H,0.00044142637,28.342413,5.881046521072722
1995-08-16,26J/01H,0.010559497000000001,26.55224,5.688891601804878
1995-08-17,26J/01H,0.019169504,22.655073,4.859080794793754
1995-08-18,26J/01H,0.0007464380000000001,21.613861,4.512009200475148
1995-08-19,26J/01H,0.0030276920000000002,22.472563,5.401061797153914
1995-08-20,26J/01H,0.001427116,21.629663,4.627985201042509
1995-08-21,26J/01H,0.020873484,21.73262,4.69431509687622
1995-08-22,26J/01H,0.002570706,23.521431,5.31291370315384
1995-08-23,26J/01H,0.00017439507,25.643702,5.629449177256724
1995-08-24,26J/01H,0.001281499,26.698465,5.563108516398916
1995-08-25,26J/01H,0.0,28.649414,5.895005898079734
1995-08-26,26J/01H,0.0008583069,28.36659,5.9153033161342
1995-08-27,26J/01H,0.0004351138,27.931152,6.321460713895927
1995-08-28,26J/01H,0.0,28.2871,6.136813060360838
1995-08-29,26J/01H,0.00044107437,26.836967,5.13088361354796
1995-08-30,26J/01H,0.0,25.151644,5.173207437592829
1995-08-31,26J/01H,0.0032087214,23.068785,4.804104119209497
1995-09-01,26J/01H,0.27084534000000005,24.430475,5.2820889347569455
1995-09-02,26J/01H,0.0021266084,22.71061,3.973716565747441
1995-09-03,26J/01H,0.006062900499999999,21.595999,4.353072251507173
1995-09-04,26J/01H,0.027857073,20.486582,3.6046558545705705
1995-09-05,26J/01H,3.1957202000000002,18.490341,2.6309637955858363
1995-09-06,26J/01H,1.0622462000000001,20.951418,3.1895477465952955
1995-09-07,26J/01H,1.0004835,20.49616,3.169412397831988
1995-09-08,26J/01H,0.022280516,19.582556,3.769218813111068
1995-09-09,26J/01H,0.0,20.099936,4.197873177537177
1995-09-10,26J/01H,1.4137474,20.670523,3.505458387072951
1995-09-11,26J/01H,0.002089568,19.358957,3.437082291955824
1995-09-12,26J/01H,0.0008634829499999999,18.05686,3.466842475814231
1995-09-13,26J/01H,0.0,18.792511,3.746798655303715
1995-09-14,26J/01H,0.00084527755,19.600195,3.706659489268541
1995-09-15,26J/01H,0.0015460739,19.244972,3.5609171766900745
1995-09-16,26J/01H,0.0008702277499999999,18.833643,3.558200774416024
1995-09-17,26J/01H,0.44225504000000004,17.72042,3.031957226136826
1995-09-18,26J/01H,0.09683839000000001,16.659292,3.025848329926552
1995-09-19,26J/01H,0.1491343,16.728941,2.866967872954796
1995-09-20,26J/01H,0.021355135,17.706148,3.215027780199729
1995-09-21,26J/01H,0.0008991533000000001,18.942192,3.76570564348019
1995-09-22,26J/01H,0.001716613,20.32982,3.9010658362536583
1995-09-23,26J/01H,0.00085234636,21.597128,3.7903063053896098
1995-09-24,26J/01H,0.0,20.556576,3.9241347250737086
1995-09-25,26J/01H,0.0008642672300000001,20.727625,3.829357841162512
1995-09-26,26J/01H,0.0004351138,20.548615,3.243063520518332
1995-09-27,26J/01H,0.0008475152,19.614841,4.013606889301068
1995-09-28,26J/01H,0.00044107437,22.066193,4.089552428305751
1995-09-29,26J/01H,0.0008702277499999999,21.98231,4.048709483387042
1995-09-30,26J/01H,0.00043511385,21.999437,3.955842245068026
1995-10-01,26J/01H,0.0060303019999999995,21.905022,3.788583303506442
1995-10-02,26J/01H,0.0017399910000000002,20.704485,3.58103233719172
1995-10-03,26J/01H,0.0017668871,18.80411,2.982964479464746
1995-10-04,26J/01H,0.030449772,18.842148,3.0165357224378204
1995-10-05,26J/01H,0.00083419365,17.625286,2.815912794831866
1995-10-06,26J/01H,0.0004351138,18.069181,3.4123734486073123
1995-10-07,26J/01H,0.0008642672300000001,20.548113,3.605129839707425
1995-10-08,26J/01H,0.00044455588,21.9346,3.32461373458236
1995-10-09,26J/01H,0.35611902,20.795717,2.6618421479323864
1995-10-10,26J/01H,0.38035477,20.36545,2.1602938627656667
1995-10-11,26J/01H,0.09380143,21.30797,2.8062486839581857
1995-10-12,26J/01H,0.0,20.760046,3.005340285443664
1995-10-13,26J/01H,0.020242266000000002,19.645155,2.85136936753958
1995-10-14,26J/01H,0.5984344,19.341154,2.4382918405149483
1995-10-15,26J/01H,0.0,18.623484,2.8125908125841783
1995-10-16,26J/01H,0.0,19.732027,2.9802959877499147
1995-10-17,26J/01H,0.0,20.302422,3.249147018085841
1995-10-18,26J/01H,0.0,21.443077,3.208822255742952
1995-10-19,26J/01H,0.00043511385,23.072914,3.325312167969956
1995-10-20,26J/01H,0.011350861,21.12961,2.653250901927224
1995-10-21,26J/01H,0.0005580393000000001,19.712816,2.60877760433144
1995-10-22,26J/01H,0.0,19.214064,2.7029068777023677
1995-10-23,26J/01H,0.034449036,18.479158,2.345200768654649
1995-10-24,26J/01H,10.375839000000001,19.652586,2.113734752402464
1995-10-25,26J/01H,4.81564,20.202383,2.0062418014644203
1995-10-26,26J/01H,0.46051236,20.63661,2.285124996692833
1995-10-27,26J/01H,0.1785555,21.052034,2.2347745812693813
1995-10-28,26J/01H,0.0039290483,18.725405,2.0041862914932738
1995-10-29,26J/01H,0.028567371,17.272589,1.9022965042324325
1995-10-30,26J/01H,1.3709786,18.322828,2.62697641164881
1995-10-31,26J/01H,1.3548204000000001,20.422007,2.254471692425037
1995-11-01,26J/01H,3.152175,19.749374,1.7311534293685424
1995-11-03,26J/01H,0.03872356,18.81671,1.8198251712845464
1995-11-04,26J/01H,0.0812854,19.368334,1.956223270668068
1995-11-05,26J/01H,0.0017211387000000001,18.67475,2.261125266482328
1995-11-06,26J/01H,0.08707089000000001,18.405163,1.9262142020447093
1995-11-07,26J/01H,7.125582499999999e-05,18.202528,1.659610229067735
1995-11-08,26J/01H,0.019019981000000002,17.03576,1.9749684915559784
1995-11-09,26J/01H,0.5386515500000001,16.394566,1.7244428917158563
1995-11-10,26J/01H,10.999524,15.7375345,1.2022802233117829
1995-11-11,26J/01H,8.824584999999999,12.9775305,1.0124911929723703
1995-11-12,26J/01H,1.4889443000000002,12.560861,1.0677219035394263
1995-11-13,26J/01H,0.24211107999999998,13.386119,1.5924120918866496
1995-11-14,26J/01H,3.0844568,14.876054,1.5807542251484392
1995-11-15,26J/01H,2.142562,16.981846,0.9456136272665148
1995-11-16,26J/01H,26.642469000000002,17.457577,0.7285241258089701
1995-11-17,26J/01H,4.206977,18.305115,0.9515743338816426
1995-11-18,26J/01H,0.002719081,19.925344,1.832006455978336
1995-11-19,26J/01H,0.0,19.756649,1.9028163832518232
1995-11-20,26J/01H,0.0017557881,19.541546,1.7613342875162032
1995-11-21,26J/01H,0.2880206,16.274042,1.2063389949641783
1995-11-22,26J/01H,0.0029203413,14.175678,1.3052780091987186
1995-11-23,26J/01H,0.0,12.365125,1.5145348478021543
1995-11-24,26J/01H,0.947747,12.102921,1.4556338801341473
1995-11-25,26J/01H,5.5865176000000005,11.329037,1.0454723337241696
1995-11-26,26J/01H,0.0112363405,9.895446,1.0523788150520417
1995-11-27,26J/01H,1.4445197,10.176214,1.1617597436513858
1995-11-28,26J/01H,0.9516669000000001,10.616616,1.161130166413683
1995-11-29,26J/01H,11.333064,11.994554,0.654414046525348
1995-11-30,26J/01H,0.4301825,12.170405,1.1265077080359558
1995-12-01,26J/01H,0.0,11.187009,1.2812078147112471
1995-12-02,26J/01H,0.0,9.750205,1.3774223964460888
1995-12-03,26J/01H,0.00085234636,10.721099,1.414204758799238
1995-12-04,26J/01H,0.012676356,11.583291,0.9984661045461092
1995-12-05,26J/01H,0.00090137446,10.071032,1.026259579116058
1995-12-06,26J/01H,9.429191000000001,9.106816,0.9819569358233632
1995-12-07,26J/01H,0.37012274,9.644513,0.9709102271564816
1995-12-08,26J/01H,6.9217266,9.121524,1.129254665304498
1995-12-09,26J/01H,0.31853018,8.851642,0.9424800313305324
1995-12-10,26J/01H,11.291866,10.406302,0.9103269458652484
1995-12-11,26J/01H,1.8572571,11.691522,0.7893824556756024
1995-12-12,26J/01H,2.4594814,11.927121,0.7463581957512401
1995-12-13,26J/01H,0.69945245,12.424412,0.940305806043939
1995-12-14,26J/01H,0.31468063,9.84695,0.9939326956220405
1995-12-15,26J/01H,0.014247866999999999,8.509303,0.945934359145308
1995-12-16,26J/01H,0.31171634000000004,9.2851925,1.0883072287365243
1995-12-17,26J/01H,0.4162315,10.39511,1.2618727729728074
1995-12-18,26J/01H,1.5200164999999999,12.959878,1.0360492209869303
1995-12-19,26J/01H,17.723213,14.015461,0.6348531747839508
1995-12-20,26J/01H,0.07808779,14.096551,0.9845679631508302
1995-12-21,26J/01H,0.09376575,14.643735,1.0593671596767142
1995-12-22,26J/01H,6.3050293,16.157972,0.8436097601447282
1995-12-23,26J/01H,2.4276345000000004,15.923078,0.7221865570119268
1995-12-24,26J/01H,1.5656425,16.16857,0.7478530085267767
1995-12-25,26J/01H,11.804029,16.348587,0.7233176640877328
1995-12-26,26J/01H,0.68893384,14.864596,1.1202493895992631
1995-12-27,26J/01H,6.429786600000001,15.149978,1.2072506046571685
1995-12-28,26J/01H,0.6247482,13.838291,1.002570171571021
1995-12-29,26J/01H,17.178361000000002,15.225075,1.0879861577766896
1995-12-30,26J/01H,7.943923,15.699838,0.8079595098947223
1995-12-31,26J/01H,6.277100000000001,15.474061,1.0138812245621165
1996-01-01,26J/01H,2.7381912,14.820218,1.145439239746335
1996-01-02,26J/01H,7.9715986,12.96012,1.30164798063463
1996-01-03,26J/01H,1.7235836,15.359867,1.194086041746516
1996-01-04,26J/01H,4.132229000000001,15.191509,0.9775090367308812
1996-01-05,26J/01H,11.150906,13.756991,0.8426484533989416
1996-01-06,26J/01H,6.745074,15.521089,0.9114144934183172
1996-01-07,26J/01H,0.10477274,13.686364,0.9943912692668958
1996-01-08,26J/01H,12.303781,14.528998,1.1887663358159302
1996-01-09,26J/01H,2.4551570000000003,11.302114,0.9066222720940132
1996-01-10,26J/01H,4.3576147,10.961627,1.054885396606262
1996-01-11,26J/01H,6.6313013000000005,13.307602,1.045407891865197
1996-01-12,26J/01H,5.0855347,9.65203,0.8406763999100312
1996-01-13,26J/01H,0.22362114,9.85938,1.1776418953732375
1996-01-14,26J/01H,23.20436,12.012272,0.7361585962512209
1996-01-15,26J/01H,2.69106,11.677208,1.0161791095008004
1996-01-16,26J/01H,0.0012854779999999998,11.241586,1.3555067186821672
1996-01-17,26J/01H,0.0057077246,11.179954,1.3301246136262617
1996-01-18,26J/01H,2.0823690000000004,10.040483,1.346354421835929
1996-01-19,26J/01H,0.6536704999999999,9.20118,1.0286225565985223
1996-01-20,26J/01H,21.018766,8.561051,1.0581604918414709
1996-01-21,26J/01H,6.8084644,8.7686615,0.9061976519704302
1996-01-22,26J/01H,5.433418,8.525666,1.0849105784214292
1996-01-23,26J/01H,4.5969385,9.588182,1.0008783012116065
1996-01-24,26J/01H,0.3708732,8.631513,1.1899462793631497
1996-01-25,26J/01H,1.1219862,7.6885276,1.2852024487278235
1996-01-26,26J/01H,6.56232,9.73622,1.1729685326797612
1996-01-27,26J/01H,23.532484,10.384935,0.8986827121370454
1996-01-28,26J/01H,11.056864,10.509547,0.9117329453137402
1996-01-29,26J/01H,2.146558,9.848404,1.1296021358965678
1996-01-30,26J/01H,3.7240232,10.434938,1.2410512694197493
1996-01-31,26J/01H,15.159152,11.70597,0.9186889695282474
1996-02-01,26J/01H,8.1869,11.235012,0.9955357246527476
1996-02-02,26J/01H,0.5299164399999999,10.606814,1.224877029678603
1996-02-03,26J/01H,0.0057225804,8.975763,1.3967967567994326
1996-02-04,26J/01H,0.026678864,8.370008,1.2838221829056555
1996-02-05,26J/01H,0.8636181,9.881923,1.413241574999924
1996-02-06,26J/01H,1.5533151,13.237012,1.247957213857419
1996-02-07,26J/01H,0.48228903000000006,12.106564,1.2796522874036218
1996-02-08,26J/01H,0.0008702277499999999,10.027255,1.4609914278831633
1996-02-09,26J/01H,0.002420632,9.330836,1.5825805058139448
1996-02-10,26J/01H,0.0035775037,9.1500845,1.378631290859658
1996-02-11,26J/01H,0.0,8.570774,1.499774999880111
1996-02-12,26J/01H,0.43522394000000003,8.87205,1.6818527719085938
1996-02-13,26J/01H,7.6286587,11.915772,1.1784989243669983
1996-02-14,26J/01H,3.9115593,10.251265,1.46185796596638
1996-02-15,26J/01H,3.4602812,7.513573,1.306001042907388
1996-02-16,26J/01H,0.021125896,8.699646,1.649791414969327
1996-02-17,26J/01H,0.0008583069,8.57581,2.023569435784208
1996-02-18,26J/01H,0.0,9.962119,2.12853279985068
1996-02-19,26J/01H,0.24956714,9.784772,1.323160793912204
1996-02-20,26J/01H,0.0017622509,6.986462,1.3342438057546189
1996-02-21,26J/01H,0.037066833,4.5356317,1.5432560317243142
1996-02-22,26J/01H,0.001281499,4.481059,1.533415262896538
1996-02-23,26J/01H,0.0017300872,4.780054,1.8360713439973044
1996-02-24,26J/01H,0.0012927386,6.9918942,2.007858076185768
1996-02-25,26J/01H,4.252341,8.102468,1.919563372010205
1996-02-26,26J/01H,0.7302279700000001,7.4839616,1.493424848432077
1996-02-27,26J/01H,0.7469684999999999,8.330089,1.7431000236572214
1996-02-28,26J/01H,1.3650394,9.187577,1.6308193088865506
1996-02-29,26J/01H,6.502388700000001,8.28297,1.6786050794265042
1996-03-01,26J/01H,1.9165443,9.011197,1.7710658800739418
1996-03-02,26J/01H,0.0,10.156862,2.339128144389864
1996-03-03,26J/01H,0.0075524699999999995,10.477082,2.303605403377753
1996-03-04,26J/01H,0.0008523463,11.444608,2.1085111469783167
1996-03-05,26J/01H,0.15412552,10.889511,2.016296121664916
1996-03-06,26J/01H,2.5654128000000003,12.028142,1.9904729268824983
1996-03-07,26J/01H,1.7545967,12.310128,1.8967434014397144
1996-03-08,26J/01H,3.1967644,12.304547,1.4349663369585677
1996-03-09,26J/01H,13.707591,12.119724,1.430363984307382
1996-03-10,26J/01H,4.9752544,11.68476,1.560711958076822
1996-03-11,26J/01H,0.0,12.242504,2.768755540029226
1996-03-12,26J/01H,0.843534,11.1537485,2.55886406198405
1996-03-13,26J/01H,9.123808,9.563561,1.656413459721927
1996-03-14,26J/01H,0.4955123,8.488062,1.7654390329691
1996-03-15,26J/01H,0.2828015,8.767231,1.9582793672206944
1996-03-16,26J/01H,0.0025784094,7.9083195,2.417842996226278
1996-03-17,26J/01H,0.0012993805,10.140782,2.592359759514718
1996-03-18,26J/01H,1.5289556,10.050395,2.665933437695576
1996-03-19,26J/01H,2.0240448,12.930679,1.9065060176637247
1996-03-20,26J/01H,0.026141928000000002,12.608037,2.510411162589016
1996-03-21,26J/01H,0.0008702277499999999,12.920689,3.0423852762978414
1996-03-22,26J/01H,0.001716613,14.187553,3.2026555713702067
1996-03-23,26J/01H,0.09158480000000001,16.558722,2.9386052692141997
1996-03-24,26J/01H,4.654979,15.657405,2.1677100684239408
1996-03-25,26J/01H,3.5791018,14.524247,2.4381545863924425
1996-03-26,26J/01H,1.7356835000000002,13.08622,2.5843151468695567
1996-03-27,26J/01H,0.055771377999999996,13.560355,2.458263719784213
1996-03-28,26J/01H,0.0,14.449349,3.566362765285465
1996-03-29,26J/01H,0.14824214000000002,16.415586,3.563961996080216
1996-03-30,26J/01H,1.9415199,14.828021,2.346053373408268
1996-03-31,26J/01H,0.44114440000000005,15.217884,2.483527066921404
1996-04-01,26J/01H,1.9457771000000001,13.653924,1.6787055882785071
1996-04-02,26J/01H,0.061304290000000004,13.243836,2.385447149687821
1996-04-03,26J/01H,0.0004351138,13.438309,3.459498449928828
1996-04-04,26J/01H,0.0008523463,14.563657,3.70832650360032
1996-04-05,26J/01H,0.5607597,13.340813,2.6851881353126146
1996-04-06,26J/01H,0.90535657,12.422345,2.4811240139353647
1996-04-07,26J/01H,0.45720422000000005,14.02845,2.652194931470418
1996-04-08,26J/01H,0.0,14.506988,3.816237419294526
1996-04-09,26J/01H,0.001719195,16.089878,3.9863534028885454
1996-04-10,26J/01H,0.0004351138,16.588152,4.054975587101906
1996-04-11,26J/01H,0.011285462000000001,16.192114,3.884106380275599
1996-04-12,26J/01H,0.0060477176,15.415301,3.4342018958842
1996-04-13,26J/01H,0.0029505277,15.703633,3.808864606885455
1996-04-14,26J/01H,0.0022365103,16.926323,4.392276995702108
1996-04-15,26J/01H,0.00036190056999999996,18.53536,4.955874352677183
1996-04-16,26J/01H,0.0025536845000000002,16.962843,3.566890252270898
1996-04-17,26J/01H,0.0004351138,14.768055,3.531536593291821
1996-04-18,26J/01H,0.0004351138,16.446909,4.568098934151614
1996-04-19,26J/01H,0.0050193005,16.624968,4.052507412611178
1996-04-20,26J/01H,0.36267273,16.022432,3.261221212399077
1996-04-21,26J/01H,18.848682,14.439659,2.788838203560801
1996-04-22,26J/01H,4.451142,12.637848,2.497164042278955
1996-04-23,26J/01H,0.36696277,12.538593,3.297658907091546
1996-04-24,26J/01H,0.0,14.681796,4.027498309342084
1996-04-25,26J/01H,0.000864304,16.040298,4.369232570814547
1996-04-26,26J/01H,0.059783276,16.330511,4.336655271426218
1996-04-27,26J/01H,3.1132986000000002,15.206443,3.807074641202346
1996-04-28,26J/01H,2.4729810000000003,13.807583,3.0507679508693
1996-04-29,26J/01H,0.33732556,14.837113,3.4813554531127444
1996-04-30,26J/01H,0.5837979000000001,13.790378,2.956082809856056
1996-05-01,26J/01H,2.117109,13.580874,3.367412304676217
1996-05-02,26J/01H,5.0392393,14.402695,2.68230756693901
1996-05-03,26J/01H,8.85893,15.592645,3.2181960702427084
1996-05-04,26J/01H,0.69873096,15.037745,4.1861765918932585
1996-05-05,26J/01H,11.95057,15.855319,2.819688686307756
1996-05-06,26J/01H,11.331579,14.124255,2.487249380166793
1996-05-07,26J/01H,3.7815493,14.044362,3.029557179258384
1996-05-08,26J/01H,0.08940221,13.981358,3.7972042062409423
1996-05-09,26J/01H,0.6068572400000001,14.410637,3.6863567405640354
1996-05-10,26J/01H,0.43057648000000004,13.58239,2.6125976586781925
1996-05-11,26J/01H,0.64548956,12.18843,2.683740234005527
1996-05-12,26J/01H,0.001717064,12.644967,3.8601803628768847
1996-05-13,26J/01H,0.00044107437,15.074275,4.875693955093681
1996-05-14,26J/01H,0.61595056,16.19113,3.971830076807016
1996-05-15,26J/01H,8.1481714,14.518294,3.334334328804099
1996-05-16,26J/01H,3.1408677,15.653983,3.5805743448269047
1996-05-17,26J/01H,7.3034756,16.126295,2.918599602040697
1996-05-18,26J/01H,4.2335205,14.312031,3.044735168654804
1996-05-19,26J/01H,0.3859286,12.690189,3.301704146067076
1996-05-20,26J/01H,0.45839288,14.560012,3.569440679329876
1996-05-21,26J/01H,0.0,15.281947,4.527295971420554
1996-05-22,26J/01H,0.0008702277499999999,18.09088,5.383868223230712
1996-05-23,26J/01H,0.0008700688,20.176687,5.735834284911277
1996-05-24,26J/01H,0.0004261732,20.285372,5.262720317774995
1996-05-25,26J/01H,0.00085234636,19.130419,5.615739275568119
1996-05-26,26J/01H,0.0017168823,20.924738,5.773324971346444
1996-05-27,26J/01H,0.0004351138,23.389275,6.4271589339654
1996-05-28,26J/01H,0.0034350514,25.494123,6.798595702184417
1996-05-29,26J/01H,0.001275539,25.700426,6.348850653650748
1996-05-30,26J/01H,0.0010407959,24.46618,5.916493741951494
1996-05-31,26J/01H,0.0011608888,21.36837,5.157605208304731
1996-06-01,26J/01H,0.0,17.823465,4.902975923994
1996-06-02,26J/01H,0.0005481677700000001,17.116362,4.213700642454515
1996-06-03,26J/01H,0.0015920367,20.59464,5.763132189539918
1996-06-04,26J/01H,0.002136212,23.555046,6.208201628195176
1996-06-05,26J/01H,0.0008702539000000001,23.488688,5.948351893761969
1996-06-06,26J/01H,0.00044107437,22.582308,5.152970474887787
1996-06-07,26J/01H,0.07471469,20.29109,4.962839243542407
1996-06-08,26J/01H,0.00085532653,20.9148,5.539751486831917
1996-06-09,26J/01H,0.0,21.231958,5.8675406255123415
1996-06-10,26J/01H,0.0008553266000000001,21.958313,6.269662071599709
1996-06-11,26J/01H,0.0021517272,24.930517,7.141189496780603
1996-06-12,26J/01H,0.0,26.734419,7.071938976796886
1996-06-13,26J/01H,0.0008583069,26.550703,6.873625653099136
1996-06-14,26J/01H,0.0008588233600000001,26.389593,6.908786332553396
1996-06-15,26J/01H,0.25457045,25.963758,6.289942560474147
1996-06-16,26J/01H,0.0,25.753365,6.407536516700852
1996-06-17,26J/01H,0.24020695,25.303446,6.338871766413281
1996-06-18,26J/01H,0.5440656,23.790617,5.542772401262121
1996-06-19,26J/01H,0.0,22.640862,5.816922887147876
1996-06-20,26J/01H,0.0008757755,20.000296,5.124737313491502
1996-06-21,26J/01H,0.026847895,19.096947,4.368850241688058
1996-06-22,26J/01H,0.00085234636,20.727274,5.795615079909068
1996-06-23,26J/01H,0.0025897243,23.256796,6.594957171809956
1996-06-24,26J/01H,0.0012835063000000001,25.523455,6.204785385609499
1996-06-25,26J/01H,0.0,25.231178,6.702903468826978
1996-06-26,26J/01H,0.0008523464,25.863363,6.245280906895427
1996-06-27,26J/01H,0.0012874597000000002,26.219225,6.924455793566256
1996-06-28,26J/01H,0.0021260076,27.665789,7.234113338082728
1996-06-29,26J/01H,0.00085234636,28.360209,7.102325199650496
1996-06-30,26J/01H,0.0,27.086084,7.561167846244248
1996-07-01,26J/01H,0.002548528,24.51726,6.300115131951471
1996-07-02,26J/01H,0.00086564857,21.18131,5.515185312869951
1996-07-03,26J/01H,0.0005986050000000001,21.484245,5.287691677525859
1996-07-04,26J/01H,0.0012812688000000002,21.81018,5.576125303229454
1996-07-05,26J/01H,0.21045128,21.321737,4.519479496324835
1996-07-06,26J/01H,0.0008583069,19.719767,4.52931949955578
1996-07-07,26J/01H,0.44465714000000006,20.24756,4.706633876522634
1996-07-08,26J/01H,0.0008583069,23.525854,6.72425788883008
1996-07-09,26J/01H,0.0008679843,26.275589,7.1780065254370005
1996-07-10,26J/01H,0.001281499,25.626387,6.527728431270721
1996-07-11,26J/01H,0.0021511369,25.343813,6.757471868873147
1996-07-12,26J/01H,0.00044107437,26.112837,6.839511733850973
1996-07-13,26J/01H,0.00085096323,26.79865,6.781072867416268
1996-07-14,26J/01H,0.0,26.439756,6.290466443756401
1996-07-15,26J/01H,0.0021517272,26.325434,6.816562375337794
1996-07-16,26J/01H,0.030228779,26.05027,6.490173404380866
1996-07-17,26J/01H,0.30944455,25.982225,6.4610143390122525
1996-07-18,26J/01H,0.0,27.503075,6.868937853890314
1996-07-19,26J/01H,0.002393848,27.77331,7.084442534015449
1996-07-20,26J/01H,0.0008565738000000001,26.584902,6.865326141040577
1996-07-21,26J/01H,0.0017595851,24.943098,6.761209195250253
1996-07-22,26J/01H,8.282512e-05,25.318491,6.947354759251606
1996-07-23,26J/01H,0.029510834,25.917091,6.111212603636363
1996-07-24,26J/01H,0.0035174398,22.26187,5.290522283008129
1996-07-25,26J/01H,0.010897537,21.286058,4.912375088326336
1996-07-26,26J/01H,0.28478946000000005,21.239006,4.378967624578092
1996-07-27,26J/01H,0.0012830261,25.11965,6.068633451550692
1996-07-28,26J/01H,0.0,27.455948,6.021057549888116
1996-07-29,26J/01H,0.0008584191000000001,27.221369,6.663055987305869
1996-07-30,26J/01H,0.0008533851,24.592428,6.289742205807825
1996-07-31,26J/01H,0.0034885113,22.58578,5.926613705062381
1996-09-01,26J/01H,0.0004351138,24.046614,4.971781770346736
1996-09-02,26J/01H,0.0021539454,23.780083,4.649419458383867
1996-09-03,26J/01H,0.028146101000000003,23.398308,4.925835613578088
1996-09-04,26J/01H,1.3427959,21.644722,3.428715286111946
1996-09-05,26J/01H,0.005505929499999999,20.345474,3.636826312290509
1996-09-06,26J/01H,0.0004351138,21.545763,4.381625757460039
1996-09-07,26J/01H,0.0012946085,22.625938,4.640830174252229
1996-09-08,26J/01H,0.32987668000000003,18.99991,3.2585447631305104
1996-09-09,26J/01H,0.57699146,19.961365,3.854842750857551
1996-09-10,26J/01H,8.783959000000001,18.248583,2.783689903462434
1996-09-11,26J/01H,3.6640269,18.035593,3.04136021166698
1996-09-12,26J/01H,0.0002919884,18.805445,3.502959799934293
1996-09-13,26J/01H,0.008279386000000001,17.975973,3.1141561243996967
1996-09-14,26J/01H,0.045860302,17.206007,3.3394296196814843
1996-09-15,26J/01H,0.00030657282000000005,17.667673,3.3924908782360736
1996-09-16,26J/01H,5.6814487,16.633652,2.814276473592252
1996-09-17,26J/01H,0.85801776,18.32356,2.953168287348556
1996-09-18,26J/01H,2.9592188000000004,18.995228,2.6416030289152497
1996-09-19,26J/01H,0.015396311000000001,18.007038,2.9600760366969108
1996-09-20,26J/01H,9.821203,19.298487,2.4980272117123
1996-09-21,26J/01H,0.9697187,17.785006,2.6384462089367062
1996-09-22,26J/01H,0.0,16.692732,2.857570311642991
1996-09-23,26J/01H,0.11032492,17.264307,3.2098494923834746
1996-09-24,26J/01H,0.08905791,17.789034,2.830933043428661
1996-09-25,26J/01H,0.0005583068,16.77957,3.244514828550596
1996-09-26,26J/01H,0.0004351138,19.39948,3.62503958649432
1996-09-27,26J/01H,0.0013116487,22.295454,4.082815884050538
1996-09-28,26J/01H,0.0008642672999999999,23.96788,4.296019272684877
1996-09-29,26J/01H,0.00085234636,23.558966,4.1918740287681695
1996-09-30,26J/01H,0.0008586551500000001,20.99734,3.729496752618634
1996-10-01,26J/01H,0.017497545,17.925873,2.44592471475672
1996-10-02,26J/01H,0.0,17.589346,3.1286601856946903
1996-10-03,26J/01H,0.0008583069,19.61422,3.71431499639274
1996-10-04,26J/01H,0.0017225739000000001,20.004381,3.599042500741113
1996-10-05,26J/01H,0.0,19.235703,3.283223574372063
1996-10-06,26J/01H,0.00043511385,17.518969,2.560423284235781
1996-10-07,26J/01H,0.00044107437,15.745187,2.4882577160676957
1996-10-08,26J/01H,0.0017195935000000001,16.272337,3.0316550620549867
1996-10-09,26J/01H,0.0012827705,17.407217,3.1907008040588343
1996-10-10,26J/01H,0.0012993805,17.927917,3.165043780990361
1996-10-11,26J/01H,0.0004351138,17.21734,2.9694229497287616
1996-10-12,26J/01H,0.0,16.539326,2.9068540418017204
1996-10-13,26J/01H,26.627559,15.796291,1.9217650536022184
1996-10-14,26J/01H,0.32102686,15.169121,1.7744689404853915
1996-10-15,26J/01H,0.007904471,15.355751,2.214388477358644
1996-10-16,26J/01H,1.36802,17.093243,1.9833719901597715
1996-10-17,26J/01H,0.35388333,16.969353,2.0248237641794216
1996-10-18,26J/01H,0.3061526,18.796736,2.0642057999303463
1996-10-19,26J/01H,0.008396763,18.888775,2.3403459953759818
1996-10-20,26J/01H,0.0008583069,20.177887,2.8081693118736264
1996-10-21,26J/01H,0.0021276155,20.353615,2.8894815477359104
1996-10-22,26J/01H,0.00297078,19.719236,2.6417501549878444
1996-10-23,26J/01H,0.008469362000000001,19.156927,2.926772875988613
1996-10-24,26J/01H,0.0023925169,19.123209,2.706746442394395
1996-10-25,26J/01H,0.018555205999999998,17.784935,2.363231666131899
1996-10-26,26J/01H,0.0,16.944464,2.615851694900483
1996-10-27,26J/01H,0.0013067929,18.179976,2.4348634091985835
1996-10-28,26J/01H,0.0004261732,16.246138,2.325138056998357
1996-10-29,26J/01H,0.12360406,16.162752,2.0181606095481888
1996-10-30,26J/01H,0.00085234636,15.81853,2.3660149394022696
1996-10-31,26J/01H,0.0,17.650856,2.320397079815695
1996-11-01,26J/01H,0.00085234636,18.019037,2.439847434704863
1996-11-02,26J/01H,0.0008583069,17.383318,2.5647435856656053
1996-11-03,26J/01H,0.0,18.011461,2.311677870663856
1996-11-04,26J/01H,0.0034599006000000003,13.8920145,2.0089391594761805
1996-11-05,26J/01H,0.050040936,15.62489,1.5667677336589294
1996-11-06,26J/01H,0.0012850142,14.720249,2.1784188163980804
1996-11-07,26J/01H,0.0008553266000000001,15.153985,2.1863107374611936
1996-11-08,26J/01H,0.0,15.416501,2.1525559885717795
1996-11-09,26J/01H,0.0008599092,14.624492,2.029297733631438
1996-11-10,26J/01H,1.6484755,13.048419,1.7829277839606976
1996-11-11,26J/01H,19.189797,13.5456085,1.036169255809422
1996-11-12,26J/01H,5.4094644,12.625749,1.1966361084793216
1996-11-13,26J/01H,5.9727783,12.352894,1.2028209005736792
1996-11-14,26J/01H,2.8170425,11.966855,1.2185816981130235
1996-11-15,26J/01H,0.0010323698999999999,11.55458,1.323367799059214
1996-11-16,26J/01H,0.00049143493,9.1609955,1.2226244560629578
1996-11-17,26J/01H,0.0012160673,9.971231,1.327303620944062
1996-11-18,26J/01H,0.027222424000000002,10.447146,1.178749988555689
1996-11-19,26J/01H,0.3245464,10.273294,1.4892319769838274
1996-11-20,26J/01H,1.5554858,13.990932,1.1165095141961452
1996-11-21,26J/01H,0.10241146000000001,13.762226,1.2644770630869016
1996-11-22,26J/01H,0.07756426999999999,13.025701,1.3182591518848965
1996-11-23,26J/01H,2.0485227,13.751065,1.2210828468097823
1996-11-24,26J/01H,0.1259838,15.179929,0.9674190041458152
1996-11-25,26J/01H,0.005241631,13.843591,1.184999939329976
1996-11-26,26J/01H,0.26402625,14.866815,1.309443020970386
1996-11-27,26J/01H,0.022857498,13.564504,1.2640263193062733
1996-11-28,26J/01H,0.009158728,12.033306,1.1499250857429233
1996-11-29,26J/01H,0.0,9.97516,1.4014117666030164
1996-11-30,26J/01H,0.00044702340000000003,10.748959,1.5675691990812852
1996-12-01,26J/01H,0.010546403,13.086942,1.317585755088718
1996-12-02,26J/01H,0.0012814989000000001,12.73305,1.551575633875424
1996-12-03,26J/01H,0.009223644999999999,12.271183,1.4163425757565622
1996-12-04,26J/01H,3.2732957000000003,10.052615,0.9764802625004207
1996-12-05,26J/01H,0.10066332,7.070481,1.0149745988075252
1996-12-06,26J/01H,0.0006277033,7.1240373,0.8984284710175784
1996-12-07,26J/01H,0.0015642337,6.3891053,1.0149361921105693
1996-12-08,26J/01H,0.056590145,7.250078,1.24059381299403
1996-12-09,26J/01H,0.00043511385,8.72153,1.1838105745985323
1996-12-10,26J/01H,8.592021,10.465781,1.1882494947409723
1996-12-11,26J/01H,14.208495000000001,13.9243555,0.6623257794482847
1996-12-12,26J/01H,10.822291,15.208112,0.843595648338779
1996-12-13,26J/01H,7.0139883,14.204194,0.8960020497860052
1996-12-14,26J/01H,3.0708936,12.592956,0.9669152044283909
1996-12-15,26J/01H,5.0768450000000005,11.928784,1.0188283635656503
1996-12-16,26J/01H,6.5848076,13.525726,1.1109410602541392
1996-12-17,26J/01H,30.520834,15.696027,0.8762939713126736
1996-12-18,26J/01H,10.348019,14.391196,0.9503716269459912
1996-12-19,26J/01H,8.994968,12.133805,1.013044375796354
1996-12-20,26J/01H,14.510152,12.133067,0.7098043801582771
1996-12-21,26J/01H,2.1659011,11.9818125,0.9318324214300776
1996-12-22,26J/01H,1.8440889,12.165521,0.8202706757476135
1996-12-23,26J/01H,5.472938,11.80516,0.8833858551967627
1996-12-24,26J/01H,5.7031245,10.575546,0.6854885041727551
1996-12-25,26J/01H,0.078867516,10.949719,1.0484134724247955
1996-12-26,26J/01H,0.027668579999999998,8.963909,1.0970493241899593
1996-12-27,26J/01H,0.001472616,10.055742,1.1568858769817605
1996-12-28,26J/01H,8.291855,9.895005,0.7664458225729862
1996-12-29,26J/01H,6.0271040000000005,9.810322,0.787352711324545
1996-12-30,26J/01H,7.8055996,10.212676,0.796770209455849
1996-12-31,26J/01H,1.4112449999999999,9.599126,0.9582385331142622
1997-01-01,26J/01H,0.08854122,7.8952794,1.103073217452573
1997-01-02,26J/01H,5.874066,6.7386556,0.969640912529303
1997-01-03,26J/01H,3.1286140000000002,6.1749935,0.8524059339431376
1997-01-04,26J/01H,9.786486000000002,6.668425,0.9121877044013724
1997-01-05,26J/01H,6.0402144,6.7441864,0.8460758923685376
1997-01-06,26J/01H,1.3905290000000001,5.758616,0.9501790239796014
1997-01-07,26J/01H,20.045406,9.333393,1.145361811474755
1997-01-08,26J/01H,1.5466111,11.698181,0.9834465705996064
1997-01-09,26J/01H,1.5943197,13.843665,1.0374788761274156
1997-01-10,26J/01H,0.42080127,13.8677635,1.02740559164686
1997-01-11,26J/01H,0.028023810000000003,13.2215395,1.174321985155228
1997-01-12,26J/01H,0.0004351138,13.4553795,1.2839662308977404
1997-01-13,26J/01H,0.0004351138,11.6662855,1.17128130287325
1997-01-14,26J/01H,0.1308816,11.161212,1.1995725909474164
1997-01-15,26J/01H,1.1975652,10.428961,1.0252950263379284
1997-01-16,26J/01H,7.470718300000001,12.698566,1.163794928932364
1997-01-17,26J/01H,0.2929164,10.937087,1.2295345630204728
1997-01-18,26J/01H,10.876107000000001,12.586101,1.0158940932390963
1997-01-19,26J/01H,22.338105,9.675201,0.7449794800036461
1997-01-20,26J/01H,0.13474767,8.055488,1.1177546772481302
1997-01-21,26J/01H,0.6135293,6.972103,1.2380252891667536
1997-01-22,26J/01H,0.009017412,7.8477,1.2905975523502822
1997-01-23,26J/01H,0.5108176,8.362041,1.3581827707675274
1997-01-24,26J/01H,0.0008609804,8.445401,1.4451638508846791
1997-01-25,26J/01H,0.0039158092,9.9180155,1.47814040318568
1997-01-26,26J/01H,0.0008523464,9.728684,1.5879486351814474
1997-01-27,26J/01H,0.0,9.677213,1.6608743097475644
1997-01-28,26J/01H,0.0004351138,10.225524,1.6029556667901963
1997-01-29,26J/01H,1.0449766,11.611138,1.2769846723038625
1997-01-30,26J/01H,0.016133704999999998,13.968213,1.399146921401374
1997-01-31,26J/01H,0.0004261732,13.660916,1.6669032921118483
1997-02-01,26J/01H,0.0017046924000000002,12.684581,1.6920109113996669
1997-02-02,26J/01H,0.00044107437,12.48545,1.826468325328737
1997-02-03,26J/01H,0.0017225739000000001,11.96753,1.753532274165826
1997-02-04,26J/01H,0.0028774824,9.878474,1.6605425593971086
1997-02-05,26J/01H,0.00170966,9.7011175,1.7471800139509903
1997-02-06,26J/01H,0.0004351138,10.2437525,1.8867017351211497
1997-02-07,26J/01H,0.4225338,10.667136,1.7835379609176731
1997-02-08,26J/01H,1.4664686,12.060729,1.411988292945874
1997-02-09,26J/01H,0.06584787,11.083031,1.5335454063396632
1997-02-10,26J/01H,0.0012727914,11.49939,1.758655319287339
1997-02-11,26J/01H,0.0021474314,10.536908,1.8964358536422528
1997-02-12,26J/01H,0.0068120832,10.718003,1.669739999286192
1997-02-13,26J/01H,0.2104368,11.690731,1.8844261109945608
1997-02-14,26J/01H,0.22756708,13.185722,1.1130695967363071
1997-02-15,26J/01H,0.07297829,11.949168,1.668622224052838
1997-02-16,26J/01H,0.014466172000000001,10.453745,2.005495855347726
1997-02-17,26J/01H,0.001739717,10.089556,1.6591696636533677
1997-02-18,26J/01H,0.0,10.294854,2.044082937996559
1997-02-19,26J/01H,0.00085234636,12.085129,2.2658690015600054
1997-02-20,26J/01H,0.00015233874000000002,12.913199,2.477006541637884
1997-02-21,26J/01H,0.0,14.37955,2.4229045653609367
1997-02-22,26J/01H,0.46307315,14.103341,2.169468413211018
1997-02-23,26J/01H,0.17915045000000002,13.230083,1.8981761831870845
1997-02-24,26J/01H,0.006015133,11.46132,2.117125828907068
1997-02-25,26J/01H,0.029656593000000002,12.040646,2.0187457273798075
1997-02-26,26J/01H,0.0022772222000000003,12.472999,2.2022061980086587
1997-02-27,26J/01H,0.0004351138,14.901736,2.784282788648541
1997-02-28,26J/01H,0.0004351138,15.074269,2.474866666836604
1997-03-01,26J/01H,0.0004351138,14.347476,2.647736013668651
1997-03-02,26J/01H,0.050987164,15.259967,2.5563077934449363
1997-03-03,26J/01H,0.0,15.724887,2.996278500795089
1997-03-04,26J/01H,0.0,15.588014,3.00963773423194
1997-03-05,26J/01H,0.0012934207,16.891487,3.0021362238674354
1997-03-06,26J/01H,0.0004351138,16.446535,3.238080759209482
1997-03-07,26J/01H,0.0008523463,16.985123,3.10796076230465
1997-03-08,26J/01H,0.0004261732,15.686456,2.8818439033330816
1997-03-09,26J/01H,0.0,15.237323,2.5169874622461923
1997-03-10,26J/01H,0.0008554493,15.014117,2.642339998958464
1997-03-11,26J/01H,0.00085532665,15.112367,2.9378075272018065
1997-03-12,26J/01H,0.0004351138,15.491929,3.3818263483605
1997-03-13,26J/01H,0.0,14.88451,3.252208439183319
1997-03-14,26J/01H,0.0004351138,15.632979,3.403158776225818
1997-03-15,26J/01H,0.0034302466,16.761408,3.567522529867976
1997-03-16,26J/01H,0.00085234636,16.515745,3.1483472132308843
1997-03-17,26J/01H,0.0030125737,16.355875,3.3775118333893297
1997-03-18,26J/01H,0.0021517444000000003,17.816404,3.637550266964346
1997-03-19,26J/01H,0.00085234636,18.439615,3.912193477404213
1997-03-20,26J/01H,0.0,17.711435,4.056749132501866
1997-03-21,26J/01H,0.05175536000000001,16.900898,3.70197166550412
1997-03-22,26J/01H,0.9061554599999999,17.741247,3.637507730333591
1997-03-23,26J/01H,0.0008938989,18.084908,3.913838091971179
1997-03-24,26J/01H,0.0021517272,17.230667,4.089563280169798
1997-03-25,26J/01H,0.0017046924000000002,15.253098,2.63638380253814
1997-03-26,26J/01H,0.0008642672999999999,16.158047,3.53855480831701
1997-03-27,26J/01H,0.0012948949,16.339937,3.4920538935954037
1997-03-28,26J/01H,0.001275539,15.911975,3.807365089030267
1997-03-29,26J/01H,0.0,16.847017,3.9685958971515887
1997-03-30,26J/01H,0.002998113,17.628412,3.6623124129775024
1997-03-31,26J/01H,0.0,16.737246,4.105514638777287
1997-04-01,26J/01H,0.0008523464,16.314379,4.086027293764591
1997-04-02,26J/01H,0.4258967,15.938294,3.817845664927637
1997-04-03,26J/01H,0.011970128000000002,17.136135,4.021645723178211
1997-04-04,26J/01H,6.237898e-05,20.085413,4.7253292439699655
1997-04-05,26J/01H,0.03343788,20.852161,4.496423929265808
1997-04-06,26J/01H,1.7694585999999999,17.241076,2.545979302638832
1997-04-07,26J/01H,3.2488276000000003,16.140814,3.5660687115054883
1997-04-08,26J/01H,10.866909,15.375127,3.229792935176183
1997-04-09,26J/01H,4.12878,15.886899,3.636817749490092
1997-04-10,26J/01H,3.7373516,16.22982,3.035205569916013
1997-04-11,26J/01H,2.8667188,15.93369,3.225975325952726
1997-04-12,26J/01H,0.0008562952,17.212345,4.242583632963372
1997-04-13,26J/01H,0.013192793,18.151247,4.314023089170268
1997-04-14,26J/01H,0.0008526541600000001,17.904379,4.500852293307157
1997-04-15,26J/01H,0.0,18.211123,4.478262022028362
1997-04-16,26J/01H,2.173233,17.418652,3.820420397576052
1997-04-17,26J/01H,0.8682769,15.721745,2.846746410406132
1997-04-18,26J/01H,5.595399400000001,15.195792,3.2440840868768133
1997-04-19,26J/01H,9.841492,15.346885,2.4653722145331667
1997-04-20,26J/01H,1.3831276000000001,13.925907,2.8241168258856484
1997-04-21,26J/01H,1.2095801,14.362075,2.999253866454682
1997-04-22,26J/01H,0.20080034000000002,14.495439,3.04093396604412
1997-04-23,26J/01H,0.0012814988000000001,14.170837,3.355795272383721
1997-04-24,26J/01H,4.828873,14.479548,3.612261977741825
1997-04-25,26J/01H,0.85358044,16.405512,3.2918017993544666
1997-04-26,26J/01H,0.0005066213000000001,15.958038,3.898469976228892
1997-04-27,26J/01H,0.014781087,18.497837,4.079423081582137
1997-04-28,26J/01H,0.0004351138,20.555056,5.233244219339429
1997-04-29,26J/01H,0.0004351138,22.871576,5.549641371994792
1997-04-30,26J/01H,0.00085234636,23.402956,5.788468690516914
1997-05-01,26J/01H,0.0017075136,21.412415,4.676555753465403
1997-05-02,26J/01H,0.08991739,19.66437,3.794697660942596
1997-05-03,26J/01H,5.3642154e-05,18.382286,4.298200317323961
1997-05-04,26J/01H,0.0079339743,18.57718,4.517410753282909
1997-05-05,26J/01H,0.7504223,17.142105,3.227492110746538
1997-05-06,26J/01H,0.21022708,14.687352,3.1656863797710355
1997-05-07,26J/01H,0.8894314000000001,13.5518875,2.921735879999911
1997-05-08,26J/01H,0.00043947281999999997,13.860576,3.92582824325428
1997-05-09,26J/01H,5.5197775e-05,14.767077,4.288243808645711
1997-05-10,26J/01H,0.03282886,15.164482,3.8721661797925258
1997-05-11,26J/01H,1.331101,15.424432,3.71861987692588
1997-05-12,26J/01H,0.16745093,16.69059,4.284409787750913
1997-05-13,26J/01H,0.09562269000000001,16.268684,4.5227200199154725
1997-05-14,26J/01H,0.0,16.564651,4.660874845963228
1997-05-15,26J/01H,1.7876488,15.48026,4.242538522540129
1997-05-16,26J/01H,1.3507997,15.476583,3.501548530748698
1997-05-17,26J/01H,0.048966866000000005,15.829989,4.220087728468169
1997-05-18,26J/01H,4.442139,15.949416,3.5964112990705543
1997-05-19,26J/01H,0.2402372,16.09315,3.7099539250390174
1997-05-20,26J/01H,0.20690129,16.581665,3.7591829456086954
1997-05-21,26J/01H,0.0033005955,16.822535,4.403110416633715
1997-05-22,26J/01H,0.00085234636,17.73761,5.304081663583938
1997-05-23,26J/01H,6.432963,16.832392,4.413838618777893
1997-05-24,26J/01H,2.620658,17.714426,3.502228366207965
1997-05-25,26J/01H,2.9446401,17.659897,3.152088684303333
1997-05-26,26J/01H,1.2855735,18.098644,3.454713351600883
1997-05-27,26J/01H,1.3554393,18.664972,3.687732635509604
1997-05-28,26J/01H,0.8589838,18.826633,4.103574972507991
1997-05-29,26J/01H,0.36270596,19.331823,4.879979070717697
1997-05-30,26J/01H,0.6400693000000001,19.73863,4.960719353811585
1997-05-31,26J/01H,7.6187534,16.88169,3.660056180706013
1997-06-01,26J/01H,0.48212296,17.11346,3.74041120139854
1997-06-02,26J/01H,0.36507495,18.209091,3.8668377543438446
1997-06-03,26J/01H,0.17326622,17.885517,4.360106719252629
1997-06-04,26J/01H,1.2666013,17.24072,3.6235246577441065
1997-06-05,26J/01H,12.516957000000001,18.898355,3.9209301544799535
1997-06-06,26J/01H,0.8080141,20.077272,3.3297327441838824
1997-06-07,26J/01H,0.12871857,18.880316,4.220913917816805
1997-06-08,26J/01H,0.020977720000000002,18.51459,5.179445951585149
1997-06-09,26J/01H,0.5707415,19.994957,5.650370663032811
1997-06-10,26J/01H,1.7820592,19.017096,3.891614517724812
1997-06-11,26J/01H,0.2949663,19.288145,4.085654895771565
1997-06-12,26J/01H,0.0012904402,19.431957,5.012059800767763
1997-06-13,26J/01H,0.17603174000000002,20.010042,5.090532506672615
1997-06-14,26J/01H,0.0,20.893114,5.179220440611659
1997-06-15,26J/01H,0.0,21.136784,5.198537430871209
1997-06-16,26J/01H,0.0004351138,18.980373,4.929869249078823
1997-06-17,26J/01H,0.017838001,17.713377,4.08956218031077
1997-06-18,26J/01H,0.00086446327,19.855677,5.431087139350972
1997-06-19,26J/01H,0.001784859,19.25173,5.239141824544678
1997-06-20,26J/01H,0.0021446357,19.294897,5.461217321973149
1997-06-21,26J/01H,0.097829865,18.874609,4.684503605584188
1997-06-22,26J/01H,0.0078910503,18.521078,4.117469427064445
1997-06-23,26J/01H,0.0017225740000000002,19.884895,5.640732749262061
1997-06-24,26J/01H,0.0034114373,21.739252,6.227770543695843
1997-06-25,26J/01H,0.00044107437,21.955862,5.991593625703909
1997-06-26,26J/01H,0.0058956547,19.788883,4.608098146271094
1997-06-27,26J/01H,0.0064493995,18.106945,4.288661886481925
1997-06-28,26J/01H,0.09319976,16.141565,3.846758205541498
1997-06-29,26J/01H,0.09862193000000001,16.435665,4.272509174152194
1997-06-30,26J/01H,0.72826086,17.448082,4.935801094880552
1997-07-01,26J/01H,6.3190786,17.311827,3.405412088018919
1997-07-02,26J/01H,0.22704465,17.770723,3.7792328988297546
1997-07-03,26J/01H,0.0009123844500000001,16.899403,4.48164570094606
1997-07-04,26J/01H,0.0008637997,19.012907,5.201233476462327
1997-07-05,26J/01H,0.0004351138,22.852072,6.643853607071089
1997-07-06,26J/01H,0.0017046924000000002,24.8812,7.091110979136369
1997-07-07,26J/01H,0.00085234636,24.644142,6.323793991720104
1997-07-08,26J/01H,0.0016356972,22.442873,5.659355900786787
1997-07-09,26J/01H,0.006398429000000001,20.279978,4.9440711331786495
1997-07-10,26J/01H,0.00052304447,21.097105,5.482563710434613
1997-07-11,26J/01H,0.0,21.853582,6.1468779750757525
1997-07-12,26J/01H,0.00042844677,23.408178,6.610626651370605
1997-07-13,26J/01H,0.013924261,23.627457,6.063103433204441
1997-07-14,26J/01H,0.053017292,22.367516,5.065205782818137
1997-07-15,26J/01H,9.181068,19.679972,3.5226519718230342
1997-07-16,26J/01H,0.3733133,20.671116,4.55045723105141
1997-07-17,26J/01H,0.0004499876,22.354128,5.750967976505161
1997-07-18,26J/01H,0.0004351138,25.827301,6.363451085734978
1997-07-19,26J/01H,0.00043511385,26.762398,6.1696615679874
1997-07-20,26J/01H,0.0005742214,25.884903,6.0626587269193
1997-07-21,26J/01H,0.0022201141999999997,23.39609,5.5841153714592
1997-07-22,26J/01H,0.006668455,21.018549,4.824847391014479
1997-07-23,26J/01H,1.1320527,20.523964,4.199483573031108
1997-07-24,26J/01H,0.0,23.386885,5.795463581124622
1997-07-25,26J/01H,0.0042823453000000004,27.782808,7.004775471578288
1997-07-26,26J/01H,0.001716613,28.384018,6.663973686262564
1997-07-27,26J/01H,0.00013027199,25.694876,6.6418346706188975
1997-07-28,26J/01H,0.0,25.365908,6.325979654777284
1997-07-29,26J/01H,0.0017285337,26.452902,6.387854211361508
1997-07-30,26J/01H,0.062553303,27.662043,6.511437391471727
1997-07-31,26J/01H,0.001096341,27.910425,6.25559583727965
1997-08-01,26J/01H,0.0004351138,29.007622,6.710046938540104
1997-08-02,26J/01H,0.0,27.089499,5.57313468757142
1997-08-03,26J/01H,0.0026277668,23.814476,5.176820069664342
1997-08-04,26J/01H,0.0020169022,22.098024,4.883774737693546
1997-08-05,26J/01H,0.00051448125,21.199694,4.777981308141691
1997-08-06,26J/01H,0.0,19.745373,4.498940815273418
1997-08-07,26J/01H,0.11213645,19.465357,3.889764772967865
1997-08-08,26J/01H,7.903325999999999e-05,20.964684,5.499933453108689
1997-08-09,26J/01H,3.636947,21.14454,5.0755980089599415
1997-08-10,26J/01H,2.9519412000000003,20.14867,3.584973624333412
1997-08-11,26J/01H,0.002133248,21.08964,4.961629363955957
1997-08-12,26J/01H,0.0025836809,23.308111,5.806963136043072
1997-08-13,26J/01H,0.0,25.342415,6.060706243578331
1997-08-14,26J/01H,0.00044107437,25.897224,6.2239188252224125
1997-08-15,26J/01H,0.0017967918000000001,24.590492,5.741332420578103
1997-08-16,26J/01H,0.0046614175,23.01679,5.305624880674144
1997-08-17,26J/01H,0.0017693809000000002,23.074682,5.714296726093576
1997-08-18,26J/01H,0.00085234636,24.53862,6.039734893345591
1997-08-19,26J/01H,0.0035201123000000003,25.575953,5.794617786401606
1997-08-20,26J/01H,0.0008583069,24.512108,5.546729810727605
1997-08-21,26J/01H,0.0028956840000000004,24.43962,5.528619192996122
1997-08-22,26J/01H,1.6125488000000001,25.481817,5.4106076454544025
1997-08-23,26J/01H,8.121192,24.752014,4.623880775751654
1997-08-24,26J/01H,4.190464,23.229551,4.298455028815196
1997-08-25,26J/01H,3.5201667000000003,22.413612,3.754181439279749
1997-08-26,26J/01H,0.0012814989000000001,19.869413,3.914732625581065
1997-08-27,26J/01H,0.39595792,19.314756,3.665719495492492
1997-08-28,26J/01H,0.0017103939,19.708693,3.923133469997199
1997-08-29,26J/01H,0.0,20.95195,4.950209588177992
1997-08-30,26J/01H,0.002145677,22.703262,5.255587125067732
1997-08-31,26J/01H,0.0008741685,21.27494,4.586638613854941
1997-09-01,26J/01H,0.0,19.777096,3.903777408458253
1997-09-02,26J/01H,0.0025729213,22.08847,5.203273962968491
1997-09-03,26J/01H,0.00085532653,24.4805,5.535863623468695
1997-09-04,26J/01H,0.0,25.229586,5.5580046347886345
1997-09-05,26J/01H,0.0013849334,24.531027,5.16179877128107
1997-09-06,26J/01H,0.00048222852,23.432098,4.91764140379845
1997-09-07,26J/01H,0.00044107437,25.100624,5.368976898177596
1997-09-08,26J/01H,0.0012993804,25.462187,5.169837490723064
1997-09-09,26J/01H,0.0009051138,24.872488,4.994708639761529
1997-09-10,26J/01H,4.1501164e-05,24.833597,5.025220462631888
1997-09-11,26J/01H,0.0004261732,24.737173,4.459734454406356
1997-09-12,26J/01H,0.0009155025000000001,21.938452,4.028087318176061
1997-09-13,26J/01H,4.4719395,20.20323,2.868966929362474
1997-09-14,26J/01H,0.97765393,21.980019,2.878208461090986
1997-09-15,26J/01H,0.1889837,22.37131,3.503007376546081
1997-09-16,26J/01H,0.01848265,23.474932,3.8645058940038304
1997-09-17,26J/01H,0.048907047,23.818031,3.994821289029556
1997-09-18,26J/01H,1.7743411000000002,23.462667,3.643382495596522
1997-09-19,26J/01H,2.2152659,22.892134,3.718724522604464
1997-09-20,26J/01H,0.008499881,22.237051,3.737557332822897
1997-09-21,26J/01H,0.00085234636,20.643353,3.79103304286157
1997-09-22,26J/01H,0.0008624073,21.87039,4.239723111056103
1997-09-23,26J/01H,0.0,22.506098,4.1050695967431805
1997-09-24,26J/01H,0.09459145,22.237143,3.726117126790839
1997-09-25,26J/01H,0.09163912,21.689905,3.415103808993043
1997-09-26,26J/01H,3.1564870000000003,19.306828,2.333737442339167
1997-09-27,26J/01H,8.968288000000001,18.493443,2.58090927691065
1997-09-28,26J/01H,0.016179442999999998,18.718956,3.030338445922539
1997-09-29,26J/01H,13.226403000000001,19.469751,2.9932744331797565
1997-09-30,26J/01H,0.90313635,19.440796,2.7466350293575763
1997-10-01,26J/01H,3.2982751,19.833311,3.0007192615851275
1997-10-02,26J/01H,0.062059948,21.099852,3.510003906732736
1997-10-03,26J/01H,0.5663592,21.372705,3.385126070470142
1997-10-04,26J/01H,5.093158000000001,21.209118,3.0127520910619223
1997-10-05,26J/01H,12.85485,19.235865,2.1726999577398884
1997-10-06,26J/01H,7.0023286,18.904768,1.8033152484647184
1997-10-07,26J/01H,0.50365204,19.467321,2.443525145633964
1997-10-08,26J/01H,0.0015815357,18.178484,2.712178177588517
1997-10-09,26J/01H,0.0008702277,19.241995,2.984006802203617
1997-10-10,26J/01H,0.05346825,20.265024,2.83862032813778
1997-10-11,26J/01H,0.003057206,22.17199,3.080658829400403
1997-10-12,26J/01H,0.0065721600000000005,20.775297,2.767627794392684
1997-10-13,26J/01H,0.0,18.221125,2.626194749073579
1997-10-14,26J/01H,0.0004351138,17.736917,2.74798651008936
1997-10-15,26J/01H,0.00085234636,17.966112,2.8862913156920413
1997-10-16,26J/01H,0.0017225740000000002,18.009314,3.0441327079171128
1997-10-17,26J/01H,0.003570202,18.043993,2.84740233641311
1997-10-18,26J/01H,0.6990947,19.650986,1.7621654004790632
1997-10-19,26J/01H,0.5434934,20.319849,1.956427184770331
1997-10-20,26J/01H,23.892922,19.449831,0.9308982544283776
1997-10-21,26J/01H,3.1636765000000002,20.466265,1.9263025045127844
1997-10-22,26J/01H,0.41036880000000003,19.258663,1.858400878462224
1997-10-23,26J/01H,0.07658178,17.83752,2.071184388012524
1997-10-24,26J/01H,0.04729341,17.983978,2.2519782848865235
1997-10-25,26J/01H,0.07198182,19.056421,2.087563017087447
1997-10-26,26J/01H,3.9978064,19.168692,1.3983447844486026
1997-10-27,26J/01H,1.1105574999999999,18.54467,1.6751898361090631
1997-10-28,26J/01H,0.2493295,17.306192,1.842740013652403
1997-10-29,26J/01H,0.0017195934,15.917687,2.0875156282710017
1997-10-30,26J/01H,0.0008702277499999999,15.350492,2.0861333265253497
1997-10-31,26J/01H,0.001275539,14.338482,2.267497796037728
2001-06-21,26J/01H,0.0,26.534843,7.537439444073714
2001-06-22,26J/01H,0.0,26.82042,7.44584469595116
2001-06-23,26J/01H,0.00085234636,25.634722,7.355026520058226
2001-06-24,26J/01H,0.0012814989000000001,25.213923,6.985467304798126
2001-06-25,26J/01H,0.0028667068000000004,22.092878,6.0961353265896605
2001-06-26,26J/01H,0.0008579074,19.380743,5.030526671418838
2001-06-27,26J/01H,0.011786112,20.460268,5.020847581724008
2001-06-28,26J/01H,0.0,22.404984,6.275357911918425
2001-06-29,26J/01H,0.0012808651,25.127037,6.867508227844655
2001-06-30,26J/01H,0.0,26.946106,7.40090525491881
2001-07-01,26J/01H,0.0017216253,28.427322,7.188972460342749
2001-07-02,26J/01H,0.0025073202,24.864447,6.409253068885239
2001-07-03,26J/01H,0.0035936315,23.433458,6.135821322349723
2001-07-04,26J/01H,0.0014145242,20.359926,4.731673107317846
2001-07-05,26J/01H,0.4164247,18.466955,4.058299344632999
2001-07-06,26J/01H,0.38552274000000003,19.35364,4.647770181438889
2001-07-07,26J/01H,0.0006575472,20.721958,5.332043377053055
2001-07-08,26J/01H,0.002157688,20.172302,5.267412687483915
2001-07-09,26J/01H,0.15375282,20.192196,4.761805193986199
2001-07-10,26J/01H,0.0005099097,24.137491,6.367737045125084
2001-07-11,26J/01H,0.0,28.295687,7.537994956272622
2001-07-12,26J/01H,0.0012912832000000001,29.146072,7.127995807807063
2001-07-13,26J/01H,0.00043511385,25.04532,6.131725041819327
2001-07-14,26J/01H,0.25834055,21.504614,4.768352117479219
2001-07-15,26J/01H,0.011053907,21.216341,5.315047107961733
2001-07-16,26J/01H,0.0,20.434961,5.374195063244284
2001-07-17,26J/01H,0.0025818546000000004,21.752817,5.7772225333032505
2001-07-18,26J/01H,0.0008612871,19.73464,4.626501634004121
2001-07-19,26J/01H,0.0017149332,19.886726,5.130167160975257
2001-07-20,26J/01H,0.00044107437,23.5101,6.508718189331534
2001-07-21,26J/01H,0.0021368396,26.091448,7.148028892892282
2001-07-22,26J/01H,0.0012964975000000001,26.32385,6.75328306085465
2001-07-23,26J/01H,0.0008642672999999999,24.347567,6.379816939735408
2001-07-24,26J/01H,0.012027376000000001,21.059973,4.958597965676877
2001-07-25,26J/01H,0.016656681,21.745398,5.383081513166966
2001-07-26,26J/01H,0.0008523464,21.693151,5.48574829946532
2001-07-27,26J/01H,0.0013287907999999999,21.026777,5.080077665678848
2001-07-28,26J/01H,0.0008523464,22.09884,5.8138069632840175
2001-07-29,26J/01H,0.012371541000000002,23.883621,5.957564172104943
2001-07-30,26J/01H,3.8978400000000004,23.774176,4.78677116360294
2001-07-31,26J/01H,0.0016378386000000002,24.75589,5.4367532686374895
2001-08-01,26J/01H,0.0041544476000000006,22.529577,5.2635703010689
2001-08-02,26J/01H,0.22125378,22.989588,4.752006061792133
2001-08-03,26J/01H,0.0,24.831871,6.090399423457882
2001-08-04,26J/01H,0.0,25.664543,5.94763334405868
2001-08-05,26J/01H,0.0012814989000000001,25.759094,6.671893769112347
2001-08-06,26J/01H,0.0012934206,28.836401,7.144885954740408
2001-08-07,26J/01H,0.0012835289,28.35612,6.426335566213796
2001-08-08,26J/01H,0.0004261732,24.34616,5.581155362286466
2001-08-09,26J/01H,0.00086426735,24.57097,5.686504797501349
2001-08-10,26J/01H,0.0004261732,25.6102,6.230634866289832
2001-08-11,26J/01H,0.0,25.857946,6.166186184410975
2001-08-12,26J/01H,0.0004351138,24.99019,5.961026242121635
2001-08-13,26J/01H,2.3814399e-05,23.888649,5.68511083582369
2001-08-14,26J/01H,1.19096115e-05,22.67543,5.270403364336728
2001-08-15,26J/01H,0.32994439999999997,21.661491,4.872839359640393
2001-08-16,26J/01H,0.0006413389000000001,21.322292,4.369200601107881
2001-08-17,26J/01H,0.0004351138,20.044748,4.6074334992891375
2001-08-18,26J/01H,0.50799066,21.633295,4.251447801829376
2001-08-19,26J/01H,0.0,20.617815,4.89203517544177
2001-08-20,26J/01H,0.0228521,23.185717,4.964000197959022
2001-08-21,26J/01H,0.0,22.857061,5.251015119313681
2001-08-22,26J/01H,0.0,23.93772,6.102027680368059
2001-08-23,26J/01H,0.00090403605,25.431067,6.236618841259237
2001-08-24,26J/01H,0.001624606,27.717436,6.245943032171705
2001-08-25,26J/01H,0.23438022,25.411413,5.298869713145994
2001-08-26,26J/01H,0.0014605647,22.125046,4.479002769709305
2001-08-27,26J/01H,0.051114468,22.390795,4.87497049112212
2001-08-28,26J/01H,0.19921193,22.381517,4.15897356519694
2001-08-29,26J/01H,0.05331027000000001,22.144478,3.8977478437792703
2001-08-30,26J/01H,0.057502827000000006,21.594065,4.285814012880978
2001-08-31,26J/01H,0.00044107437,22.918726,5.029154044346974
2001-09-01,26J/01H,0.0,23.245516,5.275145867487464
2001-09-02,26J/01H,4.7628794000000004e-05,24.663973,5.225942228179277
2001-09-03,26J/01H,0.034844635,25.928873,4.945344309414211
2001-09-04,26J/01H,0.0052720995,25.074507,4.744127187756704
2001-09-05,26J/01H,0.0037857620000000002,22.608435,4.459140700125757
2001-09-06,26J/01H,0.17854478000000001,21.165468,3.697127025531704
2001-09-07,26J/01H,0.00044107437,23.24418,4.9067628359432245
2001-09-08,26J/01H,0.0008642672999999999,25.10347,5.023160269457212
2001-09-09,26J/01H,0.0012934207,25.720697,5.337660033403315
2001-09-10,26J/01H,0.00171372,23.835062,4.564675659192705
2001-09-11,26J/01H,0.00721751,20.601105,3.858836995802344
2001-09-12,26J/01H,0.004621824,19.898193,3.810185509358054
2001-09-13,26J/01H,0.0,21.098684,4.595686050405727
2001-09-14,26J/01H,0.0012814989000000001,21.60685,4.515791624388397
2001-09-15,26J/01H,0.0004261732,23.049238,5.07438951911611
2001-09-16,26J/01H,0.0,25.09021,4.766429028089802
2001-09-17,26J/01H,0.00085234636,24.30403,4.83675533325302
2001-09-18,26J/01H,0.0018470191000000001,21.188253,4.092207675649587
2001-09-19,26J/01H,0.0010993241,20.922886,3.9223642249790833
2001-09-20,26J/01H,0.043848312,19.795593,3.817896052277
2001-09-21,26J/01H,13.151110000000001,18.284637,2.420992515208433
2001-09-22,26J/01H,3.0475046000000003,17.917738,2.2292969909464917
2001-09-23,26J/01H,1.3124562000000002,18.416094,2.4417818082251843
2001-09-24,26J/01H,0.019082668,17.97196,2.666968729242712
2001-09-25,26J/01H,0.0008583069,17.640802,3.2052752977111223
2001-09-26,26J/01H,0.0008814863600000001,18.664465,3.568070457403643
2001-09-27,26J/01H,0.7504174,18.233305,2.7396384533589795
2001-09-28,26J/01H,1.5610453,19.047468,2.729839032024989
2001-09-29,26J/01H,6.9297830000000005,18.802408,2.312082788803673
2001-09-30,26J/01H,0.0801443,19.16858,2.65110398632391
2001-10-01,26J/01H,0.00057736254,20.192028,3.4546608505015373
2001-10-02,26J/01H,0.09037602,20.581018,2.583642207044223
2001-10-03,26J/01H,0.2305627,20.542475,2.7198051869793787
2001-10-04,26J/01H,0.0017285337,19.323227,3.363273164170883
2001-10-05,26J/01H,14.090812,18.691223,2.4932646163125227
2001-10-06,26J/01H,16.335619,18.411875,2.373976782526997
2001-10-07,26J/01H,0.08739593999999999,16.848763,2.392752761123328
2001-10-08,26J/01H,1.1148428,17.07699,2.175109531594717
2001-10-09,26J/01H,0.46778582999999996,14.581325,2.093007517164565
2001-10-10,26J/01H,3.7368154000000002,15.325196,2.516171260890352
2001-10-11,26J/01H,5.312455600000001,18.70268,3.1400391956551847
2001-10-12,26J/01H,3.3440803000000003,17.98041,1.9568665910621497
2001-10-13,26J/01H,0.34395297,18.203558,2.235416172531135
2001-10-14,26J/01H,0.006604393,17.356138,2.4834436056362583
2001-10-15,26J/01H,5.7450254,17.730608,2.0338756479462328
2001-10-16,26J/01H,0.39338773,17.501566,2.612899978110365
2001-10-17,26J/01H,5.065155300000001,18.610888,2.0847609599135133
2001-10-18,26J/01H,5.6806714000000005,18.507036,1.6181709932643604
2001-10-19,26J/01H,13.252866000000001,16.017916,1.5591684295910164
2001-10-20,26J/01H,1.9839768,15.647175,1.564243602502846
2001-10-21,26J/01H,0.22982845000000002,16.862617,1.9825842625593464
2001-10-22,26J/01H,1.4988965,17.339066,1.679254276586706
2001-10-23,26J/01H,0.019600954,15.779658,1.796596315303196
2001-10-24,26J/01H,0.0017267376,15.884603,2.270276070063644
2001-10-25,26J/01H,0.008710486,16.723728,2.5391323134370283
2001-10-26,26J/01H,0.027281846999999998,17.22048,2.2625576947465778
2001-10-27,26J/01H,0.040862026,18.20191,2.402135737476348
2001-10-28,26J/01H,0.10009891500000001,20.622923,1.9251972943929727
2001-10-29,26J/01H,0.097116066,20.895704,1.945703878349918
2001-10-30,26J/01H,0.0004261732,20.857567,1.934672959965548
2001-10-31,26J/01H,0.0012874599,20.065254,2.3827143617640267
2001-11-01,26J/01H,0.0,19.444063,2.5352528704566377
2001-11-02,26J/01H,0.025113817,17.685535,2.214085748552518
2001-11-03,26J/01H,0.005431574000000001,17.42521,1.724354972128845
2001-11-04,26J/01H,26.426053,15.266927,0.9978335824385002
2001-11-05,26J/01H,8.882368000000001,15.833594,1.1671832618847575
2001-11-06,26J/01H,3.3117460000000003,16.993559,1.4727721044416964
2001-11-07,26J/01H,0.0014043454,17.127668,1.9585052991319885
2001-11-08,26J/01H,0.0,16.07271,1.8816710518351285
2001-11-09,26J/01H,0.11904394000000001,11.281631,1.188445480820399
2001-11-10,26J/01H,0.002143489,8.084157,1.0505071130221764
2001-11-11,26J/01H,0.0012874599,6.627382,1.3012064300128496
2001-11-12,26J/01H,0.0012743325000000002,7.864671,1.566620694634147
2001-11-13,26J/01H,0.0004351138,10.657467,1.681938187313711
2001-11-14,26J/01H,0.0021378047,11.427423,1.3259282387180813
2001-11-15,26J/01H,0.0004351138,7.804867,1.0513422769308127
2001-11-16,26J/01H,0.0103463,8.0893,1.2747795221051763
2001-11-17,26J/01H,5.3815854,8.788028,1.218859556852542
2001-11-18,26J/01H,0.06255333,8.843981,1.213911404399784
2001-11-19,26J/01H,0.0008583069,9.097078,1.402518391770491
2001-11-20,26J/01H,0.00044107437,9.686907,1.4111908809854543
2001-11-21,26J/01H,0.0021398065000000003,9.740211,1.4056840860575253
2001-11-22,26J/01H,0.0004351138,10.896184,1.3733258195658171
2001-11-23,26J/01H,0.0,12.384037,1.2887546373267738
2001-11-24,26J/01H,0.0008553266000000001,10.804096,1.4427183527963532
2001-11-25,26J/01H,0.0012904402,10.738145,1.4122088022549315
2001-11-26,26J/01H,0.0025825586,9.992731,1.4157361917285016
2001-11-27,26J/01H,3.5765994,11.266599,0.9825941915641744
2001-11-28,26J/01H,0.0,10.43653,1.359725721337676
2001-11-29,26J/01H,0.0008523463,9.556279,1.4750089676405105
2001-11-30,26J/01H,0.00017346668000000002,9.637701,1.3199341822839048
2001-12-01,26J/01H,0.00017929812,8.689801,1.248864161316256
2001-12-02,26J/01H,0.010597811,7.808391,1.1879327043927397
2001-12-03,26J/01H,0.0017311487,9.5075035,1.5005254336997491
2001-12-04,26J/01H,0.021545654,9.952814,1.489383493781854
2001-12-05,26J/01H,0.0024777074,9.535735,1.4689415599119615
2001-12-06,26J/01H,0.0014227666000000002,10.106056,1.421803150070314
2001-12-07,26J/01H,0.076104385,11.750683,1.194413736025613
2001-12-08,26J/01H,0.0025779,10.471507,1.4713484409776367
2001-12-09,26J/01H,0.0,12.042718,1.212942682522696
2001-12-10,26J/01H,2.0393892,11.596194,0.9563917358241264
2001-12-11,26J/01H,11.798913,10.970004,0.5929082291381212
2001-12-12,26J/01H,3.2047134,11.271484,0.7381779966343293
2001-12-13,26J/01H,3.4392422000000002,11.965725,0.999788841445792
2001-12-14,26J/01H,4.931933600000001,13.183902,1.0884423720004797
2001-12-15,26J/01H,0.32723364,10.945515,1.0439436922116607
2001-12-16,26J/01H,0.6133667,7.6940866,0.922943147536648
2001-12-17,26J/01H,18.407953000000003,8.732392,0.5021871480308101
2001-12-18,26J/01H,0.8821176000000001,10.0596,0.7609390848883331
2001-12-19,26J/01H,1.0489983999999999,9.420503,0.7714929811188397
2001-12-20,26J/01H,0.0004351138,8.757129,1.070886320928156
2001-12-21,26J/01H,0.0006458338,10.092258,1.0182027402469498
2001-12-22,26J/01H,2.8057666,11.753048,1.077137291092336
2001-12-23,26J/01H,10.245227000000002,11.810746,1.2202221785265808
2001-12-24,26J/01H,0.029974438,7.359842,0.9741443195835716
2001-12-25,26J/01H,0.16124063000000002,9.89663,0.9248206606595452
2001-12-26,26J/01H,0.0037601101,6.820455,1.067699309525469
2001-12-27,26J/01H,0.0021319902000000003,6.220184,1.1183155621513186
2001-12-28,26J/01H,0.0004351138,5.931475,1.2022115873711596
2001-12-29,26J/01H,0.34440115,7.401327,1.285781078743273
2001-12-30,26J/01H,2.0972834,12.079524,1.1782161169653256
2001-12-31,26J/01H,0.6593823999999999,13.912853,1.1309866566490072
2002-01-01,26J/01H,2.5479314,13.924184,0.87221543512519
2002-01-02,26J/01H,8.064252999999999,13.838901,0.9326113758177892
2002-01-03,26J/01H,4.1772007,11.727836,1.1098273577395124
2002-01-04,26J/01H,0.0008523464,8.592391,1.2184334666353271
2002-01-05,26J/01H,0.0025745013,11.077423,1.1947433585331688
2002-01-06,26J/01H,0.0004261732,10.153919,1.1126384163221847
2002-01-07,26J/01H,0.0025779,9.09751,1.1596561535381276
2002-01-08,26J/01H,0.9132009000000001,8.839301,1.0900754919033753
2002-01-09,26J/01H,0.041799114000000005,10.326162,1.1793830046470084
2002-01-10,26J/01H,0.00085234636,8.955646,1.3565297919686967
2002-01-11,26J/01H,0.0012904402,10.804942,1.2848751331140855
2002-01-12,26J/01H,0.06648145,12.232544,1.096697182497636
2002-01-13,26J/01H,0.69014594,12.136905,1.1051288147034954
2002-01-14,26J/01H,0.026925644,11.023032,1.151708242982982
2002-01-15,26J/01H,0.004108121,8.622578,1.2994848244417587
2002-01-16,26J/01H,0.002142124,8.837183,1.3461188847262684
2002-01-17,26J/01H,0.0,8.432399,1.4396206108105296
2002-01-18,26J/01H,0.041840073,9.363406,1.0188683386350057
2002-01-19,26J/01H,0.04117498,9.497226,1.1029549109637629
2002-01-20,26J/01H,0.0008702278000000001,9.205747,1.470546541683813
2002-01-21,26J/01H,2.9264565,10.399272,1.480082379940143
2002-01-22,26J/01H,0.9622851600000001,11.5036,1.454191951102425
2002-01-23,26J/01H,14.194881,13.290677,1.1270638244730782
2002-01-24,26J/01H,0.022362383000000003,11.365911,1.3470489063710087
2002-01-25,26J/01H,0.010140784,10.68826,1.5692275678624454
2002-01-26,26J/01H,0.0063290410000000005,12.852749,1.48529554159272
2002-01-27,26J/01H,0.0012874599,11.799935,1.7287930723848004
2002-01-28,26J/01H,0.0017088114,11.0674715,1.8884128151753696
2002-01-29,26J/01H,0.0012934206,11.524956,1.5209697019336224
2002-01-30,26J/01H,0.06383956,12.534251,1.49350012863769
2002-01-31,26J/01H,0.0020486252,10.414693,1.3623599522489684
2002-02-01,26J/01H,0.0012874597000000002,9.315873,1.8590997815088357
2002-02-02,26J/01H,0.0,11.927814,1.7412759300694305
2002-02-03,26J/01H,6.6055454000000005,12.59522,1.2858273802583913
2002-02-04,26J/01H,0.16144533000000003,11.699183,1.689271968710908
2002-02-05,26J/01H,1.9355006000000001,13.7677965,1.414592392081127
2002-02-06,26J/01H,0.004687953000000001,10.725692,1.2501304775888826
2002-02-07,26J/01H,0.08079436,12.074528,1.5983085830336403
2002-02-08,26J/01H,0.0039253216,12.038784,1.8862951429273769
2002-02-09,26J/01H,0.00085234636,12.715026,2.033653010280417
2002-02-10,26J/01H,0.0044486264999999995,12.063347,1.96706042051634
2002-02-11,26J/01H,0.011008955,12.135426,1.6718674099379438
2002-02-12,26J/01H,0.0,12.179322,2.2534845905311074
2002-02-13,26J/01H,0.0004261732,13.383279,2.346300020093726
2002-02-14,26J/01H,0.0008463859,11.171859,1.9058638251706077
2002-02-15,26J/01H,0.0004351138,10.312173,1.6461904251252375
2002-02-16,26J/01H,0.85882574,10.919572,1.7623372857725788
2002-02-17,26J/01H,0.020665602,10.839329,1.7986574805071736
2002-02-18,26J/01H,0.0012866622000000001,9.810591,1.9774999101638835
2002-02-19,26J/01H,0.0008548607000000001,9.962157,1.726221166567894
2002-02-20,26J/01H,0.0025868403999999997,9.637545,2.113971262840294
2002-02-21,26J/01H,0.0012882465,11.601921,1.963453439298649
2002-02-22,26J/01H,0.0017129314,11.98873,2.45321661173187
2002-02-23,26J/01H,0.0017170943,12.601475,2.412146828253148
2002-02-24,26J/01H,0.007658208400000001,10.455474,1.9617173156428276
2002-02-25,26J/01H,0.0031523638,10.492919,2.0777527863991736
2002-02-26,26J/01H,0.0135280075,9.732314,2.0565620206482835
2002-02-27,26J/01H,0.024041861999999997,10.987697,2.007749857805338
2002-02-28,26J/01H,0.5209722000000001,12.679364,1.7697359896627438
2002-03-01,26J/01H,1.1213077,10.109886,1.738410156289113
2002-03-02,26J/01H,0.172993,8.547948,2.0868673328402387
2002-03-03,26J/01H,11.222944,9.458356,1.700721010896831
2002-03-04,26J/01H,2.4876738,10.464955,1.7025749859470771
2002-03-05,26J/01H,0.0024327672,9.791575,2.1702940314606405
2002-03-06,26J/01H,0.0013006029,10.223934,2.208167676621541
2002-03-07,26J/01H,0.0017195935000000001,11.377731,2.6351948731547825
2002-03-08,26J/01H,0.0008583069,12.892493,2.715222436829748
2002-03-09,26J/01H,0.0034237218,12.616103,2.602658909213493
2002-03-10,26J/01H,0.036455044,11.554208,2.1978733839224223
2002-03-11,26J/01H,2.4036975000000003,13.120969,2.0512137093230667
2002-03-12,26J/01H,7.018712000000001,13.583504,2.144137880382594
2002-03-13,26J/01H,15.552363,10.463174,1.894690325478544
2002-03-14,26J/01H,6.7098260000000005,11.550537,1.6977969579147272
2002-03-15,26J/01H,6.3561836000000005,11.503902,1.9557819606670783
2002-03-16,26J/01H,0.4120872,10.5889015,1.947085408316977
2002-03-17,26J/01H,8.357418,11.173999,1.9879375626932845
2002-03-18,26J/01H,0.3361499,14.400092,2.3187757015459938
2002-03-19,26J/01H,0.005100693,13.325961,2.9870681879090184
2002-03-20,26J/01H,0.0004261732,15.761731,3.71061494655482
2002-03-21,26J/01H,0.0004351138,17.502138,3.721011349674189
2002-03-22,26J/01H,0.00085234636,19.231756,4.214264727657612
2002-03-23,26J/01H,0.0012814989000000001,19.62177,4.2485767280653945
2002-03-24,26J/01H,0.0008583069,19.600103,3.931721440898376
2002-03-25,26J/01H,0.00042665654,18.01441,3.727552443273939
2002-03-26,26J/01H,0.021950388,16.712946,3.3513363347408336
2002-03-27,26J/01H,0.0004261732,16.866817,3.6277679198644615
2002-03-28,26J/01H,5.2943867000000004,12.589371,1.4199544752774893
2002-03-29,26J/01H,0.03480908,14.259697,3.2028156284934703
2002-03-30,26J/01H,1.0650864,15.2320175,2.5799936946595263
2002-03-31,26J/01H,0.0004351138,15.172744,3.712673996462875
2002-04-01,26J/01H,1.033418,14.52531,3.070059116215996
2002-04-02,26J/01H,0.89419055,13.489227,2.617283514002453
2002-04-03,26J/01H,1.1105504000000002,11.20311,2.152210108492519
2002-04-04,26J/01H,2.7394304000000003,11.018313,2.093237716885981
2002-04-05,26J/01H,4.1516504,13.618285,2.4260092277082097
2002-04-06,26J/01H,6.282814500000001,10.397555,2.0471483358838527
2002-04-07,26J/01H,6.639629,10.571655,2.180103724461892
2002-04-08,26J/01H,6.178465,11.527566,2.6824146534873767
2002-04-09,26J/01H,1.9867759,13.353986,2.643852998577987
2002-04-10,26J/01H,2.7457021,13.53749,3.002935840568454
2002-04-11,26J/01H,1.1774406,11.556178,2.3232516405251333
2002-04-12,26J/01H,0.3443642,11.451421,2.689757879563813
2002-04-13,26J/01H,0.015961383,12.785005,2.703128447386728
2002-04-14,26J/01H,0.0025990443,12.626,3.0822337753583
2002-04-15,26J/01H,0.0004261732,12.731477,3.1211344543802
2002-04-16,26J/01H,0.0,12.439155,3.556223139306875
2002-04-17,26J/01H,0.00085234636,12.815464,3.626977429080539
2002-04-18,26J/01H,0.28021466,13.620965,3.5556646911274163
2002-04-19,26J/01H,0.0066906233,14.67335,4.151776669898619
2002-04-20,26J/01H,0.0017167851,17.846094,4.957237222003642
2002-04-21,26J/01H,0.00044107437,20.180632,5.41258838931382
2002-04-22,26J/01H,0.0017106532000000002,20.036142,4.630488759020254
2002-04-23,26J/01H,0.0004351138,19.62686,4.94517377677649
2002-04-24,26J/01H,0.0017195934,20.785961,5.510787647613523
2002-04-25,26J/01H,0.0,21.783957,5.393233117249065
2002-04-26,26J/01H,0.01659564,18.648773,5.020751067064277
2002-04-27,26J/01H,0.002211832,18.658976,5.012655064675292
2002-04-28,26J/01H,0.0,16.496473,4.307314172367191
2002-04-29,26J/01H,0.002084421,16.636015,4.417585536396448
2002-04-30,26J/01H,0.0008507156,16.732769,4.780425970362272
2002-05-01,26J/01H,0.0027423341,14.606636,3.132213430079158
2002-05-02,26J/01H,0.7015490999999999,13.0225725,3.0170152561542087
2002-05-03,26J/01H,0.0008463859,13.686008,3.905170440956558
2002-05-04,26J/01H,0.00084150594,15.560593,4.574511936799049
2002-05-05,26J/01H,3.6710159,15.712911,3.9491646792298254
2002-05-06,26J/01H,0.9549202,15.906791,4.0116808480339845
2002-05-07,26J/01H,7.0955330000000005,13.187875,2.912117633202606
2002-05-08,26J/01H,12.772672,12.511623,2.5656992506448675
2002-05-09,26J/01H,1.1943229,14.248905,3.2860339465214943
2002-05-10,26J/01H,0.28452103,13.448194,2.9832233938973363
2002-05-11,26J/01H,0.0,13.876863,3.670818016869876
2002-05-12,26J/01H,0.0008583069,14.634404,4.443152233272998
2002-05-13,26J/01H,0.011847302,15.843577,4.612717800683496
2002-05-14,26J/01H,0.08419146000000001,18.059813,4.829298265879133
2002-05-15,26J/01H,0.00093436164,21.309568,6.1160815442198775
2002-05-16,26J/01H,0.0018338933,20.735247,5.408339285845571
2002-05-17,26J/01H,1.8321843,16.642735,3.300060907773792
2002-05-18,26J/01H,0.0,16.709032,4.580195442928657
2002-05-19,26J/01H,0.0,20.633524,5.924059961983173
2002-05-20,26J/01H,0.0004351138,19.27889,5.045706455457739
2002-05-21,26J/01H,0.23902232,17.616177,4.389592869630082
2002-05-22,26J/01H,0.61370355,16.341976,3.2244707355823192
2002-05-23,26J/01H,0.008097163000000001,15.756958,4.099021611895945
2002-05-24,26J/01H,0.0011313,17.328527,5.072701378218804
2002-05-25,26J/01H,0.00865867,18.266588,4.422121388594342
2002-05-26,26J/01H,0.0012934206,16.413252,4.506598359873907
2002-05-27,26J/01H,0.0008523463,16.170004,4.4524289360840905
2002-05-28,26J/01H,0.0,17.806725,5.193463029413499
2002-05-29,26J/01H,0.0025848634000000003,20.008968,5.589218881114786
2002-05-30,26J/01H,0.0,21.948982,6.446009681337591
2002-05-31,26J/01H,0.0,22.47793,6.171795411509995
2002-06-01,26J/01H,0.0008523463,22.396294,6.078277890459206
2002-06-02,26J/01H,0.0031105893,19.769955,5.282845296837245
2002-06-03,26J/01H,0.0034672272,17.584581,4.416089830085711
2002-06-04,26J/01H,1.1019778,16.2053,3.41377540245748
2002-06-05,26J/01H,0.3699203,16.530556,3.847943143318949
2002-06-06,26J/01H,0.2126643,15.846879,3.873091051303936
2002-06-07,26J/01H,0.11144986,17.515558,3.817513722916406
2002-06-08,26J/01H,0.0013291326000000002,16.077658,3.809237171202743
2002-06-09,26J/01H,0.0004351138,17.572416,5.084877284623812
2002-06-10,26J/01H,0.0004261732,21.162516,5.852211331377587
2002-06-11,26J/01H,0.0008583069,24.474512,7.278612416067372
2002-06-12,26J/01H,0.0008553266000000001,25.142076,6.632569402767904
2002-06-13,26J/01H,0.713675,24.696089,6.16999933075448
2002-06-14,26J/01H,0.0,23.876837,6.3361125958843365
2002-06-15,26J/01H,0.0034249040000000003,25.12696,6.7905553891734325
2002-06-16,26J/01H,0.00085234636,26.377546,7.336667934765499
2002-06-17,26J/01H,0.0008523464,25.394342,6.932968900109239
2002-06-18,26J/01H,0.0017225739000000001,23.222496,5.864400381889439
2002-06-19,26J/01H,0.020113878,22.041054,5.421141335769348
2002-06-20,26J/01H,0.0045826335,21.616903,6.040780483196612
2002-06-21,26J/01H,0.0,23.798079,6.972083547932555
2002-06-22,26J/01H,0.0017243749,24.336983,6.752687921577809
2002-06-23,26J/01H,0.008819649,21.125961,5.820225333392247
2002-06-24,26J/01H,0.0019169631,19.483496,4.751453141344952
2002-06-25,26J/01H,0.12931383,20.87309,5.24746692990108
2002-06-26,26J/01H,0.05955376,20.781408,5.096413350227272
2002-06-27,26J/01H,0.002342264,21.073557,5.618102692057468
2002-06-28,26J/01H,0.0012868923,22.846588,6.280910228461405
2002-06-29,26J/01H,0.0007313866999999999,20.916082,5.556285344139423
2002-06-30,26J/01H,0.00085234636,20.18271,5.325713775094746
2002-07-01,26J/01H,0.00084638596,21.498749,6.173213135156904
2002-07-02,26J/01H,0.003454013,21.527298,5.470013013045112
2002-07-03,26J/01H,0.0004351138,22.181112,6.3502643706612805
2002-07-04,26J/01H,0.0012814989000000001,22.628073,6.455448752587022
2002-07-05,26J/01H,0.00043511388,22.962748,6.714150597421647
2002-07-06,26J/01H,0.005314718,22.129164,5.895349819362489
2002-07-07,26J/01H,0.0,22.874834,6.54222575423824
2002-07-08,26J/01H,0.007577174000000001,20.753977,5.422083545576534
2002-07-09,26J/01H,0.022839611000000003,20.017008,4.915310178735199
2002-07-10,26J/01H,0.25983893,20.795458,4.385844808240464
2002-07-11,26J/01H,0.00044107437,21.252136,6.262253270143045
2002-07-12,26J/01H,0.00085234636,22.944784,6.21637239453045
2002-07-13,26J/01H,0.0047149367,23.628511,6.324446623354053
2002-07-14,26J/01H,0.001712173,26.88109,6.658221882786072
2002-07-15,26J/01H,0.0,26.599566,6.599958521463568
2002-07-16,26J/01H,0.00087931573,27.549623,6.889724950795502
2002-07-17,26J/01H,0.0004261732,27.934595,7.124402711688506
2002-07-18,26J/01H,0.00044107437,27.656784,6.637206887646483
2002-07-19,26J/01H,0.001285146,25.391981,6.365381376737188
2002-07-20,26J/01H,0.0016936774000000001,23.170395,5.97561094411591
2002-07-21,26J/01H,0.0015766718,21.051788,5.086359549240489
2002-07-22,26J/01H,0.24710202,20.329308,4.585979536965776
2002-07-23,26J/01H,0.009866178500000001,22.41655,5.681174446371585
2002-07-24,26J/01H,0.0012833570000000002,26.507315,7.066684116862168
2002-07-25,26J/01H,0.0008523464,28.666857,7.068086417734625
2002-07-26,26J/01H,0.00078355014,27.761183,6.714064857362486
2002-07-27,26J/01H,0.0008329435600000001,26.324617,6.809525768425621
2002-07-28,26J/01H,0.0008642672300000001,27.476234,6.9411609561016
2002-07-29,26J/01H,0.0025868410000000003,25.700317,6.360297676857681
2002-07-30,26J/01H,0.0,23.115288,5.700459464241823
2002-07-31,26J/01H,0.0,23.068407,5.905305905409276
2002-08-01,26J/01H,0.0017209277000000002,22.881935,5.935040160543622
2002-08-02,26J/01H,0.0,23.07784,6.176172371313115
2002-08-03,26J/01H,6.471061e-05,22.041824,5.548485803417042
2002-08-04,26J/01H,0.00077026236,22.378174,5.72817263121883
2002-08-05,26J/01H,0.0004261732,21.759012,5.366521228785338
2002-08-06,26J/01H,0.008159625,21.760157,5.372057816466358
2002-08-07,26J/01H,0.00087873,23.252449,6.010169749743405
2002-08-08,26J/01H,0.003004132,25.114382,6.21233496290038
2002-08-09,26J/01H,0.0012948866999999999,23.102076,5.71140061621422
2002-08-10,26J/01H,0.57372186,20.259344,3.353857010423948
2002-08-11,26J/01H,0.0030976973,23.7217,5.750413533762693
2002-08-12,26J/01H,0.0,27.458006,6.840048054716341
2002-08-13,26J/01H,0.07701672000000001,28.423597,6.670873260746431
2002-08-14,26J/01H,0.003599802,24.972101,4.700760287320707
2002-08-15,26J/01H,0.004012092,23.007643,5.166799303885591
2002-08-16,26J/01H,0.0027763565,23.63823,5.531446281253516
2002-08-17,26J/01H,0.0,23.888891,5.571011202533383
2002-08-18,26J/01H,0.006757486,22.619003,5.211551519660014
2002-08-19,26J/01H,0.0009444977,21.586304,4.931621587490246
2002-08-20,26J/01H,0.00042752314000000006,22.519583,5.553360184407336
2002-08-21,26J/01H,0.0021370533,23.341547,5.082924762255684
2002-08-22,26J/01H,0.0026276617,21.503244,4.409664736847797
2002-08-23,26J/01H,0.0033142939999999997,20.720901,4.671401949645673
2002-08-24,26J/01H,0.09662578000000001,19.95488,3.661807718149385
2002-08-25,26J/01H,0.9421660000000001,20.351986,4.091510220480183
2002-08-26,26J/01H,0.008638999,20.562338,4.246584889475395
2002-08-27,26J/01H,0.0,20.371103,4.654901920139968
2002-08-28,26J/01H,0.0008566190000000001,23.427954,5.279481559815332
2002-08-29,26J/01H,0.0021546385,23.952036,5.355901952809684
2002-08-30,26J/01H,0.00085234636,23.97825,5.328177406480625
2002-08-31,26J/01H,0.0011967125000000001,23.040527,5.078614085673841
2002-09-01,26J/01H,0.030851665,23.084223,5.007271398818902
2002-09-02,26J/01H,0.00048192075000000003,21.543074,4.886927119143568
2002-09-03,26J/01H,0.013485638,19.657541,3.959238431932369
2002-09-04,26J/01H,0.034210785,19.226873,3.525519580140664
2002-09-05,26J/01H,0.00040340176,19.181479,3.990682001802712
2002-09-06,26J/01H,0.00041722807,19.330048,4.261851276477175
2002-09-07,26J/01H,0.0007232142000000001,19.592178,3.960834247714369
2002-09-08,26J/01H,0.32877383,19.79126,3.7051535292806
2002-09-09,26J/01H,0.06002834,19.642275,3.6195673375194577
2002-09-10,26J/01H,0.0004351138,19.770586,4.527995347263436
2002-09-11,26J/01H,0.00044107437,21.905764,4.456058020405786
2002-09-12,26J/01H,0.0022189076,21.538214,3.9968972987386966
2002-09-13,26J/01H,0.004584478,21.724012,4.0755501115070905
2002-09-14,26J/01H,3.4660070000000003,19.571684,2.3833865506095537
2002-09-15,26J/01H,10.252075000000001,19.710657,1.660204674403221
2002-09-16,26J/01H,6.3991846,20.613512,2.676505895345577
2002-09-17,26J/01H,7.067804000000001,19.571468,2.1345122636876788
2002-09-18,26J/01H,1.3148044,20.210266,2.695341073146821
2002-09-19,26J/01H,1.6960028,20.645794,3.0967334330220173
2002-09-20,26J/01H,0.9278655,20.607983,2.764946840073068
2002-09-21,26J/01H,1.8505923,19.121115,2.3455910840139795
2002-09-22,26J/01H,1.241384,18.786818,2.24995110131779
2002-09-23,26J/01H,2.3503220000000002,18.356056,2.477563250219462
2002-09-24,26J/01H,1.6933182,17.83882,2.7146030483282333
2002-09-25,26J/01H,10.304768000000001,17.667747,2.43329968307479
2002-09-26,26J/01H,0.24404485,19.539467,3.033588904782337
2002-09-27,26J/01H,2.0900556999999997,19.679516,3.1067015699609595
2002-09-28,26J/01H,0.062030357,20.851337,3.0643670345242184
2002-09-29,26J/01H,0.031403585,21.158556,3.2112333209175103
2002-09-30,26J/01H,3.3097695,20.824594,3.0203672462942954
2002-10-01,26J/01H,19.018254000000002,18.179947,1.148402004112416
2002-10-02,26J/01H,0.68069666,18.797842,2.1265657287488677
2002-10-03,26J/01H,0.33766028000000003,19.986101,2.813194177167437
2002-10-04,26J/01H,0.18277367000000003,20.960213,2.934143016327893
2002-10-05,26J/01H,0.013963083,20.907152,2.7591446820466263
2002-10-06,26J/01H,2.9905955,19.86978,2.484856296864419
2002-10-07,26J/01H,0.19639423,18.696873,2.433993382772816
2002-10-08,26J/01H,4.209587000000001,17.836164,1.955498209812519
2002-10-09,26J/01H,0.6698558299999999,14.89463,1.8105904271777864
2002-10-10,26J/01H,0.6959848,13.633067,1.6056235634018032
2002-10-11,26J/01H,0.11781348,14.677709,2.6336763256579587
2002-10-12,26J/01H,0.609887,17.994135,2.4348721983774118
2002-10-13,26J/01H,0.126146675,18.277744,2.1233994652264645
2002-10-14,26J/01H,0.1266048,17.852402,2.2636849421981617
2002-10-15,26J/01H,0.88725977,17.77397,2.276592659260796
2002-10-16,26J/01H,1.348427,18.025896,1.9661691522190656
2002-10-17,26J/01H,0.14121722,15.64178,1.934044384081525
2002-10-18,26J/01H,0.102695595,15.386918,2.3470761208296707
2002-10-19,26J/01H,0.0004476405,19.049845,2.6669720143103435
2002-10-20,26J/01H,7.309203000000001,19.292469,1.3619558407728516
2002-10-21,26J/01H,1.4340151,17.96979,1.5197383921728598
2002-10-22,26J/01H,1.0958942999999999,17.15504,1.6690481359387357
2002-10-23,26J/01H,0.093035034,16.061855,1.82511485260229
2002-10-24,26J/01H,0.018692373,15.112508,2.234826049264626
2002-10-25,26J/01H,0.048262360000000004,16.349508,2.216730567359765
2002-10-26,26J/01H,0.024041456,18.080744,2.2778448796952526
2002-10-27,26J/01H,0.0004351138,18.443949,2.794355004220888
2002-10-28,26J/01H,0.0004351138,18.049522,2.535093068589632
2002-10-29,26J/01H,0.14067265,18.711252,2.087578119341072
2002-10-30,26J/01H,1.2767325,17.252718,1.6045876262168284
2002-10-31,26J/01H,0.0075239654,15.861373,1.8232392961807848
2002-11-01,26J/01H,0.032452114000000004,16.52529,1.8728184925102973
2002-11-02,26J/01H,0.6276504,17.657759,1.7970581614515633
2002-11-03,26J/01H,1.153826,18.239666,1.6733647970648275
2002-11-04,26J/01H,0.001047612,16.454016,1.7658500465235458
2002-11-05,26J/01H,0.0012755389,16.016743,2.014881219539714
2002-11-06,26J/01H,0.00044107437,16.812164,2.065604349639669
2002-11-07,26J/01H,0.0013239875000000002,15.145877,1.9770627581326083
2002-11-08,26J/01H,0.0008612870000000001,13.235333,1.9656050116056656
2002-11-09,26J/01H,0.0017204585,13.276794,2.0177748262611344
2002-11-10,26J/01H,0.0009605156000000001,13.68584,1.6614095237498545
2002-11-11,26J/01H,0.013888368,14.571823,1.7179749180415491
2002-11-12,26J/01H,0.039624519999999996,15.316739,1.3630399078980044
2002-11-13,26J/01H,11.466245,14.354507,1.3860296607182998
2002-11-14,26J/01H,14.038295,12.132342,1.0206197289738783
2002-11-15,26J/01H,0.8360785,10.496274,1.2292106722279863
2002-11-16,26J/01H,0.22465005,10.786343,1.263618368726798
2002-11-17,26J/01H,0.059923645000000005,11.261306,1.2665420207579614
2002-11-18,26J/01H,1.1075211999999999,12.483944,1.5374581603821935
2002-11-19,26J/01H,8.192939,11.958714,1.1617965767461016
2002-11-20,26J/01H,1.3421494,11.730743,1.3648551750571731
2002-11-21,26J/01H,1.5081777,14.340973,1.1334912442707252
2002-11-22,26J/01H,3.8522112,13.310089,1.150676397264676
2002-11-23,26J/01H,2.085248,11.952062,1.074686812688327
2002-11-24,26J/01H,2.9200652000000002,10.006512,1.079326707691908
2002-11-25,26J/01H,0.025975897,9.076606,1.3295055113822571
2002-11-26,26J/01H,1.3885257999999998,12.763886,1.4346048829551727
2002-11-27,26J/01H,7.166911600000001,15.588063,1.1524792624424165
2002-11-28,26J/01H,1.8425596000000002,13.797849,1.2147977587587324
2002-11-29,26J/01H,0.001725447,11.708823,1.3901870288152258
2002-11-30,26J/01H,0.12477343,12.704314,1.098790955098329
2002-12-01,26J/01H,0.10239807000000001,12.673505,1.234955335166974
2002-12-02,26J/01H,0.089107346,12.527478,1.1000607741573598
2002-12-03,26J/01H,0.005955205000000001,11.087277,1.2052540879477072
2002-12-04,26J/01H,0.2517522,14.076855,0.9310541351248428
2002-12-05,26J/01H,0.0035847368,12.034199,1.2612576997033096
2002-12-06,26J/01H,0.0,8.721666,1.0350858718504243
2002-12-07,26J/01H,0.0012874599,7.70581,1.2361663956128046
2002-12-08,26J/01H,0.00044957665000000004,8.398967,1.2350887453167712
2002-12-09,26J/01H,10.46692,9.984185,0.910989282226172
2002-12-10,26J/01H,3.6346543000000002,10.786967,0.8189372465648571
2002-12-11,26J/01H,2.8078489,10.313885,1.0330931506796208
2002-12-12,26J/01H,0.7723685,8.747032,1.054067441685103
2002-12-13,26J/01H,13.732145500000001,12.234429,0.9996823662626751
2002-12-14,26J/01H,0.5512615399999999,13.945075,0.977434434031485
2002-12-15,26J/01H,0.014949104999999999,11.816367,1.172482340835482
2002-12-16,26J/01H,5.011486,13.660312,1.23532221740257
2002-12-17,26J/01H,18.019588,16.453836,0.6992380455631533
2002-12-18,26J/01H,11.972190000000001,15.524489,0.7196440252766784
2002-12-19,26J/01H,1.8422135000000002,13.798339,1.1638772834638438
2002-12-20,26J/01H,0.020977722,11.954929,1.0796512007577563
2002-12-21,26J/01H,0.0034285822000000004,12.023209,1.2153664903342656
2002-12-22,26J/01H,0.0022790368,12.470374,1.205326311525224
2002-12-23,26J/01H,1.1091573000000001,14.586715,1.108784255997113
2002-12-24,26J/01H,1.432174,14.27988,1.049988490448983
2002-12-25,26J/01H,0.55724316,15.65101,0.9635776963304888
2002-12-26,26J/01H,4.3558027,15.147351,0.8676964489634954
2002-12-27,26J/01H,19.686349999999997,12.629639,0.7967048157253634
2002-12-28,26J/01H,0.2112994,10.819885,1.0255877455129565
2002-12-29,26J/01H,0.003415716,9.46855,1.174357919405122
2002-12-30,26J/01H,3.095763,12.209798,1.1758832910262826
2002-12-31,26J/01H,0.3214157,11.641454,1.071276995425407
2003-01-01,26J/01H,0.09863453,13.678309,1.16954574572178
2003-01-02,26J/01H,0.5624644,14.566039,1.023471732597577
2003-01-03,26J/01H,1.1223150000000002,13.903947,1.1989492517616032
2003-01-04,26J/01H,0.039082794000000004,11.669891,1.0887687654933107
2003-01-05,26J/01H,3.0285590000000004,12.015073,1.001325945851617
2003-01-06,26J/01H,0.08846918499999999,9.649308,0.9372727151232167
2003-01-07,26J/01H,6.5063833,10.713576,1.1277992282943323
2003-01-08,26J/01H,6.793978,9.417647,0.7655279129528312
2003-01-09,26J/01H,3.2286802,8.202507,0.9929824871476516
2003-01-10,26J/01H,0.00085234636,4.333163,0.8602296982963834
2003-01-11,26J/01H,0.0012755393,3.3991654,1.0082795495207293
2003-01-12,26J/01H,0.0025747867,3.1739724,0.9801201614753042
2003-01-13,26J/01H,0.0,3.9110763,1.0946160322783738
2003-01-14,26J/01H,0.00085234636,4.309343,1.2210856051944503
2003-01-15,26J/01H,0.0008583069,4.5597777,1.1657193206125536
2003-01-16,26J/01H,0.0004351138,5.6671124,1.112404360233127
2003-01-17,26J/01H,0.0008999457400000001,6.276207,1.2554426838726698
2003-01-18,26J/01H,4.4799489999999995,10.5495205,1.3000953840684093
2003-01-19,26J/01H,1.0421581000000002,10.166526,1.0667827039050346
2003-01-20,26J/01H,11.513145000000002,11.464171,1.2039330422386394
2003-01-21,26J/01H,0.5504918,11.342284,1.0057532390072514
2003-01-22,26J/01H,3.3467295,11.984931,1.102836910321661
2003-01-23,26J/01H,0.0008702278000000001,9.7190275,1.3694017591959962
2003-01-24,26J/01H,0.0008583068,9.039268,1.481536673759989
2003-01-25,26J/01H,0.00044107437,8.289617,1.5898023213490278
2003-01-26,26J/01H,0.0008523463,9.13169,1.6795905814947112
2003-01-27,26J/01H,0.0012995605,12.470483,1.7249054581115149
2003-01-28,26J/01H,0.0034272652,12.878173,1.718849032484356
2003-01-29,26J/01H,0.0008523464,9.585908,1.1816562016034349
2003-01-30,26J/01H,0.00085234636,7.8876185,1.2789234560075229
2003-01-31,26J/01H,0.0017619071,7.8376784,1.0945904636458497
2003-02-01,26J/01H,0.0008586426,5.3869987,1.2823226945369548
2003-02-02,26J/01H,0.0021503747,6.9138093,1.6529784864958708
2003-02-03,26J/01H,0.0008642672999999999,8.913091,1.6583439878242217
2003-02-04,26J/01H,0.10884772499999999,10.608928,1.378618755652426
2003-02-05,26J/01H,0.0,9.829108,1.326122674003699
2003-02-06,26J/01H,0.0025661242,9.6482315,1.6692838455776309
2003-02-07,26J/01H,5.287298300000001,9.096657,1.1592322299984623
2003-02-08,26J/01H,0.0006011438999999999,9.317933,1.5257997813139716
2003-02-09,26J/01H,0.0008681743,9.217574,1.8146543945430549
2003-02-10,26J/01H,0.011663417,9.571055,1.3484959557846483
2003-02-11,26J/01H,0.0017974768000000002,10.623731,1.7985754392327085
2003-02-12,26J/01H,0.26364190000000004,11.142533,1.3609250154813943
2003-02-13,26J/01H,0.0015099955,9.70506,1.4958019547429546
2003-02-14,26J/01H,0.3399494,8.378999,1.606706170402858
2003-02-15,26J/01H,0.0012847141,7.2302723,1.562240777353722
2003-02-16,26J/01H,0.0047161326,6.1016965,1.736368342727909
2003-02-17,26J/01H,0.02778552,7.8832116,1.798766724574944
2003-02-18,26J/01H,9.959987,13.047463,1.3979102205538216
2003-02-19,26J/01H,12.395983000000001,9.406629,1.3264928143969317
2003-02-20,26J/01H,1.6561067,8.960866,1.462263345135517
2003-02-21,26J/01H,2.9012122,9.970199,1.6599729154239
2003-02-22,26J/01H,3.4939673,13.104295,1.7126451133683054
2003-02-23,26J/01H,0.85372394,12.410698,1.771428335393072
2003-02-24,26J/01H,11.969069,11.971395,1.2263655495199783
2003-02-25,26J/01H,14.60044,9.294278,1.444387397770247
2003-02-26,26J/01H,10.975886000000001,9.47466,1.7697305270955623
2003-02-27,26J/01H,1.1815076,10.912658,1.7255557658714131
2003-02-28,26J/01H,0.0018015718000000001,11.167857,2.1719342338185625
2003-03-01,26J/01H,0.08653512000000001,11.233604,2.206623515006933
2003-03-02,26J/01H,0.31014447,13.635563,1.768709232314417
2003-03-03,26J/01H,0.041184322,13.628071,1.982949108169499
2003-03-04,26J/01H,0.0077969813,13.450706,2.6902157008648024
2003-03-05,26J/01H,0.06163631,12.480209,2.108484068800346
2003-03-06,26J/01H,0.0004351138,10.847796,2.289536730663065
2003-03-07,26J/01H,0.00085532653,10.187228,2.079146619285006
2003-03-08,26J/01H,0.0012814989000000001,11.91901,2.687559194646276
2003-03-09,26J/01H,0.00044107437,12.888145,2.766896573068732
2003-03-10,26J/01H,0.0,14.093395,3.0465410113476628
2003-03-11,26J/01H,0.0,14.230241,2.6178353677225643
2003-03-12,26J/01H,0.006922801,16.07811,2.8755751530778704
2003-03-13,26J/01H,0.046996758,16.203566,3.024691105185298
2003-03-14,26J/01H,0.009015515,14.321125,2.4721942315702288
2003-03-15,26J/01H,0.0012844794,13.9225,3.049330493794744
2003-03-16,26J/01H,0.4425209,14.207896,2.592559637931837
2003-03-17,26J/01H,11.675713,10.223346,1.447891923999481
2003-03-18,26J/01H,1.00246277,12.709779,2.18260939251515
2003-03-19,26J/01H,2.590396,13.148614,2.5569492876703115
2003-03-20,26J/01H,0.0103013,12.212071,2.583616233101624
2003-03-21,26J/01H,1.01582886,10.989638,2.838662664031853
2003-03-22,26J/01H,1.2467737,13.404663,3.1182592118804497
2003-03-23,26J/01H,0.44431155,13.286176,2.733755276371927
2003-03-24,26J/01H,2.7559634,13.464507,2.0374689603791705
2003-03-25,26J/01H,3.8395852,13.9207535,2.237826865136579
2003-03-26,26J/01H,4.955383,14.099552,2.1443302319586035
2003-03-27,26J/01H,10.684147000000001,13.7378235,1.980603907470264
2003-03-28,26J/01H,1.676611,13.684436,2.746200447992675
2003-03-29,26J/01H,6.6663115,14.062805,2.518638002307262
2003-03-30,26J/01H,0.17283801000000001,13.503085,2.228357029114668
2003-03-31,26J/01H,0.0008523464,12.591287,2.915327017598377
2003-04-01,26J/01H,0.16294165000000002,13.902328,3.0193764825830933
2003-04-02,26J/01H,0.0010119267,14.690198,3.3032536104456245
2003-04-03,26J/01H,0.00042632607000000003,14.805985,3.333973814237329
2003-04-04,26J/01H,0.0021382173999999997,13.255852,2.907433968507984
2003-04-05,26J/01H,0.0012904402,12.917043,3.561318838283889
2003-04-06,26J/01H,0.001716613,14.1826935,3.7890458137559775
2003-04-07,26J/01H,0.0017225739000000001,16.274529,4.146536276990924
2003-04-08,26J/01H,0.6973046,15.816135,3.825997813630309
2003-04-09,26J/01H,0.14279776000000002,14.663345,3.176051729061653
2003-04-10,26J/01H,0.45339523000000004,11.9963,2.5708594117563743
2003-04-11,26J/01H,1.1950519,12.152111,2.316615309917436
2003-04-12,26J/01H,0.09085158,15.110547,2.7448172709951244
2003-04-13,26J/01H,18.817717000000002,13.701091,2.415166490495076
2003-04-14,26J/01H,8.680869000000001,12.049684,2.2268347427994035
2003-04-15,26J/01H,1.8869778,14.081016,2.5887536049006856
2003-04-16,26J/01H,0.0030079443000000003,14.89754,3.669996088774286
2003-04-17,26J/01H,0.38143445000000004,15.293288,3.753290053189247
2003-04-18,26J/01H,4.541299,13.967106,2.721119794685697
2003-04-19,26J/01H,1.8589022,11.377917,2.46186280925084
2003-04-20,26J/01H,0.66164685,11.903844,3.199701360768683
2003-04-21,26J/01H,0.050022923,13.041484,3.79559916676402
2003-04-22,26J/01H,10.36452,13.28934,2.4751767338095747
2003-04-23,26J/01H,0.30966904,13.646146,3.1340357836271675
2003-04-24,26J/01H,0.07836216,14.3593645,3.671781472002896
2003-04-25,26J/01H,0.24827461,15.654466,3.696553177353597
2003-04-26,26J/01H,0.47566235,16.34312,3.3822866022888665
2003-04-27,26J/01H,0.0,16.70462,4.697382766377637
2003-04-28,26J/01H,1.9431310000000002,16.108358,3.345151336425534
2003-04-29,26J/01H,0.11061056000000001,14.620956,3.19254853694402
2003-04-30,26J/01H,0.5626852,14.436873,3.2677428533549877
2003-05-01,26J/01H,0.0015660075,14.694484,3.614896124564734
2003-05-02,26J/01H,0.009102657,15.24075,3.680596669013652
2003-05-03,26J/01H,0.0,17.399035,5.191072815348723
2003-05-04,26J/01H,0.3930589,16.212915,3.8168788634601287
2003-05-05,26J/01H,4.296228500000001,14.397575,3.202462689463509
2003-05-06,26J/01H,0.0015175985000000002,13.266475,3.4460011275270857
2003-05-07,26J/01H,0.0008523464,14.420127,3.999767123861857
2003-05-08,26J/01H,0.0,16.216887,4.37970712631439
2003-05-09,26J/01H,0.0008583069,18.187246,5.208997716641721
2003-05-10,26J/01H,0.0012814989000000001,19.345713,5.309682862457522
2003-05-11,26J/01H,0.0008583069,19.080046,5.190137396339143
2003-05-12,26J/01H,0.0023826025,19.972036,5.540788654643868
2003-05-13,26J/01H,0.002140272,20.407688,5.744304434603695
2003-05-14,26J/01H,0.0,22.62664,6.229919356226117
2003-05-15,26J/01H,0.025716032,21.61058,5.493330521317152
2003-05-16,26J/01H,0.0008583069,17.984999,4.6309752326102
2003-05-17,26J/01H,0.0008523463,18.135103,5.1049503008944646
2003-05-18,26J/01H,0.0019778756,20.272688,5.630107871853307
2003-05-19,26J/01H,0.0006897896999999999,20.873232,5.451262443790215
2003-05-20,26J/01H,0.0008583069,21.162468,6.152065844645098
2003-05-21,26J/01H,0.0030029976,24.11355,6.470840839006685
2003-05-22,26J/01H,0.0008583069,24.495314,6.631415798657206
2003-05-23,26J/01H,0.0008612872,24.389742,6.547907011706668
2003-05-24,26J/01H,0.0019984527,18.828712,4.013219899460955
2003-05-25,26J/01H,0.0034355154,18.569838,5.017476804054223
2003-05-26,26J/01H,0.0,20.910397,5.693659898778202
2003-05-27,26J/01H,0.0017046924000000002,22.956064,5.921392565681968
2003-05-28,26J/01H,0.0025689597000000002,23.219728,5.997175465632568
2003-05-29,26J/01H,0.082840546,23.315857,6.57206353708457
2003-05-30,26J/01H,0.9658434,21.490587,4.272477477124481
2003-05-31,26J/01H,1.8471086,21.766052,5.226177488212877
2003-06-01,26J/01H,0.0011987749000000002,19.206236,4.58929112673393
2003-06-02,26J/01H,0.08075939,19.785698,4.368260028464159
2003-06-03,26J/01H,0.35704034,19.240854,4.511993592273783
2003-06-04,26J/01H,1.514666,19.165825,4.416954519778667
2003-06-05,26J/01H,0.0,19.084446,5.370881455669032
2003-06-06,26J/01H,0.0,23.013647,6.908463467952765
2003-06-07,26J/01H,0.0008583069,24.616644,6.530532192797913
2003-06-08,26J/01H,0.0021944745000000002,23.421959,6.2015542736246205
2003-06-09,26J/01H,0.00085234636,22.369894,6.547679361169942
2003-06-10,26J/01H,0.0004351138,22.579947,6.379343178965416
2003-06-11,26J/01H,0.0,26.32358,7.449149884841761
2003-06-12,26J/01H,0.00087646097,28.695328,7.362058459698784
2003-06-13,26J/01H,8.936133000000001e-05,25.663717,5.739052072370502
2003-06-14,26J/01H,0.04153791,24.133593,6.079152199504226
2003-06-15,26J/01H,0.006540141,21.11237,5.325792874554725
2003-06-16,26J/01H,0.08160252,20.70983,4.665140445071544
2003-06-17,26J/01H,0.0024816029999999998,21.72786,5.907943966704054
2003-06-18,26J/01H,0.0004261732,27.169672,7.778193947535984
2003-06-19,26J/01H,0.0,29.28985,7.694837258508946
2003-06-20,26J/01H,0.0008557162,27.314024,6.025495276653097
2003-06-21,26J/01H,0.0056552153,25.37091,5.449982705205734
2003-06-22,26J/01H,0.04403006,22.6409,5.327332346782936
2003-06-23,26J/01H,0.0,21.870577,5.848995493573777
2003-06-24,26J/01H,0.045283413,21.3898,5.0542257226567004
2003-06-25,26J/01H,6.350746999999999e-05,22.282242,5.7912973298797255
2003-06-26,26J/01H,0.0016059314,20.77275,5.52207291301476
2003-06-27,26J/01H,0.0025786576,21.581924,6.011291709718042
2003-06-28,26J/01H,0.0021069638999999998,21.28803,5.433128658261409
2003-06-29,26J/01H,0.049600758,19.895897,5.467765634304582
2003-06-30,26J/01H,0.09932571,20.852175,3.94658700711003
2003-07-01,26J/01H,0.5104435700000001,20.413305,4.4842803127037545
2003-07-02,26J/01H,0.06194223,20.139322,4.200964844136329
2003-07-03,26J/01H,0.0012874206,20.286217,5.261868117482302
2003-07-04,26J/01H,0.001716613,21.122671,5.755512027865121
2003-07-05,26J/01H,0.0012851897000000002,21.484896,5.8468874797428665
2003-07-06,26J/01H,0.0045691147,21.832178,6.094065703427869
2003-07-07,26J/01H,0.001275539,25.004892,7.216802132558772
2003-07-08,26J/01H,0.0017173088000000001,26.077868,7.06376574447789
2003-07-09,26J/01H,0.0,26.115082,7.099519519865253
2003-07-10,26J/01H,0.0,26.3105,7.375279193136612
2003-07-11,26J/01H,0.0018086163,24.451517,6.3907167042577
2003-07-12,26J/01H,0.031905933000000004,21.723646,5.298842946743069
2003-07-13,26J/01H,0.025675898,20.916588,4.471968516962621
2003-07-14,26J/01H,0.42325766,20.102898,4.884409421108123
2003-07-15,26J/01H,0.26473358,19.653942,3.857372823451404
2003-07-16,26J/01H,0.0008583069,19.702677,5.043491967745241
2003-07-17,26J/01H,0.00044108826,21.616209,5.959961477979755
2003-07-18,26J/01H,0.0008553266000000001,22.967836,6.3438597198144935
2003-07-19,26J/01H,0.0026165247,23.752853,6.10856211427782
2003-07-20,26J/01H,0.0016453179,22.185873,5.558555683307356
2003-07-21,26J/01H,0.0012993805,21.969284,5.610018451057609
2003-07-22,26J/01H,0.00043511388,22.56243,5.947208159298925
2003-07-23,26J/01H,0.0008583069,22.043543,5.5378164386984725
2003-07-24,26J/01H,0.00044107437,23.041443,5.893051796418357
2003-07-25,26J/01H,0.0008994611,24.040878,6.269779643545154
2003-07-26,26J/01H,0.00062348896,24.018053,5.935981806382051
2003-07-27,26J/01H,0.021115929999999998,23.456442,5.274652278499196
2003-07-28,26J/01H,0.0012949313000000001,24.044024,6.828271042894087
2003-07-29,26J/01H,0.00042800307,29.16728,7.627365501304581
2003-07-30,26J/01H,0.02457824,31.042292,7.811420359588661
2003-07-31,26J/01H,0.0019406127,31.691261,8.036754069596071
2003-08-01,26J/01H,1.3265491,33.971363,8.226962680285755
2003-08-02,26J/01H,0.02580163,32.290897,6.707196235950832
2003-08-03,26J/01H,0.0021569421000000003,28.614044,5.817341611704516
2003-08-04,26J/01H,0.0017303964999999999,28.67433,6.704261615578737
2003-08-05,26J/01H,0.0007181217,29.994116,6.940069978196689
2003-08-06,26J/01H,0.050491,31.1165,7.177109942389613
2003-08-07,26J/01H,0.0008550333,30.912825,6.77282781332419
2003-08-08,26J/01H,0.0,29.92862,6.5639382606875945
2003-08-09,26J/01H,0.12360823000000001,29.649488,6.578512754416117
2003-08-10,26J/01H,0.0017113007,30.207296,6.696916727145352
2003-08-11,26J/01H,0.0012873315999999998,30.919428,7.087760337967904
2003-08-12,26J/01H,0.002868991,31.099754,7.085373878221077
2003-08-13,26J/01H,0.0,30.875076,6.829889652746775
2003-08-14,26J/01H,0.0,29.343187,6.318423815695634
2003-08-15,26J/01H,0.058544913999999997,23.902674,4.878975606834211
2003-08-16,26J/01H,0.010319218,21.904993,4.30651580934718
2003-08-17,26J/01H,0.063532593,21.893288,4.298513987631803
2003-08-18,26J/01H,0.0008370350600000001,23.78528,5.506932037006588
2003-08-19,26J/01H,0.0025201151,24.563536,5.569087804556124
2003-08-20,26J/01H,0.0017181202,24.092314,5.684745511195403
2003-08-21,26J/01H,0.0013437579,23.16194,5.466743869468053
2003-08-22,26J/01H,0.0010302472,24.330217,5.728037183437445
2003-08-23,26J/01H,0.00038738918,24.323809,5.349720072583297
2003-08-24,26J/01H,0.014895852,22.378952,4.83043074721285
2003-08-25,26J/01H,0.0093579645,22.303614,4.552921214188332
2003-08-26,26J/01H,0.0,21.139795,4.6185349828952535
2003-08-27,26J/01H,0.19791582,20.451548,4.057939747615725
2003-08-28,26J/01H,0.1965642,19.980734,4.037296521660846
2003-08-29,26J/01H,0.049056117999999996,22.166082,4.251161795714268
2003-08-30,26J/01H,0.0008840837,22.817247,4.481978822496768
2003-08-31,26J/01H,0.070732376,22.842112,4.289027050558798
2003-09-01,26J/01H,0.075940094,22.863068,4.032638041747347
2003-09-02,26J/01H,0.0061281524000000006,20.033976,3.80668013917025
2003-09-03,26J/01H,0.008818174000000002,19.613398,3.924797696539944
2003-09-04,26J/01H,0.00085234636,19.946922,4.01315793353832
2003-09-05,26J/01H,0.0008703262000000001,21.105902,4.297703929514915
2003-09-06,26J/01H,0.0008729208000000001,21.518236,4.664347162013047
2003-09-07,26J/01H,0.0012973996,20.353926,4.0453816074237645
2003-09-08,26J/01H,0.0012743,20.957464,3.9981856674464105
2003-09-09,26J/01H,0.053591625000000004,21.8928,3.8593779554335903
2003-09-10,26J/01H,0.0,24.397314,4.9268831725596245
2003-09-11,26J/01H,0.0025834734,26.45508,5.581942749229395
2003-09-12,26J/01H,0.0004351138,28.054749,5.312647856811127
2003-09-13,26J/01H,0.001289549,26.405706,5.040735181667064
2003-09-14,26J/01H,0.0008642672999999999,26.2163,5.422942492615679
2003-09-15,26J/01H,0.00044107437,24.996008,4.362250698759657
2003-09-16,26J/01H,0.0,24.860407,4.556251735100884
2003-09-17,26J/01H,0.0008523464,24.751722,4.645384732058475
2003-09-18,26J/01H,0.0017249731,24.080086,4.502594703764474
2003-09-19,26J/01H,0.00056009316,23.18633,3.825959764819801
2003-09-20,26J/01H,0.038048485,23.837202,3.87867811225152
2003-09-21,26J/01H,0.02619132,22.46646,3.588831292204312
2003-09-22,26J/01H,0.123386185,20.373774,3.1832941884969057
2003-09-23,26J/01H,0.00044107437,20.85064,3.5951539745373697
2003-09-24,26J/01H,0.002584838,21.579893,4.118705477424071
2003-09-25,26J/01H,0.00085630864,22.87918,4.045273777187297
2003-09-26,26J/01H,0.0004351138,24.32039,4.156736856838687
2003-09-27,26J/01H,0.0018744942,23.333395,4.032633551829923
2003-09-28,26J/01H,0.3885661,21.369911,2.8361398765527697
2003-09-29,26J/01H,1.3685546,20.04477,2.986603990786876
2003-09-30,26J/01H,13.595725,18.571768,1.5775233941548288
2003-10-01,26J/01H,2.8894707,18.11844,1.868092642445644
2003-10-02,26J/01H,3.7455303,19.075253,2.1889326569544445
2003-10-03,26J/01H,0.53122516,19.082495,2.196814611804075
2003-10-04,26J/01H,0.00085234636,19.08335,2.9032287776627363
2003-10-05,26J/01H,0.00085234636,19.561487,3.177952576806648
2003-10-06,26J/01H,0.027715595000000003,19.295471,2.5442402008646923
2003-10-07,26J/01H,0.0,19.763363,3.16492147971296
2003-10-08,26J/01H,0.0017124367000000001,20.69766,3.437132257429027
2003-10-09,26J/01H,0.0012755392,20.863585,3.3480515144096983
2003-10-10,26J/01H,0.0047112484,20.284277,3.1252825473011647
2003-10-11,26J/01H,10.874898,17.935163,1.859940146296646
2003-10-12,26J/01H,1.0880857000000002,18.731401,2.131249296925482
2003-10-13,26J/01H,0.15988257,18.268976,2.132531407189981
2003-10-14,26J/01H,0.0,17.42971,2.439632885415614
2003-10-15,26J/01H,0.5225026,16.680378,2.232309979784634
2003-10-16,26J/01H,5.821066,15.64161,2.004637105465148
2003-10-17,26J/01H,0.0019027514000000002,15.572041,2.4215831583292866
2003-10-18,26J/01H,8.750536,15.902709,2.1629638108239417
2003-10-19,26J/01H,1.6467778000000002,17.47537,1.7545184628207422
2003-10-20,26J/01H,0.6645869,16.978237,1.7477587058087491
2003-10-21,26J/01H,0.18789319000000002,16.144882,1.8566131801048815
2003-10-22,26J/01H,0.0009983799,13.952172,1.9893847786554328
2003-10-23,26J/01H,0.0,12.548793,1.793091354118689
2003-10-24,26J/01H,0.0012814997,11.991859,2.0534121650084973
2003-10-25,26J/01H,39.090082,14.096051,1.2826914390315205
2003-10-26,26J/01H,6.251394,14.868668,1.625726517874179
2003-10-27,26J/01H,7.9967275,15.384708,1.2768143315887197
2003-10-28,26J/01H,3.719805,15.34106,1.506456838794521
2003-10-29,26J/01H,0.8197397999999999,14.958656,1.3460172760649425
2003-10-30,26J/01H,0.7453266,14.821946,1.3498118465659386
2003-10-31,26J/01H,19.13798,13.613219,1.1791729500914956
2003-11-01,26J/01H,0.041971565,13.408298,1.549385909248746
2003-11-02,26J/01H,0.0,11.914546,1.679559188498808
2003-11-03,26J/01H,0.0012867694,12.494235,1.6138868197091154
2003-11-04,26J/01H,0.103891174,13.695492,1.8278630876598367
2003-11-05,26J/01H,0.013877278000000002,16.153364,1.7132784994566803
2003-11-06,26J/01H,0.0004351138,16.433075,1.7962980338961998
2003-11-07,26J/01H,0.043357727,15.987733,1.514385044752014
2003-11-08,26J/01H,0.98538086,14.964539,1.580664139366733
2003-11-09,26J/01H,6.827872,13.624766,1.443012063752273
2003-11-10,26J/01H,0.58980707,14.029179,1.2194228306693324
2003-11-11,26J/01H,0.0035920649,12.632381,1.51349104509075
2003-11-12,26J/01H,0.0005997900400000001,13.8242035,1.6851523909340154
2003-11-13,26J/01H,0.0032552137,14.96122,1.639845196418341
2003-11-14,26J/01H,0.27318073,15.000821,1.4723518487246623
2003-11-15,26J/01H,18.376934000000002,13.777413,1.0318677377565242
2003-11-16,26J/01H,0.036085945,12.9662895,1.2134763019784955
2003-11-17,26J/01H,0.0021322014,12.819524,1.340030698754214
2003-11-18,26J/01H,0.0017197062000000002,13.6810255,1.5174417160121283
2003-11-19,26J/01H,0.0008523463,13.686429,1.5560555966159149
2003-11-20,26J/01H,0.0,13.637203,1.5549352688207287
2003-11-21,26J/01H,2.3989673,12.624322,1.447090441548323
2003-11-22,26J/01H,12.64736,12.720536,1.0897550337171549
2003-11-23,26J/01H,8.146157,10.749658,1.0021509817638228
2003-11-24,26J/01H,13.346791,10.777411,0.6953754203630002
2003-11-25,26J/01H,0.0008583069,10.023281,1.21999475271115
2003-11-26,26J/01H,2.2852224000000003,11.003146,1.4084764843035733
2003-11-27,26J/01H,0.031634846,11.569062,1.135076109554562
2003-11-28,26J/01H,0.031095638000000002,10.061812,1.225910187920986
2003-11-29,26J/01H,0.17601105,12.07697,1.250973703577012
2003-11-30,26J/01H,5.0849756,13.715266,1.2245175291348367
2003-12-01,26J/01H,1.0367819999999999,8.963571,0.888713659112638
2003-12-02,26J/01H,0.0052960806,7.095555,0.9687751699696308
2003-12-03,26J/01H,11.629079,6.4168262,0.914861325232497
2003-12-04,26J/01H,0.006682544,7.043386,0.9954159678671262
2003-12-05,26J/01H,3.5382905,9.18691,0.9324142567246206
2003-12-06,26J/01H,9.126644,11.3170595,0.9861977596509331
2003-12-07,26J/01H,1.7084362000000002,11.044925,1.025382490010639
2003-12-08,26J/01H,3.4550664,10.074326,0.8744528358274015
2003-12-09,26J/01H,10.456755,10.81453,0.8557645828556633
2003-12-10,26J/01H,0.006636942000000001,9.617493,1.0900441565538486
2003-12-11,26J/01H,0.0,8.642962,1.2111528554708175
2003-12-12,26J/01H,0.0017172223000000001,9.979847,1.3177784046369383
2003-12-13,26J/01H,0.0008583069,10.2614975,1.4143608608736506
2003-12-14,26J/01H,0.0,11.37428,1.3309756344978536
2003-12-15,26J/01H,0.008831918,10.737903,1.333438878469624
2003-12-16,26J/01H,0.21643002000000003,11.280269,1.1281524886499834
2003-12-17,26J/01H,5.484235,12.691844,0.943656202284274
2003-12-18,26J/01H,1.8245188,12.009191,1.0958448872329825
2003-12-19,26J/01H,0.0014480698999999998,9.998998,1.191859843430512
2003-12-20,26J/01H,0.0016338159000000001,11.014243,1.140057869354428
2003-12-21,26J/01H,0.0008583069,12.463332,1.280421320354742
2003-12-22,26J/01H,0.0009694544,10.284948,1.02811409809692
2003-12-23,26J/01H,0.0,7.745502,1.0624116185850736
2003-12-24,26J/01H,0.001276492,7.8363757,1.11066624576296
2003-12-25,26J/01H,0.0,8.4512205,1.1042658827041625
2003-12-26,26J/01H,0.008330812,10.019401,1.1788384632446216
2003-12-27,26J/01H,0.067181435,9.2796755,1.050015003338276
2003-12-28,26J/01H,0.24515036,10.247636,0.955738928809034
2003-12-29,26J/01H,0.0016178140000000002,8.577914,1.031015861002332
2003-12-30,26J/01H,0.012262477,11.378243,0.9609416281436822
2003-12-31,26J/01H,0.023257107000000003,12.229889,0.9259491617944062
2004-01-01,26J/01H,1.2427374,12.793389,0.6186535349575584
2004-01-02,26J/01H,0.048008537,11.392703,0.9323137123295924
2004-01-03,26J/01H,0.0004351138,10.263891,1.1836533092725856
2004-01-04,26J/01H,0.0011837415,8.970198,1.245698311494053
2004-01-05,26J/01H,0.0017106532000000002,9.17908,1.387798600557766
2004-01-06,26J/01H,0.0,8.586585,1.3443733478320143
2004-01-07,26J/01H,0.19877257,9.956632,1.281035961584897
2004-01-08,26J/01H,0.046635956,13.24046,1.081758207778953
2004-01-09,26J/01H,0.3444953,14.498904,0.8769502889509467
2004-01-10,26J/01H,0.17908437000000002,13.726291,0.8905317597852156
2004-01-11,26J/01H,0.0065827847,13.571347,1.2302791262930095
2004-01-12,26J/01H,0.0010413156,11.377967,1.337081882127847
2004-01-13,26J/01H,0.161593,9.61613,0.9661551373300812
2004-01-14,26J/01H,0.15369388,11.55426,1.176580977603824
2004-01-15,26J/01H,5.980478000000001,12.868149,0.8320787284793512
2004-01-16,26J/01H,0.08503673,10.882041,1.1335587019932167
2004-01-17,26J/01H,0.018646091,9.849616,1.3549775440967822
2004-01-18,26J/01H,0.0016348242,8.656314,1.1089849478034417
2004-01-19,26J/01H,0.0,6.60465,1.1286674393435123
2004-01-20,26J/01H,0.00085234636,6.510383,1.3117990372346928
2004-01-21,26J/01H,0.0008583069,7.1336827,1.4355926406784218
2004-01-22,26J/01H,0.002318886,7.4193015,1.3113745198422029
2004-01-23,26J/01H,0.0016697614,9.257836,1.5549644095026145
2004-01-24,26J/01H,0.047852665,11.945133,1.1857476392161117
2004-01-25,26J/01H,0.15162743,11.990556,1.0404313315250138
2004-01-26,26J/01H,0.5074836,13.23571,1.0908822989468758
2004-01-27,26J/01H,9.104593999999999,13.8183775,1.0293908858653562
2004-01-28,26J/01H,3.8757837,11.578453,1.3520406430140983
2004-01-29,26J/01H,8.323171,9.433121,1.5066254213612942
2004-01-30,26J/01H,5.700201,12.44074,1.2933451750090663
2004-01-31,26J/01H,3.9435566,12.796052,1.245770768368674
2004-02-01,26J/01H,1.9129581,14.504571,1.1844533972590108
2004-02-02,26J/01H,1.3953788999999999,13.689526,1.695661528281745
2004-02-03,26J/01H,0.001281499,13.078584,1.854332039146644
2004-02-04,26J/01H,0.0,13.017838,1.806813180316717
2004-02-05,26J/01H,0.0008523464,12.828297,1.7645845807099958
2004-02-06,26J/01H,0.0004261732,12.696065,1.8246893406617009
2004-02-07,26J/01H,0.010551842,12.133033,1.7258697431843877
2004-02-08,26J/01H,0.08124852,12.369084,1.7297202319654184
2004-02-09,26J/01H,0.004926343400000001,12.41397,1.6725247380045736
2004-02-10,26J/01H,0.00085234636,12.002503,1.7272086251973904
2004-02-11,26J/01H,0.0008761608,12.1850395,1.8430832078973824
2004-02-12,26J/01H,0.0,11.27573,1.952869005221357
2004-02-13,26J/01H,0.0036228182000000004,11.12087,2.0509574547854057
2004-02-14,26J/01H,0.020776478,9.9850645,1.4754811955530378
2004-02-15,26J/01H,0.0004351138,9.491511,1.7335125443882289
2004-02-16,26J/01H,0.0004351138,8.793,1.8222276589639883
2004-02-17,26J/01H,0.018295359,9.972552,1.9721548390175456
2004-02-18,26J/01H,0.001291226,11.086785,1.911325281912524
2004-02-19,26J/01H,0.0039149044000000004,10.754081,1.8620289936944407
2004-02-20,26J/01H,10.362264999999999,9.229644,1.3341356538393336
2004-02-21,26J/01H,6.5159185,8.842304,1.4776215456155453
2004-02-22,26J/01H,5.3939043,8.909454,1.547412125296327
2004-02-23,26J/01H,20.16835,9.179601,1.1550410920371763
2004-02-24,26J/01H,0.3151808,11.239636,1.5465701310181448
2004-02-25,26J/01H,9.953186,10.6954,1.3060534151536465
2004-02-26,26J/01H,0.27751196,10.013948,1.6181479866039985
2004-02-27,26J/01H,1.5141931,8.403861,1.5073778815169374
2004-02-28,26J/01H,0.127096504,7.3110642,1.6980687004735464
2004-02-29,26J/01H,0.35387976,8.8765955,1.7214621716057703
2004-03-01,26J/01H,1.4331488,7.857245,1.4644475366508225
2004-03-02,26J/01H,0.0025697827000000003,6.721255,1.897325401461732
2004-03-03,26J/01H,0.0,7.931804,2.2714554009432235
2004-03-04,26J/01H,0.00086069673,10.11832,2.629591526103792
2004-03-05,26J/01H,0.8277785599999999,11.729062,2.636129209645914
2004-03-06,26J/01H,0.7827619600000001,13.7037735,1.888544528810616
2004-03-07,26J/01H,0.054310112,12.596894,2.2261730935338635
2004-03-08,26J/01H,0.00085234636,12.237652,2.5331733709334747
2004-03-09,26J/01H,0.0005242438,11.36654,2.403265858247018
2004-03-10,26J/01H,0.0021833837,12.2097435,2.108600515492411
2004-03-11,26J/01H,0.30222266000000003,14.21276,1.6039746514437798
2004-03-12,26J/01H,10.541406,12.211812,1.637042088855665
2004-03-13,26J/01H,1.923886,10.368004,2.1729080466543254
2004-03-14,26J/01H,0.0012814989000000001,10.823666,2.614455767823172
2004-03-15,26J/01H,0.00085234636,13.852523,3.1858304764416108
2004-03-16,26J/01H,0.0005192438,14.257092,3.0121142926302715
2004-03-17,26J/01H,0.27833368,14.01622,2.6336934208187466
2004-03-18,26J/01H,0.19426534,14.4057455,2.6715102037449925
2004-03-19,26J/01H,0.0008583069,13.527157,3.113871334444055
2004-03-20,26J/01H,0.00084638596,15.420444,3.433308789685199
2004-03-21,26J/01H,0.0017133361,14.505471,3.0782252162952592
2004-03-22,26J/01H,0.0,12.082345,2.644672433236651
2004-03-23,26J/01H,0.0,11.073109,2.681223739123026
2004-03-24,26J/01H,0.00085234636,10.931479,2.743097485501773
2004-03-25,26J/01H,0.00085234636,12.273103,2.687454874554784
2004-03-26,26J/01H,0.02112264,10.112058,2.800013277875729
2004-03-27,26J/01H,10.867673000000002,9.263541,2.1120713839863217
2004-03-28,26J/01H,8.361403000000001,10.6033945,2.4920640868203354
2004-03-29,26J/01H,0.9990757,10.086622,2.4258559552372647
2004-03-30,26J/01H,2.463104,10.330762,2.233277706337402
2004-03-31,26J/01H,1.4265924,11.71132,2.373870703166536
2004-04-01,26J/01H,10.092635,11.531048,2.157057522387724
2004-04-02,26J/01H,0.5463798000000001,10.978824,2.443177087454769
2004-04-03,26J/01H,0.0025830576,12.756348,3.421977861875736
2004-04-04,26J/01H,0.001293557,15.563058,3.789903886292784
2004-04-05,26J/01H,0.0,16.991999,4.050641584427191
2004-04-06,26J/01H,0.00085234636,17.142576,4.177699805056973
2004-04-07,26J/01H,0.0010115426,14.573684,3.856241480676124
2004-04-08,26J/01H,0.42203820000000003,13.643703,3.264863735512571
2004-04-09,26J/01H,0.07911199000000001,14.068961,3.091040448101956
2004-04-10,26J/01H,0.0,11.879238,2.810792124319865
2004-04-11,26J/01H,0.0,11.025353,3.389261592227923
2004-04-12,26J/01H,0.00044107437,12.689869,3.560433114251401
2004-04-13,26J/01H,0.003452218,14.522962,4.053870553369357
2004-04-14,26J/01H,0.00085234636,15.092368,3.847093666127865
2004-04-15,26J/01H,0.17987573,15.245715,3.661517231916795
2004-04-16,26J/01H,0.0009954504400000001,13.320903,3.023097236712684
2004-04-17,26J/01H,0.21013081,11.119443,2.9399804686194844
2004-04-18,26J/01H,0.6406066,11.753738,2.5170582098229866
2004-04-19,26J/01H,0.027220198,11.953063,2.777785057008267
2004-04-20,26J/01H,0.0058817424999999994,13.528092,3.662998317952989
2004-04-21,26J/01H,0.38453137,13.645581,3.723658898519154
2004-04-22,26J/01H,0.012611404000000001,13.839332,3.5316726999623143
2004-04-23,26J/01H,0.0,16.05365,4.626565386903723
2004-04-24,26J/01H,0.0008523463,17.92822,5.00484935378959
2004-04-25,26J/01H,0.00085532653,19.163795,5.298372612486065
2004-04-26,26J/01H,0.0,19.790363,5.323468393468864
2004-04-27,26J/01H,0.0016293533,18.650644,4.880600267940129
2004-04-28,26J/01H,1.2014551,15.938382,3.267392022583683
2004-04-29,26J/01H,0.0077138424,14.475348,3.619637801288678
2004-04-30,26J/01H,0.04155936,12.67414,2.799542658024293
2004-05-01,26J/01H,6.072075,12.010175,2.5893105218643013
2004-05-02,26J/01H,7.6562817,10.856818,2.426579310806865
2004-05-03,26J/01H,1.2813236,13.070606,3.645329899193397
2004-05-04,26J/01H,0.00027615458,14.201995,3.803027386560129
2004-05-05,26J/01H,1.1141722,13.517403,2.3362016712946456
2004-05-06,26J/01H,0.14874777,13.4944,2.715643748117364
2004-05-07,26J/01H,0.03035337,12.306136,3.0899404287728944
2004-05-08,26J/01H,0.0,13.124103,4.090508331296761
2004-05-09,26J/01H,2.4108464,11.761916,3.25021646946973
2004-05-10,26J/01H,1.13715,12.025253,3.3130377285783226
2004-05-11,26J/01H,1.7278947,13.350629,3.2069258637950675
2004-05-12,26J/01H,0.5066656500000001,15.465623,4.388261826034906
2004-05-13,26J/01H,3.4246396,16.250124,4.4567114836950985
2004-05-14,26J/01H,0.0017083294,18.02846,5.118659806424837
2004-05-15,26J/01H,0.0053867640000000005,18.324783,4.78480457923555
2004-05-16,26J/01H,0.0004261732,18.794466,5.231378804048873
2004-05-17,26J/01H,0.0023852038,19.699196,5.168461211817357
2004-05-18,26J/01H,0.18083925,20.029871,5.456053836381402
2004-05-19,26J/01H,0.00044107437,20.246859,5.663105784089228
2004-05-20,26J/01H,0.69503156,18.01364,4.599129115309904
2004-05-21,26J/01H,0.8067623,18.305923,3.7184754261583537
2004-05-22,26J/01H,0.6060444,17.996206,4.549456776853647
2004-05-23,26J/01H,7.5120903,17.358482,4.0707952378178005
2004-05-24,26J/01H,2.5478367,17.001003,3.9915512009199534
2004-05-25,26J/01H,0.44870299999999996,17.09724,3.99759960631006
2004-05-26,26J/01H,0.17300847,17.563038,4.598652633711561
2004-05-27,26J/01H,0.0013521572,18.075817,4.975778245968546
2004-05-28,26J/01H,0.0017265593,18.453842,5.459867890295941
2004-05-29,26J/01H,0.11356766500000001,20.04976,5.075496160917563
2004-05-30,26J/01H,0.0009531489,20.671131,5.399149724572148
2004-05-31,26J/01H,0.0004351138,22.142252,5.821960176823568
2004-06-01,26J/01H,0.0025629990000000003,23.857338,6.639798068359695
2004-06-02,26J/01H,0.0004261732,25.525305,6.718524950799393
2004-06-03,26J/01H,0.0,24.876862,6.823642323069141
2004-06-04,26J/01H,0.00046767437,23.12287,5.962796585267792
2004-06-05,26J/01H,0.0065002527000000004,20.830984,5.505878124774867
2004-06-06,26J/01H,0.0009463363000000001,20.629427,5.380567481718801
2004-06-07,26J/01H,0.11030435,21.819155,5.65786380131719
2004-06-08,26J/01H,0.024920807,23.552805,6.3639859626810455
2004-06-09,26J/01H,0.13518788,24.436079,6.086262062183004
2004-06-10,26J/01H,0.30843436,25.986403,6.552447807721308
2004-06-11,26J/01H,0.021672054,27.26712,6.462929656340765
2004-06-12,26J/01H,0.03976266,26.793488,6.739796016173752
2004-06-13,26J/01H,0.0008583069,27.024736,6.924843133322272
2004-06-14,26J/01H,0.0008583069,27.105341,6.618750267366183
2004-06-15,26J/01H,0.0,24.166595,5.733840494786597
2004-06-16,26J/01H,0.0030070143,23.90243,6.433614709581517
2004-06-17,26J/01H,0.00085287136,26.819006,7.140224142509911
2004-06-18,26J/01H,0.0,24.380678,6.07919570694681
2004-06-19,26J/01H,0.14498957999999998,19.936396,4.371809907202517
2004-06-20,26J/01H,0.0008821212600000001,20.035748,5.106297420622598
2004-06-21,26J/01H,0.0,21.739443,5.828796401086027
2004-06-22,26J/01H,0.004730819999999999,22.245188,5.363829561124491
2004-06-23,26J/01H,0.013754053,23.241234,5.50582887113647
2004-06-24,26J/01H,0.0025754998,23.601122,5.66353235286288
2004-06-25,26J/01H,0.0024531035,24.654892,6.381159034913573
2004-06-26,26J/01H,0.0017174516,27.219084,7.368244019449667
2004-06-27,26J/01H,0.0008641052000000001,28.76046,7.944757085008129
2004-06-28,26J/01H,0.0017106531000000002,30.429068,8.274250748188537
2004-06-29,26J/01H,0.0047318797,31.446457,8.079661896973755
2004-06-30,26J/01H,0.0008523464,27.803637,6.742479330356129
2004-07-01,26J/01H,0.00089360553,24.480179,6.4385068307530124
2004-07-02,26J/01H,0.0,24.466932,7.1823440271403385
2004-07-03,26J/01H,0.0008583069,25.194117,6.734283597630002
2004-07-04,26J/01H,0.00042946267,25.439766,7.112054871930352
2004-07-05,26J/01H,0.0,25.666647,6.914368768866822
2004-07-06,26J/01H,0.0008583069,21.8715,5.343661168172939
2004-07-07,26J/01H,0.0019738369,19.186695,4.580231008429368
2004-07-08,26J/01H,0.0,19.91009,5.023283955652812
2004-07-09,26J/01H,0.0,21.265373,5.925114945288241
2004-07-10,26J/01H,0.00048222852,21.493378,5.342155924481252
2004-07-11,26J/01H,0.0012911233,22.745758,6.1519102772140535
2004-07-12,26J/01H,0.0008642672300000001,25.116117,6.804137059776672
2004-07-13,26J/01H,0.0,25.972967,6.6583896813692505
2004-07-14,26J/01H,0.0,26.482271,6.7760498257175055
2004-07-15,26J/01H,0.0017225021000000001,26.461702,6.635655355235363
2004-07-16,26J/01H,0.0017106532000000002,25.364363,6.3227326551352805
2004-07-17,26J/01H,0.0009413563000000001,24.50353,6.37553966034796
2004-07-18,26J/01H,0.0013093787,23.874136,6.250406745917256
2004-07-19,26J/01H,4.7114737e-05,23.256205,5.714013510275839
2004-07-20,26J/01H,9.312326e-05,23.421707,5.882337526697414
2004-07-21,26J/01H,0.0017677948,24.78007,6.393505910000799
2004-07-22,26J/01H,0.0012993805,26.21826,6.8329246017218175
2004-07-23,26J/01H,0.0012934207,29.723427,7.520521156218572
2004-07-24,26J/01H,0.00085532665,32.470203,7.673031172468279
2004-07-25,26J/01H,0.00085234636,32.317066,7.393393246502961
2004-07-26,26J/01H,0.0004261732,30.202929,6.662037095872097
2004-07-27,26J/01H,0.0,28.223753,6.86320089996066
2004-07-28,26J/01H,0.0008572654,25.441446,5.40169201470865
2004-07-29,26J/01H,0.0008583069,23.801842,5.80066301068734
2004-07-30,26J/01H,0.0021584566,25.501564,6.642352746382248
2004-07-31,26J/01H,0.00085234636,26.969774,6.27712984291504
2004-08-01,26J/01H,0.00079239947,26.586998,6.150113461443823
2004-08-02,26J/01H,0.0020642361999999997,24.486383,5.602044230319872
2004-08-03,26J/01H,0.23998756000000002,23.590416,5.082124211728954
2004-08-04,26J/01H,0.021574371,23.154676,4.7696012260544025
2004-08-05,26J/01H,0.0008583069,24.40019,5.882933350099837
2004-08-06,26J/01H,0.0,26.124573,6.246313579796468
2004-08-07,26J/01H,0.0009051138,25.122557,6.079486355446509
2004-08-08,26J/01H,1.5204197,23.953386,4.381516218763982
2004-08-09,26J/01H,2.7415447,21.823645,3.779997499554285
2004-08-10,26J/01H,0.26297406,21.489206,4.428287935480998
2004-08-11,26J/01H,0.03400053,22.123253,4.820749174051423
2004-08-12,26J/01H,0.24538498000000003,22.686235,4.080372916410751
2004-08-13,26J/01H,0.00085532665,23.261345,5.682752412242921
2004-08-14,26J/01H,0.0025721593,25.957998,6.339039612154465
2004-08-15,26J/01H,0.0004261732,24.925217,5.516775108574074
2004-08-16,26J/01H,0.051802532,23.873116,5.263137509699244
2004-08-17,26J/01H,0.4359504,23.44876,4.010061950287314
2004-08-18,26J/01H,0.755601,22.437202,3.5642880004937583
2004-08-19,26J/01H,0.15967555,22.560867,4.098219443746714
2004-08-20,26J/01H,0.0008583069,21.780516,4.562466271052324
2004-08-21,26J/01H,0.0008523463,23.710197,5.701050991784968
2004-08-22,26J/01H,0.005852673,25.686981,5.907700611928861
2004-08-23,26J/01H,0.006638963,26.386492,5.765773195116148
2004-08-24,26J/01H,0.0021468542,27.913954,6.393620303071849
2004-08-25,26J/01H,0.00044107437,28.290758,6.568540791782453
2004-08-26,26J/01H,0.0008612872,26.695023,5.788071515070841
2004-08-27,26J/01H,0.00044107437,24.49826,5.469200451975941
2004-08-28,26J/01H,0.0017106533,24.387007,5.5179821940021325
2004-08-29,26J/01H,0.0008702277,24.790222,5.411607029692688
2004-08-30,26J/01H,0.0017896863999999999,24.094696,5.192391205225467
2004-08-31,26J/01H,0.0017084267,22.367426,4.888305568665774
2004-09-01,26J/01H,0.00039224628000000003,20.553995,4.0893411894353
2004-09-02,26J/01H,7.141318,18.758837,2.765255067545219
2004-09-03,26J/01H,12.663478999999999,19.606432,3.921436203969917
2004-09-04,26J/01H,0.8454844,20.571941,3.929350766660056
2004-09-05,26J/01H,0.011920222000000001,20.390959,4.218711863044245
2004-09-06,26J/01H,0.08766076,21.562576,3.611934479657008
2004-09-07,26J/01H,0.075013916,21.186136,4.053513417672667
2004-09-08,26J/01H,0.091479225,22.081985,4.17085449243233
2004-09-09,26J/01H,0.008396262,22.89176,4.576924872576134
2004-09-10,26J/01H,0.0029333389,23.367477,4.421023888806723
2004-09-11,26J/01H,0.0004351138,23.381788,4.381376976565676
2004-09-12,26J/01H,0.0008586534,22.958082,4.647141728559496
2004-09-13,26J/01H,0.00085234636,19.817362,3.702349864165004
2004-09-14,26J/01H,0.12575909400000002,20.378778,3.618368037628202
2004-09-15,26J/01H,0.0012874599,20.231596,4.134979081493107
2004-09-16,26J/01H,0.0008583069,22.774343,4.250344616189351
2004-09-17,26J/01H,0.0017290622,23.54615,4.260644983617827
2004-09-18,26J/01H,0.001716613,22.97254,4.567528773372464
2004-09-19,26J/01H,0.0004351138,22.579071,4.206517017707964
2004-09-20,26J/01H,0.0,21.602064,4.232820018906001
2004-09-21,26J/01H,0.0,24.496864,4.935299938412718
2004-09-22,26J/01H,0.0004261732,26.244797,4.91019940218755
2004-09-23,26J/01H,0.02695912,24.232927,4.065143319159898
2004-09-24,26J/01H,0.044021507,22.521914,3.5022708081540848
2004-09-25,26J/01H,0.00082198906,22.000124,3.940635022179888
2004-09-26,26J/01H,0.0,22.146029,3.961004280221961
2004-09-27,26J/01H,0.0004351138,22.72555,4.08682037918248
2004-09-28,26J/01H,0.0,23.165777,4.094044589419008
2004-09-29,26J/01H,0.0,23.358938,4.2543327769994175
2004-09-30,26J/01H,0.0025691726,22.64685,4.273208383468628
2004-10-01,26J/01H,0.00095942026,22.653618,4.207587052516073
2004-10-02,26J/01H,0.0012904402,24.064802,4.393149834994316
2004-10-03,26J/01H,0.0008702278000000001,24.492632,4.228180162240837
2004-10-04,26J/01H,0.0,23.267515,4.001844709258476
2004-10-05,26J/01H,0.0008440038600000001,22.428595,3.863603720405095
2004-10-06,26J/01H,0.11548915,22.53598,3.6137678662240185
2004-10-07,26J/01H,0.007357045699999999,22.991396,3.716526585082001
2004-10-08,26J/01H,2.3532754000000002,20.198454,2.2573461445996763
2004-10-09,26J/01H,0.898362,17.31877,1.9632270911006495
2004-10-10,26J/01H,0.16812607,16.493387,2.1965205318217405
2004-10-11,26J/01H,0.08449048,16.404772,2.3393077772665336
2004-10-12,26J/01H,0.0017270131,16.567398,2.729290841309111
2004-10-13,26J/01H,0.000855046,16.236475,2.866486600622273
2004-10-14,26J/01H,0.0022409585,15.746033,2.244178873912932
2004-10-15,26J/01H,0.16091542,15.447314,1.901223066632448
2004-10-16,26J/01H,0.032033695,14.95787,2.3234823211462845
2004-10-17,26J/01H,0.0027000155000000002,15.629135,2.2343200401006063
2004-10-18,26J/01H,6.3593057,16.431229,1.7570150172843595
2004-10-19,26J/01H,16.387582,19.463434,1.7416540456974785
2004-10-20,26J/01H,3.2627896,19.57273,1.7897931802702454
2004-10-21,26J/01H,3.565364,18.341406,1.6786195064749452
2004-10-22,26J/01H,0.23243408,18.297064,2.2772939282632554
2004-10-23,26J/01H,0.0004351138,18.037184,2.5773950268467805
2004-10-24,26J/01H,2.7072754,17.430586,2.3172685870425056
2004-10-25,26J/01H,14.035748,16.014885,1.698010363306978
2004-10-26,26J/01H,1.5998695,14.549584,1.9459830237213347
2004-10-27,26J/01H,24.530346,15.907002,1.5488384442695675
2004-10-28,26J/01H,5.3984985,14.156598,1.3723704456001322
2004-10-29,26J/01H,3.0881663,12.627837,1.3349105523031262
2004-10-30,26J/01H,1.690386,12.364025,1.3233441032165276
2004-10-31,26J/01H,1.1954529,13.477738,1.592690003299335
2004-11-01,26J/01H,0.00053345275,13.089847,1.8508972737539795
2004-11-02,26J/01H,1.9210994000000001,13.108932,2.05709289487325
2004-11-03,26J/01H,6.833133,15.338635,1.2667074818941035
2004-11-04,26J/01H,0.11295205,14.672904,1.4544709444913149
2004-11-05,26J/01H,1.7956694,13.857552,1.6184422908483993
2004-11-06,26J/01H,0.07399543,16.140617,1.808955941430319
2004-11-07,26J/01H,0.001477477,15.9748955,2.02170687181686
2004-11-08,26J/01H,0.0012774044,14.949874,2.020084048158712
2004-11-09,26J/01H,0.0012934207,14.344924,1.8637756936262024
2004-11-10,26J/01H,0.0008523464,12.634191,1.6199891805305549
2004-11-11,26J/01H,0.00085234636,10.975076,1.3300375460683709
2004-11-12,26J/01H,0.032861286,10.362437,1.3812698766017788
2004-11-13,26J/01H,0.0008583069,10.263745,1.51721172826983
2004-11-14,26J/01H,0.0,10.054278,1.6451948778386902
2004-11-15,26J/01H,0.0,9.078093,1.6063115764566087
2004-11-16,26J/01H,0.00085234636,9.114517,1.6455311510212158
2004-11-17,26J/01H,0.0004261732,9.927869,1.624667752952322
2004-11-18,26J/01H,0.00085234636,11.2247,1.676494398002935
2004-11-19,26J/01H,0.0016673261,8.504144,1.4555169227835465
2004-11-20,26J/01H,0.0009808708,10.009966,1.6814890293362377
2004-11-21,26J/01H,0.0008702277,10.264289,1.497760986266938
2004-11-22,26J/01H,0.0,11.80574,1.587080039435165
2004-11-23,26J/01H,0.0,12.338422,1.6256999827576588
2004-11-24,26J/01H,0.0,12.346366,1.6308121454070614
2004-11-25,26J/01H,0.0008523463,13.107635,1.6082699285051278
2004-11-26,26J/01H,0.0017106532000000002,12.370801,1.6013862754595756
2004-11-27,26J/01H,1.4828148,12.369586,1.440469847635082
2004-11-28,26J/01H,4.8460044,13.393585,0.7894948795603292
2004-11-29,26J/01H,0.6457664,13.747001,1.246465633631957
2004-11-30,26J/01H,7.4520356,13.323838,0.8568515137333751
2004-12-01,26J/01H,15.937008,10.730442,0.8974863282168271
2004-12-02,26J/01H,1.0794928,9.771039,1.151369555667371
2004-12-03,26J/01H,0.019640148,9.78199,1.1744156165902275
2004-12-04,26J/01H,0.063217537,9.960401,1.0706236350399645
2004-12-05,26J/01H,0.014195374,10.560098,1.16556022481193
2004-12-06,26J/01H,0.0017633555,10.40681,1.2527943936003825
2004-12-07,26J/01H,0.011007339500000001,9.104618,1.2667013714143662
2004-12-08,26J/01H,0.0008938989,7.270724,1.1134511862982457
2004-12-09,26J/01H,0.0004351138,7.6628594,1.0823435785028317
2004-12-10,26J/01H,0.0012874597000000002,7.563521,1.2199186872668506
2004-12-11,26J/01H,0.005854588,10.0521,1.3416102437802242
2004-12-12,26J/01H,4.612859,12.83796,0.9552546350068232
2004-12-13,26J/01H,5.6275356,12.515572,0.8513204558501123
2004-12-14,26J/01H,0.0,11.662712,1.1060874250235253
2004-12-15,26J/01H,0.00171757,10.27857,1.3055673093377465
2004-12-16,26J/01H,0.0004351138,9.890849,1.297228666107794
2004-12-17,26J/01H,0.0055475789999999995,9.991458,1.0081901102908934
2004-12-18,26J/01H,0.005196461,11.112567,1.040518880407464
2004-12-19,26J/01H,0.17614590000000002,11.494106,0.9939301828105248
2004-12-20,26J/01H,0.0008612871,10.1307,0.9974101243484558
2004-12-21,26J/01H,0.0012904405999999999,7.7960873,1.082984160280407
2004-12-22,26J/01H,0.0012814989000000001,7.807693,0.9496715717851256
2004-12-23,26J/01H,0.0017154151,8.324549,1.1530296519759342
2004-12-24,26J/01H,0.0,7.53232,1.2291127029812532
2004-12-25,26J/01H,0.4159457,7.5426674,0.9783700449272702
2004-12-26,26J/01H,0.015505687,7.0590935,0.8176473721069875
2004-12-27,26J/01H,0.0004351138,5.587015,0.926158298742254
2004-12-28,26J/01H,0.007458436,6.585857,1.2539797100821035
2004-12-29,26J/01H,0.10027841,10.391841,1.0038758313849678
2004-12-30,26J/01H,0.0025730133,9.224597,1.3192289549097516
2004-12-31,26J/01H,0.001701721,9.164195,1.3787796802885504
2005-01-01,26J/01H,0.0004351138,10.317108,1.2251035319238373
2005-01-02,26J/01H,0.0019594306,8.562667,1.1055875081455806
2005-01-03,26J/01H,0.0008583069,8.261775,1.3473618273847814
2005-01-04,26J/01H,0.0009769222,8.400308,1.3554554656539606
2005-01-05,26J/01H,0.0008611053,7.998896,1.3418472029949229
2005-01-06,26J/01H,0.0012814989000000001,7.608452,1.32646748693208
2005-01-07,26J/01H,0.0,7.883835,1.3841433543387984
2005-01-08,26J/01H,0.0004351138,8.509457,1.224479516285335
2005-01-09,26J/01H,0.0009378512,7.0749493,1.3705095506788385
2005-01-10,26J/01H,0.0005006608,7.614016,1.3466874895108287
2005-01-11,26J/01H,0.0021457663,7.957769,1.2385472036162095
2005-01-12,26J/01H,0.0012798629,9.127111,1.3148966703827056
2005-01-13,26J/01H,0.0017234224,10.127919,1.3215982640155202
2005-01-14,26J/01H,0.00084638596,9.444888,1.4355967541021748
2005-01-15,26J/01H,0.16825151,10.676122,1.1225749620885077
2005-01-16,26J/01H,0.00085234636,10.863078,1.469142341855979
2005-01-17,26J/01H,0.0017106531000000002,9.991663,1.592284969504718
2005-01-18,26J/01H,0.0019353080000000002,8.71864,1.4670360498149675
2005-01-19,26J/01H,0.0,8.997441,1.2186035803190594
2005-01-20,26J/01H,0.00085532653,10.296245,1.6564508620763598
2005-01-21,26J/01H,0.00085887825,10.45869,1.7263753583818973
2005-01-22,26J/01H,0.0,11.477775,1.5439310192890716
2005-01-23,26J/01H,0.0017701738000000002,8.852807,1.5139188215542592
2005-01-24,26J/01H,0.045523400000000006,8.173903,1.203236615655784
2005-01-25,26J/01H,0.0,6.727163,1.203470740258776
2005-01-26,26J/01H,0.00085234636,4.3097205,1.2252638372863904
2005-01-27,26J/01H,0.0004351138,2.6932058,0.944344943112836
2005-01-28,26J/01H,0.0,2.298481,1.1276031834999418
2005-01-29,26J/01H,0.0038435793000000003,4.592994,1.392735754516958
2005-01-30,26J/01H,0.0008654248,5.136596,1.3911504814706517
2005-01-31,26J/01H,0.0017195935000000001,5.3325334,1.4188526363471097
2005-02-01,26J/01H,0.0008553266000000001,5.7108235,1.610376123394631
2005-02-02,26J/01H,0.0008523464,7.216061,1.6585969997080776
2005-02-03,26J/01H,0.0012946858000000001,7.809913,1.717944107958492
2005-02-04,26J/01H,0.18801788,7.37128,1.637128803914787
2005-02-05,26J/01H,0.10115506,6.6236663,1.509558024798324
2005-02-06,26J/01H,1.1057526,6.8541145,1.4393607447265246
2005-02-07,26J/01H,3.2162551,5.924164,1.3825575971004145
2005-02-08,26J/01H,0.0008332366,7.219235,1.6893195491992112
2005-02-09,26J/01H,0.0,9.019884,1.9108625526530487
2005-02-10,26J/01H,0.00085532653,10.139527,1.955587963364716
2005-02-11,26J/01H,0.0,9.858308,2.037371258655219
2005-02-12,26J/01H,0.0008612871,10.527805,1.9512042925642263
2005-02-13,26J/01H,0.0004351138,9.302168,1.9934712517460675
2005-02-14,26J/01H,0.0,10.438451,1.7749961034446269
2005-02-15,26J/01H,0.0017136326,8.330552,1.9783443963714895
2005-02-16,26J/01H,0.0008553266000000001,7.7016854,1.632420050176435
2005-02-17,26J/01H,0.0012874597000000002,7.494432,1.751686765531738
2005-02-18,26J/01H,0.004294514,7.6293526,1.8280196118386824
2005-02-19,26J/01H,0.0017171278000000002,7.837897,2.059163857315069
2005-02-20,26J/01H,0.00085234636,7.7743874,2.009698337201617
2005-02-21,26J/01H,0.0008123097,7.966353,1.652347448011826
2005-02-22,26J/01H,1.150628,6.9374127,1.849973688027504
2005-02-23,26J/01H,0.18288919,9.563958,1.8293767578449676
2005-02-24,26J/01H,0.6616291,9.122447,1.767058127081082
2005-02-25,26J/01H,0.0,7.798277,1.9986387006272024
2005-02-26,26J/01H,0.10845712,6.8244667,1.8960348542420336
2005-02-27,26J/01H,13.836808000000001,5.3847523,1.2091123792689502
2005-02-28,26J/01H,1.3857426000000002,6.8145504,1.130097205099573
2005-03-01,26J/01H,1.038984,5.783527,1.3773911784527049
2005-03-02,26J/01H,0.195384,7.444114,1.3600209320088044
2005-03-03,26J/01H,0.13139539,7.021706,1.7380043180162197
2005-03-04,26J/01H,0.001719594,7.869634,1.6605677062501982
2005-03-05,26J/01H,0.0021398063000000003,7.4573708,2.2502272140346804
2005-03-06,26J/01H,0.0,8.835671,2.060471780930722
2005-03-07,26J/01H,0.0,9.268507,2.504956507127852
2005-03-08,26J/01H,0.00085234636,9.349562,2.417730213155188
2005-03-09,26J/01H,0.010179596,9.867311,2.439172641657509
2005-03-10,26J/01H,1.013023,10.642417,2.582995063838664
2005-03-11,26J/01H,0.003308138,11.681962,2.583654753948585
2005-03-12,26J/01H,1.5705764,13.18119,2.023366117781726
2005-03-13,26J/01H,0.28777728,13.437726,2.484502426068709
2005-03-14,26J/01H,0.05003826,12.9690695,2.51166590368666
2005-03-15,26J/01H,0.026945633,14.126876,3.0978967980135272
2005-03-16,26J/01H,0.0022437873000000002,14.86815,3.295955345986997
2005-03-17,26J/01H,0.0,16.348362,3.578897988968612
2005-03-18,26J/01H,0.0004351138,16.191914,2.888736978591613
2005-03-19,26J/01H,0.046560947,16.345512,2.7712645072751374
2005-03-20,26J/01H,0.9225772,16.77062,3.3166000872862367
2005-03-21,26J/01H,1.9990627,15.697922,2.285613310127173
2005-03-22,26J/01H,1.0982322,15.080975,2.4802764276680427
2005-03-23,26J/01H,7.887434000000001,13.541932,2.102150903118153
2005-03-24,26J/01H,0.013588438,14.403287,2.828444904008123
2005-03-25,26J/01H,1.2089347000000001,15.066733,2.719908287011265
2005-03-26,26J/01H,6.1240215,14.328705,2.393756153662752
2005-03-27,26J/01H,0.7721680000000001,12.892662,2.3430340149687257
2005-03-28,26J/01H,1.8201184000000001,13.873754,2.6162655970267203
2005-03-29,26J/01H,0.076372154,14.847583,2.962863254534191
2005-03-30,26J/01H,0.0013213488,15.433048,3.618195291860033
2005-03-31,26J/01H,0.00085234636,18.543072,3.926538609812626
2005-04-01,26J/01H,1.4976669999999999,16.518127,2.833194882639138
2005-04-02,26J/01H,1.0110531999999999,14.541584,2.696197352075625
2005-04-03,26J/01H,0.9323991,14.75494,2.586756710023468
2005-04-04,26J/01H,0.1595896,14.5596895,2.85819501780858
2005-04-05,26J/01H,1.19096115e-05,16.2069,3.9370136157334112
2005-04-06,26J/01H,0.0,16.256979,3.63030930279047
2005-04-07,26J/01H,0.0013401936000000001,17.221773,3.982398063451394
2005-04-08,26J/01H,0.090801,16.174978,3.2094111132092764
2005-04-09,26J/01H,0.0004351138,14.081932,3.116151845381552
2005-04-10,26J/01H,0.0,13.6757765,3.58091651117155
2005-04-11,26J/01H,0.0,14.772435,4.162815588357459
2005-04-12,26J/01H,0.0012814989000000001,15.580891,4.251346079236029
2005-04-13,26J/01H,0.00085234636,15.299554,3.8764417477384354
2005-04-14,26J/01H,0.32063516,12.864461,2.966883836148853
2005-04-15,26J/01H,0.0,12.119672,3.0291449008295324
2005-04-16,26J/01H,0.0017225740000000002,12.163129,3.246539654040901
2005-04-17,26J/01H,0.030129618,14.182961,3.6111175803526394
2005-04-18,26J/01H,0.6150106,13.551972,2.5185238226993425
2005-04-19,26J/01H,0.05750544,12.927638,3.2988682885120366
2005-04-20,26J/01H,0.00085234636,13.621001,3.708166018110087
2005-04-21,26J/01H,0.0021406476,14.158042,3.560867288929548
2005-04-22,26J/01H,0.010109837,15.239665,3.682793521097853
2005-04-23,26J/01H,0.035426229999999996,14.263115,3.438769565190793
2005-04-24,26J/01H,0.49711255,14.312562,3.1961003698627533
2005-04-25,26J/01H,0.0008523464,14.809527,4.180064434257914
2005-04-26,26J/01H,0.0,16.658554,4.707901239270318
2005-04-27,26J/01H,0.0,18.689444,5.240566967088556
2005-04-28,26J/01H,0.0,19.707632,5.688711166929096
2005-04-29,26J/01H,0.0004261732,20.801977,5.244603712607126
2005-04-30,26J/01H,0.0014566123,18.966766,4.641761394362834
2005-05-01,26J/01H,0.22314375000000003,17.301634,4.478436243029714
2005-05-02,26J/01H,0.0008197949,17.573711,4.464604194992088
2005-05-03,26J/01H,0.0,17.516129,4.78401777504204
2005-05-04,26J/01H,0.00085696,18.798433,4.747455117545934
2005-05-05,26J/01H,0.0048953843,20.636602,5.601942787214763
2005-05-06,26J/01H,0.0008608231,21.089533,5.251761747891696
2005-05-07,26J/01H,0.0022234349999999997,19.860826,5.31622471747401
2005-05-08,26J/01H,0.03731476,18.187231,4.6486946161485125
2005-05-09,26J/01H,0.0,18.204458,4.5535212481965495
2005-05-10,26J/01H,1.3322146000000001,17.91233,3.643468326163053
2005-05-11,26J/01H,5.8619976,17.124357,4.065733558377994
2005-05-12,26J/01H,4.642118000000001,17.115047,3.558191704456385
2005-05-13,26J/01H,1.2090833,15.560161,3.270576414869717
2005-05-14,26J/01H,0.0017108533,15.50278,4.399208249265564
2005-05-15,26J/01H,0.0012731428,15.512287,4.212478711294555
2005-05-16,26J/01H,3.1784824,14.144577,3.3412564982682684
2005-05-17,26J/01H,0.0008991533000000001,16.613546,4.594803501720223
2005-05-18,26J/01H,0.0034299362000000003,18.087347,5.467822994665351
2005-05-19,26J/01H,0.0017106531000000002,21.012928,6.17837227464788
2005-05-20,26J/01H,0.0012874597000000002,20.42306,5.774559997665828
2005-05-21,26J/01H,0.0007229064,19.186193,4.870540138956936
2005-05-22,26J/01H,0.0,16.953312,4.451990053753865
2005-05-23,26J/01H,0.0017106532000000002,18.503588,5.560435986186509
2005-05-24,26J/01H,0.0017225739000000001,21.623972,6.638673050528058
2005-05-25,26J/01H,0.0008544925,22.695147,6.3172882047581735
2005-05-26,26J/01H,0.001716613,22.940338,6.3713596212009085
2005-05-27,26J/01H,0.0045596180000000005,21.041845,5.515074554214918
2005-05-28,26J/01H,0.013185123000000002,21.537004,5.7769210566942775
2005-05-29,26J/01H,0.004625499999999999,20.397966,4.795121302500953
2005-05-30,26J/01H,5.9539097000000005,20.47904,5.5615796376327244
2005-05-31,26J/01H,0.5264304,22.512594,5.80592386257918
2005-06-01,26J/01H,0.045236847,23.820602,5.734158807193767
2005-06-02,26J/01H,0.31955905,23.708876,5.709557882169318
2005-06-03,26J/01H,0.003642981,22.558615,5.7866741401097626
2005-06-04,26J/01H,0.00085234636,22.43366,6.600620887933123
2005-06-05,26J/01H,0.0012814988000000001,25.924883,7.4401645754148
2005-06-06,26J/01H,0.0,27.673653,7.375155240437063
2005-06-07,26J/01H,0.0004351138,26.865648,6.759570071273396
2005-06-08,26J/01H,0.0,26.824854,6.2891940526801005
2005-06-09,26J/01H,0.0008596132,25.711458,6.396391934759355
2005-06-10,26J/01H,0.0,24.406944,6.57864846719195
2005-06-11,26J/01H,7.516002e-05,21.777718,6.135585983394929
2005-06-12,26J/01H,0.0023394608,20.213655,4.837591568152367
2005-06-13,26J/01H,0.13197647,19.769398,4.391841731111668
2005-06-14,26J/01H,0.067076996,20.219303,4.994750098165175
2005-06-15,26J/01H,0.00044107437,22.566343,5.997934917225261
2005-06-16,26J/01H,0.0012745622000000002,26.69407,7.3209696691289565
2005-06-17,26J/01H,0.00085234636,28.194082,7.474498808778492
2005-06-18,26J/01H,0.0008583068,27.204374,6.577094359064626
2005-06-19,26J/01H,0.0012904402,27.243744,6.610310142169228
2005-06-20,26J/01H,0.19803142,27.98424,6.718745512061022
2005-06-21,26J/01H,0.11930947,29.557516,7.1772393181346015
2005-06-22,26J/01H,0.0010020931,28.421768,6.172969737863056
2005-06-23,26J/01H,0.00085234636,24.184378,6.039044774868417
2005-06-24,26J/01H,0.0032043426,22.32459,5.52292074316608
2005-06-25,26J/01H,0.0038149362,21.134016,5.291156233461637
2005-06-26,26J/01H,0.001421491,21.21361,5.59973976696337
2005-06-27,26J/01H,0.0011072321000000001,20.36632,5.112119124887684
2005-06-28,26J/01H,0.015730575,20.503212,5.111333188638103
2005-06-29,26J/01H,0.011576421,20.871914,5.098498693238386
2005-06-30,26J/01H,0.0008672248,21.43336,5.684898136922559
2005-07-01,26J/01H,0.00087428653,23.110415,6.774988651355475
2005-07-02,26J/01H,0.0004351138,25.774347,7.262112982233267
2005-07-03,26J/01H,0.0,25.036125,6.826729911901749
2005-07-04,26J/01H,0.0033920374000000002,22.778166,5.789103678810913
2005-07-05,26J/01H,0.0,24.218683,6.928162611902953
2005-07-06,26J/01H,0.00085234636,26.085258,6.991958755991788
2005-07-07,26J/01H,0.0025729988000000002,23.595392,6.457067510667839
2005-07-08,26J/01H,0.0,25.107965,7.08934869810856
2005-07-09,26J/01H,0.0030421987,25.973442,6.244671661391508
2005-07-10,26J/01H,0.003323571,26.39445,6.5645630056669
2005-07-11,26J/01H,0.0012904403,26.837286,5.816494756807673
2005-07-12,26J/01H,0.00042648104,26.898575,6.490206051661526
2005-07-13,26J/01H,0.0030020483,24.634842,6.319203852159496
2005-07-14,26J/01H,4.6806912999999996e-05,23.6341,6.346317671988205
2005-07-15,26J/01H,0.0008523464,24.185999,6.950155519818598
2005-07-16,26J/01H,0.0013375296999999999,23.393036,6.322921853459463
2005-07-17,26J/01H,0.0,22.612894,5.616824698972255
2005-07-18,26J/01H,0.0008583069,23.425371,6.073640523436249
2005-07-19,26J/01H,0.0,26.436829,7.472585561361963
2005-07-20,26J/01H,0.0,28.653814,7.754597797877201
2005-07-21,26J/01H,0.00044973058,25.48555,6.696651916613357
2005-07-22,26J/01H,0.02512278,22.665482,5.902460746309361
2005-07-23,26J/01H,0.026173141,23.372766,6.107135084319841
2005-07-24,26J/01H,0.0008923342,22.499388,5.4301561760504695
2005-07-25,26J/01H,0.008000354,22.702993,5.074427027399216
2005-07-26,26J/01H,0.0035732070999999997,22.820322,5.247829832543382
2005-07-27,26J/01H,1.9023944,22.65973,4.178938455613504
2005-07-28,26J/01H,0.4276818,21.66339,4.386817598445098
2005-07-29,26J/01H,0.0017257744,21.324863,5.1912087315267295
2005-07-30,26J/01H,0.00044107437,21.947374,5.675035820499051
2005-07-31,26J/01H,0.0017064095,22.814463,6.026170108729646
2005-08-01,26J/01H,0.0,22.307932,5.662019247873267
2005-08-02,26J/01H,0.0,25.818756,6.470941811433471
2005-08-03,26J/01H,0.0008702278000000001,27.596138,6.613322675351765
2005-08-04,26J/01H,0.0,28.991493,6.971186189259169
2005-08-05,26J/01H,0.0035680184,29.743505,6.709790482562329
2005-08-06,26J/01H,0.00043701532,29.680038,7.342545958665167
2005-08-07,26J/01H,0.008654253,28.163185,6.795768167676631
2005-08-08,26J/01H,0.0018706541999999999,23.935888,5.928223105653341
2005-08-09,26J/01H,0.35064667,22.477964,4.67247454293599
2005-08-10,26J/01H,0.3635878,22.277536,4.1782531525581
2005-08-11,26J/01H,0.00041046587000000004,22.54464,5.0771846627095405
2005-08-12,26J/01H,0.00044480485,26.180115,6.239713413005128
2005-08-13,26J/01H,0.0,27.606707,6.31237979777428
2005-08-14,26J/01H,0.0,28.2883,6.717514931716095
2005-08-15,26J/01H,0.0,28.147894,6.365294770377834
2005-08-16,26J/01H,0.018037165,25.557531,5.88665278077594
2005-08-17,26J/01H,0.0027967603,24.000834,5.679476288278508
2005-08-18,26J/01H,0.0067810726,24.098343,5.715934855966228
2005-08-19,26J/01H,4.6806912999999996e-05,25.039991,5.638153477975913
2005-08-20,26J/01H,0.0012934207,26.735336,5.819541361759394
2005-08-21,26J/01H,0.0021420028000000003,26.867895,5.27163181287308
2005-08-22,26J/01H,0.0,26.132545,5.156167465715665
2005-08-23,26J/01H,0.0004261732,26.342157,6.193652086675187
2005-08-24,26J/01H,0.0025719401999999996,25.933878,5.781600715595167
2005-08-25,26J/01H,0.0017256248,23.064692,5.508730346143595
2005-08-26,26J/01H,0.013383547,23.049551,5.022060534645678
2005-08-27,26J/01H,0.0004351138,22.75986,5.098899703409711
2005-08-28,26J/01H,0.0018967059,24.014015,5.413930907114058
2005-08-29,26J/01H,0.0,25.339937,5.781715872455081
2005-08-30,26J/01H,0.0004261732,25.93772,5.633218657294325
2005-08-31,26J/01H,0.0,23.260775,4.546252187111248
2005-09-01,26J/01H,0.0,23.3023,5.291953032750671
2005-09-02,26J/01H,0.0008936666,25.259201,5.69005872216431
2005-09-03,26J/01H,0.0,27.144377,5.75277407241816
2005-09-04,26J/01H,0.0008523463,26.93769,5.293472827157967
2005-09-05,26J/01H,0.00012942122,21.87445,4.030481268121732
2005-09-06,26J/01H,0.6082097,20.082163,3.2021343267503557
2005-09-07,26J/01H,1.4250315,20.913485,3.372952472998746
2005-09-08,26J/01H,0.0008654475,21.042534,4.399540907874783
2005-09-09,26J/01H,0.102584435,20.411524,3.79352379559234
2005-09-10,26J/01H,0.0008647116000000001,19.668348,3.675178238508432
2005-09-11,26J/01H,0.00043511385,19.301546,3.6748715423562457
2005-09-12,26J/01H,0.0008583069,21.158289,4.224654204658172
2005-09-13,26J/01H,0.0008583069,23.169136,4.2485584453256
2005-09-14,26J/01H,0.0,23.886564,4.806305694834994
2005-09-15,26J/01H,0.7528791,24.277151,4.314385891037019
2005-09-16,26J/01H,0.5998394,22.199194,3.619856797219038
2005-09-17,26J/01H,0.10410080000000001,20.560942,3.272913577914958
2005-09-18,26J/01H,0.0,20.485853,3.635211674549052
2005-09-19,26J/01H,0.0,20.39361,4.332504260362843
2005-09-20,26J/01H,0.0,21.44159,4.363555917462738
2005-09-21,26J/01H,0.00044820696,21.851967,4.605448412829596
2005-09-22,26J/01H,0.0,22.877205,4.543800646000592
2005-09-23,26J/01H,4.6806912999999996e-05,20.729496,4.035390505994914
2005-09-24,26J/01H,0.024400099,20.716827,3.4191976763108336
2005-09-25,26J/01H,0.00044107437,20.03895,3.719013946237697
2005-09-26,26J/01H,0.0008583069,22.005796,4.220083560962022
2005-09-27,26J/01H,0.0,22.22439,4.200481975449003
2005-09-28,26J/01H,0.0004351138,22.72907,4.363296160129685
2005-09-29,26J/01H,0.00042005769999999996,22.677277,4.242777879650907
2005-09-30,26J/01H,0.0025744941,23.598986,4.347343876948313
2005-10-01,26J/01H,0.0,24.21032,4.44120281621229
2005-10-02,26J/01H,0.0021418846,23.678497,4.018374028690162
2005-10-03,26J/01H,0.0008673110000000001,22.501678,3.314566703692173
2005-10-04,26J/01H,0.0008463859,20.4679,3.546074191292903
2005-10-05,26J/01H,0.0,20.288057,3.8985812831275855
2005-10-06,26J/01H,0.0,21.574965,4.09960012034532
2005-10-07,26J/01H,0.0023892047,20.358088,3.158788423785746
2005-10-08,26J/01H,0.022425817,22.145235,3.071462839339353
2005-10-09,26J/01H,1.7581874,20.305838,2.448228023373693
2005-10-10,26J/01H,7.1518193000000005,19.190771,1.8112191148874544
2005-10-11,26J/01H,2.0203147,19.391312,1.897158803406306
2005-10-12,26J/01H,7.246307600000001,17.027098,1.7868840074823575
2005-10-13,26J/01H,0.010918304,15.381482,2.1038945232598496
2005-10-14,26J/01H,0.0025779,14.677883,2.280662575981893
2005-10-15,26J/01H,0.0017257262,15.995502,2.8085342665184547
2005-10-16,26J/01H,0.10832199,17.248955,2.4320924717690957
2005-10-17,26J/01H,1.6352064000000002,17.560118,1.6137865282112884
2005-10-18,26J/01H,0.114919014,16.695759,2.1835985236620457
2005-10-19,26J/01H,0.08729550000000001,16.257225,2.688805355701947
2005-10-20,26J/01H,2.1775422,17.726713,1.989806601266844
2005-10-21,26J/01H,0.12819244000000002,17.338778,2.278451752850512
2005-10-22,26J/01H,6.7605900000000005,17.596449,1.9223224698825017
2005-10-23,26J/01H,0.0054386544,16.358963,2.196344301753287
2005-10-24,26J/01H,0.0004351138,16.656544,2.515344872490098
2005-10-25,26J/01H,0.00085234636,16.68179,2.4684129243995687
2005-10-26,26J/01H,0.0032365529999999997,17.36831,2.296058974352613
2005-10-27,26J/01H,22.954742,18.689657,1.602386822617913
2005-10-28,26J/01H,24.237645,17.848999,1.4822875360399694
2005-10-29,26J/01H,0.0068857182999999995,18.731583,1.7882626846135747
2005-10-30,26J/01H,24.815229,17.430765,1.4430340737024343
2005-10-31,26J/01H,0.33073477,15.719012,1.6954312603611243
2005-11-01,26J/01H,0.00019784057,16.17564,1.9859269738943877
2005-11-02,26J/01H,0.0009417105300000001,15.179814,2.07029845628348
2005-11-03,26J/01H,4.1780894,15.072212,1.7761970043298378
2005-11-04,26J/01H,0.0061228113,13.499856,1.5059184036537576
2005-11-05,26J/01H,0.0004261732,12.563216,1.710638191771048
2005-11-06,26J/01H,0.0017269969,11.575732,1.869531458660476
2005-11-07,26J/01H,0.0025808322,12.356926,1.9203690117326
2005-11-08,26J/01H,0.54920215,13.604836,2.058418461490456
2005-11-09,26J/01H,0.00085234636,12.057404,1.4591645720224191
2005-11-10,26J/01H,0.0012814989000000001,11.6757765,1.580512423101027
2005-11-11,26J/01H,0.0,12.244477,1.5846775943239984
2005-11-12,26J/01H,0.35367255000000003,11.221157,1.5811169919931765
2005-11-13,26J/01H,0.2595287,9.3714,1.242385287135911
2005-11-14,26J/01H,1.7006797,7.663286,1.2282341184879562
2005-11-15,26J/01H,0.14987208999999999,10.006432,1.484095521446377
2005-11-16,26J/01H,0.045918423,11.122688,1.3959387823973353
2005-11-17,26J/01H,0.008298557000000002,11.455929,1.6273610070013218
2005-11-18,26J/01H,0.68408563,12.530751,1.464573573051022
2005-11-19,26J/01H,23.01959,13.661251,1.140378569127657
2005-11-20,26J/01H,19.143734000000002,14.607835,0.8796019624209158
2005-11-21,26J/01H,8.608986000000002,14.541378,0.7818231360587632
2005-11-22,26J/01H,4.734583499999999,14.212128,0.8640607501295724
2005-11-23,26J/01H,0.012867851,14.001739,1.3539026036081585
2005-11-24,26J/01H,0.0,11.100971,1.344717333029793
2005-11-25,26J/01H,0.9390238000000001,8.643914,1.3507461717590117
2005-11-26,26J/01H,0.73301556,8.119689,0.9362004918220488
2005-11-27,26J/01H,1.2673524,7.26899,1.2332779369915368
2005-11-28,26J/01H,1.3640891,8.575051,1.1603022519189303
2005-11-29,26J/01H,0.0013178023000000002,8.374732,1.1694691099879466
2005-11-30,26J/01H,0.0008588478000000001,7.434426,1.236650486840719
2005-12-01,26J/01H,4.0941272,9.252128,1.2684797579889104
2005-12-02,26J/01H,8.618224,13.205796,0.6466629223115331
2005-12-03,26J/01H,0.5298857,12.893936,1.06787262809104
2005-12-04,26J/01H,1.0329324,13.368432,1.0924463969137277
2005-12-05,26J/01H,0.26272647,13.088334,1.0080352373091048
2005-12-06,26J/01H,0.0012951877000000002,8.5009,1.1385168375539836
2005-12-07,26J/01H,0.0021487458,8.715078,1.2664094846139518
2005-12-08,26J/01H,0.00344386,9.176965,1.3206052247309763
2005-12-09,26J/01H,0.0025654008,11.509319,1.389578032893768
2005-12-10,26J/01H,0.0004351138,10.704726,1.182105777886016
2005-12-11,26J/01H,0.00085234636,8.890373,1.2158699723050697
2005-12-12,26J/01H,0.00085234636,7.310728,1.2451881774950275
2005-12-13,26J/01H,0.0008583069,6.8705764,1.1490978391617344
2005-12-14,26J/01H,0.0008702277,7.0613627,1.020008240308425
2005-12-15,26J/01H,0.0004351138,6.9830227,1.1192509985030177
2005-12-16,26J/01H,0.0008523464,6.6814804,1.2166737208683551
2005-12-17,26J/01H,0.0008642672300000001,6.3139825,1.1451690131590948
2005-12-18,26J/01H,0.00085234636,7.70941,1.3302161074164782
2005-12-19,26J/01H,0.0004351138,7.302959,1.2020544259212171
2005-12-20,26J/01H,0.0004261732,8.803898,1.239732613808313
2005-12-21,26J/01H,0.0008642672300000001,9.098172,1.1793136128944417
2005-12-22,26J/01H,0.21179810000000002,9.72877,1.1466111728164703
2005-12-23,26J/01H,3.4101711,10.450307,0.9559892848966712
2005-12-24,26J/01H,0.42772598,11.900392,0.7991856448773125
2005-12-25,26J/01H,16.841385,11.89828,0.4489313227399581
2005-12-26,26J/01H,3.5966992,12.573443,0.9149715716035012
2005-12-27,26J/01H,1.6643257000000002,10.603466,1.0484890013081745
2005-12-28,26J/01H,0.016735382,8.341849,1.1193936228317276
2005-12-29,26J/01H,0.02412202,8.635998,1.1396123729416576
2005-12-30,26J/01H,0.32573630000000003,11.433319,0.9674313192816942
2005-12-31,26J/01H,0.49244336,11.324761,1.057892585794619
2006-01-01,26J/01H,0.125819626,10.469762,0.8760873289095479
2006-01-02,26J/01H,0.0008642672300000001,8.682354,1.1135973676811772
2006-01-03,26J/01H,0.0017225740000000002,8.340674,1.1741816185542502
2006-01-04,26J/01H,0.0,7.0874467,1.2097823492689157
2006-01-05,26J/01H,0.5054794,7.9217715,1.2947311641815928
2006-01-06,26J/01H,3.3967707999999996,8.9558325,0.9700645561272352
2006-01-07,26J/01H,0.005944485700000001,6.101429,1.102313649184273
2006-01-08,26J/01H,0.0004261732,7.3972855,1.2069722478010565
2006-01-09,26J/01H,0.0012904483,7.0835013,1.22091882502165
2006-01-10,26J/01H,0.019209633,6.573073,1.1282596503955045
2006-01-11,26J/01H,0.00085234636,7.554765,1.31431911639735
2006-01-12,26J/01H,0.0012874599,8.303141,1.2183997639467592
2006-01-13,26J/01H,0.71601776,8.786031,1.200916186908079
2006-01-14,26J/01H,4.416367,8.411035,1.0135778376871056
2006-01-15,26J/01H,11.897034,7.2057805,1.0553674238025248
2006-01-16,26J/01H,0.07922473,6.5086956,0.9412825877920472
2006-01-17,26J/01H,0.0017046924000000002,6.754059,1.1966176858551154
2006-01-18,26J/01H,0.0069208674,9.329068,1.0721940964157992
2006-01-19,26J/01H,0.0,9.125411,1.4832110069404174
2006-01-20,26J/01H,0.0008523463,10.751061,1.3794007081103845
2006-01-21,26J/01H,0.01069118,9.621579,1.5984015087082586
2006-01-22,26J/01H,0.052967808,10.376123,1.1538219313767957
2006-01-23,26J/01H,0.0039182198,9.706786,1.279708888412075
2006-01-24,26J/01H,0.0036656098,10.014979,1.1562645580262834
2006-01-25,26J/01H,0.8839537000000001,10.508504,1.0216826012324525
2006-01-26,26J/01H,0.67819543,10.419979,1.1332493362189608
2006-01-27,26J/01H,4.6835503,9.925796,1.0093931225308757
2006-01-28,26J/01H,0.6526542,5.1895814,1.0438133166306274
2006-01-29,26J/01H,9.969725,4.7523956,0.9820122502273244
2006-01-30,26J/01H,0.56692926,4.335174,1.2189886945830084
2006-01-31,26J/01H,0.00085234636,5.557461,1.432015234818088
2006-02-01,26J/01H,0.001716613,8.362458,1.718908865765045
2006-02-02,26J/01H,3.39083,8.880713,1.6885337209533486
2006-02-03,26J/01H,5.4667847,9.380437,1.179833735393408
2006-02-04,26J/01H,0.0024764926,8.859563,1.44020581037066
2006-02-05,26J/01H,0.0023803031,7.694467,1.5405760492472875
2006-02-06,26J/01H,0.0008523463,7.3948464,1.7135571384801178
2006-02-07,26J/01H,0.0004351138,8.507957,1.7767787257179288
2006-02-08,26J/01H,0.0012844793000000001,10.2658,1.764462140853933
2006-02-09,26J/01H,0.6587030600000001,10.375296,1.6058847446874602
2006-02-10,26J/01H,1.0290082,12.340718,1.605392909246549
2006-02-11,26J/01H,0.24200739999999998,12.470168,2.011803700480414
2006-02-12,26J/01H,0.8916125500000001,11.706643,2.05646775330653
2006-02-13,26J/01H,0.045081226,11.211925,1.7868730862874405
2006-02-14,26J/01H,0.0031058876999999997,10.350555,1.6634289560561748
2006-02-15,26J/01H,0.0021583374000000003,8.895379,1.7547258953048646
2006-02-16,26J/01H,0.5997983400000001,10.852035,1.4595651978507125
2006-02-17,26J/01H,0.38091833,10.179992,1.5631633680575014
2006-02-18,26J/01H,6.8686777,11.799478,1.356491220411174
2006-02-19,26J/01H,5.506649400000001,9.4837265,1.3444954084138578
2006-02-20,26J/01H,1.2596968,8.294673,1.3467381249974972
2006-02-21,26J/01H,1.974907,7.9844947,1.4805744423455325
2006-02-22,26J/01H,0.004945924,6.8146625,1.5364457768615984
2006-02-23,26J/01H,2.4219866000000003,5.2558246,1.2101540817287844
2006-02-24,26J/01H,0.28455182,6.015579,1.6748259473982563
2006-02-25,26J/01H,11.046262,8.169727,1.4778924008986274
2006-02-26,26J/01H,0.5970656000000001,8.467719,1.4379895836301624
2006-02-27,26J/01H,0.0038623803,8.143901,1.9742284431932409
2006-02-28,26J/01H,0.0022411263,8.691759,2.1075401403213005
2006-03-01,26J/01H,8.346508399999999e-05,9.711995,2.1631553504087897
2006-03-02,26J/01H,0.0008583069,7.8490925,2.0591856455153987
2006-03-03,26J/01H,0.3211824,10.879163,1.824364973757804
2006-03-04,26J/01H,13.028450000000001,12.322072,1.679665066883499
2006-03-05,26J/01H,0.0013072613,8.359502,1.6592941232624454
2006-03-06,26J/01H,0.006091313000000001,8.596322,2.0791463735058646
2006-03-07,26J/01H,0.053969864,12.754079,2.2708066401261395
2006-03-08,26J/01H,0.046190475,12.554252,1.9260981864413516
2006-03-09,26J/01H,0.09521325,11.816528,1.868496112817847
2006-03-10,26J/01H,2.3531716e-05,10.374679,2.068419629790339
2006-03-11,26J/01H,0.00086128706,11.201569,2.389677763993576
2006-03-12,26J/01H,0.0008583069,14.666607,3.1068277016303543
2006-03-13,26J/01H,0.001294884,15.21375,3.189266646845205
2006-03-14,26J/01H,0.0012844793000000001,14.376679,3.087281013292904
2006-03-15,26J/01H,0.011355024,12.974454,2.904912901346249
2006-03-16,26J/01H,0.043414032,12.2999525,2.1652787786333723
2006-03-17,26J/01H,20.664111000000002,11.982449,1.7519837748862148
2006-03-18,26J/01H,9.123438,12.684524,1.8919129576880709
2006-03-19,26J/01H,4.6683545,11.869263,1.998451524762194
2006-03-20,26J/01H,7.2105283,11.708633,1.987501326101351
2006-03-21,26J/01H,3.761176,11.020695,2.115363584318864
2006-03-22,26J/01H,0.2853293,11.350518,2.282978678126784
2006-03-23,26J/01H,4.2110767,14.106801,1.988866271396004
2006-03-24,26J/01H,0.5867137,14.705773,2.352818298712566
2006-03-25,26J/01H,0.010394084,14.741741,3.0256191976466824
2006-03-26,26J/01H,0.0012836944999999999,15.847988,3.351893765136355
2006-03-27,26J/01H,0.15234016,15.025239,2.6775839580364105
2006-03-28,26J/01H,0.001515721,12.249108,2.6786328307096228
2006-03-29,26J/01H,0.0008583069,12.670503,3.1944743392645822
2006-03-30,26J/01H,0.001716613,15.170667,3.309595729694063
2006-03-31,26J/01H,0.0025275037,14.651901,3.488766379035376
2006-04-01,26J/01H,0.06670548999999999,14.736951,2.763637311818488
2006-04-02,26J/01H,0.00044107437,15.305711,3.7411354025155057
2006-04-03,26J/01H,0.00085234636,18.446335,3.818582387407082
2006-04-04,26J/01H,0.22214351,15.822442,2.721357230827815
2006-04-05,26J/01H,5.0297354,14.212657,2.2252036870143894
2006-04-06,26J/01H,2.7559937,13.985349,2.3211495496842955
2006-04-07,26J/01H,0.61024713,14.02138,2.475679086106573
2006-04-08,26J/01H,0.0017172424,14.865254,3.7842348466714295
2006-04-09,26J/01H,0.00993212,13.717284,3.1797623644320865
2006-04-10,26J/01H,0.005585375,15.198106,3.606093684532349
2006-04-11,26J/01H,4.5411143,15.449552,3.613022607877181
2006-04-12,26J/01H,0.20400491,14.648622,3.265716335879499
2006-04-13,26J/01H,0.0031524277,15.559741,4.151724955143156
2006-04-14,26J/01H,8.772726,14.324383,2.915738284077238
2006-04-15,26J/01H,1.1587228,14.02906,3.2421674022671683
2006-04-16,26J/01H,0.2831699,12.985748,3.081468562732069
2006-04-17,26J/01H,0.00643391,13.427539,2.962307975736179
2006-04-18,26J/01H,0.0012939727,14.552056,3.7321681912368376
2006-04-19,26J/01H,0.0007440262,13.848209,3.4906561979307016
2006-04-20,26J/01H,0.5566464999999999,14.445014,3.374084537108988
2006-04-21,26J/01H,1.0880646999999999,13.769779,2.71633821749902
2006-04-22,26J/01H,13.193778,11.802949,2.5176923826127453
2006-04-23,26J/01H,1.6112528,14.090508,3.9791415662479697
2006-04-24,26J/01H,0.00085234636,18.430708,4.359416855189956
2006-04-25,26J/01H,0.117845764,20.139164,4.9704889667908025
2006-04-26,26J/01H,0.004074757,20.154322,4.741261813351489
2006-04-27,26J/01H,0.0017617929000000002,18.381956,4.633422497441551
2006-04-28,26J/01H,0.0014860864,18.704245,4.88417722340341
2006-04-29,26J/01H,0.009736815,18.200903,4.531424523577104
2006-04-30,26J/01H,0.0017225740000000002,18.690493,4.696446857347848
2006-05-01,26J/01H,0.0004261732,18.64262,4.892558874754979
2006-05-02,26J/01H,0.00044681147,17.80211,4.273536154489438
2006-05-03,26J/01H,0.013272922500000001,15.485875,3.26356822954093
2006-05-04,26J/01H,0.26724603,14.869595,3.556076051660804
2006-05-05,26J/01H,0.0025719401999999996,15.518719,4.304603222095697
2006-05-06,26J/01H,0.0008523464,16.292454,4.466188238047025
2006-05-07,26J/01H,0.0008523463,15.296987,4.198403122573882
2006-05-08,26J/01H,0.0,15.718643,4.188604024020142
2006-05-09,26J/01H,0.0025896506000000004,18.372198,5.347009026114165
2006-05-10,26J/01H,0.0008583069,20.373913,5.550560889713349
2006-05-11,26J/01H,0.0033861704,19.856104,5.053163867739366
2006-05-12,26J/01H,0.02825585,18.74986,5.137184284492625
2006-05-13,26J/01H,0.0008583069,19.768332,5.407018145748969
2006-05-14,26J/01H,0.0,20.117567,5.375337544831394
2006-05-15,26J/01H,0.0,20.918837,5.734832232483797
2006-05-16,26J/01H,0.000864771,23.360252,6.564700364483286
2006-05-17,26J/01H,0.0,23.685432,6.078254840105932
2006-05-18,26J/01H,0.0022673557,20.778399,4.659074475859091
2006-05-19,26J/01H,0.0008583069,19.077208,5.247230060415164
2006-05-20,26J/01H,0.0,19.083689,5.200954799585112
2006-05-21,26J/01H,0.01646048,18.592295,4.620537996328982
2006-05-22,26J/01H,0.002246708,17.178734,4.005023775102357
2006-05-23,26J/01H,0.003439188,16.47105,4.4175190505512445
2006-05-24,26J/01H,0.0025676281,18.975513,5.606637527759853
2006-05-25,26J/01H,0.0,22.110998,6.372212990663762
2006-05-26,26J/01H,0.0021422703,22.054026,5.887660050063821
2006-05-27,26J/01H,0.10183609,24.462389,6.461781516181207
2006-05-28,26J/01H,0.14745999,26.350542,6.730885950731129
2006-05-29,26J/01H,0.11084194,26.323061,6.467013788188591
2006-05-30,26J/01H,0.034329983,23.38148,5.307542175240682
2006-05-31,26J/01H,0.15173848,20.910727,4.5908651702668255
2006-06-01,26J/01H,0.17909746999999998,19.968946,4.481412465442105
2006-06-02,26J/01H,0.004676856,22.384933,5.886493873643631
2006-06-03,26J/01H,0.00085532653,24.634512,6.736676483146167
2006-06-04,26J/01H,0.0,23.889816,6.205994990961298
2006-06-05,26J/01H,0.0008523464,24.864347,6.781141354881975
2006-06-06,26J/01H,0.0004351138,23.833197,5.768145959480683
2006-06-07,26J/01H,0.005028972600000001,23.671043,6.031096815814114
2006-06-08,26J/01H,0.0037408980000000003,22.65891,6.092071769371664
2006-06-09,26J/01H,0.0037367406000000003,21.000002,4.9284734095259966
2006-06-10,26J/01H,0.019583899,21.537561,5.418662397029149
2006-06-11,26J/01H,0.0025619848,24.064781,6.608974237120122
2006-06-12,26J/01H,0.64645123,23.751152,6.074153977914452
2006-06-13,26J/01H,21.171932,20.705698,2.9153067034300104
2006-06-14,26J/01H,5.959461,20.29849,3.702084986238321
2006-06-15,26J/01H,8.862772000000001,19.22031,3.33864372358369
2006-06-16,26J/01H,7.7212593,18.997807,3.683149083074788
2006-06-17,26J/01H,2.3827026,19.516462,4.539483188749565
2006-06-18,26J/01H,0.25936063000000004,20.716944,4.672905319249226
2006-06-19,26J/01H,0.11896164000000001,22.75371,5.5389505969126445
2006-06-20,26J/01H,0.00098176754,21.080414,5.554613989182376
2006-06-21,26J/01H,0.0008523463,22.680458,6.4471785443134895
2006-06-22,26J/01H,0.0017248167000000001,25.639666,7.003544445167741
2006-06-23,26J/01H,0.0008583069,24.7762,6.088514762415958
2006-06-24,26J/01H,0.007562007000000001,20.228844,4.821714263268964
2006-06-25,26J/01H,0.012604342000000001,19.629,4.626084808562948
2006-06-26,26J/01H,0.0013291185000000002,19.13301,4.72087659373167
2006-06-27,26J/01H,0.0,19.341177,5.186396669620886
2006-06-28,26J/01H,0.0,18.85383,4.61699678976885
2006-06-29,26J/01H,0.0008523464,20.277956,5.804243832792035
2006-06-30,26J/01H,0.0,21.954239,6.079867099166346
2006-07-01,26J/01H,0.0024526205,20.894714,5.3069320934563535
2006-07-02,26J/01H,0.003465915,19.984104,4.921510930047145
2006-07-03,26J/01H,0.00054805565,20.672976,5.606078119734084
2006-07-04,26J/01H,0.028004007,20.81618,4.772777697286815
2006-07-05,26J/01H,0.0,21.155233,5.428072560854276
2006-07-06,26J/01H,0.0,22.452454,6.4001979296426725
2006-07-07,26J/01H,0.0,26.283897,7.230027183770928
2006-07-08,26J/01H,0.0012804494,26.629799,6.920456828903965
2006-07-09,26J/01H,0.0017253317,27.927954,7.488423093197237
2006-07-10,26J/01H,0.0008642672300000001,29.627748,7.631016991689346
2006-07-11,26J/01H,1.7164712,30.852201,7.418120342769243
2006-07-12,26J/01H,0.08571743,30.117882,7.0890794862655815
2006-07-13,26J/01H,0.23054256,29.182549,6.993280144775463
2006-07-14,26J/01H,0.018280487,29.373049,6.903378422420867
2006-07-15,26J/01H,0.0008583069,30.183584,6.848106995698751
2006-07-16,26J/01H,0.0,30.086584,7.15340583861801
2006-07-17,26J/01H,0.0052643576,29.905489,7.034814352001999
2006-07-18,26J/01H,0.7983717,26.82205,5.933973875371295
2006-07-19,26J/01H,0.009275969,23.920732,5.043290472586043
2006-07-20,26J/01H,0.0005474333,24.69237,6.397079038463469
2006-07-21,26J/01H,0.0008583069,24.495094,6.109586202822777
2006-07-22,26J/01H,0.0004351138,23.972664,6.426819585785959
2006-07-23,26J/01H,0.0008604209000000001,24.468948,6.237023154128726
2006-07-24,26J/01H,0.0019925066,23.493483,6.034178236963297
2006-07-25,26J/01H,0.0008583069,24.43232,6.527658814602701
2006-07-26,26J/01H,0.0008642672999999999,24.06511,6.00587105123082
2006-07-27,26J/01H,0.00085532665,23.043839,5.4926837543574445
2006-07-28,26J/01H,0.0,23.572647,6.059853738610457
2006-07-29,26J/01H,0.0,25.084715,6.490326210851688
2006-07-30,26J/01H,0.0021390642999999997,25.216574,6.361879780446751
2006-07-31,26J/01H,0.0005853917,24.695395,5.660895104512166
2006-08-01,26J/01H,0.0008948905,24.723803,6.02098389867693
2006-08-02,26J/01H,0.003183814,25.105394,6.107168684843468
2006-08-03,26J/01H,0.0072948112,25.048197,5.504117248533978
2006-08-04,26J/01H,0.0017407075000000001,26.453482,6.822563986495193
2006-08-05,26J/01H,0.00044107437,27.772537,6.508849338035255
2006-08-06,26J/01H,0.0,28.652643,6.488814860531333
2006-08-07,26J/01H,0.00043928376000000006,28.338554,6.07028434347816
2006-08-08,26J/01H,0.0022037587,27.3945,6.14889746315274
2006-08-09,26J/01H,0.0012814989000000001,27.813524,6.272607313499345
2006-08-10,26J/01H,0.0004261732,28.210302,6.892454337725269
2006-08-11,26J/01H,0.0017195935000000001,28.740168,6.678137753036286
2006-08-12,26J/01H,0.0004261732,27.26473,6.254137026009793
2006-08-13,26J/01H,0.00046767437,24.007353,5.839929522432054
2006-08-14,26J/01H,0.00457792,22.1128,5.041905610714332
2006-08-15,26J/01H,0.0025813644,20.257463,4.027299965409525
2006-08-16,26J/01H,8.735627000000001,19.615776,3.584760483835221
2006-08-17,26J/01H,21.109014,19.408298,3.2766916653953744
2006-08-18,26J/01H,0.2889644,18.517193,3.3748619073285044
2006-08-19,26J/01H,0.0028272245,19.210695,4.219052357637222
2006-08-20,26J/01H,0.00044107437,23.24636,5.464298699600352
2006-08-21,26J/01H,0.0,25.638937,5.910265994836647
2006-08-22,26J/01H,0.0,26.186914,5.550445259931857
2006-08-23,26J/01H,0.0,24.915445,5.500340780187676
2006-08-24,26J/01H,0.001281499,23.792494,5.533680230007921
2006-08-25,26J/01H,0.0,25.267702,5.724392606479902
2006-08-26,26J/01H,0.0014188471,24.41936,5.421732766824532
2006-08-27,26J/01H,0.0004351138,26.433594,5.8242236428734095
2006-08-28,26J/01H,0.0008523464,27.691023,6.00124376702352
2006-08-29,26J/01H,0.0,28.670946,6.452308674970234
2006-08-30,26J/01H,0.0004351138,29.2708,6.3325258946621625
2006-08-31,26J/01H,0.0017106532000000002,27.677988,6.034650962396474
2006-09-01,26J/01H,0.001271079,26.716211,5.869165736438004
2006-09-02,26J/01H,0.0034265494,27.152987,6.032268786143476
2006-09-03,26J/01H,0.0008756354,28.521559,6.606180283310705
2006-09-04,26J/01H,0.0008583069,29.142843,6.404254176137203
2006-09-05,26J/01H,0.0012741013,27.766615,5.402645725595329
2006-09-06,26J/01H,0.044086704,27.81386,5.220389245113968
2006-09-07,26J/01H,0.0017726806,26.715452,5.182912241563973
2006-09-08,26J/01H,0.030145584,27.409372,5.352385733373779
2006-09-09,26J/01H,1.533591,27.824768,5.266333326917271
2006-09-10,26J/01H,0.001716613,25.851664,4.711275397719458
2006-09-11,26J/01H,0.0015199318,21.979467,3.506819840919531
2006-09-12,26J/01H,0.022657635,21.606735,3.7015212179324033
2006-09-13,26J/01H,3.2127073,20.073591,3.7214593738929698
2006-09-14,26J/01H,0.011706401,18.645853,2.971266123779244
2006-09-15,26J/01H,0.16817552000000002,18.393517,3.033571174806564
2006-09-16,26J/01H,0.0,18.573763,3.658617617841484
2006-09-17,26J/01H,0.0,19.892992,4.051457448421522
2006-09-18,26J/01H,0.0004351138,21.57132,3.972026203594381
2006-09-19,26J/01H,0.0,21.258268,4.335205648851991
2006-09-20,26J/01H,0.0031590246999999997,22.164322,4.3128946819416685
2006-09-21,26J/01H,21.396379,18.963455,2.41725736089884
2006-09-22,26J/01H,0.21111102,18.33129,2.8270317657839104
2006-09-23,26J/01H,3.3724631,17.886303,2.461143923418385
2006-09-24,26J/01H,0.10240703000000001,18.033796,3.046966935495789
2006-09-25,26J/01H,0.49543414,21.077078,2.777849216768276
2006-09-26,26J/01H,0.001650574,21.138514,3.6488158659133942
2006-09-27,26J/01H,0.0031406026,20.221556,3.012490763497434
2006-09-28,26J/01H,0.5731469,20.409327,2.783097306591305
2006-09-29,26J/01H,0.12508117,19.799353,2.87577739821195
2006-09-30,26J/01H,0.5241683,20.480028,2.4248004744840874
2006-10-01,26J/01H,0.0071741943,20.39615,3.1641793860704346
2006-10-02,26J/01H,0.19237175,20.798471,3.3271660197324477
2006-10-03,26J/01H,0.007011793,18.48557,2.593364144279467
2006-10-04,26J/01H,0.45277698,17.482334,2.460311658779632
2006-10-05,26J/01H,0.0012913297,17.833778,2.984662111782918
2006-10-06,26J/01H,0.0,19.417643,3.4343381016295385
2006-10-07,26J/01H,0.0022068481000000004,21.882812,3.1055296061257307
2006-10-08,26J/01H,0.029663828,22.350578,3.231182532542065
2006-10-09,26J/01H,0.0021487467,21.713633,3.4225768335926063
2006-10-10,26J/01H,0.5609532500000001,19.843918,2.57886425347973
2006-10-11,26J/01H,0.8454910999999999,19.731007,2.3554922766788557
2006-10-12,26J/01H,0.0,18.018747,3.00812670313844
2006-10-13,26J/01H,0.0004351138,20.136995,3.043001809151776
2006-10-14,26J/01H,0.0008603002400000001,19.33686,2.892541216762204
2006-10-15,26J/01H,1.4241276,19.52861,2.2659594816817714
2006-10-16,26J/01H,7.481503399999999,18.025833,1.2999412934300232
2006-10-17,26J/01H,4.457316,18.026125,1.8392787956051475
2006-10-18,26J/01H,3.7569353000000003,17.86499,1.7226174108749237
2006-10-19,26J/01H,1.7796985,16.975603,1.3351489300339947
2006-10-20,26J/01H,9.194486000000001,18.216589,1.3879602778541027
2006-10-21,26J/01H,0.8159601400000001,17.944645,1.7000901073273504
2006-10-22,26J/01H,9.452779000000001,18.867908,1.7816659188566617
2006-10-23,26J/01H,15.928883,18.932957,1.7206082207860005
2006-10-24,26J/01H,7.8774834,19.031853,1.8897230331761208
2006-10-25,26J/01H,24.202037,18.249393,1.5236613164751245
2006-10-26,26J/01H,6.407045,15.9146385,1.3610165870056925
2006-10-27,26J/01H,0.18880199,18.005789,1.985109644641572
2006-10-28,26J/01H,0.00043511385,20.554003,2.327685283399965
2006-10-29,26J/01H,0.018533182,21.924314,2.5157148847713406
2006-10-30,26J/01H,0.98198096,19.925241,2.2989901773070702
2006-10-31,26J/01H,0.11895354500000001,17.462034,2.264054230122789
2006-11-01,26J/01H,2.194814,18.097681,2.0223152924817787
2006-11-02,26J/01H,5.476097,18.668724,1.3020770339667131
2006-11-03,26J/01H,5.817037,18.468016,1.4909022702254395
2006-11-04,26J/01H,5.582563,18.238827,1.3991095583170117
2006-11-06,26J/01H,12.032459999999999,16.139574,0.818066415138567
2006-11-07,26J/01H,1.2437031,15.781283,1.3474663645879037
2006-11-08,26J/01H,0.08801716999999999,15.726787,1.5588967507531346
2006-11-09,26J/01H,0.035899549999999995,16.379978,1.7527032469462114
2006-11-10,26J/01H,0.0025629990000000003,15.920188,1.8734384502101464
2006-11-11,26J/01H,0.0004351138,15.221668,1.96742713635943
2006-11-12,26J/01H,0.0004351138,14.58646,1.7715535618958569
2006-11-13,26J/01H,0.002383583,14.031348,1.7894138066085754
2006-11-14,26J/01H,0.09094634000000001,13.412563,1.6648031197883155
2006-11-15,26J/01H,13.581004000000002,15.871647,1.5683958656066772
2006-11-16,26J/01H,5.1489297,14.35133,1.381469593393698
2006-11-17,26J/01H,0.11204744,12.303445,1.5361863930567798
2006-11-18,26J/01H,1.8590927,14.945878,1.2547083189196555
2006-11-19,26J/01H,0.00049548876,14.215747,1.546492875137165
2006-11-20,26J/01H,0.11346285,13.578744,1.4394002114275708
2006-11-21,26J/01H,0.13727711,13.660918,1.3571919883675074
2006-11-22,26J/01H,0.36556528,14.292859,1.1460150651711745
2006-11-23,26J/01H,1.0371016,15.003494,1.2224340531449798
2006-11-24,26J/01H,14.929207,17.07968,1.2871621187936253
2006-11-25,26J/01H,8.835235,12.781193,1.0693500764239707
2006-11-26,26J/01H,0.009568039,11.905423,1.3925266050888276
2006-11-27,26J/01H,0.42515845,13.944812,1.1934953321951582
2006-11-28,26J/01H,13.485538,13.204137,0.9601662546200868
2006-11-29,26J/01H,0.0008767315,10.851395,1.3029226863548795
2006-11-30,26J/01H,4.1369323e-05,11.630193,1.4343710522534667
2006-12-01,26J/01H,0.0072468495,12.309121,1.4098592945980468
2006-12-02,26J/01H,9.388671,12.148929,0.9579623958881688
2006-12-03,26J/01H,0.037836624,11.977497,1.3851836012887888
2006-12-04,26J/01H,0.29034677,14.361058,1.150445197186165
2006-12-05,26J/01H,11.56785,13.05808,1.2049761592287849
2006-12-06,26J/01H,0.06818992,11.0717125,0.9842625700662316
2006-12-07,26J/01H,0.11470808,12.682854,1.200674202930408
2006-12-08,26J/01H,5.127355,12.065689,1.1444353103718663
2006-12-09,26J/01H,0.050779198000000005,8.355292,0.8975490402491851
2006-12-10,26J/01H,0.00085234636,7.4885254,1.0353424504521649
2006-12-11,26J/01H,0.0,7.947636,1.1089939573404348
2006-12-12,26J/01H,0.002564175,7.957536,1.087153458356119
2006-12-13,26J/01H,0.0042895417,8.778655,1.1815348593947277
2006-12-14,26J/01H,0.001275539,8.664605,1.3204245618764956
2006-12-15,26J/01H,0.0008523464,8.321333,1.2732933738799146
2006-12-16,26J/01H,0.0,9.036747,1.310183905816788
2006-12-17,26J/01H,0.002127411,9.45856,1.1539759096215942
2006-12-18,26J/01H,0.0014016112000000002,7.9447713,1.2049557577410177
2006-12-19,26J/01H,0.0008523463,6.7912464,1.0111122432690984
2006-12-20,26J/01H,0.0012904402,5.0128007,0.982555368669518
2006-12-21,26J/01H,0.00085234636,6.0698056,1.0409795043333732
2006-12-22,26J/01H,0.0,5.4857764,1.0399249157230708
2006-12-23,26J/01H,0.0017106531000000002,4.512966,1.0187009085055263
2006-12-24,26J/01H,0.0017228031,5.758892,1.1360305728837203
2006-12-25,26J/01H,0.0,6.250488,1.2186326138265355
2006-12-26,26J/01H,0.0021390226,7.895901,1.2238295392625156
2006-12-27,26J/01H,0.100674934,9.739534,1.0848372327222513
2006-12-28,26J/01H,0.0008702277499999999,10.9543915,1.11458424840513
2006-12-29,26J/01H,0.00085234636,10.689294,1.1528331856363878
2006-12-30,26J/01H,0.0026456177,11.5661545,1.2326980088525823
2006-12-31,26J/01H,0.0022285638,10.282624,1.404001968343098
2007-01-01,26J/01H,0.0014705682,10.479348,1.3664647870766586
2007-01-02,26J/01H,0.029713078,11.584171,1.2391928970224462
2007-01-03,26J/01H,0.0,10.395088,1.504649168576246
2007-01-04,26J/01H,0.0027213142000000004,9.287468,1.265238422294503
2007-01-05,26J/01H,0.015785647,9.117526,1.1220045455461125
2007-01-06,26J/01H,0.022677114,8.775057,1.1120082386825731
2007-01-07,26J/01H,0.012325791000000001,8.922682,1.0623047618835857
2007-01-08,26J/01H,0.046541874000000004,10.714241,1.030327399076019
2007-01-09,26J/01H,0.006894389999999999,8.636773,1.29035522063412
2007-01-10,26J/01H,0.0070960984,10.8730345,1.1295788039361865
2007-01-11,26J/01H,0.0,9.479527,1.2999043135994852
2007-01-12,26J/01H,0.0012934207,9.051735,1.5293521750608725
2007-01-13,26J/01H,0.0,10.388801,1.5610395659884362
2007-01-14,26J/01H,0.06581307,9.324007,1.3851625091032844
2007-01-15,26J/01H,0.15372572,11.171386,1.2964000847533974
2007-01-16,26J/01H,0.09715961000000001,9.762383,1.1712048745859234
2007-01-17,26J/01H,0.0012844794,9.757779,1.516715586926937
2007-01-18,26J/01H,0.0008523463,10.58656,1.6482844701642858
2007-01-19,26J/01H,0.0,10.949348,1.5877580334156003
2007-01-20,26J/01H,0.0,12.13818,1.3925328111419584
2007-01-21,26J/01H,0.005905578000000001,10.293583,1.221600445664852
2007-01-22,26J/01H,2.9243716,8.651777,1.0137737518979706
2007-01-23,26J/01H,0.31415997,6.779348,1.1284417942721667
2007-01-24,26J/01H,0.0012993805,5.6056476,1.203973889924245
2007-01-25,26J/01H,1.205008,5.7386627,1.105676771183297
2007-01-26,26J/01H,0.009950546,3.997503,1.0787584434507582
2007-01-27,26J/01H,0.0025787458,5.265229,1.190485570824802
2007-01-28,26J/01H,2.5801985,5.965388,1.0616922495156258
2007-01-29,26J/01H,0.22514972,6.8510823,1.3479897721214598
2007-01-30,26J/01H,3.7484248,8.269628,1.2781164238368614
2007-01-31,26J/01H,0.004258476,7.035853,1.2642146510648486
2007-02-01,26J/01H,0.0004351138,7.739907,1.450729205082674
2007-02-02,26J/01H,6.1010215,8.254952,1.541599958641036
2007-03-07,26J/01H,1.3582688,14.395817,2.19411936036239
2007-03-08,26J/01H,0.00085234636,12.007489,2.3066202573056147
2007-03-09,26J/01H,0.0004351138,12.993579,2.858734913024189
2007-03-10,26J/01H,0.0,14.986465,2.718530422441982
2007-03-11,26J/01H,0.0008523464,13.271808,2.715521505343266
2007-03-12,26J/01H,0.0,12.025677,2.68839611809176
2007-03-13,26J/01H,0.0021487367000000003,13.552982,2.7893065322235358
2007-03-14,26J/01H,0.0017106532000000002,13.476425,2.891559237236474
2007-03-15,26J/01H,0.00085234636,13.486997,3.070152900130472
2007-03-16,26J/01H,0.015259983,13.93977,3.149417290960857
2007-03-17,26J/01H,0.2527023,13.650401,3.021057188810931
2007-03-18,26J/01H,0.0008523463,14.077584,3.104488985441192
2007-03-19,26J/01H,0.015075511000000002,10.9852705,2.027133848894481
2007-03-20,26J/01H,0.0021412659999999997,9.109155,2.3103475803682936
2007-03-21,26J/01H,0.00042617318,8.930569,2.2750923251064714
2007-03-22,26J/01H,0.0004261732,9.04658,2.390461456746153
2007-03-23,26J/01H,0.0012844794,10.96465,2.9308912406420005
2007-03-24,26J/01H,0.0,10.993671,2.8563378174240457
2007-03-25,26J/01H,2.3696853,10.330296,2.6433136040287333
2007-03-26,26J/01H,5.063946,10.337237,2.355371419393145
2007-03-27,26J/01H,0.008642176,10.768695,2.484277985427987
2007-03-28,26J/01H,2.8366575,11.257798,2.53978860261282
2007-03-29,26J/01H,0.0,12.246808,2.8890849688780578
2007-03-30,26J/01H,0.0017124722,11.043447,2.6978112775497998
2007-03-31,26J/01H,2.6984739,12.229988,2.2853800335052714
2007-04-01,26J/01H,1.1691357,10.148744,2.4895220505784743
2007-04-02,26J/01H,3.0283674,9.821818,2.5939762026495026
2007-04-03,26J/01H,1.0869656,10.611722,2.767270289791377
2007-04-04,26J/01H,0.15404526999999998,10.973404,2.813452705173397
2007-04-05,26J/01H,0.043572826,11.291668,2.470268798782631
2007-04-06,26J/01H,0.02089359,9.645538,2.8986726986852567
2007-04-07,26J/01H,5.767411600000001,11.41039,3.0810248406467746
2007-04-08,26J/01H,5.1020303,10.677157,2.9540414520861766
2007-04-09,26J/01H,4.092101,11.90306,3.1329612444146075
2007-04-10,26J/01H,6.176046,12.226972,3.25684478644026
2007-04-11,26J/01H,14.856204,12.297891,2.6763394884495515
2007-04-12,26J/01H,0.55077454,13.516354,2.917137342026944
2007-04-13,26J/01H,0.026307846000000003,14.166184,3.0338399081346554
2007-04-14,26J/01H,0.0017046922000000001,14.070656,3.857664216758006
2007-04-15,26J/01H,0.011402848,15.999054,4.234758925897735
2007-04-16,26J/01H,0.00042046914,17.102533,4.251151438403457
2007-04-17,26J/01H,0.0017106532000000002,17.461306,4.314185266726708
2007-04-18,26J/01H,0.039615093000000004,16.51253,3.9212723073628735
2007-04-19,26J/01H,7.5878154,15.774792,3.637202402371744
2007-04-20,26J/01H,6.4293594,14.536316,2.755073949435866
2007-04-21,26J/01H,4.489203000000001,16.207262,3.8020035894707096
2007-04-22,26J/01H,0.0017128851000000002,17.685091,4.694329110671111
2007-04-23,26J/01H,0.0027309916,19.15596,4.746776826606603
2007-04-24,26J/01H,0.77308765,18.916395,4.190737023176087
2007-04-25,26J/01H,8.8295625,15.9101515,3.152768117562448
2007-04-26,26J/01H,0.07965723,14.166829,2.96097472833767
2007-04-27,26J/01H,0.0034672995000000002,13.8981285,3.57909546152158
2007-04-28,26J/01H,0.00085234636,13.48431,3.4333482306424448
2007-04-29,26J/01H,0.015646983,13.683895,3.715409449962973
2007-04-30,26J/01H,0.28042676,13.568887,2.631525984036517
2007-05-01,26J/01H,5.0768833,12.352508,2.968603931591576
2007-05-02,26J/01H,8.610520500000002,14.238171,2.753097964781742
2007-05-03,26J/01H,0.6322424,13.905572,3.285178120358789
2007-05-04,26J/01H,0.115875565,14.628663,3.325143033619515
2007-05-05,26J/01H,0.17395157,16.085268,4.134105782436392
2007-05-06,26J/01H,0.0008523463,17.200808,4.385841603144343
2007-05-07,26J/01H,0.00043511385,18.672668,5.324641832042317
2007-05-08,26J/01H,0.0,21.24918,5.745803656933356
2007-05-09,26J/01H,0.0008583069,21.806425,5.863452091031267
2007-05-10,26J/01H,0.0034391878,20.031715,5.294714736287052
2007-05-11,26J/01H,0.0022991357,16.347448,4.684250916232789
2007-05-12,26J/01H,0.0008583069,18.099947,5.157238160068161
2007-05-13,26J/01H,0.31328406000000003,16.69934,3.5336667688410213
2007-05-14,26J/01H,0.0007229064,15.382436,3.989969865998566
2007-05-15,26J/01H,0.0017195935000000001,17.322329,4.947813234268101
2007-05-16,26J/01H,0.0016918111000000001,20.324844,5.657569393188207
2007-05-17,26J/01H,0.0008583069,24.346544,5.980282296087521
2007-05-18,26J/01H,0.0034301267,25.340248,6.549634551161888
2007-05-19,26J/01H,0.37627335,23.930384,5.753456332379819
2007-05-20,26J/01H,1.5076334,18.954416,4.059568275955229
2007-05-21,26J/01H,0.023080843000000004,15.315249,3.186353664193883
2007-05-22,26J/01H,0.10274509999999999,15.008605,3.476445759179079
2007-05-23,26J/01H,6.5971343,16.696775,4.920985042036457
2007-05-24,26J/01H,2.6927727,16.251444,3.528915990455159
2007-05-25,26J/01H,0.9052122,15.185397,4.168412969162837
2007-05-26,26J/01H,6.6573706,16.107756,3.6741485413096298
2007-05-27,26J/01H,0.16445806999999998,15.549155,3.8060099939002487
2007-05-28,26J/01H,0.0060342927,15.848842,3.725337296403557
2007-05-29,26J/01H,0.0012869440000000002,16.742264,5.082804560335873
2007-05-30,26J/01H,0.021102987,17.397802,4.628354000842004
2007-05-31,26J/01H,0.0012753257000000001,16.719013,4.27557897155683
2007-06-01,26J/01H,0.0012874599,18.33661,5.17360626215744
2007-06-02,26J/01H,0.0008641366,22.800308,6.032324518476353
2007-06-03,26J/01H,0.0,24.268913,6.108667024564689
2007-06-04,26J/01H,0.0,24.709427,6.070553277373264
2007-06-05,26J/01H,0.00085310537,24.48668,6.231205224593976
2007-06-06,26J/01H,0.0008583069,22.557419,6.072696528695206
2007-06-07,26J/01H,0.019263884999999998,22.067568,5.606489701723315
2007-06-08,26J/01H,0.041931522,21.254625,4.607145374109139
2007-06-09,26J/01H,0.7849233400000001,19.59409,4.704204844381461
2007-06-10,26J/01H,0.30187677,19.234571,4.226552721096184
2007-06-11,26J/01H,0.002731685,18.981508,4.957127170666535
2007-06-12,26J/01H,0.005077765000000001,19.264431,4.99637804186311
2007-06-13,26J/01H,0.005029056,18.750654,4.59392566362397
2007-06-14,26J/01H,2.8866482,18.830173,3.375975292304151
2007-06-15,26J/01H,1.4422964,19.23141,3.120372757246328
2007-06-16,26J/01H,5.3343267,19.442278,3.544220625631364
2007-06-17,26J/01H,10.685357,19.810968,4.132587203679149
2007-06-18,26J/01H,0.038470997,18.53421,4.487973364624883
2007-06-19,26J/01H,0.34753574,17.804358,3.339467481143403
2007-06-20,26J/01H,0.0074862614,17.78098,4.161685322473762
2007-06-21,26J/01H,0.0022419388,17.367218,4.408178492560822
2007-06-22,26J/01H,0.0025749207,19.049229,5.458141912067547
2007-06-23,26J/01H,0.0008583069,21.93989,6.393967844697893
2007-06-24,26J/01H,0.0026177647,20.283613,5.487805563046547
2007-06-25,26J/01H,0.040946407000000004,19.292051,4.45115423540932
2007-06-26,26J/01H,0.0004261732,18.98982,5.311081403438796
2007-06-27,26J/01H,0.0,20.78016,5.98469136858178
2007-06-28,26J/01H,0.00044107437,21.811743,6.124467344858366
2007-06-29,26J/01H,0.0025756927,20.997332,6.165472219066476
2007-06-30,26J/01H,0.0,22.126059,6.452708439711819
2007-07-01,26J/01H,0.07803897000000001,20.552092,4.78779352283324
2007-07-02,26J/01H,4.6806912999999996e-05,20.88585,5.25492114207624
2007-07-03,26J/01H,0.0008171526,22.42304,6.146684613346388
2007-07-04,26J/01H,0.004876266000000001,24.014425,5.899165783603771
2007-07-05,26J/01H,0.0017106532000000002,26.162764,7.210411294453154
2007-07-06,26J/01H,0.0,27.028048,6.729145389647022
2007-07-07,26J/01H,0.001716613,25.95469,6.4223217562837736
2007-07-08,26J/01H,0.0010267454,24.1318,6.319563167642436
2007-07-09,26J/01H,0.0,23.370642,6.255641715666719
2007-07-10,26J/01H,0.0,25.741148,6.840313313594057
2007-07-11,26J/01H,0.0,27.62322,6.8556838642885065
2007-07-12,26J/01H,0.0025732925,27.229895,6.994059382821534
2007-07-13,26J/01H,0.0008583069,26.714502,6.933382818553986
2007-07-14,26J/01H,0.0004261732,24.895884,6.549589157422071
2007-07-15,26J/01H,0.006194867600000001,21.869917,5.742351339447671
2007-07-16,26J/01H,0.00086356,21.632118,5.512406794311682
2007-07-17,26J/01H,0.02735746,21.69809,5.073523195662432
2007-07-18,26J/01H,0.0025749203999999998,21.141573,5.61690180726595
2007-07-19,26J/01H,0.00044107437,19.5151,4.777076357250663
2007-07-20,26J/01H,0.0017154243,19.561573,5.044962402949895
2007-07-21,26J/01H,0.0,19.666159,5.079068717815695
2007-07-22,26J/01H,0.0012815034000000002,20.062815,5.478715959481548
2007-07-23,26J/01H,0.32536034999999996,20.408895,4.490114322507154
2007-07-24,26J/01H,0.0017107605,22.017763,6.01999711863988
2007-07-25,26J/01H,0.0,24.596632,6.847853004616343
2007-07-26,26J/01H,0.0,24.720678,6.697684123627756
2007-07-27,26J/01H,0.0008583069,25.459501,7.160516348062205
2007-07-28,26J/01H,0.0,29.017736,7.590453562143516
2007-07-29,26J/01H,0.0,30.937647,7.603131725702849
2007-07-30,26J/01H,0.0004261732,31.366167,7.818713675333447
2007-07-31,26J/01H,0.0018104792,26.279528,6.76123516444842
2007-08-01,26J/01H,0.0010501928,22.90197,5.550720379346729
2007-08-02,26J/01H,0.0,25.135244,6.4021962069835405
2007-08-03,26J/01H,0.00085234636,28.411947,7.125959468991524
2007-08-04,26J/01H,0.114219826,28.992155,7.1393720081274585
2007-08-05,26J/01H,0.08125262,24.441849,5.251688326484091
2007-08-06,26J/01H,0.010048052,21.56212,4.560715300299982
2007-08-07,26J/01H,0.00044484955,21.559084,5.454544056189146
2007-08-08,26J/01H,0.0,24.529312,6.316870457701568
2007-08-09,26J/01H,0.0,25.926497,6.041472089828493
2007-08-10,26J/01H,0.0022051265,24.371185,5.652988205557493
2007-08-11,26J/01H,0.011469285,20.6751,5.075850892275719
2007-08-12,26J/01H,0.0017347984000000002,20.38236,4.684719024643837
2007-08-13,26J/01H,0.0033451707000000004,20.453259,4.783937855363658
2007-08-14,26J/01H,0.0008618211000000001,21.05682,5.230122532645019
2007-08-15,26J/01H,0.063004932,21.787666,4.576856551815282
2007-08-16,26J/01H,0.0017141502,21.3074,5.0894817497535625
2007-08-17,26J/01H,0.0,24.416117,6.089401297035171
2007-08-18,26J/01H,0.0008583069,24.38814,5.873798375497234
2007-08-19,26J/01H,0.0,23.415878,5.5244947915186975
2007-08-20,26J/01H,0.0,24.609476,5.604687164575101
2007-08-21,26J/01H,0.0022600493,23.047287,5.146420804165199
2007-08-22,26J/01H,0.0,23.60644,4.900844630393575
2007-08-23,26J/01H,0.0,24.610334,5.549806144078617
2007-08-24,26J/01H,0.00044419065,25.593351,5.526441040335458
2007-08-25,26J/01H,5.627446,21.23136,2.779149207826667
2007-08-26,26J/01H,0.8100916,22.967894,4.591394478385683
2007-08-27,26J/01H,0.0008583069,23.708488,5.371265798597121
2007-08-28,26J/01H,0.0014600288,21.544731,4.99390041160538
2007-08-29,26J/01H,0.00264343,20.495035,4.31005585218617
2007-08-30,26J/01H,0.0017808301,21.92127,4.526027485068509
2007-08-31,26J/01H,0.00043511381999999997,25.292551,5.159794455167081
2007-09-01,26J/01H,0.00031220883,24.657854,4.86842681449702
2007-09-02,26J/01H,0.0008642672,24.64605,5.255247591459177
2007-09-03,26J/01H,0.0,24.508163,5.172656390157104
2007-09-04,26J/01H,7.062131000000001e-05,24.875013,5.2915055594102425
2007-09-05,26J/01H,0.0004351138,26.019335,5.350764434681341
2007-09-06,26J/01H,0.0,25.360804,4.532597052249493
2007-09-07,26J/01H,0.0007238011399999999,23.977465,4.419188515242071
2007-09-08,26J/01H,0.41853778,21.10801,3.6736679635099354
2007-09-09,26J/01H,1.0432454,20.325224,3.265038726922145
2007-09-10,26J/01H,2.92967,20.819813,3.828424668310545
2007-09-11,26J/01H,13.645279,21.258497,3.5941621308476
2007-09-12,26J/01H,13.085173000000001,19.6688,2.839588334045901
2007-09-13,26J/01H,0.27830344,20.3319,3.555916784053688
2007-09-14,26J/01H,1.0101532,21.130674,3.460730988518776
2007-09-15,26J/01H,3.1128513,21.600763,3.668378615101071
2007-09-16,26J/01H,2.5379736,21.37062,3.311732962261868
2007-09-17,26J/01H,0.67494745,19.851484,2.738503956947796
2007-09-18,26J/01H,0.11726845000000001,19.27503,3.0752520049141725
2007-09-19,26J/01H,0.57950824,19.842588,3.0992972910086025
2007-09-20,26J/01H,14.115318,18.748327,3.3505164560728438
2007-09-21,26J/01H,1.5867933,19.590004,2.7841528290531894
2007-09-22,26J/01H,0.0,19.523409,3.360417156949508
2007-09-23,26J/01H,0.0009003371,19.44307,3.9036890082014897
2007-09-24,26J/01H,0.0021380837,21.931322,3.928341963842547
2007-09-25,26J/01H,0.00044107437,19.83512,3.493645342502669
2007-09-26,26J/01H,0.0004351138,19.404995,3.749477881826205
2007-09-27,26J/01H,0.0021398065000000003,19.670622,3.8324010958389896
2007-09-28,26J/01H,0.00085234636,18.808987,3.531571681710296
2007-09-29,26J/01H,2.4846,18.447264,2.7240780947555683
2007-09-30,26J/01H,5.4372935,19.179075,1.3261173256230545
2007-10-01,26J/01H,5.536986,19.053068,2.020214529578846
2007-10-02,26J/01H,25.361662,16.699144,1.1151466901919471
2007-10-03,26J/01H,0.25536111,17.272297,2.482124148118263
2007-10-04,26J/01H,0.49255309999999997,17.3629,2.610472299637137
2007-10-05,26J/01H,0.013979028,17.527773,2.8188132733768048
2007-10-06,26J/01H,0.0032563763,17.812807,2.754677720565383
2007-10-07,26J/01H,0.0004351138,19.5801,2.9173702688697487
2007-10-08,26J/01H,0.0,19.569857,2.819739207301348
2007-10-09,26J/01H,0.0,20.875862,3.397699595960183
2007-10-10,26J/01H,0.00085234636,20.94016,3.2853835254703894
2007-10-11,26J/01H,0.0,18.772215,2.927971956473976
2007-10-12,26J/01H,0.0004261732,17.872625,2.808435632783389
2007-10-13,26J/01H,0.0025787404,18.240864,2.741680991114734
2007-10-14,26J/01H,5.016697000000001,18.830582,2.750603754854799
2007-10-15,26J/01H,7.527787,18.063675,2.2337667213116776
2007-10-16,26J/01H,0.45784832999999997,18.1097,2.6679022166509463
2007-10-17,26J/01H,0.0017106531000000002,18.803085,2.82200946066668
2007-10-18,26J/01H,0.00085234636,19.391226,2.8955758203155955
2007-10-19,26J/01H,0.0,19.238092,2.5653383409850723
2007-10-20,26J/01H,0.0,19.130144,2.639235550760757
2007-10-21,26J/01H,0.0,18.865461,2.663844125568575
2007-10-22,26J/01H,0.0026324573,16.756792,2.672177190045342
2007-10-23,26J/01H,0.44717285,15.647628,2.149165396014034
2007-10-24,26J/01H,2.837317,15.613078,1.63024444498505
2007-10-25,26J/01H,0.0004351138,15.391651,2.0955259982362
2007-10-26,26J/01H,0.0017195934,14.425583,2.1639226284195123
2007-10-27,26J/01H,0.0017171642,14.747322,2.321863469757652
2007-10-28,26J/01H,6.6573516e-05,15.482379,2.233398451580601
2007-10-29,26J/01H,0.0,15.520265,2.2669646788457163
2007-10-30,26J/01H,0.00085234636,16.167465,2.1914085177996503
2007-10-31,26J/01H,0.0,14.511188,1.8500127491814755
2007-11-01,26J/01H,0.0017298644000000001,13.661872,2.208330206301348
2007-11-02,26J/01H,0.00085234636,14.649161,2.320443007716976
2007-11-03,26J/01H,0.0008523463,14.844681,2.1609946837417406
2007-11-04,26J/01H,0.0034336220000000003,14.685772,2.190547581258923
2007-11-05,26J/01H,0.00044178560000000003,15.681275,2.3693962463170144
2007-11-06,26J/01H,0.0008583069,15.778491,2.4798895598565958
2007-11-07,26J/01H,0.0,15.319421,2.295429518700859
2007-11-08,26J/01H,0.0008583069,15.05978,2.229904561984377
2007-11-09,26J/01H,0.0008702277,16.035408,2.204174124539577
2007-11-10,26J/01H,0.0004351138,15.70066,2.0950412018479154
2007-11-11,26J/01H,0.0008545232400000001,15.443555,2.0367339218041645
2007-11-12,26J/01H,0.0004351138,15.135613,1.9299486657000704
2007-11-13,26J/01H,0.0,14.873802,1.989625316470255
2007-11-14,26J/01H,0.0004351138,12.9804945,1.954437930449054
2007-11-15,26J/01H,0.0,12.864139,1.8596840661611005
2007-11-16,26J/01H,0.0025764232,12.141721,1.6678309971066625
2007-11-17,26J/01H,0.058266087,11.459831,1.5804445401825011
2007-11-18,26J/01H,0.0,12.9651375,1.6304985113418289
2007-11-19,26J/01H,16.330904,13.366387,1.6490921635012743
2007-11-20,26J/01H,7.770475,15.312758,1.2461071728084128
2007-11-21,26J/01H,0.9745259,12.407791,1.302581196565133
2007-11-22,26J/01H,0.20798416,11.806645,1.0804768414637405
2007-11-23,26J/01H,0.5963282000000001,10.926255,1.110422688098244
2007-11-24,26J/01H,0.00085234636,9.97227,1.2300325718460323
2007-11-25,26J/01H,0.0004261732,10.2821455,1.1711067618156223
2007-11-26,26J/01H,0.0008702277499999999,10.107738,1.3591518335472257
2007-11-27,26J/01H,0.0,10.166949,1.335367495590868
2007-11-28,26J/01H,0.0008523464,10.349353,1.349768264752082
2007-11-29,26J/01H,0.0,8.924133,1.3455966593239894
2007-11-30,26J/01H,0.00044107437,9.557087,1.3837357324671151
2007-12-01,26J/01H,0.0012431729,10.608182,1.2567549302886534
2007-12-02,26J/01H,0.048231583,11.102231,1.137688633491776
2007-12-03,26J/01H,0.026591919999999998,10.96934,1.433371076823136
2007-12-04,26J/01H,0.032519768,11.570291,1.299079405382239
2007-12-05,26J/01H,0.14832937999999998,10.214538,1.1239842684938597
2007-12-06,26J/01H,0.004036829499999999,11.852962,1.3784899315666888
2007-12-07,26J/01H,2.8757576e-05,11.742558,1.2727715915570164
2007-12-08,26J/01H,0.062930084,12.645672,1.0652427890521583
2007-12-09,26J/01H,0.36211368,13.069985,1.3218099318264491
2007-12-10,26J/01H,0.00085234636,10.312322,1.0996048035580572
2007-12-11,26J/01H,0.00127143,9.016888,1.4048183932508604
2007-12-12,26J/01H,0.00042617318,8.778215,1.3241153589029069
2007-12-13,26J/01H,0.0004351138,8.159476,1.395867649897352
2007-12-14,26J/01H,0.00085234636,8.386764,1.320789936936015
2007-12-15,26J/01H,0.00043511385,7.3391175,1.2021480682001044
2007-12-16,26J/01H,0.008149972,6.8561783,1.1733641528094476
2007-12-17,26J/01H,0.37432763999999996,8.786233,1.0719719469043203
2007-12-18,26J/01H,1.3521840999999999,10.498521,1.215167507966196
2007-12-19,26J/01H,9.912137000000001,12.157094,0.6491132386388149
2007-12-20,26J/01H,1.4204405999999998,12.330624,0.804460872715254
2007-12-21,26J/01H,9.773683000000002,10.823009,0.6059037958741483
2007-12-22,26J/01H,0.009390655000000001,11.478057,1.029965969078982
2007-12-23,26J/01H,0.13363834,10.787308,1.1220167528405287
2007-12-24,26J/01H,0.00021400844,10.169496,1.2656091098876758
2007-12-25,26J/01H,1.5445251000000002,10.68724,1.3931722087734566
2007-12-26,26J/01H,0.07015341,9.765088,0.9433109597797662
2007-12-27,26J/01H,0.0,9.074445,1.2040201743875127
2007-12-28,26J/01H,0.0008523463,8.294819,1.2803567414633528
2007-12-29,26J/01H,0.0008519098,7.8838882,1.1712117150550485
2007-12-30,26J/01H,0.0,7.6015077,1.204826039002107
2007-12-31,26J/01H,0.0079943724,7.723787,1.1415257600447208
2008-01-01,26J/01H,2.1076248,8.370734,1.255129997796172
2008-01-02,26J/01H,10.738502,12.705013,0.7865872129999945
2008-01-03,26J/01H,19.874328000000002,10.207284,0.9148481439022818
2008-01-04,26J/01H,3.59674,9.908949,1.0600009333412663
2008-01-05,26J/01H,0.24655670000000002,11.310885,1.3225376358207157
2008-01-06,26J/01H,0.59315924,14.342289,0.8710878283308495
2008-01-07,26J/01H,0.12079654,12.622762,0.8730209974386651
2008-01-08,26J/01H,0.14240227,13.194085,1.0593469910373756
2008-01-09,26J/01H,2.6307808,13.008651,0.8614006231818022
2008-01-10,26J/01H,0.9423139,11.987081,1.0560528159891365
2008-01-11,26J/01H,2.8296300000000003,11.01477,1.2092690497146463
2008-01-12,26J/01H,0.00085234636,7.3065,1.203073057805416
2008-01-13,26J/01H,7.318695300000001,8.902757,1.33211533008134
2008-01-14,26J/01H,0.7884891,10.438985,1.1488933236598675
2008-01-15,26J/01H,0.055351406,10.353055,1.2639503301865112
2008-01-16,26J/01H,1.1055461,12.702885,1.2005984962375291
2008-01-17,26J/01H,0.0067107477,10.566681,1.4065339753225568
2008-01-18,26J/01H,0.018004465,11.709049,1.17324528515334
2008-01-19,26J/01H,0.0008583069,11.431241,1.7020916105542845
2008-01-20,26J/01H,0.0004351138,12.262559,1.5645653023947803
2008-01-21,26J/01H,0.0017279145,13.168918,1.6163598168734592
2008-01-22,26J/01H,0.0035598876,12.156468,1.7954457119505742
2008-01-23,26J/01H,0.0012952751,12.6120825,1.859069257126939
2008-01-24,26J/01H,0.0,11.245552,1.6924718043055555
2008-01-25,26J/01H,0.0021413343,11.709519,1.460755412839836
2008-01-26,26J/01H,0.00085933036,10.482921,1.5256591662107073
2008-01-27,26J/01H,0.0021517272,9.504508,1.621332720541783
2008-01-28,26J/01H,0.0034302456000000004,9.823099,1.6640575578031531
2008-01-29,26J/01H,0.0030096862,11.860105,1.637321064199876
2008-01-30,26J/01H,4.0170148e-05,10.124957,1.5678358913679793
2008-01-31,26J/01H,0.001158915,9.488093,1.531529741910192
2008-02-01,26J/01H,0.00021358362,8.021714,1.3740675584308897
2008-02-02,26J/01H,3.045453,9.599359,1.35197717830714
2008-02-03,26J/01H,2.0081141000000002,11.666206,1.2845606680298567
2008-02-04,26J/01H,0.50248856,11.559086,1.4179452397299812
2008-02-05,26J/01H,0.0035256050000000002,11.034595,1.7672104700382811
2008-02-06,26J/01H,0.00085234636,11.603501,1.899721655117269
2008-02-07,26J/01H,0.00085234636,11.185355,1.9116643442630836
2008-02-08,26J/01H,0.001730181,11.663905,1.9540752933243783
2008-02-09,26J/01H,0.0,12.20145,1.7995651572807785
2008-02-10,26J/01H,0.0008642672999999999,11.772012,1.811160263353586
2008-02-11,26J/01H,0.00048611522,11.353077,1.6981341392895355
2008-02-12,26J/01H,0.0038623803,12.0693245,1.780112697534322
2008-02-13,26J/01H,0.0012814989000000001,12.08409,1.7347656409768957
2008-02-14,26J/01H,0.001033046,12.200751,1.9337226513710184
2008-02-15,26J/01H,0.009130096,12.982469,2.0152304000167094
2008-02-16,26J/01H,0.0004351138,13.279419,1.9241155955056608
2008-02-17,26J/01H,16.843746,12.055263,0.9396722357048852
2008-02-18,26J/01H,14.034904000000001,13.829154,1.280548496822106
2008-02-19,26J/01H,4.8358620000000005,13.755985,1.7361523290543086
2008-02-20,26J/01H,5.132382,12.617194,1.69413525784379
2008-02-21,26J/01H,3.7772793,12.85006,1.8785119530521397
2008-02-22,26J/01H,7.5449834000000005,12.141075,1.5420437278794057
2008-02-23,26J/01H,10.280228,13.153416,1.4193164081498213
2008-02-24,26J/01H,3.9422466,13.22084,1.3615775824299043
2008-02-25,26J/01H,0.7234399,13.861049,1.8403312669105745
2008-02-26,26J/01H,0.00085723734,13.431073,2.4849065187231494
2008-02-27,26J/01H,0.0073126965,13.85387,2.346512429645523
2008-02-28,26J/01H,0.46120404000000004,13.665835,1.8743923909693607
2008-02-29,26J/01H,0.011287278000000001,12.982426,2.208554721575375
2008-03-01,26J/01H,0.0017195935000000001,13.9087515,2.727100183525602
2008-03-02,26J/01H,0.0008702277499999999,14.840096,2.7930685646365814
2008-03-03,26J/01H,0.0086171,14.50013,2.5784784805181604
2008-03-04,26J/01H,0.0,15.007457,2.0285492392336155
2008-03-05,26J/01H,0.0008583068,10.168837,1.8666064302245773
2008-03-06,26J/01H,0.0017359807,9.572491,2.174739540753661
2008-03-07,26J/01H,0.0021457663,10.522518,2.766818819379922
2008-03-08,26J/01H,0.0004351138,10.975554,2.4388334995729437
2008-03-09,26J/01H,0.29248386,11.384068,2.101588630854562
2008-03-10,26J/01H,0.33410278,11.419965,2.134084602660261
2008-03-11,26J/01H,0.0079635344,14.023004,2.4830830441866505
2008-03-12,26J/01H,0.0016696259,14.277144,2.603372618636238
2008-03-13,26J/01H,0.0,15.707871,3.2600690116729325
2008-03-14,26J/01H,0.0053870153,16.238428,3.307230357744507
2008-03-15,26J/01H,0.10638944,14.440072,2.3369368627379936
2008-03-16,26J/01H,0.0,12.384518,2.552048005907313
2008-03-17,26J/01H,0.07506113,12.163422,2.649978577165014
2008-03-18,26J/01H,0.20405945,11.468707,2.133203416169336
2008-03-19,26J/01H,15.295914000000002,10.950836,2.12828631474851
2008-03-20,26J/01H,10.370218999999999,11.198494,1.993668761977183
2008-03-21,26J/01H,0.0039873822,11.581401,2.909677467017744
2008-03-22,26J/01H,0.9233744,10.617713,2.011667512697264
2008-03-23,26J/01H,0.0,8.540617,2.290433311929436
2008-03-24,26J/01H,0.0,9.809129,2.763407335990625
2008-03-25,26J/01H,0.02435257,11.032582,2.6191943797909008
2008-03-26,26J/01H,0.0007213076,11.679623,2.493610180625692
2008-03-27,26J/01H,0.1631229,12.76872,2.442297161958055
2008-03-28,26J/01H,0.04300236,13.513615,2.657262945347363
2008-03-29,26J/01H,0.013649461000000002,15.131923,3.430089356193209
2008-03-30,26J/01H,0.5293689,12.585605,2.7358749473169093
2008-03-31,26J/01H,0.0012904402,12.27026,3.073047280916412
2008-04-01,26J/01H,0.00085234636,15.210419,3.888653103301169
2008-04-02,26J/01H,0.0004351138,17.1449,3.91888704778365
2008-04-03,26J/01H,0.0,17.220608,4.428506237735191
2008-04-04,26J/01H,0.0008455015000000001,18.137629,4.5978766650546605
2008-04-05,26J/01H,0.0065072455,16.943949,3.573659985955358
2008-04-06,26J/01H,0.21055457000000002,16.203308,3.9107193700075222
2008-04-07,26J/01H,3.6598489,14.666543,2.373749152380761
2008-04-08,26J/01H,22.430355,14.464031,1.9769244628592204
2008-04-09,26J/01H,9.42577,16.418535,2.408672604731653
2008-04-10,26J/01H,5.2008174,13.383975,2.647159760880724
2008-04-11,26J/01H,0.6297679399999999,11.537308,2.589687562478625
2008-04-12,26J/01H,0.00085234636,11.269887,2.92735220358869
2008-04-13,26J/01H,0.20322987,11.975517,3.3139712964752635
2008-04-14,26J/01H,0.0008583069,13.139192,3.641906570162778
2008-04-15,26J/01H,0.0042267327,14.127458,3.6668787339774354
2008-04-16,26J/01H,1.4073774000000001,14.845609,3.6448762174204767
2008-04-17,26J/01H,8.562447,14.128955,2.3285320792967408
2008-04-18,26J/01H,11.705699000000001,13.181141,2.419553888901052
2008-04-19,26J/01H,10.068484,12.442814,2.5404742384683288
2008-04-20,26J/01H,10.251693,11.673089,2.3432692801251847
2008-04-21,26J/01H,0.3937152,12.667796,2.7540540885952103
2008-04-22,26J/01H,0.020384724,12.885434,3.3335678269199893
2008-04-23,26J/01H,0.0029864614000000003,15.25869,4.102479757301617
2008-04-24,26J/01H,0.0008612870000000001,19.16493,4.970273715752813
2008-04-25,26J/01H,0.00085234636,20.45447,4.780889238442533
2008-04-26,26J/01H,0.001282483,19.661524,5.3834695568604
2008-04-27,26J/01H,0.001711619,20.041634,4.96928883163978
2008-04-28,26J/01H,0.0021344433000000003,15.3826475,3.316737636156633
2008-04-29,26J/01H,0.0021369023,13.183983,3.648620793526252
2008-04-30,26J/01H,0.0019829417,13.6023,3.268059988295253
2008-05-01,26J/01H,0.00085234636,14.2248335,4.113893464762267
2008-05-02,26J/01H,0.0,17.091291,4.9730997624618585
2008-05-03,26J/01H,0.0018412843000000002,19.12029,4.968135189638315
2008-05-04,26J/01H,0.019546093,18.765068,4.590829642987512
2008-05-05,26J/01H,0.0,19.70013,5.125536903120642
2008-05-06,26J/01H,0.0009423876,21.026632,5.900988357733673
2008-05-07,26J/01H,0.18552371,20.207602,4.302436884745584
2008-05-08,26J/01H,0.38296725,16.810871,3.6945761315028354
2008-05-09,26J/01H,0.46671793000000006,14.041454,3.3369105183429344
2008-05-10,26J/01H,0.56759735,14.136434,3.5366930962859664
2008-05-11,26J/01H,0.66602576,15.161072,3.276626831634004
2008-05-12,26J/01H,0.40583658000000006,15.190003,3.164106244703486
2008-05-13,26J/01H,0.4909711,15.32903,3.452948824871786
2008-05-14,26J/01H,0.37055804000000003,15.048291,3.5160037822073487
2008-05-15,26J/01H,3.4556194000000002,14.866752,3.359051869680104
2008-05-16,26J/01H,7.463042499999999,15.282556,3.36505307986698
2008-05-17,26J/01H,0.21892996,15.223578,3.9459888336758
2008-05-18,26J/01H,1.0424423999999999,14.603562,3.505587681735149
2008-05-19,26J/01H,0.4667886,15.054703,3.4875793374897244
2008-05-20,26J/01H,3.6644016,15.997317,3.790589556802941
2008-05-21,26J/01H,0.31167334,16.716228,3.630705584076644
2008-05-22,26J/01H,1.2860912,17.15901,3.8638222473885806
2008-05-23,26J/01H,23.245188,16.31927,3.3178632919233184
2008-05-24,26J/01H,0.99084485,14.234478,3.2832614303512457
2008-05-25,26J/01H,3.3154407000000004,13.919247,3.4568493934368347
2008-05-26,26J/01H,0.9225719,14.161803,3.643181510859226
2008-05-27,26J/01H,3.828914,14.623066,3.3743874023967133
2008-05-28,26J/01H,1.9181759999999999,15.008105,3.7253096337270297
2008-05-29,26J/01H,1.1905767,16.182589,3.504733914653655
2008-05-30,26J/01H,0.51761237,15.2618,3.693501243375693
2008-05-31,26J/01H,0.14856819,15.431521,3.9401053262751007
2008-06-01,26J/01H,0.17703914,15.743081,3.962341568937559
2008-06-02,26J/01H,0.038427630000000004,16.152931,4.20610907174329
2008-06-03,26J/01H,0.0004261732,17.662384,4.854425728769915
2008-06-04,26J/01H,0.0004351138,18.21071,4.992578469080309
2008-06-05,26J/01H,0.0,17.769331,5.047357324468795
2008-06-06,26J/01H,0.0017225740000000002,20.102,5.8461549516210525
2008-06-07,26J/01H,0.0004261732,22.828072,5.967997979612157
2008-06-08,26J/01H,0.0,22.569801,5.580727078419908
2008-06-09,26J/01H,0.0,19.85156,4.83044685065636
2008-06-10,26J/01H,0.004100993,20.078907,4.764085536489035
2008-06-11,26J/01H,0.00085371196,22.00144,5.7935662441087326
2008-06-12,26J/01H,0.0021487467,23.543343,5.971599657673667
2008-06-13,26J/01H,0.002566675,24.839867,6.5448839131930825
2008-06-14,26J/01H,0.0,24.019922,6.6860208613101255
2008-06-15,26J/01H,0.018679566999999998,20.695185,5.200244843027984
2008-06-16,26J/01H,0.91266046,19.19532,3.8918116516695975
2008-06-17,26J/01H,0.0020296645,20.14609,5.257802482700362
2008-06-18,26J/01H,0.0008523464,21.92404,6.238589011157108
2008-06-19,26J/01H,0.0008583069,23.094336,6.653954546570826
2008-06-20,26J/01H,0.0,25.194649,6.839847066129402
2008-06-21,26J/01H,0.0012923629000000001,25.775635,6.707210020560866
2008-06-22,26J/01H,0.0012993805,24.908667,6.906532717553563
2008-06-23,26J/01H,0.08762839,22.84307,5.621169354609775
2008-06-24,26J/01H,0.002141876,22.024847,5.968778411622962
2008-06-25,26J/01H,0.001716613,25.990171,7.479360117193621
2008-06-26,26J/01H,0.0004351138,27.409386,7.07670184814913
2008-06-27,26J/01H,0.00086294216,27.69525,7.522813021768514
2008-06-28,26J/01H,0.00085234636,27.81121,7.286539407392893
2008-06-29,26J/01H,0.0010259885,27.133842,7.146290173033281
2008-06-30,26J/01H,0.0008583069,26.809975,7.384323604711336
2008-07-01,26J/01H,0.00018531485,24.791641,6.647997706650682
2008-07-02,26J/01H,0.00093737984,21.616747,5.100024555794497
2008-07-03,26J/01H,0.0,20.091925,5.288488017065803
2008-07-04,26J/01H,0.0008583069,22.271576,6.061232261853541
2008-07-05,26J/01H,0.006884271,23.37812,5.647874760650159
2008-07-06,26J/01H,0.0,20.18397,4.776927197576858
2008-07-07,26J/01H,0.00043511385,20.369368,5.595190595521303
2008-07-08,26J/01H,0.0008531624,22.562569,6.290942193892869
2008-07-09,26J/01H,0.00044107437,23.2975,6.386081616742232
2008-07-10,26J/01H,0.0004261732,22.82799,6.018643929469972
2008-07-11,26J/01H,0.011503382999999999,22.404243,5.291259318496631
2008-07-12,26J/01H,0.0008702277499999999,20.845144,5.033627836753229
2008-07-13,26J/01H,0.0008466843,22.356468,6.272063152300631
2008-07-14,26J/01H,0.0010013208,24.422028,6.425670730619189
2008-07-15,26J/01H,0.004263278,25.58713,6.11101592837054
2008-07-16,26J/01H,0.0021441538000000005,25.357153,6.111075311453768
2008-07-17,26J/01H,0.0012934207,28.190714,7.130169838022843
2008-07-18,26J/01H,0.0034417663,29.171516,7.358652939861098
2008-07-19,26J/01H,0.0028239307,27.125975,5.313412516753041
2008-07-20,26J/01H,0.09652643000000001,24.82013,5.744466760303202
2008-07-21,26J/01H,0.00047858083000000003,24.815582,6.712961806428771
2008-07-22,26J/01H,0.0008647307,25.804117,7.0379508853303605
2008-07-23,26J/01H,0.0014626735,23.395292,5.711644144369145
2008-07-24,26J/01H,0.0,20.943224,5.31858224068467
2008-07-25,26J/01H,0.035041710000000004,22.068764,4.993440190809861
2008-07-26,26J/01H,0.08109929,22.911863,4.906265643598446
2008-07-27,26J/01H,4.7114737e-05,22.645487,5.597175085367779
2008-07-28,26J/01H,0.16599638,23.200699,4.970781205525792
2008-07-29,26J/01H,0.0004261732,21.685991,5.466068183629447
2008-07-30,26J/01H,0.0012829161,22.1443,5.964184537185544
2008-07-31,26J/01H,0.0021758237,22.766962,5.506016831007258
2008-08-01,26J/01H,0.0031504571,22.873884,5.040738522148907
2008-08-02,26J/01H,0.0004254314,25.56266,6.797904851564782
2008-08-03,26J/01H,0.00042936382,27.400858,6.806815362157213
2008-08-04,26J/01H,0.0,27.857101,6.817347821585456
2008-08-05,26J/01H,0.0025750713,27.423513,6.483723249841977
2008-08-06,26J/01H,0.0008583069,24.522497,5.920907846815478
2008-08-07,26J/01H,0.00087675273,22.700119,5.229387587486252
2008-08-08,26J/01H,0.0,22.741343,5.954316887764857
2008-08-09,26J/01H,0.0,25.13907,6.4790899282539165
2008-08-10,26J/01H,0.0,25.043327,6.038301892142353
2008-08-11,26J/01H,0.016065481,22.849596,4.882626325279677
2008-08-12,26J/01H,0.33929126000000004,22.617987,4.136054174589399
2008-08-13,26J/01H,0.0008636218,21.739454,5.353774540085241
2008-08-14,26J/01H,0.0,21.201124,5.266282554486573
2008-08-15,26J/01H,0.0017046924000000002,22.254599,5.303030442659428
2008-08-16,26J/01H,0.032549847,20.914341,4.216978148011228
2008-08-17,26J/01H,0.016360115,21.518393,4.59563711551694
2008-08-18,26J/01H,0.001275539,22.40661,5.507411373409077
2008-08-19,26J/01H,0.00044107437,21.74346,5.112047114439506
2008-08-20,26J/01H,0.000846386,22.233618,5.579978580702655
2008-08-21,26J/01H,0.0025808804,23.31247,5.387158989607355
2008-08-22,26J/01H,0.0017024140000000002,22.988752,4.839780426609039
2008-08-23,26J/01H,0.001716613,22.578882,5.591939118279863
2008-08-24,26J/01H,0.0008702277499999999,23.550951,5.512937753492835
2008-08-25,26J/01H,0.016713543,22.788027,5.014287809229135
2008-08-26,26J/01H,0.0021457663,23.749365,5.703955598866196
2008-08-27,26J/01H,0.0014468954,23.587027,5.49643456927226
2008-08-28,26J/01H,0.008131309500000001,24.321465,5.188183481871792
2008-08-29,26J/01H,0.2943246,23.378637,4.23291815072293
2008-08-30,26J/01H,0.026790966000000003,21.264347,3.986904539968763
2008-08-31,26J/01H,0.014734672,21.251831,4.215134680928046
2008-09-01,26J/01H,0.0017361299,21.950361,4.815583240407709
2008-09-02,26J/01H,0.00085234636,20.13621,4.239930725857271
2008-09-03,26J/01H,0.005449952,19.566593,3.848770665292832
2008-09-04,26J/01H,0.1375236,20.775505,3.9849258972526975
2008-09-05,26J/01H,0.46571988,20.429804,3.5449344723645084
2008-09-06,26J/01H,1.9001495,20.874338,3.5456005663622325
2008-09-07,26J/01H,0.00043686053,19.333357,4.059108267218346
2008-09-08,26J/01H,0.0013418374,20.628424,4.459814825863332
2008-09-09,26J/01H,0.07087933,22.297852,3.828489662660547
2008-09-10,26J/01H,0.056294914,23.1018,4.339386574993804
2008-09-11,26J/01H,0.004417094,20.45775,3.7354324878257774
2008-09-12,26J/01H,0.0,18.970572,3.906336057214271
2008-09-13,26J/01H,0.001275539,21.392456,4.433352366332374
2008-09-14,26J/01H,0.0016929672,22.83152,4.807898726962527
2008-09-15,26J/01H,0.0004351138,22.564867,4.671396381969629
2008-09-16,26J/01H,0.0012755394,19.128956,3.5878890602311877
2008-09-17,26J/01H,0.0017326798,19.75369,3.950693660169178
2008-09-18,26J/01H,0.0014991612,20.118767,3.922401634920236
2008-09-19,26J/01H,0.23037079,23.056732,3.816604887334097
2008-09-20,26J/01H,1.9394858,23.778353,3.4947950774990604
2008-09-21,26J/01H,5.116752000000001,21.131348,2.868793897362341
2008-09-22,26J/01H,10.594871,18.965322,2.659767392327498
2008-09-23,26J/01H,0.21998558000000001,19.425108,2.8969163482635394
2008-09-24,26J/01H,0.09583794000000001,19.385626,2.959239803104418
2008-09-25,26J/01H,0.11438494,20.020506,3.111767470710616
2008-09-26,26J/01H,0.009897475000000001,20.165464,3.4771746859937576
2008-09-27,26J/01H,6.422984400000001,18.694118,2.4521180298540983
2008-09-28,26J/01H,26.469373,16.486471,0.9156593948024968
2008-09-29,26J/01H,1.1536586,19.333681,2.6061449621590014
2008-09-30,26J/01H,0.043441160000000006,19.650675,3.2706761567088534
2008-10-01,26J/01H,0.0024234636,18.668962,3.214180799489036
2008-10-02,26J/01H,0.0004351138,16.815302,2.831793279895792
2008-10-03,26J/01H,0.0017281555,15.595032,2.60439371614606
2008-10-04,26J/01H,0.0,16.305086,3.1915191010546864
2008-10-05,26J/01H,0.0,17.807615,3.053589152076404
2008-10-06,26J/01H,0.0017293131,17.384752,3.184761499261924
2008-10-07,26J/01H,0.51626855,16.86017,2.660879135378308
2008-10-08,26J/01H,0.003523069,16.201189,2.54987517078188
2008-10-09,26J/01H,0.0008583069,17.051676,2.726631384626872
2008-10-10,26J/01H,0.10889307,20.932503,3.303895058949108
2008-10-11,26J/01H,8.843715,19.257605,2.024763598814318
2008-10-12,26J/01H,4.7242046,17.18586,2.031492980584067
2008-10-13,26J/01H,0.40900243999999997,16.931364,2.324010980426704
2008-10-14,26J/01H,0.03245361,17.900309,2.75960646063664
2008-10-15,26J/01H,0.0008486352000000001,19.340319,2.959108877394689
2008-10-16,26J/01H,0.0,18.051006,2.629781264064399
2008-10-17,26J/01H,1.4778638000000002,18.263258,1.7634634632873678
2008-10-18,26J/01H,1.4441433,17.039068,2.0811354652079395
2008-10-19,26J/01H,2.8089548,16.89495,2.4383214906599213
2008-10-20,26J/01H,0.16553786,17.884272,2.3465601773166838
2008-10-21,26J/01H,1.4129007999999998,17.728699,2.306035600886277
2008-10-22,26J/01H,5.488784,12.567185,1.4437903903578018
2008-10-23,26J/01H,0.0017285337,16.278862,2.242433214273992
2008-10-24,26J/01H,0.0025670304000000002,16.41564,2.370009305296489
2008-10-25,26J/01H,0.0012882575,16.719582,2.475553843309028
2008-10-26,26J/01H,0.0,18.86225,2.346634723856274
2008-10-27,26J/01H,0.07519826500000001,17.720167,2.391179888388202
2008-10-28,26J/01H,2.9759548000000002,12.685414,1.3867382587151178
2008-10-29,26J/01H,0.00044107437,10.918362,1.744902181103989
2008-10-30,26J/01H,2.1549656,11.947814,1.6600716664594637
2008-10-31,26J/01H,4.3895034,11.961123,1.2531460551097202
2008-11-01,26J/01H,0.44390366000000003,10.296872,1.716547720463948
2008-11-02,26J/01H,0.010759809,10.799861,1.6808466992524853
2008-11-03,26J/01H,0.012402037999999999,11.201901,1.7989198496197965
2008-11-04,26J/01H,1.9068998,11.610652,1.391002217288327
2008-11-05,26J/01H,0.50324863,13.1225395,1.3796279579576338
2008-11-06,26J/01H,0.003151346,12.076556,1.4907459545848585
2008-11-07,26J/01H,0.91368787,12.270198,1.539869939102703
2008-11-08,26J/01H,0.0008575619,11.557087,1.656488671601107
2008-11-09,26J/01H,0.0012941455,11.926421,1.9199308806999824
2008-11-10,26J/01H,0.0,12.662132,1.9576241943968051
2008-11-11,26J/01H,0.0017173779,13.943044,1.5959881964565108
2008-11-12,26J/01H,0.0,11.39006,1.5391969359050557
2008-11-13,26J/01H,0.0004261732,11.103408,1.55907138616398
2008-11-14,26J/01H,0.0004351138,10.825526,1.7453862581721693
2008-11-15,26J/01H,0.0008593928,10.875587,1.6662779028395958
2008-11-16,26J/01H,0.002577296,10.999114,1.869876861707606
2008-11-17,26J/01H,0.0,11.9691725,1.8700670724436148
2008-11-18,26J/01H,0.00087911147,12.174771,1.7208257189121892
2008-11-19,26J/01H,0.0004351138,12.344527,1.5142983230966398
2008-11-20,26J/01H,0.0025689597000000002,12.153126,1.5621855733408687
2008-11-21,26J/01H,0.0016980903,12.287889,1.5708243120927745
2008-11-22,26J/01H,0.0008557827,11.8931055,1.72359705070048
2008-11-23,26J/01H,0.0017106531000000002,12.80255,1.582805135064706
2008-11-24,26J/01H,0.2133362,11.359436,1.0972152204180723
2008-11-25,26J/01H,0.0009607588600000001,9.680937,1.1470941906039556
2008-11-26,26J/01H,0.032561928000000004,7.2774243,1.0062149810583176
2008-11-27,26J/01H,0.0021550976999999997,7.735825,1.2223294309931836
2008-11-28,26J/01H,5.524908000000001,8.454434,1.303164462649413
2008-11-29,26J/01H,8.363067,8.818777,0.8721609689807905
2008-11-30,26J/01H,4.298039,7.6821804,0.957991271944745
2008-12-01,26J/01H,0.35801505,6.8465004,0.9387937193943382
2008-12-02,26J/01H,0.0008553266000000001,5.704565,1.0061561909058765
2008-12-03,26J/01H,0.9377071,8.444759,1.239484470427328
2008-12-04,26J/01H,0.20467308,11.368817,1.0964379969700282
2008-12-05,26J/01H,0.46849982,13.970562,0.9028438201368708
2008-12-06,26J/01H,0.06773973999999999,13.641818,0.9916429455466358
2008-12-07,26J/01H,2.210737,13.734065,1.0378870901864834
2008-12-08,26J/01H,0.058065502000000005,12.107567,0.8779903326336062
2008-12-09,26J/01H,0.0727675,10.824744,0.8874356544943564
2008-12-10,26J/01H,0.0,8.598841,0.9554723873184496
2008-12-11,26J/01H,0.79539526,7.582266,1.1643066422559305
2008-12-12,26J/01H,1.5291880000000002,8.674406,0.965560839353443
2008-12-13,26J/01H,7.308209,8.622096,1.1302044351033889
2008-12-14,26J/01H,2.166892,8.212336,0.773757284265257
2008-12-15,26J/01H,0.03445487,7.091095,0.8721654836746735
2008-12-16,26J/01H,0.0017165439000000002,6.9971027,1.124861531490796
2008-12-17,26J/01H,0.04582458,8.733104,1.0151465124172427
2008-12-18,26J/01H,0.014050232,7.0324464,0.9959979449251882
2008-12-19,26J/01H,0.0071792107,7.9937096,1.319599839789174
2008-12-20,26J/01H,0.0017225739000000001,9.0864725,1.3712687492744098
2008-12-21,26J/01H,0.00257194,10.107008,1.4717399073679842
2008-12-22,26J/01H,0.0004351138,9.808206,1.375105847477276
2008-12-23,26J/01H,0.0012874597000000002,10.371818,1.119280127103783
2008-12-24,26J/01H,0.0,8.631312,1.2082164348221052
2008-12-25,26J/01H,0.00085234636,8.512257,1.2711343321816817
2008-12-26,26J/01H,0.003729835,7.5195675,1.1969838796101542
2008-12-27,26J/01H,10.420033,9.839671,0.8884707009336239
2008-12-28,26J/01H,1.640435,11.335385,0.8570564699879378
2008-12-29,26J/01H,0.08747139,12.16755,1.1236091116414582
2008-12-30,26J/01H,3.9770881,13.024619,1.1490068232369577
2008-12-31,26J/01H,6.853676,12.828144,0.7892315689266055
2009-01-01,26J/01H,5.517745,13.652694,0.9687504689823594
2009-01-02,26J/01H,2.587167,13.740088,0.6617435668620499
2009-01-03,26J/01H,5.605859400000001,11.693671,0.8774769541252432
2009-01-04,26J/01H,0.037026024,10.205155,0.933832003069131
2009-01-05,26J/01H,0.22202457,8.930715,0.6998301005682216
2009-01-06,26J/01H,0.0029552722,6.756426,0.898271302738544
2009-01-07,26J/01H,0.050396984000000006,5.112514,0.962920742118086
2009-01-08,26J/01H,0.0004351138,4.108189,0.880862293246026
2009-01-09,26J/01H,0.00085532653,2.7109654,0.8188588472866805
2009-01-10,26J/01H,0.37370874,3.216257,0.8755958607916641
2009-01-11,26J/01H,0.0,4.601998,1.1364786738148038
2009-01-12,26J/01H,0.00085234636,5.966804,1.305428275966106
2009-01-13,26J/01H,1.9269398000000002,9.078573,1.274501271036659
2009-01-14,26J/01H,0.037228268,6.9748025,1.1171555858438564
2009-01-15,26J/01H,22.811094,8.973235,0.8009266292059382
2009-01-16,26J/01H,9.87294,9.18546,0.9471677986989324
2009-01-17,26J/01H,0.0012844801,8.457588,1.302268983837625
2009-01-18,26J/01H,0.04652539,10.547933,1.41545115312069
2009-01-19,26J/01H,3.7258652000000003,12.465327,0.916107878828278
2009-01-20,26J/01H,4.2995730000000005,7.0260196,0.9285379283360776
2009-01-21,26J/01H,0.091476585,6.807464,1.1314654183641286
2009-01-22,26J/01H,0.5691127,12.215782,1.3093121056835435
2009-01-23,26J/01H,0.62133954,14.351623,0.8356183363977686
2009-01-24,26J/01H,0.5396128,12.064846,1.0546352940431725
2009-01-25,26J/01H,2.8100503,10.050845,1.0294899959080168
2009-01-26,26J/01H,0.6977621500000001,9.160266,1.0649577985701386
2009-01-27,26J/01H,0.26529315000000003,9.346707,1.296414929761819
2009-01-28,26J/01H,0.1652283,12.080018,1.234319339242413
2009-01-29,26J/01H,0.8739866,12.995796,1.1485584287430008
2009-01-30,26J/01H,9.011275,11.294736,1.2888987309513087
2009-01-31,26J/01H,7.159402,9.090394,1.116679889196129
2009-02-01,26J/01H,24.820045,10.201701,1.0713587210316893
2009-02-02,26J/01H,0.2842272,8.498302,1.1710580192569031
2009-02-03,26J/01H,4.687353,9.526241,1.1425116380454194
2009-02-04,26J/01H,7.2568125000000006,9.358365,0.9709644118354877
2009-02-05,26J/01H,3.1745405,8.299949,1.272313183698848
2009-02-06,26J/01H,1.5801195000000001,7.256125,1.0403399512718003
2009-02-07,26J/01H,0.70333716,7.5734706,1.2456810324332133
2009-02-08,26J/01H,0.017802042,9.330336,1.6259648610065562
2009-02-09,26J/01H,0.379142,12.700086,1.2637603527129202
2009-02-10,26J/01H,0.9507446,11.191609,1.4312364999263438
2009-02-11,26J/01H,0.001275539,8.779948,1.7929605927197907
2009-02-12,26J/01H,0.0004351138,9.403863,2.020278360892969
2009-02-13,26J/01H,0.0030100336,10.473883,2.063825588194764
2009-02-14,26J/01H,0.0012828515,10.040044,1.995792133813054
2009-02-15,26J/01H,0.0012934207,10.159457,2.0352735895905862
2009-02-16,26J/01H,0.0,10.063338,2.042524518564945
2009-02-17,26J/01H,0.0017229258000000002,9.825179,1.993146386119712
2009-02-18,26J/01H,0.0004351138,9.968202,2.086858291181122
2009-02-19,26J/01H,0.00061942655,9.098805,1.9646744938855067
2009-02-20,26J/01H,0.002615661,10.005041,2.1635086401094115
2009-02-21,26J/01H,0.0008702278000000001,11.242462,2.131320087789427
2009-02-22,26J/01H,0.0,11.601269,2.2994556204766217
2009-02-23,26J/01H,0.0008523463,11.9091,2.257893695275543
2009-02-24,26J/01H,0.0012941283,12.429637,2.370958911442428
2009-02-25,26J/01H,0.0012874599,12.535108,2.539829983182966
2009-02-26,26J/01H,0.0021398063000000003,13.241403,2.2723359290612763
2009-02-27,26J/01H,0.75771783,12.560524,2.110481570826564
2009-02-28,26J/01H,3.2140576000000003,12.359551,2.0684477569406203
2009-03-01,26J/01H,4.231723,11.530865,1.5969114341010164
2009-03-02,26J/01H,3.0154087,9.322471,1.3306420657043407
2009-03-03,26J/01H,3.3303862,9.11074,1.6551461205397366
2009-03-04,26J/01H,0.84986554,10.20714,1.674421124833818
2009-03-05,26J/01H,0.6920922,11.791926,1.559436924218869
2009-03-06,26J/01H,0.28743137,12.147071,1.943207558548152
2009-03-07,26J/01H,0.06576694500000001,14.062264,2.167510171007188
2009-03-08,26J/01H,0.0008523464,14.618854,3.1066164500347084
2009-03-09,26J/01H,0.0017198981000000001,15.151588,2.947625692843129
2009-03-10,26J/01H,0.0,14.854645,3.029191286165462
2009-03-11,26J/01H,0.0,15.809733,3.338538989945729
2009-03-12,26J/01H,0.00085234636,15.419372,3.344256017646815
2009-03-13,26J/01H,0.0012904402,15.581885,3.4247134331832227
2009-03-14,26J/01H,0.0012817582,16.724192,3.6017986019017
2009-03-15,26J/01H,0.00085234636,16.658693,3.4807801136239784
2009-03-16,26J/01H,0.0008523463,16.924032,3.6321279619684974
2009-03-17,26J/01H,0.0021555314,16.531458,2.774337671299807
2009-03-18,26J/01H,0.0008523463,15.537305,3.071705762954976
2009-03-19,26J/01H,0.00128597,15.537934,3.147314892521905
2009-03-20,26J/01H,0.06556225,16.752228,3.5347144695416
2009-03-21,26J/01H,0.00085234636,15.862935,3.488175310176441
2009-03-22,26J/01H,0.5322736,15.538368,3.097926824873884
2009-03-23,26J/01H,0.0025708587,15.098989,3.0591546508017498
2009-03-24,26J/01H,0.31105212,15.355073,3.2525994313069275
2009-03-25,26J/01H,0.011018299,16.734566,3.752382797116224
2009-03-26,26J/01H,0.0006910122,18.220556,4.069999224675098
2009-03-27,26J/01H,0.66844,17.35253,3.64359320051604
2009-03-28,26J/01H,1.8585793000000002,13.282582,2.518394950814393
2009-03-29,26J/01H,0.11250561,11.185712,2.601289788014616
2009-03-30,26J/01H,0.0,11.359062,2.8840045303477666
2009-03-31,26J/01H,0.002151048,11.570188,3.27872165957208
2009-04-01,26J/01H,0.00019494772,12.415614,3.0445432541441515
2009-04-02,26J/01H,0.002578837,12.628621,3.3157360097080524
2009-04-03,26J/01H,0.0012814989000000001,13.009618,3.487239524760212
2009-04-04,26J/01H,0.0,14.852684,4.01949802696182
2009-04-05,26J/01H,0.08985754,16.090673,3.949158557664135
2009-04-06,26J/01H,0.00085250026,14.83331,3.530706141326598
2009-04-07,26J/01H,0.04871214,12.240571,2.6886546138947947
2009-04-08,26J/01H,0.0004351138,13.044118,3.588684777636721
2009-04-09,26J/01H,4.7114737e-05,13.484359,3.75866549061102
2009-04-10,26J/01H,0.60299384,11.990924,2.2303862289128773
2009-04-11,26J/01H,0.67436896,12.369793,2.820716368719302
2009-04-12,26J/01H,0.0,12.877355,3.321370923148643
2009-04-13,26J/01H,0.22138846,12.812043,3.3277611016529565
2009-04-14,26J/01H,2.9716777000000003,11.935375,2.582269895496492
2009-04-15,26J/01H,2.7306897,10.804793,2.5855121116876534
2009-04-16,26J/01H,2.6052068,12.245548,2.714907216398219
2009-04-17,26J/01H,7.8397619999999995,11.79086,2.286492327692637
2009-04-18,26J/01H,1.4605297000000002,12.599244,2.6515991372826453
2009-04-19,26J/01H,0.4061423,14.581576,3.4315609329714767
2009-04-20,26J/01H,0.0012814989000000001,14.042786,3.8464607488790254
2009-04-21,26J/01H,0.0017038364,16.277504,4.650684428672089
2009-04-22,26J/01H,0.0004351138,18.319197,4.91995476720929
2009-04-23,26J/01H,0.0,19.040794,5.1247360164075175
2009-04-24,26J/01H,0.0017116328,17.796198,4.780671101470174
2009-04-25,26J/01H,0.9549981000000001,11.9909525,2.808246279262749
2009-04-26,26J/01H,5.7857417,12.07634,3.1578304814133773
2009-04-27,26J/01H,0.24404920000000002,12.260703,3.127914135376646
2009-04-28,26J/01H,0.5864949,13.639111,3.1978446363028894
2009-04-29,26J/01H,0.029580380000000003,13.832257,3.4302688301419493
2009-04-30,26J/01H,0.43933307000000005,14.134641,3.639719929471206
2009-05-01,26J/01H,0.0,16.269457,4.806877418705527
2009-05-02,26J/01H,0.0008583069,18.931871,5.101482204422193
2009-05-03,26J/01H,0.0008539904400000001,20.387892,5.23152617199945
2009-05-04,26J/01H,0.0017094588,20.457157,5.901908766511869
2009-05-05,26J/01H,0.0,21.299875,5.882700478336664
2009-05-06,26J/01H,0.0,21.42069,5.863626969254499
2009-05-07,26J/01H,0.0017220691,21.861593,6.127842650572453
2009-05-08,26J/01H,0.035588184,20.529287,5.153240815205612
2009-05-09,26J/01H,0.41873636,20.263678,4.403904282067215
2009-05-10,26J/01H,0.38751367,18.03462,3.667664803050288
2009-05-11,26J/01H,2.1711660000000004,17.037167,3.528998817122672
2009-05-12,26J/01H,0.31671957,15.616681,3.4181537819395538
2009-05-13,26J/01H,0.8227501,15.402114,3.907276936326755
2009-05-14,26J/01H,0.024074396,16.145306,3.7738597840695753
2009-05-15,26J/01H,0.0008583069,15.753644,4.561177840524242
2009-05-16,26J/01H,0.0017189978,17.016706,4.980306252169588
2009-05-17,26J/01H,0.02459111,16.761719,3.918611458803428
2009-05-18,26J/01H,0.0033631425,16.296696,4.432662464696547
2009-05-19,26J/01H,0.0004351138,17.306921,5.300246280667996
2009-05-20,26J/01H,0.0,20.626204,6.281754356502665
2009-05-21,26J/01H,0.0017106532000000002,19.407476,5.178431810210332
2009-05-22,26J/01H,0.0008521439,17.501665,5.059969000916066
2009-05-23,26J/01H,12.85824,15.83435,3.514159948068115
2009-05-24,26J/01H,1.7564907,15.265199,3.789706909577419
2009-05-25,26J/01H,0.121383026,16.10217,3.708639765512837
2009-05-26,26J/01H,0.0,18.602488,5.608358774013108
2009-05-27,26J/01H,0.0012814989000000001,22.947245,5.989586380252147
2009-05-28,26J/01H,0.0,23.452736,6.506262932618158
2009-05-29,26J/01H,0.010750131,25.014482,6.43499524833785
2009-05-30,26J/01H,0.0009141663300000001,25.205526,7.055352791706006
2009-05-31,26J/01H,0.0012874599,24.313406,6.91006586170235
2009-06-01,26J/01H,0.00091152406,23.363626,6.899361418192805
2009-06-02,26J/01H,0.0005552448599999999,21.422083,6.025044113999111
2009-06-03,26J/01H,0.016906783999999998,20.02624,4.879693146609887
2009-06-04,26J/01H,0.4068096,18.595785,4.141912924064354
2009-06-05,26J/01H,2.9158000000000004,17.056026,3.415230542508871
2009-06-06,26J/01H,1.1303743,17.022703,3.5014507019320287
2009-06-07,26J/01H,0.35337656,17.14628,4.520037777181234
2009-06-08,26J/01H,0.9539617,17.366213,3.2610395904487226
2009-06-09,26J/01H,0.00043973243000000004,18.039463,4.92805993490029
2009-06-10,26J/01H,0.00085885006,20.898405,5.809076864512754
2009-06-11,26J/01H,0.0004261732,24.088728,6.865293797247227
2009-06-12,26J/01H,0.0025735936,27.935595,7.8460343329390385
2009-06-13,26J/01H,0.0,28.346186,7.395719955568671
2009-06-14,26J/01H,0.25894327,28.081627,5.514585597853781
2009-06-15,26J/01H,1.483603,25.45066,5.359104904735336
2009-06-16,26J/01H,0.7129004999999999,25.800245,6.068720979901307
2009-06-17,26J/01H,0.0026706119,28.756392,6.848627618491358
2009-06-18,26J/01H,0.017020119,28.631403,7.101231122450934
2009-06-19,26J/01H,0.008981934,28.065924,7.21115180895884
2009-06-20,26J/01H,0.0034392242,29.15111,7.453584121142579
2009-06-21,26J/01H,0.0008523464,28.79664,7.447295590633041
2009-06-22,26J/01H,8.2700334e-05,23.853706,5.983041544388423
2009-06-23,26J/01H,0.0004351138,21.92792,5.878130984271782
2009-06-24,26J/01H,0.0062548427999999994,20.77843,4.956803548812908
2009-06-25,26J/01H,0.6189512,20.102732,4.585728691124596
2009-06-26,26J/01H,8.843633500000001e-05,20.311003,5.22367464051643
2009-06-27,26J/01H,0.0008583069,21.154383,5.608524269720792
2009-06-28,26J/01H,2.0463207,21.4825,4.448579985415418
2009-06-29,26J/01H,1.2599872,22.90763,5.443306702852327
2009-06-30,26J/01H,0.026146837000000003,24.191162,5.617801704172815
2009-07-01,26J/01H,0.002965006,24.094519,5.780643438061764
2009-07-02,26J/01H,0.00044107437,23.979399,6.147718320520017
2009-07-03,26J/01H,0.0,23.598661,5.866823365646909
2009-07-04,26J/01H,0.0036701769999999997,23.531418,5.7578688625531065
2009-07-05,26J/01H,0.0044643316,22.242897,5.477863458346293
2009-07-06,26J/01H,0.0013407115,20.759634,5.038267611247464
2009-07-07,26J/01H,0.0,20.94739,5.523853443333665
2009-07-08,26J/01H,0.0025868413,22.074982,6.112555485332108
2009-07-09,26J/01H,0.0030094244,23.40818,6.266353990783453
2009-07-10,26J/01H,0.0008592558999999999,23.069792,6.259271429345133
2009-07-11,26J/01H,0.002836021,21.94074,6.248731924556755
2009-07-12,26J/01H,0.0012874599,23.816187,6.715251427960265
2009-07-13,26J/01H,0.00074476373,22.939837,5.325374269965855
2009-07-14,26J/01H,0.0,20.750801,4.933585805163276
2009-07-15,26J/01H,0.0008583069,22.285765,6.144737494470708
2009-07-16,26J/01H,0.0,22.9382,5.987117540681198
2009-07-17,26J/01H,0.00085234636,21.792261,5.493252186806332
2009-07-18,26J/01H,0.0,25.080437,6.9595231647340885
2009-07-19,26J/01H,0.0,26.720957,6.58756747680674
2009-07-20,26J/01H,0.0008583069,28.655455,7.207569846078552
2009-07-21,26J/01H,0.0008583069,26.838503,6.648011272132041
2009-07-22,26J/01H,0.20230519000000002,22.558847,5.42702667218905
2009-07-23,26J/01H,0.45172345,23.290262,4.95312548608753
2009-07-24,26J/01H,0.00044107437,22.765146,5.770621902535613
2009-07-25,26J/01H,0.00085234636,25.772875,6.969394255512379
2009-07-26,26J/01H,0.0008583069,26.413933,7.374349095061908
2009-07-27,26J/01H,0.00044107437,24.13398,6.493404506087633
2009-07-28,26J/01H,0.0,24.42776,6.884448025208766
2009-07-29,26J/01H,0.0,23.576073,5.993782446878687
2009-07-30,26J/01H,0.0004295891,25.529707,6.638780503016779
2009-07-31,26J/01H,0.0,24.303604,6.31588931212757
2009-08-01,26J/01H,0.011743954000000001,22.142008,4.98601221144968
2009-08-02,26J/01H,0.0017131743,21.267494,5.273314412087673
2009-08-03,26J/01H,0.001716613,23.517632,6.398345395909624
2009-08-04,26J/01H,0.00085234636,26.206352,6.5850398381044
2009-08-05,26J/01H,0.0032367370000000004,24.994287,5.753469524536808
2009-08-06,26J/01H,0.00086395955,23.659248,5.500386224479226
2009-08-07,26J/01H,6.954022999999999e-05,21.782583,5.262394689245769
2009-08-08,26J/01H,0.0009562653300000001,20.57083,4.742760980361262
2009-08-09,26J/01H,0.0004351138,22.977404,5.692092053818382
2009-08-10,26J/01H,0.0,25.819483,6.279915631743536
2009-08-11,26J/01H,0.0,27.796434,6.198737809000408
2009-08-12,26J/01H,0.0008523463,28.191513,6.363707682240492
2009-08-13,26J/01H,0.10897153,28.129402,6.24803222134778
2009-08-14,26J/01H,0.017935198,28.66855,6.444977611834243
2009-08-15,26J/01H,0.0020056078,28.049093,6.256431718870677
2009-08-16,26J/01H,0.0004351138,28.169104,6.32336806049199
2009-08-17,26J/01H,0.0012807504000000001,28.13445,6.14185453012504
2009-08-18,26J/01H,0.0021517272,27.765228,6.003221492300982
2009-08-19,26J/01H,0.0,27.117167,6.119281489317671
2009-08-20,26J/01H,0.0004195434,25.384005,5.830582284647682
2009-08-21,26J/01H,0.0012772607000000001,25.411646,5.935686329538139
2009-08-22,26J/01H,0.0,27.95344,6.689749203434402
2009-08-23,26J/01H,0.0008602998,27.47805,6.251903454812132
2009-08-24,26J/01H,0.0023887103,22.297861,4.764625089693328
2009-08-25,26J/01H,0.0014952974000000002,20.951643,4.092002993292122
2009-08-26,26J/01H,0.0021494689999999998,22.203619,5.166406475406137
2009-08-27,26J/01H,0.00044107437,25.149963,5.87314821274323
2009-08-28,26J/01H,0.0012885604,25.405005,5.973706283042114
2009-08-29,26J/01H,0.00085234636,27.053675,6.280510373360822
2009-08-30,26J/01H,0.0017285339,28.773903,6.171890738899581
2009-08-31,26J/01H,0.0012728933,25.947023,4.873852049277329
2009-09-01,26J/01H,0.029296804000000003,23.349718,4.0331578281090765
2009-09-02,26J/01H,0.0008583069,20.419958,4.134486813306667
2009-09-03,26J/01H,0.004945878999999999,22.204796,4.503454685556932
2009-09-04,26J/01H,0.0,23.773499,4.935675019405524
2009-09-05,26J/01H,0.0,23.578934,5.246958252461977
2009-09-06,26J/01H,0.00043511385,25.057716,5.476270362132453
2009-09-07,26J/01H,0.0,26.980593,5.678099888476864
2009-09-08,26J/01H,0.024335526000000003,27.491652,5.30333265542704
2009-09-09,26J/01H,0.008032303000000001,26.593359,4.657633051640335
2009-09-10,26J/01H,0.19919167,25.137388,4.184985975227001
2009-09-11,26J/01H,0.0004351138,23.97465,4.373609258155936
2009-09-12,26J/01H,0.38760666,22.726524,4.333785973282782
2009-09-13,26J/01H,0.28671585,21.267385,3.511330128603656
2009-09-14,26J/01H,4.2624414,20.749014,3.4898323284580948
2009-09-15,26J/01H,0.0024074183,20.537014,3.834047202996208
2009-09-16,26J/01H,0.0,20.50988,3.9444539226337327
2009-09-17,26J/01H,0.13437335,17.806688,3.00901564241748
2009-09-18,26J/01H,0.40166006,17.725164,2.914424423045796
2009-09-19,26J/01H,0.013802399,17.971052,3.122832909070457
2009-09-20,26J/01H,0.0,19.744814,3.575980933695265
2009-09-21,26J/01H,0.00042319286,21.113758,4.140794573855519
2009-09-22,26J/01H,0.0016979702,22.344759,4.174850625440119
2009-09-23,26J/01H,0.0,23.15145,4.445705149041943
2009-09-24,26J/01H,0.0035686605,23.20601,4.042948560289405
2009-09-25,26J/01H,0.0021467640000000002,23.215889,3.8513939218826847
2009-09-26,26J/01H,2.4825017,21.411234,3.7200074168454873
2009-09-27,26J/01H,0.00093647045,21.592394,3.654354353501579
2009-09-28,26J/01H,0.0,22.944626,3.910083449429981
2009-09-29,26J/01H,6.1228335,20.77871,2.949500103500606
2009-09-30,26J/01H,1.6330988,19.732912,2.794197670892059
2009-10-01,26J/01H,0.0007335978,20.69642,3.126083947459976
2009-10-02,26J/01H,0.0007155027,20.980513,3.507425664866338
2009-10-03,26J/01H,0.0008523464,21.18421,3.636881023259364
2009-10-04,26J/01H,0.0051047,22.447586,3.6307285149692
2009-10-05,26J/01H,1.2626223,21.219376,3.534675136559532
2009-10-06,26J/01H,1.3279534000000002,21.784864,2.48220192652829
2009-10-07,26J/01H,20.224158,19.889109,1.8654134741416943
2009-10-08,26J/01H,0.3831489,19.716625,2.4227451852118254
2009-10-09,26J/01H,0.0059898577,17.94448,2.5394892182112083
2009-10-10,26J/01H,0.0017187250000000002,19.88304,3.267513574591301
2009-10-11,26J/01H,0.0,22.62269,3.44185750997442
2009-10-12,26J/01H,0.0017225739000000001,23.374376,3.645125119732033
2009-10-13,26J/01H,0.0021529612999999998,22.874128,3.292235300070021
2009-10-14,26J/01H,0.00086278135,21.36461,3.196126164432172
2009-10-15,26J/01H,0.0,21.002924,3.3845138154548957
2009-10-16,26J/01H,0.0004261732,21.37371,3.26351100176398
2009-10-17,26J/01H,0.015681766,19.594557,2.904950993679357
2009-10-18,26J/01H,0.0,18.402645,3.075031416346313
2009-10-19,26J/01H,0.0004351138,16.974047,2.9240713718425693
2009-10-20,26J/01H,14.955715,15.702382,1.4112284003677824
2009-10-21,26J/01H,1.8341387,15.347812,1.652597349951572
2009-10-22,26J/01H,2.1239902,17.463774,1.91442862510602
2009-10-23,26J/01H,0.0022692275,16.684443,2.4719952581672806
2009-10-24,26J/01H,0.00098207545,18.12219,2.5948247108607823
2009-10-25,26J/01H,0.0009331744,18.190208,2.5254264605014844
2009-10-26,26J/01H,0.0008523463,19.285664,2.8710173860848665
2009-10-27,26J/01H,0.0008285045599999999,19.224747,2.657546535865553
2009-10-28,26J/01H,0.0017465842,19.930174,2.134643748381621
2009-10-29,26J/01H,0.110832275,20.39644,2.3183371954179792
2009-10-30,26J/01H,0.010657417,18.73417,2.265792132775475
2009-10-31,26J/01H,1.5391153e-07,19.121325,2.518163372008411
2009-11-01,26J/01H,0.043249752,19.305456,2.043260700531592
2009-11-02,26J/01H,0.03803261,16.70925,1.6641175066809637
2009-11-03,26J/01H,0.00088171035,15.219779,1.9593372626271333
2009-11-04,26J/01H,0.35159732000000005,15.712036,1.6297789737495398
2009-11-05,26J/01H,0.00048434404,14.285787,1.4534659224004196
2009-11-06,26J/01H,0.09753892500000001,15.469941,1.5643109856268458
2009-11-07,26J/01H,0.0637815,15.7711935,1.3796860345088722
2009-11-08,26J/01H,0.18246098000000002,14.643826,1.375814159450685
2009-11-09,26J/01H,0.0008994611,15.045078,1.663597249475241
2009-11-10,26J/01H,0.0027821400000000002,15.513583,1.5810438409689431
2009-11-11,26J/01H,0.0014583394999999999,13.684281,1.7927681208284243
2009-11-12,26J/01H,0.0012926921,14.958705,1.803792636984479
2009-11-13,26J/01H,0.034822544000000004,14.671234,1.9470362408630129
2009-11-14,26J/01H,2.4109993,17.322788,1.6171286708859909
2009-11-15,26J/01H,0.018460058,18.03805,1.501755369193875
2009-11-16,26J/01H,0.005587015,19.204367,1.675809888878015
2009-11-17,26J/01H,0.23859602000000002,16.451275,1.3625211035916098
2009-11-18,26J/01H,0.7615886000000001,14.392746,1.4425188659723338
2009-11-19,26J/01H,0.011087516,13.23697,1.445705710503138
2009-11-20,26J/01H,0.0008523464,13.176883,1.7087387717650628
2009-11-21,26J/01H,2.7232502,15.577164,1.545993548442868
2009-11-22,26J/01H,0.0020044055,13.058768,1.294800699800823
2009-11-23,26J/01H,0.00087577546,11.783553,1.537342818788253
2009-11-24,26J/01H,0.08556575,12.174164,1.7266230604569
2009-11-25,26J/01H,4.11078,14.515934,1.3161460369471027
2009-11-26,26J/01H,0.8960107,14.3085375,1.1912256193253656
2009-11-27,26J/01H,1.2934838,10.959342,1.083822716523171
2009-11-28,26J/01H,0.09573698400000001,11.349645,1.2421788599414032
2009-11-29,26J/01H,3.8027990000000003,11.683513,0.9865630884302338
2009-11-30,26J/01H,0.011546315,9.668413,1.1001310215374205
2009-12-01,26J/01H,1.0855051,10.929498,1.4549018353971397
2009-12-02,26J/01H,3.7811355,13.65829,1.022377205952378
2009-12-03,26J/01H,0.45963626,12.700428,1.1039608328852997
2009-12-04,26J/01H,0.00085437095,10.4835415,1.1692531884743336
2009-12-05,26J/01H,0.0021447194,10.753034,1.3985496867198255
2009-12-06,26J/01H,0.0012708007,13.389121,1.2806655228968176
2009-12-07,26J/01H,1.3959744,15.38577,1.000442717142021
2009-12-08,26J/01H,0.06613593000000001,14.682115,1.2517797293839514
2009-12-09,26J/01H,0.06856524,13.7713585,1.1937728488669777
2009-12-10,26J/01H,0.0031422966,12.729739,1.2452284275225045
2009-12-11,26J/01H,0.0025749203999999998,12.235184,1.3006003715520955
2009-12-12,26J/01H,0.00085234636,12.266366,1.2707605186915096
2009-12-13,26J/01H,0.0034387422000000003,10.202251,1.1754841372585678
2009-12-14,26J/01H,0.0008583069,5.4048615,0.8506535892631196
2009-12-15,26J/01H,4.3683813,4.577881,1.03993154176347
2009-12-16,26J/01H,2.7443696,12.099298,1.4117554585851455
2009-12-17,26J/01H,0.21289134,13.035172,1.2027039056133708
2009-12-18,26J/01H,17.44289,12.549045,1.0558988396815836
2009-12-19,26J/01H,1.9003124,7.8182735,0.9491774801374132
2009-12-20,26J/01H,21.942016,5.766644,1.1847584627335614
2009-12-21,26J/01H,13.163291,14.654457,0.7039861971521557
2009-12-22,26J/01H,4.5082759999999995,13.213104,0.9150225953960268
2009-12-24,26J/01H,7.031464,13.744686,1.1438101339155122
2009-12-25,26J/01H,17.57837,9.808571,1.1502946105560838
2009-12-26,26J/01H,1.63608,11.577268,1.1191230274919464
2009-12-27,26J/01H,0.5204139400000001,8.624179,1.2264338785763238
2009-12-28,26J/01H,11.751891,16.135904,0.9964107180850044
2009-12-29,26J/01H,33.742112999999996,16.301912,0.7934469241301869
2009-12-30,26J/01H,5.728513700000001,13.128796,0.7883083108350963
2009-12-31,26J/01H,5.6633467,10.551253,0.7264918514822467
2010-01-01,26J/01H,0.2894616,10.472341,1.0116053508341083
2010-01-02,26J/01H,0.09772201,9.985955,1.143744406637679
2010-01-03,26J/01H,21.806848000000002,13.157864,0.8865868585106952
2010-01-04,26J/01H,23.559662,12.623691,0.8780773596521285
2010-01-05,26J/01H,0.7472843,11.311467,1.0104230290157492
2010-01-06,26J/01H,11.017145500000002,8.678414,0.904318590177294
2010-01-07,26J/01H,2.3988145,7.596433,0.8325491840164388
2010-01-08,26J/01H,4.7628794000000004e-05,4.4473557,0.8259848726575173
2010-01-09,26J/01H,6.546186e-05,3.9048722,0.9936327665095208
2010-01-10,26J/01H,10.672332,5.911043,0.9554813921535824
2010-01-11,26J/01H,1.2661965,11.352242,0.9361463146210212
2010-01-12,26J/01H,17.29232,12.3162985,0.9754333568140028
2010-01-13,26J/01H,5.4121343,12.666881,1.1835816270281498
2010-01-14,26J/01H,0.33126132,12.493797,0.9874610331287784
2010-01-15,26J/01H,0.022383951,10.773945,1.3008178485535775
2010-01-16,26J/01H,0.9658038299999999,14.077765,1.1145712692472032
2010-01-17,26J/01H,0.074802734,13.711093,1.1073511249226444
2010-01-18,26J/01H,0.6315335700000001,14.297742,1.2829434651956302
2010-01-19,26J/01H,1.2581355,13.379211,1.3108571810028902
2010-01-20,26J/01H,0.34829865000000004,11.762466,1.2204979241015512
2010-01-21,26J/01H,0.0067378497,10.437892,1.3422816449530457
2010-01-22,26J/01H,0.003218838,11.168533,1.2309385889052815
2010-01-23,26J/01H,11.434204,11.359825,1.014081093004067
2010-01-24,26J/01H,0.14951797,10.603714,1.1249946621552738
2010-01-25,26J/01H,0.11518688,9.496665,1.3621136925900934
2010-01-26,26J/01H,1.0588956,7.3211846,0.8459964887703864
2010-01-27,26J/01H,0.4894276,6.992807,1.041703932004734
2010-01-28,26J/01H,0.19931636,8.055494,1.3051565658190605
2010-01-29,26J/01H,0.16450037,7.411218,1.4654674318292746
2010-01-30,26J/01H,0.057594696,9.031483,1.2285297658267569
2010-01-31,26J/01H,0.26419366000000005,8.802272,1.1930910236256642
2010-02-01,26J/01H,0.0030002865999999998,7.55553,1.4948951068107037
2010-02-02,26J/01H,0.003433227,8.742367,1.618855530863715
2010-02-03,26J/01H,13.638162000000001,10.796067,1.3836311060826851
2010-02-04,26J/01H,2.9558757,12.896136,1.365588134822751
2010-02-05,26J/01H,0.6354801999999999,11.773331,1.4182103644496642
2010-02-06,26J/01H,0.0021689804,10.669295,1.7014436880723065
2010-02-07,26J/01H,0.18919864000000003,11.293719,1.7853449776533548
2010-02-08,26J/01H,4.538935,12.477836,1.327823563031041
2010-02-09,26J/01H,0.55089044,10.984191,1.3051845374819693
2010-02-10,26J/01H,6.4527495,11.093711,1.3467904511039743
2010-02-11,26J/01H,0.05758517,10.58656,1.3252780022160648
2010-02-12,26J/01H,11.431184,5.5807986,0.9219725856809174
2010-02-13,26J/01H,0.12547177,6.35322,1.3374977880649432
2010-02-14,26J/01H,8.948290000000002,5.0563283,1.4216412397322946
2010-02-15,26J/01H,8.464746,11.000918,1.5018482374784516
2010-02-16,26J/01H,5.1073276,11.367011,1.2253247303348087
2010-02-17,26J/01H,2.0361061,9.820623,1.492695533025928
2010-02-18,26J/01H,12.883883,7.11554,1.1280256181617343
2010-02-19,26J/01H,0.36346194000000004,8.315128,1.3575940799110804
2010-02-20,26J/01H,6.9872607,8.345342,1.709024853418675
2010-02-21,26J/01H,10.69885,12.882592,1.4530650885366685
2010-02-22,26J/01H,9.68172,13.647738,1.3577259929091237
2010-02-23,26J/01H,12.683569,13.492858,1.474308749528896
2010-02-24,26J/01H,0.24103926,14.011489,1.7483894414443246
2010-02-25,26J/01H,8.132453,14.123231,1.396637012443669
2010-02-26,26J/01H,5.7816045,12.608898,1.1753464550843873
2010-02-27,26J/01H,7.194026,14.631306,2.2375394167087115
2010-02-28,26J/01H,6.701114700000001,10.582754,1.7167711219037864
2010-03-01,26J/01H,0.009822809,11.036704,1.8801576207838664
2010-03-02,26J/01H,4.2417197,11.723892,1.810041933838661
2010-03-03,26J/01H,3.6280393,11.958884,1.5637371148632184
2010-03-04,26J/01H,1.7413297,12.406758,2.0025575138616456
2010-03-05,26J/01H,10.3362295,11.877322,1.3366998676778412
2010-03-06,26J/01H,6.263012,13.312886,1.492229933077973
2010-03-07,26J/01H,2.4667656000000004,12.352965,1.785685327923038
2010-03-08,26J/01H,18.980326,12.13187,1.529272902382133
2010-03-09,26J/01H,0.3158882,8.9993105,1.8494213907846144
2010-03-10,26J/01H,0.0,8.229055,2.159511259517366
2010-03-11,26J/01H,0.32726633,9.051358,1.9002212463644488
2010-03-12,26J/01H,0.0,8.664363,2.3439468083436115
2010-03-13,26J/01H,0.00085234636,8.496125,2.3771224892218945
2010-03-14,26J/01H,0.0025808804,8.663552,2.425984122338401
2010-03-15,26J/01H,0.0012941445,9.88593,2.481723428188724
2010-03-16,26J/01H,0.0037243233,10.889894,2.7573390766413284
2010-03-17,26J/01H,0.0,12.464772,2.7668959296439137
2010-03-18,26J/01H,0.5058605,16.062788,2.5825822017244198
2010-03-19,26J/01H,0.6830018999999999,16.910604,2.7222987363750586
2010-03-20,26J/01H,0.8887434,16.72377,2.693399634661047
2010-03-21,26J/01H,8.863519,14.334308,2.5476800003694984
2010-03-22,26J/01H,0.04551323,13.414078,2.7004589274321837
2010-03-23,26J/01H,0.15420961,15.477333,2.941841928260963
2010-03-24,26J/01H,8.667333000000001,13.475578,2.4295540915944525
2010-03-25,26J/01H,1.9158865,11.945613,2.0049012442104788
2010-03-26,26J/01H,0.062470768,11.374185,2.188573110938083
2010-03-27,26J/01H,0.0018716041999999999,12.124714,2.626743647772238
2010-03-28,26J/01H,0.0,13.035362,3.273951356085543
2010-03-29,26J/01H,7.715493700000001,12.544932,2.638384054674642
2010-03-30,26J/01H,0.25418588,11.466723,2.0981948478522106
2010-03-31,26J/01H,0.101722145,10.225982,2.461689330641781
2010-04-01,26J/01H,0.026740465,10.886373,2.3541092927739595
2010-04-02,26J/01H,0.0017106531000000002,10.417294,2.968499889830798
2010-04-03,26J/01H,0.443328,11.359856,2.689527608675653
2010-04-04,26J/01H,0.0,10.967982,3.0914233511211364
2010-04-05,26J/01H,0.0004351138,14.2183,3.5598317331130778
2010-04-06,26J/01H,0.0008523463,14.858448,3.650168920150549
2010-04-07,26J/01H,0.0030879693000000004,14.162253,3.4384568919934995
2010-04-08,26J/01H,0.0038643956,15.888814,3.739983486623074
2010-04-09,26J/01H,0.0,16.247316,3.950996165078149
2010-04-10,26J/01H,0.0017179555,15.552498,3.607257740515888
2010-04-11,26J/01H,0.000661777,15.323391,3.784146373887467
2010-04-12,26J/01H,0.778929,15.189771,3.057579965297458
2010-04-13,26J/01H,5.116766,14.265346,2.8295991969382626
2010-04-14,26J/01H,9.163116,14.633938,2.3062488250359263
2010-04-15,26J/01H,9.023005999999999,15.063975,2.4789033429336595
2010-04-16,26J/01H,14.341044,13.820754,2.254925014596894
2010-04-17,26J/01H,6.6978774,13.932632,2.7072569236101547
2010-04-18,26J/01H,6.989497,14.318883,2.6733636328225243
2010-04-19,26J/01H,0.17699707,15.19435,3.249479572707847
2010-04-20,26J/01H,0.044768913,17.51094,3.923721833532882
2010-04-21,26J/01H,4.4849296999999995,16.659882,3.2447991472536457
2010-04-22,26J/01H,1.9434799,15.525565,3.1502073128375354
2010-04-23,26J/01H,0.10758967,16.082281,3.0936776719889254
2010-04-24,26J/01H,0.25217795000000004,16.076382,3.39971208813778
2010-04-25,26J/01H,0.0025700493,19.127684,4.805225004295156
2010-04-26,26J/01H,0.0017194571,21.068483,4.776853742143656
2010-04-27,26J/01H,0.00085234636,21.155993,5.386202506236618
2010-04-28,26J/01H,0.00015837434,19.852903,4.621097329089489
2010-04-29,26J/01H,0.04677986,18.915167,4.280129920688321
2010-04-30,26J/01H,0.033055046,16.517387,3.5160459961884363
2010-05-01,26J/01H,0.35185608,15.869056,3.6584199354541225
2010-05-02,26J/01H,0.00085234636,15.904324,3.7981494893323298
2010-05-03,26J/01H,0.0017046924000000002,14.603295,3.77013332989529
2010-05-04,26J/01H,0.0,13.56747,3.482759861638377
2010-05-05,26J/01H,0.0,13.772149,4.022994643294155
2010-05-06,26J/01H,0.0,14.2309065,3.9762507578552007
2010-05-07,26J/01H,0.13178716000000001,13.645085,3.522892129159508
2010-05-08,26J/01H,7.7914390000000004,14.045742,3.383693050631105
2010-05-09,26J/01H,3.927503,15.0624275,2.7892268420845685
2010-05-10,26J/01H,3.117394,14.267947,3.096012551946467
2010-05-11,26J/01H,0.7402784,13.446406,3.4331896481275708
2010-05-12,26J/01H,0.8874668,12.895577,3.014108805554513
2010-05-13,26J/01H,0.7769796,12.317927,3.269125887776857
2010-05-14,26J/01H,0.4688994,12.826233,3.201117377799592
2010-05-15,26J/01H,0.010363478,14.337386,3.4449738337366163
2010-05-16,26J/01H,0.0008583069,15.736228,4.906837250938144
2010-05-17,26J/01H,0.0008523464,19.490892,5.422104217974498
2010-05-18,26J/01H,0.0017145121,21.413092,6.026615130789627
2010-05-19,26J/01H,0.0,23.309586,6.262031189396519
2010-05-20,26J/01H,0.0008583069,23.867983,5.763455988635294
2010-05-21,26J/01H,0.0008523464,23.04673,6.158173734316743
2010-05-22,26J/01H,0.0034423265,21.397955,4.902888155277866
2010-05-23,26J/01H,0.068794846,20.188524,4.515009637740709
2010-05-24,26J/01H,0.028874006,18.44539,4.111130565760557
2010-05-25,26J/01H,0.4038483,18.20424,3.878144888497596
2010-05-26,26J/01H,0.045658657,17.720148,4.657464147227615
2010-05-27,26J/01H,0.18013031000000002,17.150173,3.8518869186864713
2010-05-28,26J/01H,0.25655945,17.26413,3.941972500383348
2010-05-29,26J/01H,0.0004351138,18.897867,5.28391866944891
2010-05-30,26J/01H,0.0,22.074148,6.1674462254464455
2010-05-31,26J/01H,0.0,25.621574,6.93831710924699
2010-06-01,26J/01H,0.00085234636,26.734894,7.167453860673379
2010-06-02,26J/01H,0.0008583069,24.577871,5.962230811706157
2010-06-03,26J/01H,0.0009457392,22.019754,5.990096998522923
2010-06-04,26J/01H,0.0038590715,22.429712,6.182548946556837
2010-06-05,26J/01H,0.0026048036,20.85156,5.42149124486897
2010-06-06,26J/01H,0.0017046922000000001,19.92324,5.620987998471261
2010-06-07,26J/01H,0.0,20.170347,5.426757565426645
2010-06-08,26J/01H,3.7575405,17.839037,3.676184752807053
2010-06-09,26J/01H,7.860769,17.046295,3.320847202756518
2010-06-10,26J/01H,0.94443164,16.044449,3.057658190150521
2010-06-11,26J/01H,0.41459317,16.404032,3.976832737725069
2010-06-12,26J/01H,0.6884775399999999,16.444994,3.6119518732562783
2010-06-13,26J/01H,0.08069013,19.06386,5.040235663278259
2010-06-14,26J/01H,0.0,20.762793,5.40763474168571
2010-06-15,26J/01H,0.0,20.502342,5.771710915701147
2010-06-16,26J/01H,0.0,21.255165,5.243087274466921
2010-06-17,26J/01H,0.0021517272,21.231646,5.568785279171458
2010-06-18,26J/01H,0.0007238011399999999,17.633165,4.452466782149273
2010-06-19,26J/01H,0.039860045999999996,19.083132,4.966608743060021
2010-06-20,26J/01H,0.0017351224,19.600399,5.349341766655704
2010-06-21,26J/01H,0.0012785184000000001,21.414766,6.033684581109042
2010-06-22,26J/01H,0.00085234636,23.65744,6.505084687414764
2010-06-23,26J/01H,0.0021457653,23.526384,6.523543860149531
2010-06-24,26J/01H,0.0017987234999999999,22.25096,6.080810114320002
2010-06-25,26J/01H,0.16605288999999998,21.28483,5.340893576955389
2010-06-26,26J/01H,0.004879266,22.462152,6.321636984082417
2010-06-27,26J/01H,2.93581,24.49736,5.955800366859055
2010-06-28,26J/01H,0.082539055,24.468077,6.3725562914876175
2010-06-29,26J/01H,0.0,26.332014,6.770057414125192
2010-06-30,26J/01H,0.00085234636,26.894987,6.652409312289805
2010-07-01,26J/01H,0.0022647707000000004,26.70382,6.623724431188019
2010-07-02,26J/01H,0.00085532653,24.388206,5.798644279223666
2010-07-03,26J/01H,0.023090164000000003,25.206167,6.455427860026033
2010-07-04,26J/01H,0.00086426735,29.508512,7.6043690409459375
2010-07-05,26J/01H,0.0008712262,29.306032,7.534524761980847
2010-07-06,26J/01H,0.00085234636,29.126608,7.217560064949633
2010-07-07,26J/01H,0.018494854,28.13595,6.337923804566491
2010-07-08,26J/01H,0.0009437634,26.19311,6.072332819410205
2010-07-09,26J/01H,0.0,26.314028,6.778059151652393
2010-07-10,26J/01H,0.0034350107,26.649359,7.412208635375453
2010-07-11,26J/01H,0.0,26.601603,7.069044725387306
2010-07-12,26J/01H,0.00044107437,23.01037,5.817204381750775
2010-07-13,26J/01H,0.00092156255,22.115671,5.411616928860657
2010-07-14,26J/01H,0.0041361504,21.68724,5.389578679804336
2010-07-15,26J/01H,0.0004351138,21.403578,5.865323333580527
2010-07-16,26J/01H,0.0025808804,23.072878,6.442826165873546
2010-07-17,26J/01H,0.0,25.04143,6.8688206551618185
2010-07-18,26J/01H,0.0017128596000000002,26.424002,6.990896356495595
2010-07-19,26J/01H,0.0019193754000000002,24.48297,6.464921367839606
2010-07-20,26J/01H,0.0017389457,22.768967,5.673090519553109
2010-07-21,26J/01H,0.018917805000000003,23.13147,5.1613560759104935
2010-07-22,26J/01H,0.0021583364,22.132238,5.465950878211333
2010-07-23,26J/01H,0.00043855917,24.652855,6.9237371481717584
2010-07-24,26J/01H,0.00044107437,28.183708,7.202909029525063
2010-07-25,26J/01H,0.0012810434,29.666647,7.348617175184896
2010-07-26,26J/01H,0.0004351138,29.766645,7.325675149832829
2010-07-27,26J/01H,0.39666754,29.02433,6.4116432310272815
2010-07-28,26J/01H,0.0,28.88561,6.83873614457815
2010-07-29,26J/01H,0.0013131758,28.587801,6.808306269898657
2010-07-30,26J/01H,0.0008787232,26.411148,6.852087549371406
2010-07-31,26J/01H,0.0015812132000000002,25.105074,6.8819653377976495
2010-08-01,26J/01H,0.0003069032,25.081102,6.604313738628054
2010-08-02,26J/01H,0.00044107437,24.00805,5.98207023010312
2010-08-03,26J/01H,0.0017310504,26.012518,7.153893734575873
2010-08-04,26J/01H,0.0008583069,29.310013,6.687296725782248
2010-08-05,26J/01H,0.0004351138,28.440187,6.418657828335766
2010-08-06,26J/01H,0.0025949247,27.987944,7.047275481852465
2010-08-07,26J/01H,0.08357133500000001,29.109941,6.8176424719694655
2010-08-08,26J/01H,0.24280351,28.354254,4.370720294851049
2010-08-09,26J/01H,0.08195654999999999,29.781158,5.94765768188168
2010-08-10,26J/01H,0.0021475,31.553247,6.767186152009055
2010-08-11,26J/01H,0.00043511385,31.496185,6.9326031115866815
2010-08-12,26J/01H,0.0008583069,26.455595,5.470227564084632
2010-08-13,26J/01H,0.0,25.871866,6.377640080751582
2010-08-14,26J/01H,0.0004261732,27.22738,5.680172513088137
2010-08-15,26J/01H,0.0502102,26.121397,5.469981264340826
2010-08-16,26J/01H,0.13340527,24.227213,5.278969591978569
2010-08-17,26J/01H,0.09818516,23.4423,4.755311567204565
2010-08-18,26J/01H,0.00135889,24.071327,5.050409236722912
2010-08-19,26J/01H,0.0011457834,23.90658,5.451266133773644
2010-08-20,26J/01H,0.0012911351,27.285782,6.513018045167896
2010-08-21,26J/01H,0.0017067269,28.526148,5.962346030027796
2010-08-22,26J/01H,0.001704203,26.138786,5.647312497621456
2010-08-23,26J/01H,0.010119935,22.724426,4.865445550578713
2010-08-24,26J/01H,0.0058631043,24.926895,5.356579827166261
2010-08-25,26J/01H,0.0,28.620363,6.747226203689003
2010-08-26,26J/01H,0.0030089233000000003,28.679413,6.531687649487789
2010-08-27,26J/01H,0.00041237405,26.4927,5.689711060076656
2010-08-28,26J/01H,0.0,26.644447,5.749832119023372
2010-08-29,26J/01H,0.0008583069,28.069628,6.427935309755061
2010-08-30,26J/01H,0.0008642672300000001,29.926146,6.133915388964661
2010-08-31,26J/01H,0.0007238011399999999,28.051842,5.179986304119529
2010-09-01,26J/01H,0.35982794,23.991274,4.119477109707565
2010-09-02,26J/01H,4.7628794000000004e-05,23.971163,4.949139683646437
2010-09-03,26J/01H,0.0,25.838236,5.722791251378811
2010-09-04,26J/01H,0.001275539,26.303503,5.384729278345992
2010-09-05,26J/01H,0.0012992759,25.385126,5.433707760061508
2010-09-06,26J/01H,0.0030513945,22.61801,4.418693935051793
2010-09-07,26J/01H,0.40585986,21.040808,3.1398232164833884
2010-09-08,26J/01H,0.0004351138,20.076765,3.5417981256387505
2010-09-09,26J/01H,0.0008583069,22.345247,4.624560037644975
2010-09-10,26J/01H,0.0021517270000000004,24.843796,5.262993855672526
2010-09-11,26J/01H,0.0,24.721998,5.285065746426396
2010-09-12,26J/01H,0.0060869384,25.248991,4.962398002359593
2010-09-13,26J/01H,0.0050254044999999995,26.030691,4.63184476662229
2010-09-14,26J/01H,0.0,26.614428,5.261974289433457
2010-09-15,26J/01H,0.1834658,24.017286,2.9946836438434223
2010-09-16,26J/01H,5.291392,21.966318,2.9780389974191137
2010-09-17,26J/01H,0.5532018000000001,20.77223,3.688555433409512
2010-09-18,26J/01H,0.0027168562,20.54703,3.524603759226646
2010-09-19,26J/01H,0.0,21.93677,4.19574304403818
2010-09-20,26J/01H,0.0033103414,20.648169,3.515025590511836
2010-09-21,26J/01H,2.8757576e-05,20.86828,3.711350142840513
2010-09-22,26J/01H,0.0,20.881351,3.835079131750042
2010-09-23,26J/01H,0.30437305,19.343763,2.221188094082836
2010-09-24,26J/01H,0.31646466,19.976164,3.243768537843669
2010-09-25,26J/01H,0.0008656099,18.891495,3.3327266694237827
2010-09-26,26J/01H,0.0,19.120993,3.4709654184925216
2010-09-27,26J/01H,0.00044107437,18.329283,3.2711102753000825
2010-09-28,26J/01H,0.0012934206,18.033518,3.4791077430113364
2010-09-29,26J/01H,0.00050508225,19.267832,3.742087495188133
2010-09-30,26J/01H,0.0008583069,19.077171,3.178857522021645
2010-10-01,26J/01H,0.0004351138,17.929989,3.32103510130602
2010-10-02,26J/01H,0.0030159943000000002,17.833677,3.281723889615097
2010-10-03,26J/01H,4.8441113,18.399866,2.5209930719275992
2010-10-04,26J/01H,0.049815426,17.293598,2.452024518270816
2010-10-05,26J/01H,0.0025812488000000002,16.790884,3.077836634340566
2010-10-06,26J/01H,0.0017186166,18.4199,3.245139184980577
2010-10-07,26J/01H,0.33205746,19.152143,2.5905348502780563
2010-10-08,26J/01H,19.424016,19.894945,1.9318237131234648
2010-10-09,26J/01H,10.616161,16.51541,1.7885826679650136
2010-10-10,26J/01H,5.399407,16.085531,2.041330708403104
2010-10-11,26J/01H,0.0360973,16.488756,2.478886473528098
2010-10-12,26J/01H,0.043232723,16.652334,2.533168582654471
2010-10-13,26J/01H,0.18547035,18.007204,2.2343865480148115
2010-10-14,26J/01H,0.012639151999999999,17.329262,2.3694101102712044
2010-10-15,26J/01H,0.008739443,17.044533,2.225351725867234
2010-10-16,26J/01H,0.004724479,15.058372,2.1321163237779146
2010-10-17,26J/01H,0.0031481454000000003,15.737263,2.5517588549834693
2010-10-18,26J/01H,0.0004351138,15.4717,2.675042233303876
2010-10-19,26J/01H,0.0021474042,15.256515,2.752375378239936
2010-10-20,26J/01H,0.00085234636,16.28796,2.61077068305746
2010-10-21,26J/01H,0.0,15.84233,2.7097231696309074
2010-10-22,26J/01H,0.41496679999999997,16.095152,2.3744770651330893
2010-10-23,26J/01H,0.009650477000000001,16.451906,2.353995268905218
2010-10-24,26J/01H,0.0,16.174656,2.361758713744148
2010-10-25,26J/01H,0.21782916,17.037619,1.8890581942589697
2010-10-26,26J/01H,0.0004261732,16.213322,2.4366803267161736
2010-10-27,26J/01H,0.001275539,16.749704,2.4010530485091013
2010-10-28,26J/01H,0.0,17.847528,2.550758479100982
2010-10-29,26J/01H,6.649812,15.818849,1.8931889646709932
2010-10-30,26J/01H,18.161926,15.40463,1.6077310811852783
2010-10-31,26J/01H,1.7650825,14.5065155,1.296530106591155
2010-11-01,26J/01H,0.0004351138,14.177348,1.6567352923935377
2010-11-02,26J/01H,0.00085234636,14.820358,2.046549611522936
2010-11-03,26J/01H,0.0008641176000000001,15.710425,2.3385624704424104
2010-11-04,26J/01H,0.0008523463,16.517202,2.3754537855635443
2010-11-05,26J/01H,0.0021457663,16.010382,2.3290253502081204
2010-11-06,26J/01H,0.0017115540000000001,15.559199,2.0847286807786607
2010-11-07,26J/01H,0.13598212,14.019989,1.5943653681059715
2010-11-08,26J/01H,1.1414069999999998,13.418818,1.463796883017343
2010-11-09,26J/01H,2.3801152,13.800181,1.132968106628362
2010-11-10,26J/01H,0.15959404000000002,13.033024,1.4711166615189737
2010-11-11,26J/01H,0.0,12.370083,1.6155606755326768
2010-11-12,26J/01H,0.005418790000000001,12.397315,1.5416897116593655
2010-11-13,26J/01H,0.11645838000000001,12.909309,1.6589691054386162
2010-11-14,26J/01H,15.112350000000001,13.741351,1.355046904239761
2010-11-15,26J/01H,0.0029640369999999997,10.521795,1.3558914860101288
2010-11-16,26J/01H,0.11093631999999999,9.482189,1.442031930893633
2010-11-17,26J/01H,13.312896,11.603702,1.3926398034472902
2010-11-18,26J/01H,0.013155607,11.02834,1.4318149382071057
2010-11-19,26J/01H,0.6205338,12.1755905,1.3160081718287602
2010-11-20,26J/01H,6.3701987,13.562247,1.0786924026415998
2010-11-21,26J/01H,0.082109276,11.747741,1.1217702320799805
2010-11-22,26J/01H,2.270785,11.456322,1.1336403743500467
2010-11-23,26J/01H,10.109903000000001,12.895175,1.1755006475092278
2010-11-24,26J/01H,1.4410546,15.453095,1.148980281355905
2010-11-25,26J/01H,0.091620964,12.122643,1.1249028003150203
2010-11-26,26J/01H,1.5984161,10.71971,1.0414475543094193
2010-11-27,26J/01H,4.672073999999999,8.809466,0.8784181369810212
2010-11-28,26J/01H,0.29996343999999997,7.7002926,1.0960727378141333
2010-11-29,26J/01H,9.226021000000001,8.599658,0.7399186920479173
2010-11-30,26J/01H,3.3864229999999997,9.081693,0.913056618210762
2010-12-01,26J/01H,3.7175828,9.133537,0.9511547759471136
2010-12-02,26J/01H,0.04850964,7.552283,0.9466484242011642
2010-12-03,26J/01H,1.1392832000000002,6.000406,0.9426786107229576
2010-12-04,26J/01H,1.4953759,7.590039,1.2377735233516292
2010-12-05,26J/01H,17.181412,15.74171,1.166742749779771
2010-12-06,26J/01H,7.06468,16.679972,0.9948085474094251
2010-12-07,26J/01H,6.3967803000000005,15.618283,0.7512956357545423
2010-12-08,26J/01H,5.3910522,14.87486,0.7604090584265495
2010-12-09,26J/01H,0.8551306,17.401087,1.3329074385547834
2010-12-10,26J/01H,0.004463278,16.472633,1.2037093520457296
2010-12-11,26J/01H,0.001736104,14.557588,1.1785265061884544
2010-12-12,26J/01H,0.019396446,13.006431,1.0913113716997784
2010-12-13,26J/01H,0.046733814000000005,12.34597,1.2043455925149096
2010-12-14,26J/01H,0.1013159,10.240731,1.03862017423588
2010-12-15,26J/01H,0.0021565273,8.837531,1.1029621019398352
2010-12-16,26J/01H,0.00044107437,5.701666,0.9358791375708077
2010-12-17,26J/01H,2.5595390000000005,6.5801845,1.0760966336634024
2010-12-18,26J/01H,14.202053,11.068229,1.1364724877973926
2010-12-19,26J/01H,0.24063763000000002,10.685921,0.8710540453775827
2010-12-20,26J/01H,7.173229999999999,11.955829,1.115772874652489
2010-12-21,26J/01H,15.973718000000002,14.154987,0.7612143006141603
2010-12-22,26J/01H,3.0864890000000003,12.032356,0.8166058483651447
2010-12-23,26J/01H,0.16686415,9.247061,0.8712746850724499
2010-12-24,26J/01H,3.0272551,6.775167,0.9366136021736624
2010-12-25,26J/01H,2.8437039,8.37025,0.7106286385032861
2010-12-26,26J/01H,0.0008583068,8.017308,1.1262470105568558
2010-12-27,26J/01H,1.6473362999999999,7.378655,1.2651521819337537
2010-12-28,26J/01H,3.1393103,12.134797,1.0691814527274408
2010-12-29,26J/01H,3.9269949000000004,13.512284,1.0581671895993754
2010-12-30,26J/01H,8.502119,12.978082,0.7751339237285138
2010-12-31,26J/01H,2.7725183,12.855484,0.905438513952793
2011-01-01,26J/01H,0.8801471000000001,11.932672,0.9629763559600034
2011-01-02,26J/01H,0.004837434,11.280697,0.878518939046158
2011-01-03,26J/01H,0.47933908000000003,11.356525,1.069167319680209
2011-01-04,26J/01H,0.09923786,12.297561,0.9825685078395624
2011-01-05,26J/01H,4.259284,13.382777,1.0917608226200346
2011-01-06,26J/01H,1.1107523000000001,15.281934,0.8061604535886343
2011-01-07,26J/01H,6.4672563,14.339559,0.9737501057580552
2011-01-08,26J/01H,5.003586,12.729171,0.9076506609593866
2011-01-09,26J/01H,1.235134,10.814916,1.0942418868034232
2011-01-10,26J/01H,0.0046711999999999995,9.913623,1.3818503413613044
2011-01-11,26J/01H,1.3005752,13.23639,1.0098178965640283
2011-01-12,26J/01H,0.0025127891999999997,10.79857,1.0637128693875022
2011-01-13,26J/01H,0.012637658,9.799609,1.3640295715093622
2011-01-14,26J/01H,0.16532436,9.80299,1.1711375477974175
2011-01-15,26J/01H,0.008713251,9.801935,1.2228644517221077
2011-01-16,26J/01H,0.033166893,8.8200035,1.273663401479595
2011-01-17,26J/01H,0.0012874599,10.587173,1.569608190169539
2011-01-18,26J/01H,0.0004261732,11.326194,1.4454276597616775
2011-01-19,26J/01H,0.06419999,10.3892975,1.3275445451925163
2011-01-20,26J/01H,0.0032474500000000002,9.521134,1.4681044021327772
2011-01-21,26J/01H,0.0008617463,9.941637,1.3168836751678117
2011-01-22,26J/01H,2.159847,7.025473,0.9727129272083164
2011-01-23,26J/01H,5.6593545,5.8283596,0.8458788150316515
2011-01-24,26J/01H,4.0128093,8.189635,1.011921587842123
2011-01-25,26J/01H,0.7395337500000001,9.922113,1.024541256854358
2011-01-26,26J/01H,1.3719006,9.127403,1.1002317706879423
2011-01-27,26J/01H,4.3613040000000005,7.4663296,1.2740301537155765
2011-01-28,26J/01H,5.3846304,8.998892,1.0165186263090986
2011-01-29,26J/01H,1.3383851,8.180804,1.0853376026833357
2011-01-30,26J/01H,0.33602747,6.1480794,1.1244796657618552
2011-01-31,26J/01H,0.07019883,6.239969,1.2114738432357433
2011-02-01,26J/01H,0.0,5.5509834,1.3874027564730231
2011-02-02,26J/01H,0.0008570711600000001,5.3363166,1.5030556918787994
2011-02-03,26J/01H,0.0004351138,6.3100095,1.604192672126587
2011-02-04,26J/01H,0.0021340594,8.406402,1.8287702475178929
2011-02-05,26J/01H,0.0008583069,9.736908,1.934468376722054
2011-02-06,26J/01H,0.0,10.572659,1.996836812640232
2011-02-07,26J/01H,0.0021517270000000004,9.480785,1.8424818397921965
2011-02-08,26J/01H,0.015066678,9.415774,1.6346917379532864
2011-02-09,26J/01H,0.08385129499999999,11.138867,1.4720397336997428
2011-02-10,26J/01H,0.0022339566,9.966086,1.7757627058865593
2011-02-11,26J/01H,0.0038860135,10.400206,1.846822534237209
2011-02-12,26J/01H,0.0027885845,10.287048,1.897030941563289
2011-02-13,26J/01H,5.5367744000000005,9.336525,1.472315817987641
2011-02-14,26J/01H,5.1342983,9.305083,1.3427589060856076
2011-02-15,26J/01H,18.136470000000003,10.759892,1.2652188845625107
2011-02-16,26J/01H,10.472072,9.527316,1.2595174625588166
2011-02-17,26J/01H,0.9755128,10.003339,1.2872901682001214
2011-02-18,26J/01H,1.4524086999999999,10.6408615,1.8672025963367749
2011-02-19,26J/01H,2.6893435,12.447286,1.539554107235536
2011-02-20,26J/01H,0.1974416,12.198123,1.715313148862744
2011-02-21,26J/01H,0.21064734999999998,12.081479,1.6235096109280234
2011-02-22,26J/01H,0.040615265000000005,12.241368,1.6561867416830858
2011-02-23,26J/01H,0.00085234636,12.370646,2.2526306548465582
2011-02-24,26J/01H,0.0,13.558606,2.626570831846005
2011-02-25,26J/01H,0.0021598883,13.821565,2.63935167627639
2011-02-26,26J/01H,0.0063860855,13.015621,2.162986320334542
2011-02-27,26J/01H,0.00087616074,12.708438,2.103405357861912
2011-02-28,26J/01H,0.0,9.886443,2.074223766561561
2011-03-01,26J/01H,0.0012803022,8.492186,1.9244977584030167
2011-03-02,26J/01H,0.0012886834,7.794932,1.8707066605443248
2011-03-03,26J/01H,0.001275539,8.358851,2.125852392688109
2011-03-04,26J/01H,1.8381133,7.6539063,1.8542773177088707
2011-03-05,26J/01H,8.36233,9.49631,1.7594922634714554
2011-03-06,26J/01H,1.9173007,10.608003,1.8074086545264685
2011-03-07,26J/01H,2.6669321,11.928795,2.051472344822032
2011-03-08,26J/01H,9.932122,11.538678,1.686442805532759
2011-03-09,26J/01H,1.01582635,11.601518,2.247020520499022
2011-03-10,26J/01H,2.1104973,12.196586,2.226040460792932
2011-03-11,26J/01H,8.684962,10.811825,1.4937293755045422
2011-03-12,26J/01H,2.6049055,11.269107,2.0417865167548563
2011-03-13,26J/01H,8.789283,10.741338,1.9436045442682652
2011-03-14,26J/01H,16.021910000000002,10.645366,1.7555521369674048
2011-03-15,26J/01H,2.0226178,8.774282,2.083075087808273
2011-03-16,26J/01H,0.001109427,10.017175,2.299150786684054
2011-03-17,26J/01H,0.049252119999999996,11.816079,2.020294063751932
2011-03-18,26J/01H,0.0004351138,12.35712,3.183625294529314
2011-03-19,26J/01H,0.0004351138,14.34088,3.378859421082156
2011-03-20,26J/01H,0.00085418427,15.304023,3.5182834098507723
2011-03-21,26J/01H,0.02675145,14.633964,2.8541374707157754
2011-03-22,26J/01H,0.92633124,13.220113,2.560710444577984
2011-03-23,26J/01H,0.21239256,12.481453,2.7190121608450637
2011-03-24,26J/01H,0.34413458,14.052441,2.973727355825428
2011-03-25,26J/01H,0.57127954,14.599888,2.8129475126192363
2011-03-26,26J/01H,0.7041042,13.831951,2.3070911166388752
2011-03-27,26J/01H,0.57367975,12.744087,2.3296082628859645
2011-03-28,26J/01H,0.33681616000000003,12.499301,2.6410019295215243
2011-03-29,26J/01H,0.35508175999999997,14.336342,2.808528338578988
2011-03-30,26J/01H,0.00085234636,14.1111765,3.4922375689952503
2011-03-31,26J/01H,0.0008583069,17.174002,4.152632421792525
2011-04-01,26J/01H,0.0,18.070858,3.618717895608028
2011-04-02,26J/01H,0.06850283,16.726614,2.944568203840879
2011-04-03,26J/01H,0.05576061,13.595013,2.324699433757744
2011-04-04,26J/01H,0.0038818478999999998,14.610757,3.632517867644815
2011-04-05,26J/01H,0.0017041411,19.88215,4.546888020953684
2011-04-06,26J/01H,0.0004261732,18.395704,3.4595354692008176
2011-04-07,26J/01H,0.0017195935000000001,18.718855,4.258072118895469
2011-04-08,26J/01H,0.0,19.726284,4.2618171485334
2011-04-09,26J/01H,0.010042098,16.701376,3.512541589336685
2011-04-10,26J/01H,0.0013380338,17.46961,4.265031546514937
2011-04-11,26J/01H,0.00086036783,19.57969,4.401609240587638
2011-04-12,26J/01H,0.0,19.46763,4.565904416096787
2011-04-13,26J/01H,0.0004351138,19.899397,4.932436946312899
2011-04-14,26J/01H,0.0008583069,20.39725,5.066943833026606
2011-04-15,26J/01H,0.0017014681,20.90027,5.104750420017564
2011-04-16,26J/01H,0.0012946111,19.597948,4.352659467275874
2011-04-17,26J/01H,0.0009989107,17.926325,3.5911102367823564
2011-04-18,26J/01H,1.6112778,17.54067,3.603080945826811
2011-04-19,26J/01H,6.2687314,16.268663,2.722536997728361
2011-04-20,26J/01H,15.493725000000001,14.8292885,2.393658026900989
2011-04-21,26J/01H,8.156171,14.115635,2.725048996606965
2011-04-22,26J/01H,7.949416,12.78339,2.521875896865364
2011-04-23,26J/01H,5.333638700000001,13.668506,2.869115780722911
2011-04-24,26J/01H,0.23398392999999998,15.702067,4.014876967345301
2011-04-25,26J/01H,0.16530081000000002,17.140461,4.066424438216099
2011-04-26,26J/01H,0.005648763,18.110228,4.443967173297471
2011-04-27,26J/01H,3.7674065000000003,17.655172,4.38997870854821
2011-04-28,26J/01H,0.3043496,18.22518,4.318836071748128
2011-04-29,26J/01H,8.931797000000001,15.322793,2.952383870041479
2011-04-30,26J/01H,6.323258,14.56292,2.6986426185952483
2011-05-01,26J/01H,7.706397,13.626401,3.1877735356847823
2011-05-02,26J/01H,3.931213,15.248681,3.281762412384932
2011-05-03,26J/01H,0.010403276999999999,15.79485,3.634427427610501
2011-05-04,26J/01H,0.0012848997,15.483998,3.981476137602491
2011-05-05,26J/01H,0.0,16.178139,4.435498759207646
2011-05-06,26J/01H,0.03997353,16.069519,4.112534937329125
2011-05-07,26J/01H,5.691397,14.979843,3.1279976272759504
2011-05-08,26J/01H,0.0017135563,16.072573,4.680573787650232
2011-05-09,26J/01H,0.0025637665,19.588936,5.394734500367356
2011-05-10,26J/01H,0.0008524625000000001,21.327795,5.625278903233296
2011-05-11,26J/01H,0.0021487465,21.247995,5.118038052489956
2011-05-12,26J/01H,0.008290892,21.454466,5.520760556386892
2011-05-13,26J/01H,0.0,22.06764,5.515312486028247
2011-05-14,26J/01H,0.23809528000000002,23.047503,5.437649632116356
2011-05-15,26J/01H,2.6918123,23.062323,5.342690006747263
2011-05-16,26J/01H,5.9582197,20.483904,4.421802760324492
2011-05-17,26J/01H,2.479245,20.373653,4.708030165753589
2011-05-18,26J/01H,12.748240000000001,17.397043,2.368846339182649
2011-05-19,26J/01H,1.1716837,18.371145,3.5292848210761023
2011-05-20,26J/01H,0.0024760876000000003,19.945305,4.8646107091965884
2011-05-21,26J/01H,0.007266816000000001,20.710913,5.157593190024753
2011-05-22,26J/01H,0.0017145418,22.169443,5.724981274438422
2011-05-23,26J/01H,0.0021125546,23.902178,5.606616710630922
2011-05-24,26J/01H,0.0,24.571692,6.06154382490706
2011-05-25,26J/01H,0.058992695,23.141367,5.097107608818565
2011-05-26,26J/01H,11.185707,19.487658,3.073084338637739
2011-05-27,26J/01H,1.2754159,21.15751,4.842356244619464
2011-05-28,26J/01H,3.647005,21.624619,4.407414421160921
2011-05-29,26J/01H,1.1743867000000001,19.20548,3.93187074824326
2011-05-30,26J/01H,6.099899000000001,18.10353,3.378615909810619
2011-05-31,26J/01H,0.01660815,19.984102,4.952048617405875
2011-06-01,26J/01H,0.004471529,22.53216,6.014566669453052
2011-06-02,26J/01H,0.0,22.07508,5.026643118524593
2011-06-03,26J/01H,0.035487892,20.821533,5.213889229984132
2011-06-04,26J/01H,0.8114475,20.989923,4.857985638312871
2011-06-05,26J/01H,6.5155712999999995,21.209318,5.34587618864604
2011-06-06,26J/01H,1.0387079000000001,19.029972,3.960484843939088
2011-06-07,26J/01H,0.16303721999999998,16.954073,3.400428726002826
2011-06-08,26J/01H,0.004334906,16.627012,4.229749864789322
2011-06-09,26J/01H,0.7236775,16.248945,4.262550333453202
2011-06-10,26J/01H,0.019952387000000002,18.289858,4.744803298858386
2011-06-11,26J/01H,0.0008583069,20.034966,5.709447946902113
2011-06-12,26J/01H,0.0,21.567848,6.347284855135075
2011-06-13,26J/01H,0.0,20.246195,5.599357626182512
2011-06-14,26J/01H,0.001704674,20.95452,5.775399934913166
2011-06-15,26J/01H,0.00086213243,22.255022,6.1962994488027725
2011-06-16,26J/01H,0.001281499,21.661364,5.510457187828063
2011-06-17,26J/01H,0.0013347479,20.50874,5.480047982899604
2011-06-18,26J/01H,0.004591298000000001,21.0589,5.199978989322052
2011-06-19,26J/01H,0.0008583069,23.285437,6.76162326675627
2011-06-20,26J/01H,0.0,25.616468,6.65677931444591
2011-06-21,26J/01H,0.0,25.820862,6.868756473461943
2011-06-22,26J/01H,0.0017230369000000001,24.88,6.449043080909121
2011-06-23,26J/01H,0.0008523464,21.808416,6.245650124739608
2011-06-24,26J/01H,0.001275539,24.949194,7.358914180555613
2011-06-25,26J/01H,0.0,27.97616,7.748061406289017
2011-06-26,26J/01H,0.0017202382,28.74061,7.080810687484662
2011-06-27,26J/01H,0.0,26.61644,6.537711389625839
2011-06-28,26J/01H,0.001669499,24.328154,6.349531821550015
2011-06-29,26J/01H,0.0,24.187332,6.428573896247931
2011-06-30,26J/01H,0.0028100705,25.89316,7.478630924761562
2011-07-01,26J/01H,0.009544842,27.693304,7.533118683239467
2011-07-02,26J/01H,0.0008674196,25.178171,6.600286315734462
2011-07-03,26J/01H,0.07567265000000001,19.182142,3.817402118697245
2011-07-04,26J/01H,4.1732541999999995e-05,21.420813,5.609239500217764
2011-07-05,26J/01H,0.0,23.339735,6.64567305273266
2011-07-06,26J/01H,0.0004351138,22.711977,5.689641513891015
2011-07-07,26J/01H,0.00042351803,20.09985,5.263696921242299
2011-07-08,26J/01H,0.0017231178,20.796877,5.722394947596887
2011-07-09,26J/01H,0.0019099082000000002,21.87606,5.575565518325993
2011-07-10,26J/01H,0.0031942922999999997,21.710623,5.517950274838502
2011-07-11,26J/01H,0.0004584916,22.034012,6.008370653460002
2011-07-12,26J/01H,0.0007015407000000001,21.812254,5.165659608585368
2011-07-13,26J/01H,0.0004351138,22.065256,5.930216618642338
2011-07-14,26J/01H,0.001722573,24.670149,6.43755506888679
2011-07-15,26J/01H,0.0,25.609438,6.987402445283024
2011-07-16,26J/01H,0.00043172204,24.360197,6.160344103034177
2011-07-17,26J/01H,0.0055163126,21.530302,4.788803157576416
2011-07-18,26J/01H,0.0,20.427399,5.447092738650571
2011-07-19,26J/01H,0.062636234,21.872183,4.899726223922954
2011-07-20,26J/01H,0.0021606238000000002,24.62062,6.8944430158846
2011-07-21,26J/01H,0.0019012834,24.771164,6.235486774320354
2011-07-22,26J/01H,0.0017136327000000001,23.106781,6.130722038407507
2011-07-23,26J/01H,0.0017106531000000002,22.104927,5.8402794897691095
2011-07-24,26J/01H,0.0012874597000000002,24.500168,6.68406727544005
2011-07-25,26J/01H,0.0012814989000000001,27.803194,7.011582561755956
2011-07-26,26J/01H,0.0017205285,28.095839,6.691524146858626
2011-07-27,26J/01H,0.0008583068,27.903486,7.315432253468685
2011-07-28,26J/01H,0.0,27.686316,5.935724955935937
2011-07-29,26J/01H,0.0006793784,25.303862,6.332060499724469
2011-07-30,26J/01H,0.013647956000000001,22.514818,5.772566245663846
2011-07-31,26J/01H,0.0038897138,23.179512,6.078379784719321
2011-08-01,26J/01H,13.562215,20.916332,3.9747574775329393
2011-08-02,26J/01H,0.06433639,20.287878,4.202907009224027
2011-08-03,26J/01H,0.0020851345,20.837086,4.94231914645377
2011-08-04,26J/01H,0.0,23.20518,5.898793112086478
2011-08-05,26J/01H,0.0010981917000000001,22.805456,4.95253132794461
2011-08-06,26J/01H,0.034258575,22.895086,4.85664526857951
2011-08-07,26J/01H,0.00773876,24.443956,5.1810696960699145
2011-08-08,26J/01H,0.0,25.120237,6.11574172927716
2011-08-09,26J/01H,0.0017355961,27.742636,6.971670568569151
2011-08-10,26J/01H,0.00041127205000000003,27.671875,6.524201733824045
2011-08-11,26J/01H,0.0008583069,27.36466,6.388259950475612
2011-08-12,26J/01H,0.12351182000000001,25.524881,4.993287067713385
2011-08-13,26J/01H,0.0008661004300000001,25.247932,5.641799518563356
2011-08-14,26J/01H,0.0044409094,24.958178,5.889559716337917
2011-08-15,26J/01H,0.0009715271599999999,24.736467,5.798541452689582
2011-08-16,26J/01H,0.007138967,24.13217,5.877936719919777
2011-08-17,26J/01H,0.0013606894000000001,23.052124,5.535509222731189
2011-08-18,26J/01H,0.000655651,23.789042,5.870897790410241
2011-08-19,26J/01H,0.0072595487,28.00866,6.716871130884582
2011-08-20,26J/01H,0.12794319,30.3047,5.541554145378905
2011-08-21,26J/01H,1.2279318000000001,23.946579,3.807020899363872
2011-08-22,26J/01H,0.09880495,22.65882,4.281122686488613
2011-08-23,26J/01H,0.007392695,21.526571,4.092215720602651
2011-08-24,26J/01H,0.0004351138,21.477684,4.887754343268751
2011-08-25,26J/01H,0.0022292173,21.651304,4.7266520808178205
2011-08-26,26J/01H,0.13960457,21.012503,4.139506451060969
2011-08-27,26J/01H,0.0004351138,22.156502,5.375835682172114
2011-08-28,26J/01H,0.003857638,22.475443,5.408014530739421
2011-08-29,26J/01H,0.0034746118,21.118706,4.887828655137018
2011-08-30,26J/01H,0.0038177545,20.439074,4.626789882359453
2011-08-31,26J/01H,2.1856208,21.847094,3.449979656705868
2011-09-01,26J/01H,12.413635000000001,19.084661,2.939275388233238
2011-09-02,26J/01H,3.1399312,18.985594,3.1499676265899303
2011-09-03,26J/01H,0.008585464000000001,18.95076,3.413667731929208
2011-09-04,26J/01H,0.23591942000000002,19.020144,3.637721931562482
2011-09-05,26J/01H,0.0004351138,20.428757,4.651426237479941
2011-09-06,26J/01H,0.00085234636,23.808443,5.409301432675222
2011-09-07,26J/01H,0.0008583069,26.040344,5.6942565485217616
2011-09-08,26J/01H,0.0,25.850685,5.770908526527691
2011-09-09,26J/01H,0.00043511385,25.95417,5.191622192249257
2011-09-10,26J/01H,0.0038225863000000003,21.799036,4.437507684902307
2011-09-11,26J/01H,0.0017190279,21.969873,4.235208066699781
2011-09-12,26J/01H,0.0,24.052164,4.925039437806294
2011-09-13,26J/01H,0.0,25.258278,5.329076043325466
2011-09-14,26J/01H,0.0008523464,26.040169,4.895986363535707
2011-09-15,26J/01H,0.39178494,24.481153,3.850151624015069
2011-09-16,26J/01H,0.36795493,23.163078,3.971352206176457
2011-09-17,26J/01H,0.0004261732,22.938807,4.141963755752983
2011-09-18,26J/01H,0.0004351138,20.789904,4.0755512191557255
2011-09-19,26J/01H,0.00085709214,22.59698,4.540938704050311
2011-09-20,26J/01H,0.0008642672300000001,23.81735,4.630584534206238
2011-09-21,26J/01H,0.35792685,22.451202,3.657841914470617
2011-09-22,26J/01H,0.00085919666,20.708145,3.79625903535518
2011-09-23,26J/01H,0.010814193,19.41796,3.425241859003721
2011-09-24,26J/01H,0.0015558233,18.97156,3.577082855017073
2011-09-25,26J/01H,0.001275539,21.109505,4.04747285884335
2011-09-26,26J/01H,0.003123072,22.711723,4.249858331852527
2011-09-27,26J/01H,0.0008523464,23.709467,4.2278911159879495
2011-09-28,26J/01H,0.0012814989000000001,24.35109,4.041973723953565
2011-09-29,26J/01H,0.000871447,24.226168,4.134904805738127
2011-09-30,26J/01H,0.00084638584,24.402216,3.982863473504389
2011-10-01,26J/01H,0.00043511385,23.861359,3.438339573104473
2011-10-02,26J/01H,0.0012814989000000001,24.536161,3.5597949921591865
2011-10-03,26J/01H,0.0,24.162329,3.9867929262009807
2011-10-04,26J/01H,0.00044107437,25.481459,4.275860884015512
2011-10-05,26J/01H,0.0021375670000000004,23.62677,4.149399827051495
2011-10-06,26J/01H,0.0,25.032309,4.268088152331848
2011-10-07,26J/01H,0.0008560946,22.786566,3.562107022512034
2011-10-08,26J/01H,0.00086128706,23.029554,3.106575989303571
2011-10-09,26J/01H,0.0,21.783766,3.5092889744633764
2011-10-10,26J/01H,0.00213557,21.263245,3.6291136492268863
2011-10-11,26J/01H,0.0,22.059092,3.763191458233978
2011-10-12,26J/01H,0.0008398839,22.946213,4.0146382581990565
2011-10-13,26J/01H,0.0012915252,24.35102,3.7701483257438233
2011-10-14,26J/01H,0.0008583069,23.885736,3.7690913740166714
2011-10-15,26J/01H,0.0008583069,22.052416,3.546775195661178
2011-10-16,26J/01H,0.008123372,22.181402,3.3706112255550247
2011-10-17,26J/01H,0.0012874599,22.620398,3.0239756128596977
2011-10-18,26J/01H,0.0,21.291735,3.246655394385362
2011-10-19,26J/01H,0.0008523463,19.749018,3.0012217550433267
2011-10-20,26J/01H,0.0034241211,19.827295,3.075571367050886
2011-10-21,26J/01H,0.0005268028,19.832361,2.7284656964727647
2011-10-22,26J/01H,0.33146426,19.437288,2.417634749492897
2011-10-23,26J/01H,6.4474219999999995,18.227692,2.118429489901364
2011-10-24,26J/01H,21.257901999999998,16.846666,1.890231072895459
2011-10-25,26J/01H,0.44593216,14.70787,1.586253014355789
2011-10-26,26J/01H,16.734895,15.987774,1.9178549552215505
2011-10-27,26J/01H,1.7022968,15.426483,1.3370657800324115
2011-10-28,26J/01H,0.0008470644,15.038261,2.0069237489659426
2011-10-29,26J/01H,0.0021403077000000004,15.64116,2.3201632714736617
2011-10-30,26J/01H,0.000858505,16.655647,2.4220217656393266
2011-10-31,26J/01H,0.22758838,17.15326,2.2107058985285253
2011-11-01,26J/01H,1.11957,16.948492,1.893469527702732
2011-11-02,26J/01H,8.1401196,17.542925,1.307513439363408
2011-11-03,26J/01H,13.055503000000002,14.624705,1.1351093069328566
2011-11-04,26J/01H,9.832224,12.150443,1.123496339152191
2011-11-05,26J/01H,0.15602834,12.205417,1.2318610661677485
2011-11-06,26J/01H,0.0004351138,11.794285,1.4564852649852262
2011-11-07,26J/01H,0.00043511385,10.608456,1.7128018299988934
2011-11-08,26J/01H,1.6799917,11.47363,1.7707368856260244
2011-11-09,26J/01H,7.247503,16.154732,0.9472415784945952
2011-11-10,26J/01H,3.0857969,16.744192,1.1293291042212952
2011-11-11,26J/01H,2.2499495,17.185953,1.3646187234247302
2011-11-12,26J/01H,0.009181808999999999,17.347078,1.542741566149544
2011-11-13,26J/01H,0.9328001,18.450392,1.4237100176210653
2011-11-14,26J/01H,21.80232,14.432499,1.317166192398758
2011-11-15,26J/01H,0.53634784,12.719593,1.2028288936876703
2011-11-16,26J/01H,0.002591656,11.565284,1.4382875679165583
2011-11-17,26J/01H,0.0004351138,11.864692,1.5581434555056344
2011-11-18,26J/01H,1.9962354,12.794276,1.667367191729878
2011-11-19,26J/01H,6.2919253,12.769984,1.1265667734565306
2011-11-20,26J/01H,12.076353,11.497391,0.9101871881116964
2011-11-21,26J/01H,0.086414444,11.91509,1.291811127643652
2011-11-22,26J/01H,2.9850524999999997,10.152833,0.8889849005234577
2011-11-23,26J/01H,0.0008523463,10.230811,1.341712652204457
2011-11-24,26J/01H,1.3320166,11.349907,1.6163917921586952
2011-11-25,26J/01H,0.0,12.353831,1.5069091854191152
2011-11-26,26J/01H,0.0008523464,11.887742,1.5458997931822684
2011-11-27,26J/01H,0.0008642672300000001,11.327697,1.4091805613409465
2011-11-28,26J/01H,0.0004351138,11.799255,1.3560891288702608
2011-11-29,26J/01H,0.0021517272,10.070679,1.4081664175218591
2011-11-30,26J/01H,0.0,10.541713,1.505836074785184
2011-12-01,26J/01H,0.0049551505999999995,11.155926,1.4342315334147773
2011-12-02,26J/01H,1.2164241999999998,11.01127,0.9456845365366048
2011-12-03,26J/01H,0.0012814989000000001,9.201491,1.1563519795185309
2011-12-04,26J/01H,0.008309079,9.258915,1.3237018877225557
2011-12-05,26J/01H,0.002046496,11.635777,1.160864247214592
2011-12-06,26J/01H,0.010527219,12.066121,0.8278623771621406
2011-12-07,26J/01H,0.0078096375,9.464471,1.181120912150246
2011-12-08,26J/01H,0.0030573600000000003,9.268037,1.2783524160159798
2011-12-09,26J/01H,0.0015023789999999999,10.068118,1.1689604273692589
2011-12-10,26J/01H,3.6828971999999998,9.911931,1.1959151148291127
2011-12-11,26J/01H,0.56120337,10.485307,1.0457321082721087
2011-12-12,26J/01H,0.37082483000000005,11.069088,1.191090991849303
2011-12-13,26J/01H,0.23225558000000002,11.6569605,1.297963475683842
2011-12-14,26J/01H,0.5204105,12.990627,1.0529318816037838
2011-12-15,26J/01H,0.001275539,9.985733,1.2556887123820897
2011-12-16,26J/01H,0.37834080000000003,12.549686,1.2064877867647068
2011-12-17,26J/01H,0.064614365,10.194554,0.9512565585547684
2011-12-18,26J/01H,1.1844866,8.99886,0.9923523037405706
2011-12-19,26J/01H,0.0004261732,6.694906,1.1226703671092455
2011-12-20,26J/01H,0.0008612870000000001,7.090763,1.1850850626486709
2011-12-21,26J/01H,0.0012814989000000001,8.821212,1.2745705605252078
2011-12-22,26J/01H,0.009506549,9.929359,1.2656267388591451
2011-12-23,26J/01H,0.011075836,9.710945,1.0299275221070874
2011-12-24,26J/01H,0.0,9.7389765,1.2735387519405148
2011-12-25,26J/01H,0.0004351138,9.151496,1.2951576254315336
2011-12-26,26J/01H,0.0012874554,9.51174,1.2997867029802457
2011-12-27,26J/01H,0.0004351138,9.241879,1.2484166810643382
2011-12-28,26J/01H,0.0017225740000000002,8.248158,1.2737474847559949
2011-12-29,26J/01H,0.0004351138,7.56349,1.26018409743459
2011-12-30,26J/01H,0.0008463859,7.1713123,1.2399194726588405
2011-12-31,26J/01H,0.0008583069,7.5282884,1.263742058199406
2012-01-01,26J/01H,0.08204605,9.296702,0.9949486858346626
2012-01-02,26J/01H,0.38394458,11.386707,1.1878796434995362
2012-01-03,26J/01H,0.00085234636,8.971654,1.2694718007926382
2012-01-04,26J/01H,0.00085234636,9.235326,1.3023381581363795
2012-01-05,26J/01H,0.003000807,9.513942,1.4641226740516329
2012-01-06,26J/01H,0.0008584606999999999,8.684004,1.1999213847681338
2012-01-07,26J/01H,0.0012934208,10.57301,1.4910010872825592
2012-01-08,26J/01H,0.0012814989000000001,9.542001,1.3942130762703833
2012-01-09,26J/01H,0.0,8.850775,1.465089633964779
2012-01-10,26J/01H,0.0,8.894869,1.3256449670340744
2012-01-11,26J/01H,0.0012904402,8.395652,1.425705414984942
2012-01-12,26J/01H,0.0009904291,8.535223,1.379572682788446
2012-01-13,26J/01H,0.017472496,9.131903,1.3206698474726026
2012-01-14,26J/01H,0.022089079,8.745133,1.2136291972170283
2012-01-15,26J/01H,6.1141304000000005,9.720662,0.9676472139448252
2012-01-16,26J/01H,3.2065495999999998,8.142863,0.7998139189065
2012-01-17,26J/01H,0.0,8.770149,1.3195581048352885
2012-01-18,26J/01H,0.0004261732,8.3757105,1.4850022473509326
2012-01-19,26J/01H,0.000854342,8.759349,1.4825374905091413
2012-01-20,26J/01H,0.0004351138,9.8440895,1.4407676634223388
2012-01-21,26J/01H,0.0017285337,10.607823,1.5500830118276323
2012-01-22,26J/01H,0.0004351138,9.64117,1.5409656440069717
2012-01-23,26J/01H,0.0012934206,10.159284,1.6091613441069623
2012-01-24,26J/01H,0.02504539,9.051449,1.3649433094835022
2012-01-25,26J/01H,0.0069573684,9.940205,1.4803605521803145
2012-01-26,26J/01H,0.06442181,9.63347,1.4412219337052847
2012-01-27,26J/01H,0.3678949,9.028211,1.2015596346268154
2012-01-28,26J/01H,0.0008523463,9.060989,1.4855462995473854
2012-01-29,26J/01H,0.0004351138,8.0426035,1.495406622419729
2012-01-30,26J/01H,0.0,7.5198383,1.6482315875466664
2012-01-31,26J/01H,0.0012814989000000001,8.556952,1.7141839859714867
2012-02-01,26J/01H,0.15572247,7.718712,1.4921194828651845
2012-02-02,26J/01H,0.13627288999999998,8.003598,1.2348957067515842
2012-02-03,26J/01H,0.00043511385,3.9670904,1.210034237702475
2012-02-04,26J/01H,0.0012814989000000001,3.7028668,1.2421569613378216
2012-02-05,26J/01H,0.0012875516,5.624514,1.6435973937379438
2012-02-06,26J/01H,0.001138686,10.764121,1.600709989362762
2012-02-07,26J/01H,0.0012874601999999999,10.131614,1.6651858869113976
2012-02-08,26J/01H,0.0017225741000000002,7.519633,1.3283854533300037
2012-02-09,26J/01H,0.0017225739000000001,5.474415,1.4420027700198073
2012-02-10,26J/01H,0.0021487474,6.0108533,1.75031857114903
2012-02-11,26J/01H,0.0012955045,6.5269527,1.779117542968247
2012-02-12,26J/01H,0.0012814997,5.7412457,1.5090162947054782
2012-02-13,26J/01H,0.0017046924000000002,5.325774,1.5177753205362314
2012-02-14,26J/01H,0.0008523463,6.743426,1.8155821584180585
2012-02-15,26J/01H,0.0008555652500000001,8.37698,1.7045222798756572
2012-02-16,26J/01H,0.0004351138,9.0574665,2.016623127287497
2012-02-17,26J/01H,0.0019746056999999997,8.784859,2.002534709746444
2012-02-18,26J/01H,0.04577627,9.24047,2.086239977119327
2012-02-19,26J/01H,0.0008523463,9.250415,2.139556250003125
2012-02-20,26J/01H,0.0,10.606811,2.224927861213512
2012-02-21,26J/01H,0.0008523464,10.408844,2.156807119052775
2012-02-22,26J/01H,0.0008523463,10.705372,2.317480549535538
2012-02-23,26J/01H,0.0021398063000000003,10.645221,2.602088321148372
2012-02-24,26J/01H,0.0012857053000000002,10.805907,2.634264416733732
2012-02-25,26J/01H,0.0,11.102509,2.6454095709148966
2012-02-26,26J/01H,0.0017136326,11.188671,2.5180388198001573
2012-02-27,26J/01H,0.0063135715,10.148888,2.4378237431845484
2012-02-28,26J/01H,0.12185433000000001,11.05145,2.399813865527838
2012-02-29,26J/01H,0.09768713,11.364919,2.582527501856987
2012-03-01,26J/01H,2.8149287,9.549397,1.929130472733159
2012-03-02,26J/01H,0.09900418999999999,10.6924515,2.035868352682697
2012-03-03,26J/01H,0.0014502784,11.059788,2.512202982474199
2012-03-04,26J/01H,0.11216160600000001,12.62643,2.5730964292822858
2012-03-05,26J/01H,0.0012955935,12.822633,2.5157651473128437
2012-03-06,26J/01H,0.0025808797,12.502029,2.7136487557153184
2012-03-07,26J/01H,0.0030840999999999998,13.433472,2.663780468610114
2012-03-08,26J/01H,0.0021517272,14.7598295,3.1657282616469864
2012-03-09,26J/01H,0.0,15.955177,3.0213673697263745
2012-03-10,26J/01H,0.00085234636,13.737732,3.080156469873961
2012-03-11,26J/01H,0.00352433,14.488185,3.174300124034505
2012-03-12,26J/01H,0.0,15.362335,3.5269790299676105
2012-03-13,26J/01H,0.004285155299999999,16.95733,3.841636991077577
2012-03-14,26J/01H,0.002139771,16.088327,3.3634040776606526
2012-03-15,26J/01H,0.9257657,13.556289,2.386340675003249
2012-03-16,26J/01H,0.6645599999999999,12.845615,2.663540142202463
2012-03-17,26J/01H,0.0053622127,12.647163,2.694939036136343
2012-03-18,26J/01H,0.0021253278,11.881507,2.467201102723346
2012-03-19,26J/01H,0.0,11.939113,2.962440574567774
2012-03-20,26J/01H,0.0,12.09182,2.758760329272116
2012-03-21,26J/01H,0.0,11.392154,3.164148800385786
2012-03-22,26J/01H,0.0017166138,13.584999,3.729262615899912
2012-03-23,26J/01H,0.15417766,16.613388,3.6556352934508247
2012-03-24,26J/01H,1.4976833,16.652979,3.014437300347373
2012-03-25,26J/01H,0.07715551999999999,17.695843,3.8460869669304354
2012-03-26,26J/01H,0.0,17.734663,3.953118382593437
2012-03-27,26J/01H,0.0012814989000000001,17.338339,3.8515998995085616
2012-03-28,26J/01H,0.00085880053,17.653757,3.850754090306552
2012-03-29,26J/01H,2.1239920000000003,15.6750555,2.949075553463412
2012-03-30,26J/01H,16.564014,13.333337,1.862647554974293
2012-03-31,26J/01H,1.557636,13.593505,2.7392480843959177
2012-04-01,26J/01H,5.5481549999999995,12.924979,2.8491278009077687
2012-04-02,26J/01H,6.833739700000001,12.8265085,1.920512645908918
2012-04-03,26J/01H,0.5781044000000001,12.675342,2.4636344094350475
2012-04-04,26J/01H,0.7979400600000001,11.866324,2.480319829768176
2012-04-05,26J/01H,0.83844995,10.452303,2.296590110690356
2012-04-06,26J/01H,2.0944172,9.614663,2.468656531647083
2012-04-07,26J/01H,0.09967794,10.422244,3.158931701355385
2012-04-08,26J/01H,0.0004351138,13.466634,3.9314699529983184
2012-04-09,26J/01H,0.0008702278000000001,16.283243,4.3408566738604994
2012-04-10,26J/01H,0.6118230600000001,13.485112,2.6387814688204605
2012-04-11,26J/01H,0.19296469,13.373215,2.7299719409606333
2012-04-12,26J/01H,0.8151545,12.938424,2.573326889439888
2012-04-13,26J/01H,0.283324,12.28252,2.653910926258846
2012-04-14,26J/01H,2.1860984,12.714215,2.2719526055119927
2012-04-15,26J/01H,0.50764334,11.628179,2.7166930448228594
2012-04-16,26J/01H,0.0017224994,12.797019,3.5147895906664703
2012-04-17,26J/01H,0.0,13.468795,3.887666705165345
2012-04-18,26J/01H,0.17733500000000002,12.451527,2.3950004038087744
2012-04-19,26J/01H,0.7682880000000001,12.896427,2.174270014850456
2012-04-20,26J/01H,0.25093138,13.858966,3.0513001498110617
2012-04-21,26J/01H,0.012184481,14.6799135,3.575444634620435
2012-04-22,26J/01H,0.04667645,14.617989,3.1331995875105645
2012-04-23,26J/01H,0.103736244,13.245721,3.3494867230379723
2012-04-24,26J/01H,0.0005608481,13.418335,3.42852893694132
2012-04-25,26J/01H,0.8680129,13.896771,3.786856013161607
2012-04-26,26J/01H,7.779878399999999,13.812294,2.492008698332844
2012-04-27,26J/01H,1.5805164999999999,12.519725,2.684471144760319
2012-04-28,26J/01H,3.3151738,11.852574,2.730351682302882
2012-04-29,26J/01H,1.4523951,11.433667,2.9415938381485742
2012-04-30,26J/01H,0.6555441,11.773826,3.4312970619101395
2012-05-01,26J/01H,0.8015456000000001,11.738824,3.477630675535795
2012-05-02,26J/01H,4.596294,13.443405,3.085543349854651
2012-05-03,26J/01H,5.6632056,14.56206,2.908478464522539
2012-05-04,26J/01H,4.5253877000000005,14.495973,2.919115031972615
2012-05-05,26J/01H,11.24255,14.012347,3.093989872697607
2012-05-06,26J/01H,0.0013768857,14.400753,3.651543138325135
2012-05-07,26J/01H,0.19247334000000002,15.696351,4.159025392526578
2012-05-08,26J/01H,0.02129948,18.679808,4.393159011882653
2012-05-09,26J/01H,0.0015701871999999999,21.040617,6.211471434517767
2012-05-10,26J/01H,0.0017109414,23.128382,6.231240637818476
2012-05-11,26J/01H,0.0017116255,24.947172,5.7940500577402245
2012-05-12,26J/01H,0.0020640814000000003,25.825842,6.695576606539787
2012-05-13,26J/01H,0.0004351138,26.754213,6.396116575605497
2012-05-14,26J/01H,0.00085234636,26.620628,6.331074444429508
2012-05-15,26J/01H,0.0008612871,25.949125,7.027695620944639
2012-05-16,26J/01H,0.001281499,26.361168,6.3519149841068
2012-05-17,26J/01H,0.00085532653,22.436028,5.634507679792904
2012-05-18,26J/01H,4.6806912999999996e-05,17.842396,4.68377591713426
2012-05-19,26J/01H,0.8201142,15.751277,3.286530518229453
2012-05-20,26J/01H,0.43570172,13.658932,3.13236579041962
2012-05-21,26J/01H,0.0,15.738856,4.412040267083687
2012-05-22,26J/01H,0.0017046924000000002,18.499073,5.4374037950734255
2012-05-23,26J/01H,0.0025665288,22.54555,6.67610106026048
2012-05-24,26J/01H,0.0004261732,23.559889,6.37660298744597
2012-05-25,26J/01H,0.0012904402,19.139456,4.63061497977088
2012-05-26,26J/01H,0.0,17.771688,4.49965879713233
2012-05-27,26J/01H,0.002157688,19.354609,5.518548281297893
2012-05-28,26J/01H,0.0008610633,20.636847,5.931427184346329
2012-05-29,26J/01H,0.0008583069,20.216381,5.77157336013041
2012-05-30,26J/01H,0.0008523464,24.010223,6.660241281681731
2012-05-31,26J/01H,0.07928409600000001,27.228273,7.137848962667245
2012-06-01,26J/01H,0.007849746,24.507032,5.024704155511878
2012-06-02,26J/01H,0.07826969,21.111397,4.597004793359224
2012-06-03,26J/01H,0.02352382,21.612947,5.484453529646314
2012-06-04,26J/01H,0.001716613,22.167183,5.857055038898225
2012-06-05,26J/01H,0.0016900805000000002,22.123215,5.929029632993232
2012-06-06,26J/01H,0.0067332616,22.027992,5.503699008507113
2012-06-07,26J/01H,0.5818991,20.369955,4.515095982822386
2012-06-08,26J/01H,0.00044107437,19.021263,4.616430836910669
2012-06-09,26J/01H,0.0017136327000000001,19.2917,5.261231850864194
2012-06-10,26J/01H,0.14419795,21.269934,4.846102230147775
2012-06-11,26J/01H,0.12284415400000001,19.550816,4.2596162738522345
2012-06-12,26J/01H,0.00085234636,19.587646,5.322311071727552
2012-06-13,26J/01H,0.0012814989000000001,20.670721,5.916046891129975
2012-06-14,26J/01H,0.0014688516000000002,20.139307,5.857848286377972
2012-06-15,26J/01H,0.0008285045599999999,21.210718,5.9723152212300485
2012-06-16,26J/01H,0.010626998,21.84538,5.641075077910297
2012-06-17,26J/01H,0.0,22.220732,5.54830382662612
2012-06-18,26J/01H,0.011768169,21.599289,5.156566251044302
2012-06-19,26J/01H,0.000860599,19.0272,5.051975968282777
2012-06-20,26J/01H,0.004883862,20.151941,5.92436203323603
2012-06-21,26J/01H,0.14582024000000002,22.2097,4.891093220690685
2012-06-22,26J/01H,0.0008523464,21.573097,6.298753320995767
2012-06-23,26J/01H,0.0,23.363943,7.097126317649915
2012-06-24,26J/01H,0.00084638596,27.465553,8.199148468199471
2012-06-25,26J/01H,0.0008536253000000001,31.125128,8.676609249648136
2012-06-26,26J/01H,0.0,31.277596,8.12454401166426
2012-06-27,26J/01H,2.8568355e-05,29.178324,7.345385978694515
2012-06-28,26J/01H,0.0012398586000000001,23.622055,5.964147134916723
2012-06-29,26J/01H,0.0009495303000000001,20.398344,4.840736548985675
2012-06-30,26J/01H,0.099588264,19.495138,4.503502972491349
2012-07-01,26J/01H,0.00085234636,20.87488,5.862299078876987
2012-07-02,26J/01H,0.0021484513,23.879768,7.062048024520303
2012-07-03,26J/01H,0.0021479528,24.447577,6.593462704623649
2012-07-04,26J/01H,0.0008702277,22.147738,5.6346810809426975
2012-07-05,26J/01H,0.0025785978,20.90318,5.430175745024653
2012-07-06,26J/01H,0.0017225737999999999,21.677109,5.981935662911112
2012-07-07,26J/01H,0.0016714418,21.578844,5.450402141611754
2012-07-08,26J/01H,0.0012874599,21.514269,5.802379936583328
2012-07-09,26J/01H,0.00048813780000000003,21.003317,5.571358539555704
2012-07-10,26J/01H,0.0012844868,20.316294,5.3684590140336415
2012-07-11,26J/01H,0.0,20.797441,5.68122874837996
2012-07-12,26J/01H,0.0008481345999999999,22.754194,6.713359526514774
2012-07-13,26J/01H,0.0012905548,22.852058,6.717962596459261
2012-07-14,26J/01H,0.0045429926,22.602316,5.3245879995123255
2012-07-15,26J/01H,0.0,23.864222,6.940456863520698
2012-07-16,26J/01H,0.00044107437,28.054434,7.76593625828354
2012-07-17,26J/01H,0.0004261732,29.523592,7.972537254587564
2012-07-18,26J/01H,0.0017051297000000001,30.342857,7.50159989220432
2012-07-19,26J/01H,0.0021562955,29.084776,7.672887756339612
2012-07-20,26J/01H,0.0,25.518312,6.6242942072092665
2012-07-21,26J/01H,0.0,25.848265,6.658221122423789
2012-07-22,26J/01H,0.0021338446000000004,26.58246,6.956217270655533
2012-07-23,26J/01H,0.0004261732,24.58348,6.4754185093074605
2012-07-24,26J/01H,0.0006815887,24.275846,5.886322714742795
2012-07-25,26J/01H,0.0014524098999999999,24.451233,5.951105386816339
2012-07-26,26J/01H,0.0,23.406248,5.833788532067446
2012-07-27,26J/01H,0.00952356,21.227896,4.950902793995823
2012-07-28,26J/01H,0.0030962644,21.98992,5.36968226611569
2012-07-29,26J/01H,0.0008523464,24.016724,6.224535875018063
2012-07-30,26J/01H,0.0,24.34938,6.687291032588613
2012-07-31,26J/01H,0.0006867562,23.17981,6.343246115810314
2012-08-01,26J/01H,0.0,23.011122,6.018622919762448
2012-08-02,26J/01H,0.0059537376999999995,24.359756,5.929376597502693
2012-08-03,26J/01H,0.0004351138,23.851583,6.437171843898041
2012-08-04,26J/01H,0.0008586886,23.236176,5.864431352933873
2012-08-05,26J/01H,0.0129647875,21.057486,4.389001437577753
2012-08-06,26J/01H,0.0,21.261879,5.278350270029978
2012-08-07,26J/01H,0.00044142118000000004,24.681852,6.639901196715468
2012-08-08,26J/01H,0.0004261732,26.01658,6.338929761565515
2012-08-09,26J/01H,0.0,28.226076,6.851686808644565
2012-08-10,26J/01H,0.00085234636,28.83275,7.283535696875536
2012-08-11,26J/01H,0.00085234636,26.578875,5.914630665023853
2012-08-12,26J/01H,0.0017229076999999999,22.553291,4.821173465267557
2012-08-13,26J/01H,0.0068597045,21.887712,5.023884635388667
2012-08-14,26J/01H,0.0016297369,22.436014,5.0909981069611225
2012-08-15,26J/01H,2.1179479999999997,21.341604,3.09659837031905
2012-08-16,26J/01H,0.0004261732,22.964304,5.635662470406558
2012-08-17,26J/01H,0.00085234636,23.944162,5.952807585593117
2012-08-18,26J/01H,0.0,24.440529,6.166503852940672
2012-08-19,26J/01H,0.0012874599,25.444544,6.219462018712653
2012-08-20,26J/01H,0.0008583069,28.541193,6.769647463355107
2012-08-21,26J/01H,0.0008583069,29.498466,6.548520089706488
2012-08-22,26J/01H,0.00043157145000000005,24.714754,5.515367678083175
2012-08-23,26J/01H,0.0009227261500000001,23.175156,5.10093522742672
2012-08-24,26J/01H,0.0,21.359644,4.562066964061213
2012-08-25,26J/01H,0.9184813000000001,22.895798,4.083028611109392
2012-08-26,26J/01H,0.0,22.32744,5.315893100537217
2012-08-27,26J/01H,0.00044107437,21.70984,4.632835274007469
2012-08-28,26J/01H,0.0017134233999999999,23.038378,5.072083119961328
2012-08-29,26J/01H,0.0034272654000000002,22.335403,4.574857102964395
2012-08-30,26J/01H,0.0,22.511374,5.018336976226773
2012-08-31,26J/01H,0.00084638596,25.399832,5.369782213691169
2012-09-01,26J/01H,0.0025861554,26.13627,5.628834355827209
2012-09-02,26J/01H,0.0,26.52054,5.239362204044451
2012-09-03,26J/01H,0.0,24.83825,5.430919529746107
2012-09-04,26J/01H,0.00085136336,25.051947,5.365952566470833
2012-09-05,26J/01H,0.0017136036,25.266474,5.450177482677067
2012-09-06,26J/01H,0.009423431000000001,25.789656,5.174794778220442
2012-09-07,26J/01H,1.1290444,24.64665,4.137890165300483
2012-09-08,26J/01H,0.0038821163,23.084948,4.434712306284607
2012-09-09,26J/01H,0.024602983,21.77597,3.7370272843390575
2012-09-10,26J/01H,0.0023705401,21.73269,3.869514625538423
2012-09-11,26J/01H,0.00041425227999999996,23.27665,4.7152006408153735
2012-09-12,26J/01H,0.0017198436,25.702597,5.028279878447611
2012-09-13,26J/01H,0.00043511388,25.396006,5.172519432235222
2012-09-14,26J/01H,0.0008553266000000001,25.8003,4.955207731386926
2012-09-15,26J/01H,0.00085234636,25.077269,5.2575482726350415
2012-09-16,26J/01H,0.0017197926,23.63661,4.688247096110073
2012-09-17,26J/01H,0.0018900489000000002,23.192698,4.280975136342794
2012-09-18,26J/01H,0.2270645,24.740442,4.133946799514006
2012-09-19,26J/01H,0.061440060000000005,23.353209,3.8609585720146784
2012-09-20,26J/01H,0.0012876608,23.099716,4.022842935284157
2012-09-21,26J/01H,0.12792157,22.761805,3.931746901579412
2012-09-22,26J/01H,0.0012851826,22.73327,4.08486314692279
2012-09-23,26J/01H,5.152495,20.412867,2.3103781528731244
2012-09-24,26J/01H,0.015296021,18.851439,2.728810918922766
2012-09-25,26J/01H,1.064042,18.436943,2.5860945593629823
2012-09-26,26J/01H,7.882728,17.597004,2.438228555312371
2012-09-27,26J/01H,8.218503,15.446323,1.560839918411574
2012-09-28,26J/01H,1.3404650999999999,16.255793,2.404555775610826
2012-09-29,26J/01H,3.2115708,19.248522,2.977342467206311
2012-09-30,26J/01H,0.00086847883,19.411516,3.313925038464744
2012-10-01,26J/01H,0.0017209815,19.407501,3.487528421544132
2012-10-02,26J/01H,0.0017136326,19.55319,3.4502264145889288
2012-10-03,26J/01H,0.00070443976,19.457468,3.516742896262739
2012-10-04,26J/01H,0.0,20.21514,3.731464127454691
2012-10-05,26J/01H,0.005446482,19.845758,3.226016437909486
2012-10-06,26J/01H,0.011196384,19.733398,2.858710695001509
2012-10-07,26J/01H,0.0017195935000000001,21.96943,3.629827031453215
2012-10-08,26J/01H,0.0,22.661102,3.8383824252361936
2012-10-09,26J/01H,0.0007121051,22.58242,3.518594281482822
2012-10-10,26J/01H,0.04834526,22.032145,2.670144645428384
2012-10-11,26J/01H,0.7106173,20.085785,2.1890382087950635
2012-10-12,26J/01H,0.014281804,18.462955,2.323393362873969
2012-10-13,26J/01H,0.0009718515,17.205908,2.6734785471761437
2012-10-14,26J/01H,0.94910236,17.400143,2.5346567647878557
2012-10-15,26J/01H,0.0008642672999999999,16.104345,2.3972292322973945
2012-10-16,26J/01H,0.002142787,16.988008,2.9083940587893453
2012-10-17,26J/01H,2.1540957,16.84922,2.7519401166289263
2012-10-18,26J/01H,11.573635000000001,13.6079445,1.652326432765499
2012-10-19,26J/01H,0.16678911,12.774467,2.086447869816806
2012-10-20,26J/01H,0.0004261732,13.326802,2.220531759027621
2012-10-21,26J/01H,3.624181,14.891473,2.2874185551738506
2012-10-22,26J/01H,0.76133514,18.834444,1.9691514507679744
2012-10-23,26J/01H,0.010474971,19.626589,2.2767064873188607
2012-10-24,26J/01H,17.25312,18.494219,1.7588927468216684
2012-10-25,26J/01H,14.089246,16.186867,1.1151211838039572
2012-10-26,26J/01H,1.2933409999999999,16.6205,1.529587902557441
2012-10-27,26J/01H,0.5416911,16.224693,1.6318699659056028
2012-10-28,26J/01H,0.0029408138,14.335328,1.8640422409750916
2012-10-29,26J/01H,0.72342706,13.062733,1.72506255081953
2012-10-30,26J/01H,14.82141,14.130744,1.519718764919447
2012-10-31,26J/01H,0.27863684,12.594222,1.8119341648340437
2012-11-01,26J/01H,0.04906442,14.293904,1.6509844793592816
2012-11-02,26J/01H,12.145271000000001,14.90488,1.752755520351025
2012-11-03,26J/01H,8.425889,18.63392,1.0044323390780916
2012-11-04,26J/01H,5.319389600000001,16.504984,1.5573216828492369
2012-11-05,26J/01H,1.2890579,12.06789,1.5591716418481465
2012-11-06,26J/01H,0.034648884000000005,13.070176,1.5375965233584352
2012-11-07,26J/01H,43.77572,13.98972,1.3207903930918028
2012-11-09,26J/01H,3.188278,12.049926,1.57382796016966
2012-11-10,26J/01H,0.74265894,12.4772,1.58170992580824
2012-11-11,26J/01H,0.09338660400000001,11.149619,1.0943668274935818
2012-11-12,26J/01H,0.0025678084,10.927028,1.5111303504669562
2012-11-13,26J/01H,0.0008583069,11.210864,1.6920481572467725
2012-11-14,26J/01H,0.0,12.300885,1.7894874273161103
2012-11-15,26J/01H,13.47076,13.857966,1.4785654795535754
2012-11-16,26J/01H,19.828533,14.929924,0.9486923017283798
2012-11-17,26J/01H,7.293167,13.893224,0.9822737242860616
2012-11-18,26J/01H,0.0008761655699999999,13.084538,1.2854900313951731
2012-11-19,26J/01H,0.0017144966,11.268725,1.3508845344592233
2012-11-20,26J/01H,0.038605175000000005,11.684368,1.4783470212137473
2012-11-21,26J/01H,3.6751938,12.2652855,1.2344273032149782
2012-11-22,26J/01H,0.0013182473,9.853797,1.444372262195592
2012-11-23,26J/01H,0.0036262982,12.27684,1.6443239774847371
2012-11-24,26J/01H,3.19721,15.585602,1.0687847722356545
2012-11-25,26J/01H,2.177673,15.36718,1.0697152528269034
2012-11-26,26J/01H,0.007479693,12.038608,1.1558453292140496
2012-11-27,26J/01H,0.14714696000000002,8.878551,0.9366757851823372
2012-11-28,26J/01H,0.0008612871,8.543371,1.1101160706539206
2012-11-29,26J/01H,0.0028958070000000002,8.349296,0.9965635779472054
2012-11-30,26J/01H,0.68782916,8.293368,0.8336429034301873
2012-12-01,26J/01H,0.00085532653,7.12595,0.9631053198053062
2012-12-02,26J/01H,0.0025637984,6.3876653,1.1731221125219036
2012-12-03,26J/01H,0.00093734014,8.039858,1.0717243090978348
2012-12-04,26J/01H,0.14681625,10.184503,1.251924173803179
2012-12-05,26J/01H,0.008655656000000001,11.4181795,1.0289320391552554
2012-12-06,26J/01H,3.8180154,11.687202,0.7366189366539879
2012-12-07,26J/01H,4.044879,13.801212,1.0537262348338132
2012-12-08,26J/01H,0.0063265424,10.44526,1.069378117880554
2012-12-09,26J/01H,0.0,8.838101,1.214577221508205
2012-12-10,26J/01H,0.0073346340000000005,10.040433,1.176112269616455
2012-12-11,26J/01H,0.0,8.572461,1.1320928643099863
2012-12-12,26J/01H,0.0004351138,7.854073,1.2277284951935423
2012-12-13,26J/01H,0.23565605,9.269046,1.2982978216444585
2012-12-14,26J/01H,5.808400400000001,14.436261,1.1056627509166397
2012-12-15,26J/01H,15.972716,14.826831,0.8244680439048871
2012-12-16,26J/01H,0.12633677000000001,14.762822,0.9757373414892928
2012-12-17,26J/01H,0.5142661000000001,14.478585,0.8671636273942277
2012-12-18,26J/01H,0.07768462,14.04996,0.7040343584515831
2012-12-19,26J/01H,0.09195625,13.12552,0.8460894032143584
2012-12-20,26J/01H,0.24167856000000001,14.093404,1.3588538599821265
2012-12-21,26J/01H,0.02622957,13.023841,1.274367929462959
2012-12-22,26J/01H,0.088809364,11.393707,1.1464223966207232
2012-12-23,26J/01H,0.0004351138,11.749752,1.4876092272163
2012-12-24,26J/01H,0.005336777,14.564422,1.2291863273807968
2012-12-25,26J/01H,1.9558417,11.309627,0.9260403460275692
2012-12-26,26J/01H,0.0008642672300000001,9.405591,1.071643911965566
2012-12-27,26J/01H,0.00085234636,7.543974,1.18116563475445
2012-12-28,26J/01H,0.0,7.3650928,1.35299503161023
2012-12-29,26J/01H,0.3874534,9.594293,1.2129889349078424
2012-12-30,26J/01H,0.0004351138,8.951615,1.182335911517628
2012-12-31,26J/01H,4.613753,9.38369,1.2186049533230827
2013-01-01,26J/01H,2.0702556,10.77417,0.8057468275579025
2013-01-02,26J/01H,0.00085234636,9.171026,1.229689816321057
2013-01-03,26J/01H,0.0004351138,9.377419,1.1709100567193982
2013-01-04,26J/01H,0.0008583069,9.476394,1.222948749421058
2013-01-05,26J/01H,0.013022465,10.140388,1.2991534703472316
2013-01-06,26J/01H,0.07951006,9.720679,1.116945318516384
2013-01-07,26J/01H,0.05669653,9.16894,1.3203840338214825
2013-01-08,26J/01H,0.0034236930000000002,10.444908,1.2999758372939183
2013-01-09,26J/01H,0.032174133,11.275411,1.2667627502029233
2013-01-10,26J/01H,0.01203095,11.251163,1.2744147449508962
2013-01-11,26J/01H,0.34970853,11.959968,1.0634434079436006
2013-01-12,26J/01H,0.9307466,10.997354,0.9889487396000028
2013-01-13,26J/01H,0.59376276,10.190513,0.988645968069218
2013-01-14,26J/01H,0.0017195934,8.035806,1.157245620267621
2013-01-15,26J/01H,0.004635993,8.507754,1.0970902357933512
2013-01-16,26J/01H,1.0756711,11.037417,1.0373895865095004
2013-01-17,26J/01H,0.6072691,13.8228445,0.9369282672190734
2013-01-18,26J/01H,2.7759097,14.021615,0.8468691410496821
2013-01-19,26J/01H,14.657904,10.977837,1.0491561609735167
2013-01-20,26J/01H,7.6373813,10.233865,1.0403183649453838
2013-01-21,26J/01H,0.14218071000000002,9.038966,0.982075538010708
2013-01-22,26J/01H,6.5494893,8.542066,0.9380075528887482
2013-01-23,26J/01H,1.1579384,9.739282,1.2514866121393171
2013-01-24,26J/01H,1.7904299000000001,11.78257,0.708356656377905
2013-01-25,26J/01H,7.8501167,12.952515,0.8711989108415338
2013-01-26,26J/01H,0.11656114,12.607945,1.2250241986170425
2013-01-27,26J/01H,1.2376375000000002,10.831132,1.4935663150516405
2013-01-28,26J/01H,0.0,8.502402,1.5211128300611534
2013-01-29,26J/01H,0.0,10.573333,1.790687844819307
2013-01-30,26J/01H,0.0,10.038697,1.789195783206109
2013-01-31,26J/01H,0.0020904677,10.383893,1.8702556650997568
2013-02-01,26J/01H,0.18568613,10.527998,1.402814242979236
2013-02-02,26J/01H,0.15591432,10.618228,1.2279588851312402
2013-02-03,26J/01H,0.0017263738,8.142352,1.358796708746149
2013-02-04,26J/01H,0.0025689597000000002,9.098594,1.7034473784791933
2013-02-05,26J/01H,0.004032189,9.185771,1.5852369853999528
2013-02-06,26J/01H,0.0037389345,8.685924,1.2846364467536855
2013-02-12,26J/01H,2.4268113,9.803757,1.2010259817267372
2013-02-13,26J/01H,0.028075759999999998,11.578776,1.4970136532273122
2013-02-14,26J/01H,0.002959902,10.7130785,1.9188103341201663
2013-02-15,26J/01H,0.0033122435,10.676705,2.1084986370377874
2013-02-16,26J/01H,0.10540745,9.551685,1.5019036987541594
2013-02-17,26J/01H,5.7826187000000004,10.868136,1.2893724074645605
2013-02-18,26J/01H,0.073918015,10.388801,1.5935050140339124
2013-02-19,26J/01H,2.9225493,8.962238,1.3739322126283648
2013-02-20,26J/01H,1.5224381,8.959872,1.912118947343161
2013-02-21,26J/01H,9.372583,12.894848,1.7182344220239114
2013-02-22,26J/01H,7.128509,11.390979,1.445734561169803
2013-02-23,26J/01H,1.3197726,9.399736,1.471794737582358
2013-02-24,26J/01H,0.0017285339,7.091245,1.6552390140242954
2013-02-25,26J/01H,0.0,7.0587077,1.8125944388992867
2013-02-26,26J/01H,0.0,6.9935822,1.920164821658512
2013-02-27,26J/01H,0.8285735,6.61648,1.7593706103149078
2013-02-28,26J/01H,0.43685745,4.9518375,1.538350867642044
2013-03-01,26J/01H,0.001716613,7.3144717,2.026153527065065
2013-03-02,26J/01H,0.0007873761,8.977644,2.0951995963508065
2013-03-03,26J/01H,2.1484294,11.801757,1.6829400653005289
2013-03-04,26J/01H,12.760036,11.574191,1.3714903763295796
2013-03-05,26J/01H,4.060691,13.239158,1.6285210668919543
2013-03-06,26J/01H,2.0765369000000002,14.321388,1.6527513424867353
2013-03-07,26J/01H,15.080031000000002,15.191985,1.812557153224144
2013-03-08,26J/01H,12.2286455,13.509666,1.470914365707759
2013-03-09,26J/01H,2.7395427,12.782676,1.7597223336908348
2013-03-10,26J/01H,9.924869000000001,11.353244,1.551393192237088
2013-03-11,26J/01H,4.105371600000001,11.361011,1.662012140929116
2013-03-12,26J/01H,15.028332,11.0291605,1.6331886052548232
2013-03-13,26J/01H,0.06169555,8.4470825,1.765984138552623
2013-03-14,26J/01H,0.000861882,7.3619018,2.269646842157976
2013-03-15,26J/01H,0.062448307,9.621028,2.603664392625597
2013-03-16,26J/01H,0.2701677,12.481595,2.456068993901332
2013-03-17,26J/01H,7.0886035000000005,12.203315,2.188116275297435
2013-03-18,26J/01H,0.0,9.425212,2.560309855766111
2013-03-19,26J/01H,15.763171,10.905717,2.348308082167109
2013-03-20,26J/01H,0.054165646000000005,10.681071,2.3608936372742235
2013-03-21,26J/01H,0.00085234636,11.135807,2.781915966170025
2013-03-22,26J/01H,9.424189,12.488801,2.0992353759898075
2013-03-23,26J/01H,9.444982,10.09758,1.3790752888881834
2013-03-25,26J/01H,0.17829913,13.111787,2.3917134970988383
